-0.499	68.32206774620708	42.70975498879882	45.13562123627218
-0.497	37.4120606312367	44.491182648164504	42.81727528366559
-0.495	1.4484974670825324	33.107388341605166	41.851862758085154
-0.493	110.96034090263274	47.48540578659962	43.16315896017274
-0.491	-73.48880410651404	47.14509789073601	42.100736878350496
-0.489	-53.45948404666956	38.32073263187184	41.451800295198055
-0.487	-44.17857522043267	47.27783080406675	42.685696957001916
-0.485	38.173934958196654	51.84790152380486	43.30021723823288
-0.483	26.916744227722944	46.277097453964195	41.431202301574324
-0.481	-9.682986912395997	46.412708461321074	42.185342547925536
-0.479	35.69081359788839	44.02251108147763	42.323024704958854
-0.477	-15.776513464182962	46.15022963410594	42.662678373776
-0.475	16.31229360898878	42.193794305733896	42.35712534794453
-0.473	-23.393995790765842	48.256472898007026	44.21863238806105
-0.471	-3.8400910519209575	46.39641700187976	42.671680850976855
-0.469	6.465847853798223	51.513971966198866	41.20508169819125
-0.46699999999999997	31.93059614403637	40.3298126326637	42.13615604276747
-0.46499999999999997	-2.491345173938342	43.8006502166844	43.495478323805436
-0.46299999999999997	-34.86629424509502	40.9504701019616	41.19500278197436
-0.461	43.80382055857446	44.977447619938886	43.33344787323802
-0.459	46.07819117286027	48.34304458259247	42.38293248281342
-0.457	26.621661729286927	42.07411708723386	41.37046313900295
-0.455	95.2527986335383	46.52940717618966	41.68673924810845
-0.453	46.515428279381155	56.22167131685739	42.284377428920756
-0.451	9.364848370330137	42.206977711865264	40.7006723862396
-0.449	-33.42641770276433	41.25853293233417	42.874661688297984
-0.447	-3.201094260996129	44.26322451558283	41.35224170929639
-0.445	36.91080769030464	41.10983418249764	40.87242603343826
-0.443	24.76176635046734	48.02693187979778	43.1560208487003
-0.441	-72.6728687414635	45.298237769659956	40.99367399951781
-0.439	10.559539457499767	39.800093116335184	40.31184884161262
-0.437	-11.3585852745679	45.25425969150407	41.43671385270248
-0.435	11.882063913670748	38.772415107203805	41.62106687949354
-0.433	-43.35730263771431	42.260646622774644	40.55957036598182
-0.431	18.369796990214127	53.347221863199316	41.51684370104219
-0.429	18.994674979344595	38.531701383788594	41.143240103450935
-0.427	32.75931884427763	40.34823184055775	41.6912839584918
-0.425	2.4568074108444193	44.91486893160914	40.88840609419384
-0.423	-12.77231186791461	38.439996732365515	42.09481133075344
-0.421	36.19726033865511	49.34093568395181	41.37918811282873
-0.419	-31.085460226676354	46.3531162707498	41.37176542001367
-0.417	98.15380597522072	43.00332386793012	42.17608426328294
-0.415	55.001106453289594	42.133248909223795	41.89061400652841
-0.41300000000000003	134.86867871814746	40.100831455014465	40.77437709685291
-0.41100000000000003	-4.553483619385013	46.689546674992215	43.2426202494641
-0.40900000000000003	31.79939855502134	46.21076854137437	42.10924461032098
-0.40700000000000003	13.734333903059337	40.97770650415577	41.45586984945467
-0.405	-12.554987150692476	41.60179212259574	41.90515016835888
-0.403	7.562662997395719	36.72418512242814	41.16888920604623
-0.401	93.65008481365678	45.75825193958449	40.10772823562094
-0.399	-58.01478866118703	45.90481741371958	43.164804923861176
-0.397	82.03696897601809	44.99318851339828	43.479468062343315
-0.395	33.93507007665164	47.41926013046279	41.860643182652794
-0.393	52.597289716516116	48.98858490819956	42.39294441247259
-0.391	-72.40378840889238	43.00662721382944	42.41188253423828
-0.389	-45.72780403955257	46.31326634839712	41.29664523523078
-0.387	-10.487097053313299	38.647177607146574	41.12595867405806
-0.385	-60.9008929156607	41.45480992287421	41.369458500260265
-0.383	91.58807954112724	39.92940161642987	41.37797540872558
-0.381	14.91218120319715	44.9134709200293	40.90673244171807
-0.379	42.8831431473764	40.96127957219633	40.9457157187623
-0.377	99.51791150175637	48.79368839415494	41.591398252299776
-0.375	40.87574124911342	44.4263256240039	41.63346051740773
-0.373	-59.78802045725207	43.79230701989556	42.91284469918602
-0.371	16.359497716722515	53.70768115565745	41.84375147347327
-0.369	44.98953970433206	44.54016222915764	40.577262723298105
-0.367	82.50723891745082	48.63678803392125	41.931565593711035
-0.365	4.8381053154855636	46.50407095588435	41.34916651636126
-0.363	-6.341265690212872	43.040108430239506	41.84021530209082
-0.361	25.144576887514702	47.38916260836993	43.964644944109246
-0.359	4.43792939486265	41.36890068029039	40.927389815670224
-0.357	-19.77528412611118	49.582336710878316	41.425302848275756
-0.355	-15.767620582751718	38.54881452442279	42.41543577701068
-0.353	-6.855954533091513	39.20590660696594	40.776229217912515
-0.351	-28.28140394717238	42.61978936022259	42.44419983678298
-0.349	0.2972034485182462	40.802720168129575	43.22482539111748
-0.347	-19.727999591934164	49.39943861446374	41.786053475064634
-0.345	25.20933569027939	49.697599864300386	42.706000741991346
-0.34299999999999997	40.56375728000994	42.701812725140705	42.2977901007157
-0.34099999999999997	-39.99204527582734	43.7579360800362	41.475323974027326
-0.33899999999999997	2.9318595247129764	40.65364842833704	41.00947494688089
-0.33699999999999997	58.07390164380699	38.142823513423004	42.58876560474925
-0.33499999999999996	-39.2101488130292	40.755976438776635	42.49257875330161
-0.33299999999999996	15.631822882555824	47.96873132342309	42.17535457328714
-0.33099999999999996	32.80352198875569	43.67227431453409	40.74709333259494
-0.32899999999999996	8.519190326961024	40.75061012004028	42.38111650022995
-0.32699999999999996	23.84084630047134	39.86904214666123	40.494470476985775
-0.32499999999999996	7.424800478661453	44.582765302507696	42.56617335015427
-0.323	6.944619069804148	46.24175848040367	43.1269921170919
-0.321	12.049056050233986	44.46659305889888	40.29457152309747
-0.319	57.43852923512094	49.38114127476455	41.16257130174262
-0.317	-25.433617859338398	46.32471266206242	42.16386205189115
-0.315	34.92859282760996	41.19956801659425	42.41247102008663
-0.313	-11.51624293271869	44.51065692974463	41.92635612392251
-0.311	52.38466000800912	46.38540600414876	43.78057032065096
-0.309	7.295826170317099	44.77931768144177	41.02654614888377
-0.307	-22.26705412944341	43.895406866257	41.94099678500294
-0.305	47.60956997307275	39.396128698117515	41.86721559561994
-0.303	95.63786960464782	44.75581102035504	40.59237117857757
-0.301	45.54737476669679	43.844777915968685	42.590033422788466
-0.299	-48.58562045295667	43.21998316204426	42.3638273993704
-0.297	8.360724649048024	44.16299049442237	40.0258712039658
-0.295	13.456760840080406	44.71055543153773	41.83794648722043
-0.293	13.773993783994243	44.43288117252464	41.695071276571234
-0.29100000000000004	-103.09009941622537	37.842583138576316	40.959604686995135
-0.28900000000000003	96.38018843238783	52.597182962398044	42.37962577750489
-0.28700000000000003	-3.8821482315487543	42.46615973232358	41.33335130045712
-0.28500000000000003	-44.79624317332842	47.063293705894665	40.85180582219925
-0.28300000000000003	-47.871679333511	39.779951042107534	40.71063563724663
-0.281	-59.324629844592636	47.68319373090633	42.66521691320176
-0.279	82.48635817120764	45.95241547556996	41.841082288269256
-0.277	50.45793608360327	43.349999887877665	40.676474019385395
-0.275	26.652277701710858	42.95576692021027	42.26240784150598
-0.273	1.5627375691273926	41.355419856056706	41.41774532352914
-0.271	51.20842958228344	44.193794052730944	40.46128021654988
-0.269	74.39004774711933	43.191282619519264	40.942166809728064
-0.267	-40.01834007427707	50.69899970366644	43.637919809043524
-0.265	22.184390104929008	44.04266503046704	41.86258428512562
-0.263	-4.897280773907831	52.373539424413224	44.75553012036633
-0.261	-16.03583476472714	48.15674540636793	43.71020838776731
-0.259	12.376133690539248	39.926751947297056	42.14758408116439
-0.257	-17.391155954671333	50.28841725188939	42.6346712480973
-0.255	25.22425662188077	47.473428900469855	42.60211296169342
-0.253	-6.1709316521163515	47.756520012792144	41.55117747359945
-0.251	0.21757592394422431	42.62246165348065	41.608733306122524
-0.249	-23.94602638278176	43.3609157175379	42.64277519602643
-0.247	76.25576555247982	44.21476268186651	40.41703791928413
-0.245	100.38790392319363	46.95684712364101	41.37052735146021
-0.243	80.22851944367027	40.433959452516774	40.656709461412326
-0.241	-7.262071354041666	45.807507837657305	41.18306458084415
-0.239	67.36548245944718	44.317356488390516	41.53166488845607
-0.237	11.118168110835214	47.05008677251585	41.96197208602736
-0.235	-5.858420871751591	48.78140154066829	41.09657438297086
-0.23299999999999998	-47.32750284974774	45.44880010051438	40.38230046233323
-0.23099999999999998	1.253535143019846	44.094839185557234	41.529021966580984
-0.22899999999999998	9.199043141228103	47.49774112303658	42.25416440589628
-0.22699999999999998	63.57947641455475	38.69361540911094	41.06379251597639
-0.22499999999999998	-27.765877467778033	40.47352956232864	43.38958755221494
-0.22299999999999998	35.45451432063196	47.85422521227236	41.66199252556809
-0.22099999999999997	-42.91733820904753	44.012999282648465	41.07950897786168
-0.21899999999999997	-38.99244022564918	37.96531746047156	42.28114723866047
-0.21699999999999997	77.9284036256378	44.19336788345012	40.862304582478934
-0.21499999999999997	51.886371220666305	45.96467183251944	40.86365249352353
-0.21299999999999997	-4.162423548947913	41.944055213501855	42.47554626758065
-0.211	-24.456330000699467	41.63325696137619	42.3784514559284
-0.20900000000000002	38.925944837453486	40.883177815559584	41.11221987843472
-0.20700000000000002	-14.787894144219216	40.644615752235666	42.28408250131402
-0.20500000000000002	-102.3819039068785	44.15982319598788	41.820456602865015
-0.203	82.55377198795877	41.10523408801385	40.616644796468314
-0.201	44.446670828257595	41.21260736900351	42.51648261853607
-0.199	-15.815072364699923	45.88502357311417	42.25808380335965
-0.197	68.43821088220459	43.1570462373984	41.0640134232617
-0.195	-14.22917008442326	41.595200805384465	41.49141695469854
-0.193	24.083015302656108	39.661865202654525	41.90686423849078
-0.191	60.053266503823366	44.34145007512815	41.57829608031566
-0.189	80.01939756940857	44.258469491719275	42.254050044058665
-0.187	-51.87597423306212	42.13308706930227	41.16177396585133
-0.185	37.11070701029051	46.23597520512039	41.4706734877248
-0.183	44.437849925360595	44.36176156661407	42.25572127902197
-0.181	35.0091490757265	43.34215014436231	41.97976692758511
-0.179	-3.8691856799610846	42.34549481203204	41.38320662745436
-0.177	88.84879916526423	48.43107142070181	42.456886325798266
-0.175	-59.956097433144784	47.12956091243636	43.77752645640413
-0.173	-70.29460107443875	38.27964323723535	40.18712033631222
-0.17099999999999999	101.82574178108084	48.2148188286672	41.55836556225545
-0.16899999999999998	58.604069275380866	45.87166505104179	42.26325894593515
-0.16699999999999998	23.673709348637217	46.38441085339032	41.33445848289787
-0.16499999999999998	-85.8610646691238	45.48646229092672	41.499282033178986
-0.16299999999999998	35.50183984013522	44.12913204201017	42.78581521325014
-0.16099999999999998	102.56028700816877	43.40757691798652	40.553263819758634
-0.15899999999999997	30.34268574020338	40.117794731608434	40.20975346572205
-0.15699999999999997	36.77472497121137	45.783236529452104	42.4556485318673
-0.15499999999999997	75.88077016018602	42.64046403976346	40.1956436774753
-0.15299999999999997	-6.988744745362041	45.67689243707139	43.051860070091266
-0.15099999999999997	66.39215912374041	44.42858454590303	41.590088647489175
-0.149	16.784850831230713	37.119640253270944	40.35259134366956
-0.14700000000000002	44.60818282958634	46.043640639177006	41.3459113540479
-0.14500000000000002	24.445607897716215	44.895201557470145	40.23607487951915
-0.14300000000000002	-54.43521194981038	40.31672820315291	40.45233810373133
-0.14100000000000001	25.135866178027655	46.90374473251378	42.33711736166171
-0.139	50.04394632890374	44.93588037328254	41.3277933515627
-0.137	13.211445482497197	39.00232186072093	40.2189180937021
-0.135	13.868918780968187	42.77188531536231	41.1323371569706
-0.133	58.67716530749689	46.057283326724566	40.787874175663795
-0.131	10.743912805866174	45.56488143141584	41.095694630855746
-0.129	102.54344770332935	42.775441266494155	40.614261881639656
-0.127	-24.507930676431755	36.851463432506414	42.48783455071073
-0.125	67.20379755842387	48.69798711283358	41.63531010036965
-0.123	50.70822090824656	43.65962181892461	41.104836625022976
-0.121	-10.74065193618079	44.34091694347429	43.88610600928668
-0.119	13.611790931067347	40.52029083060598	42.03692305075824
-0.11699999999999999	46.54166413398109	45.054912232690825	40.70911829897824
-0.11499999999999999	-44.09539569683041	41.27136214214326	40.823121335660126
-0.11299999999999999	-71.57919321598705	47.88635758239138	42.64147824579209
-0.11099999999999999	-24.6942534644079	44.272183261661134	41.26446981326948
-0.10899999999999999	49.124837482095174	43.427367545755956	41.32277772600188
-0.10699999999999998	34.954830833822115	45.731778969660624	41.55478690776332
-0.10499999999999998	106.71563013442409	45.96881455715741	40.40784656557144
-0.10299999999999998	108.90216776315853	51.13248263393327	43.64150340912874
-0.10099999999999998	-30.5681564883864	48.023825186189995	41.29813324158738
-0.09899999999999998	-7.764778593766231	43.204995238343066	39.981096472306824
-0.09699999999999998	39.92182503687047	48.0225952011481	41.80964375346457
-0.09499999999999997	48.792951543807916	42.61067602279522	41.618427094400474
-0.09299999999999997	59.8803851070695	41.26332990709227	40.659864481200835
-0.09099999999999997	-7.5029101801460385	51.16806981606792	42.28177630697583
-0.08899999999999997	2.725706335526823	43.31621385822297	41.50794588512137
-0.08699999999999997	31.989365858242635	41.28430004637613	42.05965071661063
-0.08499999999999996	-24.178885580594667	47.63982981344292	41.56832492333256
-0.08299999999999999	56.4582031346017	40.99365625953834	42.52217032054723
-0.08100000000000002	57.58708747261032	39.75365968225269	42.32406343424553
-0.07900000000000001	-32.06503113584169	48.78595732571535	41.19747237720123
-0.07700000000000001	18.396063456105338	41.096881644326444	41.57749708879025
-0.07500000000000001	31.186627424295565	39.65028649770712	41.13356597492741
-0.07300000000000001	17.350509994740193	46.35414154507736	40.466323288980995
-0.07100000000000001	36.72259306841674	44.96117396824455	41.5973589413804
-0.069	22.816034787043193	39.199229130539216	41.33416041970845
-0.067	-8.363625820351217	39.5564681613479	40.25801242459117
-0.065	118.67406955934356	46.82681219457262	42.782851150702
-0.063	-16.302673513379773	41.3947222118104	41.82665396456824
-0.061	-35.83080747426859	44.08263816129448	40.8623851530847
-0.059	119.93169026291994	45.98987209680466	43.13284081722511
-0.056999999999999995	54.92538938201008	46.99062289360362	41.61707894933294
-0.05499999999999999	21.382938310887667	50.65884020745333	40.71629643490598
-0.05299999999999999	49.46469753686067	46.35412237620045	43.396455475813504
-0.05099999999999999	38.41340878141253	41.86988650913605	42.06672328003314
-0.04899999999999999	87.68632842914847	46.675250594707656	41.58753644072506
-0.046999999999999986	9.258149900936985	45.96641167931129	42.29626473389022
-0.044999999999999984	-23.05113367029321	42.188429156848386	42.80262504151361
-0.04299999999999998	0.22747221217755964	42.32275610820397	41.14781777966789
-0.04099999999999998	53.13751031299496	40.556419344754815	42.018048525868316
-0.03899999999999998	98.73399627924329	46.768578009256316	41.605655223718024
-0.03699999999999998	9.297355225479365	43.7317315545009	41.35513832600272
-0.034999999999999976	-74.7927602698928	44.3099861787623	40.86248200371002
-0.032999999999999974	41.2090940329346	39.975193746999366	42.373591228382736
-0.030999999999999972	46.58490748354893	40.950897428540884	40.72014361976967
-0.02899999999999997	-23.78007909564772	44.393149370995985	42.204690004877264
-0.02699999999999997	-4.5821905306775434	43.209091654572646	43.45648679217014
-0.024999999999999967	-15.582969220107046	42.38487303094617	40.86988067113032
-0.022999999999999965	-15.849494300002043	46.309062565960886	41.751667958683356
-0.02099999999999999	-40.78659648765193	42.01027633608058	41.63250920402879
-0.019000000000000017	-5.896765434720841	47.95650905006966	41.61983265772599
-0.017000000000000015	56.175393574831034	47.553509601048454	42.14153130772994
-0.015000000000000013	20.133456994031462	45.867625225199475	43.380678492047146
-0.013000000000000012	18.56871577032848	41.66379288955512	42.85336182384986
-0.01100000000000001	78.10353266846093	44.786203225459786	41.369828154454616
-0.009000000000000008	-320.894699607055	53.38816684345494	43.345015641777195
-0.007000000000000006	-550.8154522213538	48.1082732091735	41.63205377760499
-0.0050000000000000044	-778.9642258612117	45.217444154199654	42.45602259522462
-0.0030000000000000027	-743.3054691987628	46.57439841112735	44.18595124244512
-0.0010000000000000009	-788.2268797021475	46.47070521443089	41.7168061440668
0.0010000000000000009	-803.193456620166	47.51187143749748	41.65797432216758
0.0030000000000000027	-698.1658374661803	44.16704339460247	41.14706548855931
0.0050000000000000044	-762.794321968463	47.228487344832764	40.961805636839415
0.007000000000000006	-580.2693086390809	54.2174321176039	42.377411134732895
0.009000000000000008	-265.67583742853617	51.606361185474114	42.57805103385695
0.01100000000000001	-21.604604911518166	46.91270690056795	41.43743733635985
0.013000000000000012	57.21209350872947	39.218277912181385	41.36438768972877
0.015000000000000013	65.63290954075818	45.04011832268543	41.567968305087575
0.017000000000000015	-51.423421040808215	46.10510374816013	41.63184990637461
0.019000000000000017	-5.9674603216652855	48.073554023726295	42.375144440553434
0.02100000000000002	10.924572766191076	53.11167385364505	43.953538903506306
0.02300000000000002	14.545542637023345	45.955864008280805	42.61827791773487
0.025000000000000022	22.508422508060733	49.4416747418955	42.05739397785148
0.027000000000000024	13.735001892500875	45.79301318816441	43.13820028129046
0.029000000000000026	-67.86960973304002	49.00843504652836	43.96751965943915
0.031000000000000028	91.69316446655529	44.99785962210666	40.912384060740315
0.03300000000000003	61.454125677151694	47.48483985021941	43.14424753202228
0.03500000000000003	22.343487610543278	45.850017044766666	43.422694465468204
0.03700000000000003	38.101489526320975	41.78376296720088	42.414555548573546
0.039000000000000035	78.14885198009769	41.321816222866524	43.10813021310167
0.041000000000000036	33.2679308396866	43.42424909907475	43.1301525599599
0.04300000000000004	23.202680630607375	46.912724351280374	42.92253111693408
0.04500000000000004	42.8611401726009	40.690809557904934	42.93226202938699
0.04700000000000004	39.13474062566813	40.67475531356417	43.707776840732045
0.049000000000000044	49.74320761097495	45.541360472607415	41.59370593461029
0.051000000000000045	47.5287129240165	43.95185951786958	42.322973219175864
0.05300000000000005	-42.91767241948463	44.77347832609769	42.62742677398469
0.05500000000000005	-44.74223335582117	45.07667792465364	42.901698079971126
0.05700000000000005	22.9172573358305	44.4902083040298	43.16225927538603
0.05900000000000005	112.80169692584607	46.345619724161196	43.389899368287736
0.061000000000000054	18.0926069826004	45.607873409018566	42.11805235782414
0.06300000000000006	-16.021896852680406	47.0771466512992	42.63378986587587
0.06500000000000006	-49.2054423401056	46.235556685797555	42.14960548271874
0.06700000000000006	-21.56377195683401	41.3512902416583	41.60797693833875
0.06900000000000006	-8.152498686131437	40.02183644285612	43.35059696133851
0.07100000000000006	-13.828231816948033	43.229520727381185	43.85074893877579
0.07300000000000006	-6.21186109883709	40.33396036971606	42.08233894830037
0.07500000000000007	16.703925026950728	42.48532648379765	42.00750592728107
0.07700000000000001	-10.374381326228033	40.052817875597846	43.339534587332714
0.07899999999999996	-6.378714251020767	45.165407061712024	42.81775888942159
0.08099999999999996	12.129669935578846	44.92457422835605	41.584398453947806
0.08299999999999996	-5.694755003338159	53.07244215190709	44.08889078287973
0.08499999999999996	-7.657156044893476	45.36867773304752	43.36135259631919
0.08699999999999997	72.92622358789913	41.32676551627937	42.7630989750791
0.08899999999999997	41.875629668730596	44.13521432075929	43.63767336870499
0.09099999999999997	-37.510955607888974	48.821890875617434	43.842726848105045
0.09299999999999997	98.28639704112518	52.71327118335634	42.30412957652399
0.09499999999999997	-26.528079417609263	43.15277242657478	44.155245013682354
0.09699999999999998	20.68127369869721	48.5403497948758	42.76667806488657
0.09899999999999998	47.07286972238656	47.355986117881336	43.11217802557015
0.10099999999999998	29.03485778982251	46.11997220082588	43.08427479739192
0.10299999999999998	-16.505307874226105	46.416908366357205	42.60473992279869
0.10499999999999998	-22.52454053019992	47.58004373658212	41.83984400015012
0.10699999999999998	18.796199576120998	41.85022737863439	43.35278580747257
0.10899999999999999	-15.167415484906854	42.65998718273318	43.120935506938956
0.11099999999999999	75.53665778470275	45.602908582091054	41.154971580114065
0.11299999999999999	50.86834731149459	41.10174975761038	42.052331530051156
0.11499999999999999	79.12216359740043	42.489268813648955	42.26338465498542
0.11699999999999999	49.30665521696298	43.83997893403438	40.94657705795006
0.119	138.8210560804293	45.2622787405814	42.43668943943385
0.121	62.66576791902345	41.483183767356756	42.5954072926857
0.123	17.87016744536629	41.98662582420615	41.65809914575555
0.125	10.42985563626253	43.053425986255384	42.30450082175943
0.127	-42.09431381341222	46.80962178512521	42.6185601178967
0.129	75.19174610415291	47.383785255249705	44.56331385574594
0.131	30.956583514152314	44.773151207155074	41.680537565128795
0.133	2.89658084606792	46.36076633391465	45.56474777076996
0.135	33.186850065591855	43.564878956015	42.15674450701639
0.137	16.835504926371314	46.38207334468088	43.20694842542408
0.139	39.423687954398545	42.303752136512244	42.67249279817387
0.14100000000000001	-28.757889069086495	42.47651191688202	42.206886148948854
0.14300000000000002	121.5419096198822	46.24978391089477	42.38935539465148
0.14500000000000002	-20.919549865716647	47.75759402986488	44.68421836321827
0.14700000000000002	53.14589589855423	43.48521486485638	42.598317104665746
0.14900000000000002	-33.48796340429949	38.59879144914224	42.61847402493193
0.15100000000000002	-57.9655293533321	45.55947235535072	42.158043925781165
0.15300000000000002	66.71340358965772	42.01309039058806	42.64026673930255
0.15500000000000003	74.27632251322258	49.94405970241499	42.38761781068494
0.15700000000000003	40.10145491895045	43.05321585523705	42.71885349394173
0.15900000000000003	-33.31676201345779	35.399520465890944	41.660311574002606
0.16100000000000003	-23.931948511801693	49.08489519255277	41.40344449724951
0.16300000000000003	8.333082427869343	45.226373571128725	41.37237539188989
0.16500000000000004	-19.353823852985563	46.441322791771334	42.41923137102226
0.16700000000000004	-61.25098143172636	36.338222596905844	42.144333933393845
0.16900000000000004	9.163449445237504	41.598387692175514	42.478194491096176
0.17100000000000004	86.73669636549697	47.59384420738416	44.50991956064895
0.17300000000000004	73.09525480003742	45.8514450641466	42.157808519194965
0.17500000000000004	84.001188808136	43.06765120126379	42.597020844930555
0.17700000000000005	57.367332966684614	48.91540743777091	42.32071493248581
0.17900000000000005	39.03007615990717	41.00999865294545	42.16025312165013
0.18100000000000005	24.183338142469424	43.99434650347275	42.83946609560193
0.18300000000000005	59.84895321664574	45.144265920141144	43.66505852103172
0.18500000000000005	55.60192304798761	46.745402810819606	42.60020604678975
0.18700000000000006	14.381190051926396	44.36360132543432	42.61485946714049
0.18900000000000006	-13.738700623711075	47.75004411179242	43.94247840095785
0.19100000000000006	40.367154378495584	47.71942518891039	41.399933222683835
0.19300000000000006	62.878445158842666	51.11088441017541	43.82498539442662
0.19500000000000006	62.947262069679155	48.235693078535	44.538859739871285
0.19700000000000006	-2.794189243759959	41.99654663153545	42.084222064627035
0.19900000000000007	59.335135274452	50.92415973847591	43.07687537162257
0.20100000000000007	55.63281990439428	45.3635010320447	42.850554008137884
0.203	-36.161352509833655	38.81806889225021	41.825229133277396
0.20499999999999996	-35.31217981622703	46.72460685784564	44.2469284608544
0.20699999999999996	-5.886256689735525	43.277479012361816	43.414053903671416
0.20899999999999996	71.07268429207281	42.7571177539729	42.06217830746905
0.21099999999999997	-7.51777959129285	38.26999358941676	42.26106952685948
0.21299999999999997	78.3194968407841	46.438598736692676	43.100018641793675
0.21499999999999997	38.61927227588602	53.96205196225534	42.52027067986901
0.21699999999999997	81.76005953819399	46.977099150597155	43.57118776734228
0.21899999999999997	80.08968251371762	46.91040749657872	42.882824937556826
0.22099999999999997	-31.63783184956248	37.43275721130314	42.38708581858937
0.22299999999999998	15.050085851564532	43.41862624607607	42.046865442387436
0.22499999999999998	-27.727582242453863	53.1140313357713	43.97935932853741
0.22699999999999998	-78.27080715505642	43.702118212457016	42.8969212906194
0.22899999999999998	1.5346632484813938	42.56236882714414	41.6550114919687
0.23099999999999998	-6.647603215115261	50.29182131219624	42.59116157021066
0.23299999999999998	61.76958544990008	45.388048059142015	42.718029189070855
0.235	44.37712330362942	48.802222091366026	41.42752386298173
0.237	17.63862846893005	48.193684318185376	43.82936010559019
0.239	-15.484424569889299	42.88204379282261	42.660029395236464
0.241	-58.54598134857891	39.365358612914115	41.637976104083
0.243	50.72628708591154	42.20521930449705	43.20251285044731
0.245	20.846064986645985	47.92303527376703	43.145329002869325
0.247	-27.910391659946576	45.34604214091298	41.61763138746554
0.249	33.102339232593536	44.5566194892036	43.0334299908796
0.251	54.99229723415766	36.405436640794974	42.92327958484576
0.253	60.17448800088587	40.2247936065893	41.371181061419364
0.255	-128.46599112903422	43.450590648854124	43.65877352963718
0.257	32.443667217885164	46.72989722631773	43.10391939884057
0.259	15.190091617212076	46.63868719540332	42.17913065520203
0.261	59.10162327449342	42.60123730269079	42.80412976948001
0.263	51.66035531289914	40.99560917114606	42.859756582738484
0.265	-4.011066808473629	44.585672585318356	42.131538942288074
0.267	77.26335556768049	49.39717369770673	42.556853334131425
0.269	-14.988767213064413	47.384871633108546	42.81718687934415
0.271	63.917070848518165	43.90998838443354	42.63998624242341
0.273	61.896075199463496	45.92999270959769	42.95174822060169
0.275	3.493733569781554	45.37752423907491	42.621431383193865
0.277	-19.341620311585928	45.498898275275494	45.27700622882778
0.279	-17.50467313932358	45.07839033605852	42.35112435074393
0.281	-1.5925921345028016	54.29155658250124	43.44775996257945
0.28300000000000003	62.31291066693956	44.685517006385304	43.91538495335839
0.28500000000000003	25.24536864556559	50.43797197833411	43.173646700980484
0.28700000000000003	-55.261699896891336	52.32605691043703	43.1443729215126
0.28900000000000003	67.53311907226056	48.71795378422461	42.90445961428664
0.29100000000000004	-32.5190173806611	48.18110646754567	43.18298423458513
0.29300000000000004	-35.414515944798275	59.95856619352411	44.76661191849483
0.29500000000000004	-8.57675449839057	45.688400662915534	45.10626450702871
0.29700000000000004	28.4082685393372	48.039762588798716	42.60200057986476
0.29900000000000004	-13.792465556883293	41.34030283349003	43.41957604042324
0.30100000000000005	7.3540622722578775	48.91731461087029	43.90949569090393
0.30300000000000005	-58.559754553710874	47.31460667598674	44.22690956301948
0.30500000000000005	-70.72741198910215	45.763128452238206	44.223175700035306
0.30700000000000005	-3.3886474206656914	43.0576359378598	43.61945262711224
0.30900000000000005	-4.54788004800033	45.28825658610559	42.6227367019726
0.31100000000000005	3.8229835250813693	46.14053459127029	43.049908994059564
0.31300000000000006	40.18487085777345	52.76172417658479	43.65675292779628
0.31500000000000006	-9.404468600093807	43.416081874382385	42.77035260642463
0.31700000000000006	9.050700953361357	48.19632977184515	43.52941279417727
0.31900000000000006	-53.17442841734632	49.4551953318194	43.38657622959128
0.32100000000000006	33.953267150277355	46.165698728614366	43.178547547961266
0.32300000000000006	79.60384841054768	42.454509935930474	42.43440189971985
0.32500000000000007	33.0215153183655	46.99843254764271	43.61113489902108
0.32700000000000007	24.423302454223972	48.758193058710766	42.49810160556423
0.32900000000000007	-5.578339147715994	41.8885881332289	43.30696859118291
0.33100000000000007	11.148656254844624	50.214534168340144	44.911482760314684
0.333	-34.64371457095883	39.96641470939269	43.02742377322204
0.33499999999999996	104.19186321164453	47.69196098414336	43.018588517102394
0.33699999999999997	51.70062787862584	43.40064221533061	44.960663233704544
0.33899999999999997	85.78333520214976	41.39751458766647	43.36014238331752
0.34099999999999997	152.85249353147458	44.12285201716993	45.90096488543606
0.34299999999999997	81.52114624104811	50.46723875657759	45.39297646059997
0.345	-31.73419049329329	47.555342152844666	42.79069542744245
0.347	3.5170689816066414	46.14011000914158	42.818510508351736
0.349	-14.231790946617195	37.85268800625193	43.41306807375181
0.351	-52.607719738029246	40.84405741600548	41.819331225199335
0.353	46.01808416770936	56.389484617412634	45.385328664771315
0.355	20.864930975861284	49.00178755437905	43.522233297649244
0.357	9.151040226473839	44.45863196091314	42.07613773579966
0.359	-22.157307647319158	44.42246964019305	42.870200861999706
0.361	94.13288648207896	53.39493055254066	43.61156925300263
0.363	-15.57215903680298	42.026577183499924	43.33465358533464
0.365	4.132280719604253	50.68394042430854	43.33510843996199
0.367	68.83143012981208	49.79320056874567	43.90930764453233
0.369	-5.924014456204496	50.64927879627567	43.513674150014765
0.371	53.466450067984894	49.83708944896926	42.290083737978144
0.373	29.240901048055434	44.89929845830222	42.73507308224253
0.375	14.411462920582707	47.44416855684265	44.99531291672247
0.377	-108.39540448570605	40.538070177408585	42.24170388247815
0.379	57.55691368602989	47.06866344717655	43.83612915250649
0.381	37.70550440296283	40.51984634560299	43.9464704081847
0.383	58.06285102760711	43.468867330388946	42.08273398996017
0.385	34.27962612345681	46.77291468209992	42.262630776812934
0.387	66.93327968454454	47.68400064645221	43.13086666116659
0.389	52.993704389825425	37.1486323273067	42.537951959094045
0.391	-61.817438344657916	44.44965260074812	43.27670207648631
0.393	17.602907025571213	49.81237198099664	44.149594706279444
0.395	98.57789585421273	42.70562687254953	42.27366782493995
0.397	44.81497138231205	50.77669523558935	43.801480231417294
0.399	-6.504241877758332	47.006106591979076	42.73764245153006
0.401	105.33994028261162	46.912853437953956	42.048844786927525
0.403	-26.11084091119764	45.26645925626181	43.056962025857025
0.405	-38.84488282523968	43.6782015927537	43.29537710757597
0.40700000000000003	36.64137632530817	47.97665374600857	41.79182312450948
0.40900000000000003	-18.31649785688505	45.97715090005712	42.838280483646145
0.41100000000000003	1.5293715049935486	43.67161467500744	42.56604329252762
0.41300000000000003	-30.940901572074075	44.25868662360711	42.04586797230031
0.41500000000000004	-15.36670853519162	43.92748325892779	42.884397494311756
0.41700000000000004	-21.279598110268694	45.43766932776395	43.3227749378768
0.41900000000000004	31.31968862546408	41.2088304833512	41.89258858047266
0.42100000000000004	29.004878620009222	42.08052117457271	42.11052371540156
0.42300000000000004	2.5735154161043994	40.84568606740799	42.0742670820948
0.42500000000000004	29.990107464961113	46.41300541492401	42.999193320090825
0.42700000000000005	-27.5855898892452	44.14033750709358	41.95301661269708
0.42900000000000005	116.6189948318408	45.49897597095882	43.13606786777081
0.43100000000000005	98.94408139587973	44.918683331319784	42.791978263140365
0.43300000000000005	-26.907670501286063	43.20481167928517	42.15278615711952
0.43500000000000005	20.41970449906394	46.19214943822082	43.08119861896831
0.43700000000000006	3.2234456066593253	46.56632706635797	42.0953687417563
0.43900000000000006	-11.587847670635476	41.54339048193763	41.63719891426052
0.44100000000000006	15.487816950932043	45.909601370002875	43.649057730245666
0.44300000000000006	22.64157137377154	49.90861535067318	43.154412637547345
0.44500000000000006	-33.573861537794514	45.45779696960643	41.83826302177565
0.44700000000000006	-18.01066265427753	52.71768484138461	43.10840255567241
0.44900000000000007	40.20539645055443	43.7140563834655	43.098046000253696
0.45100000000000007	-9.065589275825126	48.66457284012098	41.81875938851446
0.45300000000000007	26.65230832854526	42.87676952246279	43.9071190028623
0.45500000000000007	-29.330450757036886	46.12201228634473	44.50082773106904
0.4570000000000001	6.333137405833966	41.48260899269104	42.12674296245218
0.459	-37.27249795826282	48.007914529846005	42.31464120448126
0.46099999999999997	-2.9536147865272255	44.894767320136694	42.32914595166558
0.46299999999999997	-3.1659447163878696	40.05141767034701	41.661282933427586
0.46499999999999997	-3.1123691581758095	46.930132917388505	42.7662012168072
0.46699999999999997	54.10990094012469	41.72681357692629	41.55425438053079
0.469	28.676336631061616	40.119076672879686	40.98778415543939
0.471	24.168570630589414	44.27732382781075	41.38668874358333
0.473	-43.21602487811216	42.59655590231278	42.32218954125284
0.475	5.746061596756391	42.5943100989066	42.674646569566164
0.477	51.20629527044507	52.60200390113922	43.42375769549232
0.479	-87.68110589330024	47.663356290822065	43.13051492988766
0.481	65.22144982223921	43.65728075503372	41.19247038952966
0.483	13.60074300960079	40.173428484846625	41.90563998116574
0.485	1.284926034905709	46.966217408453396	42.33184839267808
0.487	37.243427129851625	49.17612069680132	41.549457714803395
0.489	1.124617934333827	40.727249078724334	42.20262472203887
0.491	58.90207028391714	49.0386693067137	42.927044611537184
0.493	-20.320429932829676	40.30314317125555	42.040066500307354
0.495	5.9918333490394105	42.0735044574699	40.97549513669564
0.497	49.90986775599282	42.24860534998526	43.46066513022977
0.499	-7.829362092093284	45.58588347747899	41.650032411363945