-0.499	80.25819210666363	44.063103743683186	36.11103941902602
-0.497	-36.10792800312623	32.28188158945612	29.721515514065754
-0.495	-9.404804904744601	37.123258328682816	30.07732025060127
-0.493	56.11466123345288	28.40129184146623	29.635667036249608
-0.491	41.2363955648587	31.706563185121773	29.70620948554248
-0.489	-9.60916685555091	32.43925974015165	29.346590987299997
-0.487	-25.80651564987324	28.472538457122617	30.15806370093427
-0.485	-18.31554378928235	31.313768689159712	30.091969920237812
-0.483	1.1932640917589055	31.236236958950478	30.91899709601829
-0.481	45.49906875594978	29.96689086495057	29.689985538496565
-0.479	22.296382494069178	34.744995731225885	29.571951741621092
-0.477	69.05214638641688	35.09709140195219	29.890949853423958
-0.475	21.610598196497577	31.875574089620308	30.129469755621308
-0.473	-21.258490231157445	29.79575554220358	29.59844592222521
-0.471	-20.522245063436806	32.86653152352999	31.4682368398545
-0.469	44.63896995354766	27.47135700061484	28.686209416492677
-0.46699999999999997	13.086514049742703	29.125828429528067	29.980337316764537
-0.46499999999999997	53.54280423230939	33.21737430118996	29.250722061892795
-0.46299999999999997	12.954685618238315	31.847968041221783	28.860227872089492
-0.461	38.28588664234189	33.390656418845644	30.630187460817076
-0.459	16.866381720381796	29.889012750558447	29.085451590937236
-0.457	78.76658841499129	30.94907763650432	29.972078911062727
-0.455	4.291909026843399	29.40146246490195	28.407107662925675
-0.453	37.91735710678701	32.914961560730525	31.305693261717924
-0.451	7.326762726966862	33.43875483699915	29.914161589269522
-0.449	30.23478431973814	32.18356425028572	28.928115207059996
-0.447	32.71463890563986	35.362708803364114	30.20106647222318
-0.445	16.857219619748065	30.02670229037371	29.046468337117552
-0.443	47.51044795581194	30.35144268912404	30.869673587118108
-0.441	72.51464514723693	27.605234270778816	28.954194976763244
-0.439	26.121561010894467	30.95750527801731	31.065066075421402
-0.437	28.143463900676124	36.78558905795497	30.37536751341138
-0.435	46.32773156898473	30.073540247568193	29.452980860217036
-0.433	9.465898339833245	28.318092319842567	28.920559069929382
-0.431	-9.259731856281483	35.31775528459893	29.19325040961479
-0.429	-12.326740774226685	31.171211479917226	29.809684176860298
-0.427	11.138641350383338	30.67930544708832	29.883864496637223
-0.425	4.360155567706414	33.62752706677046	30.153971151222496
-0.423	20.76643060955341	27.81230634308014	28.942721970511883
-0.421	56.91540139296514	30.53889685976243	29.87059321053613
-0.419	-9.312407074801854	27.07946652575728	30.500872283723776
-0.417	-11.004983952678238	33.984174416067695	30.264566616068425
-0.415	-12.262421425157655	32.34529549010498	29.3867218991056
-0.41300000000000003	53.768976602697194	28.226987660245765	29.811702160844785
-0.41100000000000003	43.31683146130416	33.557498411393624	29.972663391100365
-0.40900000000000003	70.44738430295183	31.605149254163358	29.70698362126259
-0.40700000000000003	46.24382952655992	28.59807170496854	31.032081459127227
-0.405	-1.012924285337391	28.092473263797633	29.523103627189872
-0.403	65.17278236750634	29.145122644279272	29.877225660735633
-0.401	28.029079281122193	30.150280334078648	30.31016328766323
-0.399	70.03006662276157	37.65544753510025	30.194589730246264
-0.397	21.429370571590667	28.323722013476477	28.841505827731325
-0.395	-56.11680633543781	30.85132787541112	28.699908245324043
-0.393	24.000473672236566	29.786623107140862	29.70130968890351
-0.391	24.669321670112154	29.545808144612856	29.682909441854733
-0.389	34.33381737871777	33.001402477737926	29.744063232644677
-0.387	38.498652339180595	32.28551753083064	30.143744920408682
-0.385	46.242412734764926	31.981375465782005	29.03582254539907
-0.383	48.390434227219004	28.440138419110312	30.570894166894547
-0.381	40.38927628302602	33.46592577769805	29.185991027776684
-0.379	76.51296448396572	31.345748753381528	30.815198506395955
-0.377	20.196613824907672	32.51536515782506	29.920289327559665
-0.375	-3.1773258336587062	32.035402988767224	29.61026075610778
-0.373	56.02740147248042	28.965514797239447	30.41710165874332
-0.371	73.39429823649546	28.84142012167895	30.090251146043855
-0.369	56.84096873359579	29.53685553323635	29.62160135352413
-0.367	76.7685860820766	31.596971381606426	30.04934971777512
-0.365	60.33506470970451	36.52420342520961	30.03518963222291
-0.363	31.237157899877133	31.192398088215963	28.76174683126827
-0.361	26.85381665412656	32.77469192912555	29.373486126551335
-0.359	-14.548897241395409	35.124720015762044	30.058118627276848
-0.357	63.50024120105324	34.040414582447724	29.036174452915148
-0.355	69.49739322648085	34.73171744151656	30.79713242962358
-0.353	66.37474301918189	34.15887542018171	30.080080687350524
-0.351	54.853971694468484	29.835985506647475	29.004714430896282
-0.349	35.85352296364697	31.233416229495134	31.057033794148452
-0.347	46.28513432725079	34.55101610229127	29.114898237747358
-0.345	23.445404181643426	33.28839020152069	30.857732720430302
-0.34299999999999997	14.485800864827425	32.6040750965592	29.322994002426434
-0.34099999999999997	37.12444079817523	34.25862905443371	29.371737272458887
-0.33899999999999997	-32.30879488247407	30.295295363947442	30.55554185394533
-0.33699999999999997	89.14214426214428	32.49945309808276	30.149938640510985
-0.33499999999999996	49.17971690576728	30.699905856027605	29.310798888612453
-0.33299999999999996	-42.40026336432834	32.409900913356346	30.558473873354668
-0.33099999999999996	-10.792923140434674	34.7155447559971	30.36092401354642
-0.32899999999999996	31.41699949393839	29.13498214324337	29.371237150504612
-0.32699999999999996	46.700768044027896	32.96692209384208	30.672187836110748
-0.32499999999999996	-20.238669684036203	26.7550932523094	28.189468049598872
-0.323	-20.668323284844803	29.438163802628125	30.578778882555408
-0.321	65.2394471687412	32.36976936878312	28.898414343739827
-0.319	9.960909349793212	31.921346747776578	31.137077832276795
-0.317	33.124307965426425	27.510949446759966	29.06293845524924
-0.315	-41.312571487317484	29.07799806108462	29.559082144071375
-0.313	96.74580989793569	36.420865043640475	31.05750837360083
-0.311	46.42646833996622	32.10799591868444	30.383184940646526
-0.309	58.22214010864357	31.55567171256422	29.66603593872851
-0.307	65.10450931096479	27.810832553937402	29.081896392726406
-0.305	-11.309661539948834	28.724566644331773	29.56916802691771
-0.303	7.520276579464635	30.727349407557718	29.635655783960864
-0.301	28.777185534289984	29.92208174915249	30.391271936816846
-0.299	3.078392911248784	33.19659445767087	29.0680234338834
-0.297	29.843513277061362	32.981425303916126	31.090409084193727
-0.295	11.144482261693511	31.290882152398034	29.111770374209893
-0.293	-0.550270709553935	29.43427867524875	29.67152859977068
-0.29100000000000004	9.407086587032154	34.98776924997012	29.7782465225189
-0.28900000000000003	-21.393186230511674	34.038242397817896	29.43743876427937
-0.28700000000000003	-14.39859176910474	31.140630242415686	28.998927643046343
-0.28500000000000003	18.220388876999394	33.56034579115219	30.847705584800376
-0.28300000000000003	72.94027665816216	27.190289641214306	29.32371345215405
-0.281	16.94605709712249	35.61154246102213	30.057931099463747
-0.279	98.11652324476228	29.89018616312185	29.346637773075628
-0.277	22.211076860845225	29.04489940402056	29.583682246172682
-0.275	9.667085145270704	32.97125292331936	30.256413436941486
-0.273	39.502090501741804	28.782312173040253	29.11892032415934
-0.271	-2.9766856134427755	30.735328629114566	30.386055535352163
-0.269	4.638918163157868	32.15588742465808	28.816799077936064
-0.267	28.72464368586236	28.93104161385843	30.41659605846381
-0.265	13.00128087078356	27.050993269558376	29.821248466686935
-0.263	1.621537120133354	27.9602247475567	29.628502272963516
-0.261	28.08387316455274	27.724500627062007	30.516194139414978
-0.259	47.796410121314636	28.85359166342737	28.895014372635103
-0.257	55.638109994538	31.00306708149707	31.39986210922475
-0.255	25.415709367093697	25.399623475892316	29.141143778111097
-0.253	59.73581519369553	35.0166527055052	30.3409442399478
-0.251	12.319720125386624	35.26889655526798	30.764545816182878
-0.249	37.18288556764371	32.49536865190376	30.30170414554534
-0.247	35.27596659735899	31.564241417903304	29.519325294146718
-0.245	-26.79540400851721	28.992938929709133	29.29244724226751
-0.243	0.5408766030612355	33.5858856087342	29.978429242459516
-0.241	16.591651531339124	27.904896386527984	29.966378469683015
-0.239	34.396978561224145	28.621542498510063	29.83654709166139
-0.237	38.9355637742117	32.740438753802536	29.20039460064571
-0.235	32.64085695797725	30.90943082415395	29.777643880821795
-0.23299999999999998	20.022100436944967	30.440985082123145	29.90179543390326
-0.23099999999999998	106.15039837413853	31.38161981578464	29.617846614595596
-0.22899999999999998	81.84788862153347	29.244630803657778	29.46818855186732
-0.22699999999999998	80.32082019671094	30.267448964523492	29.491952735393316
-0.22499999999999998	32.30760780015274	30.97973165293585	29.44837208730899
-0.22299999999999998	5.007907527776467	35.11563177874185	30.454617682465898
-0.22099999999999997	57.92715215569011	31.04746618854058	29.946489737050964
-0.21899999999999997	48.16099906124194	30.38937327989894	29.650436965422124
-0.21699999999999997	34.467038879437695	30.886360791770723	29.74514321529466
-0.21499999999999997	4.927864380999125	29.45991466285539	29.84483133196351
-0.21299999999999997	37.33893637325458	29.492207632219625	29.31597665478474
-0.211	42.210929360519955	35.451224633971755	29.513721935937067
-0.20900000000000002	50.68901672533599	30.779898847276378	29.866625223766388
-0.20700000000000002	6.145107609656364	23.42006317483785	30.666613181396453
-0.20500000000000002	26.24601842771135	32.02067169386593	30.240416156165146
-0.203	44.35504864286344	32.10468374791036	29.46532880230991
-0.201	25.755983221520395	32.52010270084331	29.52189956938754
-0.199	-8.764962563967416	29.397976933408987	29.27542798834901
-0.197	32.29027755868863	30.47871615578928	30.575973146886728
-0.195	70.20685099456969	33.45393979577126	29.778816696949182
-0.193	18.31365179039146	32.97426294728093	30.418226954502522
-0.191	29.18695338216537	31.2473289096053	29.532742056416208
-0.189	20.942897456244225	28.12278687948862	29.776468995647768
-0.187	-36.91204500477774	33.306402202643426	30.893591010707762
-0.185	3.5283080312975557	28.234633328447835	29.029617968365798
-0.183	-11.379934595323604	29.60912304406978	30.06442722852688
-0.181	26.26320007825811	36.01135069949151	30.05294119712227
-0.179	47.19243665385342	31.289676992703182	29.65644186926162
-0.177	49.77093852476244	36.059541375745475	29.302238088078667
-0.175	19.334219167665978	32.389263603745334	29.39836924125705
-0.173	55.01128195573024	25.749678858802703	29.910467225838076
-0.17099999999999999	-7.412691228503299	32.033638479509165	29.034593319717608
-0.16899999999999998	20.272345332417174	34.253738575942506	31.100387206772005
-0.16699999999999998	25.757321794772636	30.6280674865138	29.20288489988322
-0.16499999999999998	44.71305634834444	32.15766296899918	29.27194849919702
-0.16299999999999998	-6.908998482102469	34.06452161044964	30.170621352509016
-0.16099999999999998	18.766842471373835	29.695420110160438	28.710903710286743
-0.15899999999999997	-15.791974720014146	27.489078208732757	30.97122403570462
-0.15699999999999997	-11.564495082883042	28.581099019392074	29.949828776918448
-0.15499999999999997	15.55005278830457	35.453486416140855	30.161298613802323
-0.15299999999999997	19.425741178746847	29.393320084098185	30.86380691304359
-0.15099999999999997	20.705885942717828	26.847657553154534	29.09583341891427
-0.149	25.54278196864601	32.94894152386373	30.127966898772623
-0.14700000000000002	58.19912924720505	27.779061075376354	29.241812166992926
-0.14500000000000002	48.97757082589216	30.128487215639314	29.190834569667448
-0.14300000000000002	63.4703372230927	29.369178725651935	29.541902698554605
-0.14100000000000001	-5.849066039731454	27.800610933223044	29.698382011640806
-0.139	21.3916994895591	25.340252811954848	28.342144008332014
-0.137	11.608871907320406	32.17170563320166	30.480598091690965
-0.135	71.52687537237412	32.001008281940294	29.199240107442208
-0.133	24.7440030203272	32.82161282556352	30.76383595386657
-0.131	17.466688895684257	29.209232509881602	28.529508229218383
-0.129	55.51013083082701	33.905278134959886	28.51971169991988
-0.127	20.724579433251122	30.399596569146084	30.28911096205438
-0.125	117.82048535646794	33.61277430089431	30.238198647362104
-0.123	-25.328169307781145	31.906737447567625	29.38937199871187
-0.121	34.99911882465234	26.834108878891193	28.585865600460156
-0.119	27.823456084874465	33.84572085144841	30.173045460712675
-0.11699999999999999	36.537820135018606	28.25739468846779	30.46873324030595
-0.11499999999999999	-8.912460542465084	27.309060196689245	29.741866900549475
-0.11299999999999999	58.54203027699789	29.452437646293337	29.466192875103275
-0.11099999999999999	11.937537424566713	32.47030435351516	29.88307196268068
-0.10899999999999999	17.404242519614144	28.729077920389578	29.730200141854944
-0.10699999999999998	52.76897029315997	33.76913422218599	30.42631708302163
-0.10499999999999998	-1.221144901197846	34.016208665036245	29.54195852354243
-0.10299999999999998	-7.348193841738571	26.544113305159804	29.165257665922606
-0.10099999999999998	8.684386039403691	31.479330628684053	29.7157539454112
-0.09899999999999998	-27.904953044277647	31.205863016352584	29.925751529757843
-0.09699999999999998	36.60274367711658	32.95307253135785	28.7593714799936
-0.09499999999999997	-0.9874845184887349	28.91103477894444	29.555523262791173
-0.09299999999999997	-6.12277617950685	32.43385155711759	29.00248077668786
-0.09099999999999997	61.603758188644164	32.2745839201255	29.729045314515705
-0.08899999999999997	31.291721686033114	34.58875226793471	30.26419269999573
-0.08699999999999997	-50.16391010326249	27.573216265545177	28.817951257033833
-0.08499999999999996	19.069712914321357	37.592682854916674	31.511901920718575
-0.08299999999999999	-0.7221794663392345	31.102062921982622	29.35153519331802
-0.08100000000000002	23.532240039259023	30.3159897592198	31.121151782552737
-0.07900000000000001	43.65813967188714	27.554794907758136	29.228609533365198
-0.07700000000000001	76.63636006505214	29.629075263805944	29.105755853721664
-0.07500000000000001	-16.117907794765962	32.45923083320446	30.328136650864554
-0.07300000000000001	-9.724661551357983	32.086088573020035	29.822141999031004
-0.07100000000000001	34.38522319854087	32.689161760151336	31.815271320357137
-0.069	8.974610663070592	27.873343047215627	28.49767545986688
-0.067	64.29149210762652	36.48332387360224	30.0354435560064
-0.065	31.104597656872457	31.63406519635158	29.066709258106822
-0.063	58.3529802706817	29.264691973583506	29.554712672816496
-0.061	41.20902095361423	28.89467044735337	28.528697426551407
-0.059	75.41026427615449	32.376672844979495	29.47552991104672
-0.056999999999999995	61.47147294321975	29.102771693919482	29.268699831921648
-0.05499999999999999	37.9624784996313	36.103818370746154	30.010907785293764
-0.05299999999999999	14.134195534198923	32.19807591711747	29.87403855312211
-0.05099999999999999	-26.744107142762097	26.64526587019243	29.44209549128246
-0.04899999999999999	14.192054591966041	33.15250223880299	30.724269869337768
-0.046999999999999986	-62.28235268868065	31.168391708312335	30.492218784446095
-0.044999999999999984	-46.09030112912027	34.40767755834572	30.501196861385147
-0.04299999999999998	-52.64171543817309	29.968689685558516	29.603714516220702
-0.04099999999999998	-91.76519545617268	32.75771262903131	29.636576779152414
-0.03899999999999998	-133.63545510136632	31.1631961522038	29.877688820165407
-0.03699999999999998	-108.42910885910939	29.661282018593205	30.4907738575477
-0.034999999999999976	-188.4778702062606	30.799784934707578	29.40412665376271
-0.032999999999999974	-169.60277932764888	28.18830898893225	29.324513784935537
-0.030999999999999972	-245.47176806444247	25.82887754898549	29.702533156689583
-0.02899999999999997	-240.64360922404492	32.10558705407965	30.18563482492687
-0.02699999999999997	-319.68987565156317	32.02387181452454	30.416688695790086
-0.024999999999999967	-298.49726763997444	33.842146160460636	28.641484328910643
-0.022999999999999965	-267.79061237325317	27.69137526528907	29.751248266138724
-0.02099999999999999	-324.48335527945903	33.09210080630572	29.16365814914713
-0.019000000000000017	-284.8434049915749	34.300503540863325	30.381761941026856
-0.017000000000000015	-354.59618960675954	27.559163047740768	29.481525598713635
-0.015000000000000013	-307.48230510724284	31.014509601984063	29.799707971794575
-0.013000000000000012	-255.32096442093533	29.611577969792247	30.354008479293306
-0.01100000000000001	-325.7639267185697	35.017813883801786	30.375944070677487
-0.009000000000000008	-329.8748566780141	28.02445633079698	29.160412905600545
-0.007000000000000006	-320.53711483481794	35.96705905557234	29.298133953517517
-0.0050000000000000044	-364.81996049197994	34.40835628098164	29.775000563693922
-0.0030000000000000027	-420.7548988869325	34.25313851169987	30.04181450758711
-0.0010000000000000009	-381.11532468254603	34.036007488185284	31.340052493177403
0.0010000000000000009	-358.01948164937426	30.312617870558256	29.657374058252053
0.0030000000000000027	-351.2690714875255	34.493702593968194	30.1372079604801
0.0050000000000000044	-369.3341888075796	31.01240024281565	29.10121605813655
0.007000000000000006	-413.787900603757	33.415185779225425	30.44520370331955
0.009000000000000008	-349.74102627882695	35.4511149916443	29.825577817263415
0.01100000000000001	-328.4895626917139	33.86677332445927	30.138211727472275
0.013000000000000012	-358.8469101670766	30.86517018684887	30.200517225761192
0.015000000000000013	-341.77459889161986	32.050970162158805	29.499951778810583
0.017000000000000015	-366.34019729775423	34.548727902270876	29.75165694677506
0.019000000000000017	-326.0202453493344	31.72098449792052	29.195626263146487
0.02100000000000002	-311.0848403217181	33.250884369365	29.311376443920427
0.02300000000000002	-301.7337690440769	34.27937231493459	30.64401935912615
0.025000000000000022	-311.1430793717451	36.25561231487458	30.59239062649291
0.027000000000000024	-228.5574997029638	29.515104991374685	29.969325644910896
0.029000000000000026	-266.1314064960063	24.982133330347377	28.843683294745322
0.031000000000000028	-268.8845600696821	33.310638929959715	29.96461585201225
0.03300000000000003	-141.11562390684009	33.13756092941004	30.299784046910936
0.03500000000000003	-180.8005069700025	32.41029815645039	30.275973947946657
0.03700000000000003	-185.45940718772692	31.057756474766865	29.062230920711773
0.039000000000000035	-118.21689404178937	31.6193179490765	29.693762207770657
0.041000000000000036	-107.9963367756065	29.640165488220052	29.600734263227405
0.04300000000000004	-70.30371576521866	29.329823383549652	29.575413472366787
0.04500000000000004	-50.10373340608165	29.233881608158484	29.448794914490275
0.04700000000000004	22.55115633253979	27.197376429935357	28.762156044898685
0.049000000000000044	-61.882582883643344	33.86236556265772	29.482561012256234
0.051000000000000045	16.863975332404024	33.66389600852457	30.135061884774345
0.05300000000000005	28.964497152061952	33.3725456247284	29.65720935918489
0.05500000000000005	-1.61361278216976	30.7233956570862	29.47039167183243
0.05700000000000005	48.854234750983494	31.096307119775375	29.556276927532885
0.05900000000000005	-20.16666149062818	30.94027894047973	30.12158290133995
0.061000000000000054	40.99604275187296	31.623773845225447	30.219194745090757
0.06300000000000006	37.4583408933038	30.97718305573632	28.75727806979696
0.06500000000000006	47.76702895137319	30.562473773234398	28.741450755138317
0.06700000000000006	-0.5655883409394491	27.576563999418596	29.93387826560713
0.06900000000000006	-9.823622184823577	28.97075074623971	30.67862199163972
0.07100000000000006	20.186002509081646	34.36414855284767	29.608708895232546
0.07300000000000006	-65.12548141857089	31.234109428006892	29.66441239167825
0.07500000000000007	23.4865401913531	28.40393604583452	30.321464699853696
0.07700000000000001	60.74629668728626	30.152080217553266	29.53970107542379
0.07899999999999996	27.0426742912111	28.826179829865445	29.236974970795348
0.08099999999999996	57.43897333543302	29.538218141521945	29.23983031761073
0.08299999999999996	26.377251673093127	31.382205140638227	29.796634874185862
0.08499999999999996	25.218621850786604	30.901765115289216	28.739097591927976
0.08699999999999997	71.01312508428492	29.912666363402447	29.765701923124233
0.08899999999999997	-11.287843152962829	28.718734545826344	28.310363504943993
0.09099999999999997	34.49354439566399	32.479741264838154	29.56510327878939
0.09299999999999997	-10.188416404988132	25.848965154300366	30.13500023848245
0.09499999999999997	-32.36769436054665	31.97688643788575	30.219200020380747
0.09699999999999998	-33.761959724709634	32.79350638393418	29.93870003114359
0.09899999999999998	38.566170397658084	30.11244248882028	28.398791412048176
0.10099999999999998	19.597493595258086	31.902948922504585	30.56899093535744
0.10299999999999998	-6.6153954397796255	32.588247859021614	29.1251921936833
0.10499999999999998	47.51215488729699	29.98215956164533	31.576218656939705
0.10699999999999998	-3.316828277033501	28.604398902178207	28.782566396027477
0.10899999999999999	74.12659305416902	31.057916479036248	28.812592309553644
0.11099999999999999	17.09370108060604	30.874710745884844	30.35219654228055
0.11299999999999999	-61.3697405146274	30.647716841317994	29.93793907594841
0.11499999999999999	44.58461280876236	32.96071309131375	30.660378331720345
0.11699999999999999	26.464565421546737	31.22255310070271	28.307212936587607
0.119	104.33633165396472	32.03566054623705	30.378195558029567
0.121	-9.054343948156074	29.367236581780173	30.086440490328798
0.123	14.198265498865936	32.504467399972825	31.150557392295628
0.125	7.632263301138309	30.12677329553959	29.20406839730479
0.127	50.67011454173986	31.254786936599967	29.575800779711024
0.129	53.6859563071701	30.701680043118614	29.856058420201286
0.131	-11.454357576989871	28.23691253438408	29.97871599992797
0.133	23.061203723084844	26.02596275776767	29.850993289988093
0.135	65.65176885131585	32.05500362690603	29.00421685170287
0.137	-13.588046493984152	32.29501278957707	31.02868233769433
0.139	-18.436493526174935	29.866133543695675	29.909341364243847
0.14100000000000001	-8.692644545060801	32.75353741794977	29.921343304047998
0.14300000000000002	72.2685276792756	35.17741657535573	28.908518232471724
0.14500000000000002	12.084741105589103	29.52598701516002	29.04129191027484
0.14700000000000002	31.60197937157605	29.247859095740417	29.76553782089446
0.14900000000000002	44.764104639938296	31.506787519850697	29.76779986336835
0.15100000000000002	17.20146062611505	35.27608119125955	29.807224047306377
0.15300000000000002	-5.570606728233507	31.146404629797864	29.593602621239835
0.15500000000000003	-6.9028092795075935	30.879423340041708	28.966294849816073
0.15700000000000003	84.59113002623475	27.717632293841795	30.592345343404272
0.15900000000000003	63.937703547400915	31.59059402376586	29.801143326862604
0.16100000000000003	3.4733998950375877	31.532640808772232	29.298517636286583
0.16300000000000003	-0.5793761850281243	31.834559663493188	30.327136604359065
0.16500000000000004	48.90756907438565	33.041332157970466	29.752226065907905
0.16700000000000004	26.808562342717224	33.240120743953696	30.556499281121813
0.16900000000000004	-8.095379382733192	30.372062946328462	28.94727251550556
0.17100000000000004	16.423491633332787	30.352468871674546	31.125406777696274
0.17300000000000004	26.173060674317128	29.39223541614339	29.424319314837483
0.17500000000000004	23.377990649109393	31.718028293909285	31.48648361406051
0.17700000000000005	55.304502402542255	30.446036433850885	28.294662865901277
0.17900000000000005	-7.3138950331674835	30.463096957454738	29.869472575746105
0.18100000000000005	45.944183806101435	29.723644206210384	29.037465079345413
0.18300000000000005	3.4753896953620966	30.343890581201006	29.099768394332386
0.18500000000000005	31.658028703862584	32.083620957969046	29.82902411768143
0.18700000000000006	-5.088006914344412	28.644793084146134	28.505180937590413
0.18900000000000006	23.373026740713954	35.38399147494724	29.850989228895628
0.19100000000000006	51.06141233057748	32.52881255588883	29.171093124285537
0.19300000000000006	14.762578625315825	29.815767641317805	30.088293407406496
0.19500000000000006	15.35393930152118	30.51779910981044	29.62764902545391
0.19700000000000006	39.16808950665818	28.515338174012154	29.426070288365565
0.19900000000000007	54.892113451554536	32.82657514716653	30.078831070978325
0.20100000000000007	3.1527580317547432	32.29063322002721	30.244734594626244
0.203	-11.52004555016184	34.37629071641756	30.427481640546628
0.20499999999999996	23.785114720897838	33.44862164592755	30.054186336303555
0.20699999999999996	58.066393829658836	30.754287572582037	30.180309178992744
0.20899999999999996	-10.842288804768785	29.4611572494559	30.374087218301174
0.21099999999999997	10.303400536537666	33.72738565523518	30.440083946022362
0.21299999999999997	-11.776887880565745	31.849353826846226	29.405344323492713
0.21499999999999997	46.28530622241556	31.275607628711164	28.618345873373592
0.21699999999999997	66.92015103437754	31.938114002556553	29.26144666806209
0.21899999999999997	-5.2395416081374435	31.019586261288147	29.86477976074882
0.22099999999999997	68.6466664971963	34.35133445365955	29.501593768051638
0.22299999999999998	35.0259434174216	29.693282752912204	29.468710329510465
0.22499999999999998	31.48940712804915	29.559607508332633	29.486211396812838
0.22699999999999998	9.653913444873652	30.318409539624295	29.937237791228746
0.22899999999999998	16.590695257834298	30.30027574919126	29.292187175071604
0.23099999999999998	14.465805429741962	31.3617484281657	29.876241333495436
0.23299999999999998	-16.692365485404537	32.42353618145983	28.47384202336997
0.235	23.190542228102018	28.32486591671622	30.720829430035486
0.237	-5.268852960815806	33.637566227905374	29.18502931469691
0.239	53.17166191498579	32.66330419001076	30.054256479405648
0.241	55.07738390875261	28.63715627499993	29.75205885176337
0.243	-2.7331509572237067	31.989397002278817	30.669971151052113
0.245	6.847227156825397	29.106298517372096	31.20960519758235
0.247	38.728229868389974	31.146584512804807	30.01246871291555
0.249	78.74520836415044	31.53146611450458	29.83890291620907
0.251	41.51751652470281	27.886520244036763	28.599107471707022
0.253	27.59719561207241	29.584296841318647	29.208417101178885
0.255	-19.608774790902395	31.577638050104177	29.72077047206454
0.257	24.542233567848015	30.00492206303727	30.233853234061307
0.259	23.34216677790657	34.32778714216821	29.845987056837057
0.261	69.39256978633068	30.54537384901148	29.099598829190636
0.263	14.426170471093513	32.12309757397478	29.750450429200153
0.265	49.1709285035391	31.23051500512722	28.56235939794553
0.267	39.387233634169405	27.698793279356064	29.03540640773174
0.269	-21.169508666374348	32.306317019660746	30.19810707284179
0.271	4.68228833994111	32.9480786148404	30.187960526030537
0.273	-25.543532174543415	29.608298724788057	31.02598100373719
0.275	29.521771695240062	31.852081361999907	30.247472673078132
0.277	35.34059393839328	32.05820026316794	29.01022054716923
0.279	16.73250769118617	28.802547462850274	30.169475051962525
0.281	-78.50775941864453	32.03515795700807	29.969505147032883
0.28300000000000003	56.253364615788115	31.64925635662894	30.153384962611813
0.28500000000000003	-24.223506549292395	31.967253339982857	29.24556497051081
0.28700000000000003	57.80257235721287	33.02264118545706	30.40475797954994
0.28900000000000003	34.26460641686724	28.94738599829953	28.859616379408372
0.29100000000000004	22.044742697513442	31.82747019190618	30.445705021754623
0.29300000000000004	21.004629351395465	30.61467537297465	28.925222884579817
0.29500000000000004	51.885879656543565	30.938864067419313	28.951498103488774
0.29700000000000004	48.0420335176035	31.947354126552312	30.4685760659471
0.29900000000000004	20.845415910075715	28.75760395101988	29.595901857034704
0.30100000000000005	-21.144959390317908	32.76373580588227	30.44046158211553
0.30300000000000005	2.2829089563192184	29.88255551697371	28.501148731572243
0.30500000000000005	-13.977596785563762	31.679374275198995	30.34407512570291
0.30700000000000005	12.891184419272506	31.03227461928938	30.336795004394453
0.30900000000000005	-36.7008061966656	33.46539839972976	29.85293826358595
0.31100000000000005	53.429997284970554	28.058982422811933	29.400098424239676
0.31300000000000006	49.71873559567186	32.38662889879006	29.727763964155677
0.31500000000000006	54.167471311039606	33.660436144005054	31.269130133544405
0.31700000000000006	12.716296140968808	34.462680860367264	30.207440608806756
0.31900000000000006	35.88599293768979	34.794045018461055	29.707991713101997
0.32100000000000006	27.857725723112736	30.83630693919805	29.006436441699982
0.32300000000000006	55.4431016102086	34.05901731794237	29.12895948254242
0.32500000000000007	64.1382959534198	31.790003687376583	29.83894239742632
0.32700000000000007	74.46545332356891	30.449156855615463	29.892062191131725
0.32900000000000007	73.26614699554312	29.30060059928135	28.445318892709654
0.33100000000000007	60.589581903469636	33.12526398737234	29.784824170937856
0.333	15.836128420376738	25.40266423207579	29.61243389884956
0.33499999999999996	41.06239766921149	30.238624506413505	29.26815204906543
0.33699999999999997	3.5678861034504905	33.37887988920387	30.353153750053004
0.33899999999999997	-4.624514889250975	33.23131646092102	28.983300845217695
0.34099999999999997	17.368858042710045	31.072749308530312	29.259480692967028
0.34299999999999997	85.5970000193107	33.31211346940869	30.567361123894827
0.345	16.30542637598431	25.014559266353682	28.579931005979713
0.347	25.5130566781947	29.635833486088288	29.94851007134452
0.349	-0.28894921821898123	30.820961520869435	29.218222678053607
0.351	67.8962485249901	36.557459542257476	30.81787553425641
0.353	-14.771683378267397	32.19613037768108	31.373498590405397
0.355	13.435603049449796	31.767196798160175	28.860699663223752
0.357	12.782761216190153	32.976131234986624	30.729534971630326
0.359	21.295551130062762	31.662412465216953	29.00441261239909
0.361	17.01231768036493	31.033775213950012	30.05906398553938
0.363	65.36971593384955	25.27788815282151	29.736397478693597
0.365	10.530641737949153	30.298614011153806	28.860538851689054
0.367	41.61847357564419	31.056513314131152	29.749079201353712
0.369	92.26591094613212	32.9716898681437	30.069636342674702
0.371	19.903971191892467	32.8056742727142	30.899874166445283
0.373	31.703269251837085	33.4023607063527	29.184104236642984
0.375	1.6645908003098953	31.887838317355857	29.69864488199885
0.377	0.004538736275705446	32.281036931728295	30.331516088563646
0.379	-11.530861110498059	28.144542164966204	29.676508294807658
0.381	80.34598554140793	32.230932946294025	28.7700872381419
0.383	54.72238664983031	30.599662204794264	29.385475594571048
0.385	22.795283560750335	28.836719412737487	30.568596650180634
0.387	68.56263893673109	27.518869867687506	29.464888472104906
0.389	35.897066537060596	32.679837162730855	29.6560397730013
0.391	31.1579793172978	29.329789047737197	29.04061932689322
0.393	42.14459453177888	32.76843854818548	29.852369474314774
0.395	44.355734931889046	30.08839612190038	29.73268726097449
0.397	55.972580581764575	37.36884038470701	29.755771218020822
0.399	23.815450898023727	29.60262343418902	29.421903949655906
0.401	18.78303377411683	32.04793670770066	28.9716265617169
0.403	34.62140609378217	29.613954359407973	29.293515716349173
0.405	8.529156973136054	31.212413531709466	30.79890397255697
0.40700000000000003	59.870381661442096	31.983710614467146	29.926274539105933
0.40900000000000003	6.527574881509679	30.929983925884684	29.155014978469072
0.41100000000000003	-17.138524358140117	32.43511999180387	30.00213007286263
0.41300000000000003	4.523731762295924	33.43794175336158	29.792208359750283
0.41500000000000004	20.494406333781967	27.700079449430874	29.854558977176247
0.41700000000000004	1.8566590811452954	30.631680615048747	29.41471629527142
0.41900000000000004	98.61006426259422	30.34129702797423	29.35757824890256
0.42100000000000004	35.13356696416281	35.25089847045774	30.584260110420836
0.42300000000000004	80.78368623620769	32.103025408473066	29.656356073754946
0.42500000000000004	24.672130865432962	30.058511585408187	30.099044232480512
0.42700000000000005	41.01101996312195	31.579510512365466	29.384564195517562
0.42900000000000005	36.414590114386414	30.452766038967155	29.469231956122044
0.43100000000000005	-1.189934857537267	30.4012160228002	30.655587626463248
0.43300000000000005	54.50686476082822	31.805033827962692	30.05868237012813
0.43500000000000005	71.83113761777271	28.13709226051289	29.58597598662946
0.43700000000000006	44.23276834431	32.44232898930615	29.23816071863903
0.43900000000000006	44.31001347793284	27.813024480583973	29.82142372047497
0.44100000000000006	6.595874161963167	28.35218833500777	29.582898302043272
0.44300000000000006	3.066942763974012	32.76516914258781	30.008556797247127
0.44500000000000006	80.5068353166849	36.0720843971054	29.854546883907506
0.44700000000000006	40.72232915341978	34.27834727380409	30.055280319940273
0.44900000000000007	30.66015472619199	31.795448430510096	29.696941844278662
0.45100000000000007	13.619174080714558	27.220158727135136	29.475038331661064
0.45300000000000007	11.601341203260063	28.743307065353722	29.470351147716034
0.45500000000000007	1.735828565552211	33.809650905375705	30.957010693034377
0.4570000000000001	59.65568071220062	31.021955390348918	30.276822853791934
0.459	58.9074227683728	33.63161003965239	30.38264885612837
0.46099999999999997	84.26101375924588	29.88423439681281	29.4252890070514
0.46299999999999997	59.525650458081	31.866618027969015	28.662928871563206
0.46499999999999997	107.07255194830623	31.632808411536114	30.87598475236704
0.46699999999999997	-35.937466353219705	27.093463848154272	28.011134902427816
0.469	11.825178742874698	31.940131714660772	31.673710712445573
0.471	54.8394023252019	27.69421537882629	28.739284448691713
0.473	63.79280999779802	31.93153264057088	30.217485215682565
0.475	66.92325492863027	36.491046660537215	30.46629433322991
0.477	-0.9900414310592964	33.36842206116025	30.36082280984428
0.479	0.2700701766666924	27.601372683768595	29.160226268470836
0.481	-15.721441418259374	35.04100356266146	29.423675956894233
0.483	55.36594602872924	33.4826520734313	30.734339864010476
0.485	-2.4729730192518673	29.04796250239612	29.605603272850374
0.487	-24.190401099022374	31.994229501949764	29.662117589903875
0.489	55.10220768556451	33.78818787183092	29.031357160615826
0.491	-47.30928121909894	28.36303507290525	30.537191592519882
0.493	-14.744436352409629	29.507382067159366	29.99367362511167
0.495	79.51642881276477	30.803142201078458	29.88825388761718
0.497	54.67670915249023	28.681441671342508	28.803130712293875
0.499	-5.261387328925338	39.544075083982705	35.958535502143675