-0.499	125.33972817441175	111.64660490517032	44.52548337870122
-0.497	113.28801019439005	98.59742581291538	43.56735934427174
-0.495	193.80625020759544	92.77388649229184	43.17999174375805
-0.493	93.96216045010064	108.84643010742359	44.99310433731304
-0.491	39.51297562432288	92.50195297275218	42.79113982168109
-0.489	-2.95582830323049	102.70262730489067	45.03324508796966
-0.487	-56.51363968339762	108.9926001012575	45.92069136257202
-0.485	81.93665451305954	86.33958571805186	43.14047835760325
-0.483	90.99939933809864	103.73457925573878	44.59548009125042
-0.481	46.708776268777896	108.3569813526929	43.52383210933423
-0.479	105.64964777315389	87.00867106898976	44.03647244356277
-0.477	5.874322124510556	111.23637513599417	45.014790301535065
-0.475	49.53442148125653	98.0240448421035	43.691960107054115
-0.473	-78.74749349379151	92.83887574875182	44.10994657357013
-0.471	128.29134202529957	107.63603216376974	44.75257714073339
-0.469	17.68374147825824	83.43015619446865	43.42679141230357
-0.46699999999999997	54.03179433161043	96.09119275898988	44.474690313830614
-0.46499999999999997	-5.622212997047349	108.38025656823693	44.8840311409092
-0.46299999999999997	32.699481360198845	99.83828475913627	44.27399720972311
-0.461	63.44823569670588	97.43949924901125	43.58611977282905
-0.459	10.038246183174948	100.05973008961757	44.009774081977035
-0.457	8.049450711533623	89.91231074943099	44.239677091231435
-0.455	34.98720754935292	104.52586841674741	43.87878792904642
-0.453	102.99852982753599	105.53262470892645	44.00328453061181
-0.451	-46.116467972479036	91.75526118348064	43.75060352560721
-0.449	76.9289880564461	86.74587578167323	44.176468949686345
-0.447	83.92068279472475	99.03447011492894	43.479092256886624
-0.445	-54.15724524759913	90.81197842399898	44.21282840161453
-0.443	-57.09914084905954	98.59103742718524	44.73782011049197
-0.441	17.732241696766238	87.82814274081737	43.32161426201934
-0.439	90.75172714689828	94.44518155142684	42.89198689156669
-0.437	-52.15140353043157	105.29070480799352	44.01981174074093
-0.435	49.20434349409142	89.25785451101885	44.01193958066017
-0.433	15.16424560099594	97.1828775447384	44.674413191301994
-0.431	133.6962122056029	97.30120392464394	43.811755701744836
-0.429	4.766349261275948	77.6793864411968	43.18212689012193
-0.427	-5.291756760006372	110.35710331959785	44.94703889323146
-0.425	90.48729429061986	99.71135142644856	44.43680513750012
-0.423	68.40316377054734	102.67942487315908	44.58677072787403
-0.421	-42.55085668891656	101.86716657036409	46.142983409145586
-0.419	25.719661005174643	95.14588976507444	43.70708225522873
-0.417	71.89197486190402	94.53388951727814	43.642306249037475
-0.415	64.01916392406726	88.25807604335634	44.42557954449355
-0.41300000000000003	-26.18782471608405	89.31426585124711	43.48767995656321
-0.41100000000000003	-16.45254332693913	109.04646582352964	44.77076884485367
-0.40900000000000003	69.87745334119388	93.72213410506615	44.8359157481351
-0.40700000000000003	23.597304552369636	91.05410671753567	43.995102344774814
-0.405	132.5974251835671	107.844322827494	46.73173368581787
-0.403	-6.297100940244604	102.89211449878869	44.690331479389485
-0.401	5.517892215145537	91.69606532555231	44.85842698009254
-0.399	26.36360074026456	103.59360184252628	44.86015552949375
-0.397	-27.70478387947861	83.419338417846	42.82948950167771
-0.395	86.12090145021511	109.91843235966506	43.99965338709295
-0.393	-7.05355249819295	100.10674389082706	45.247680165530596
-0.391	-55.93555329452826	85.77527136599925	43.439743417547675
-0.389	-99.09951609266	101.29909828264134	45.0669717910801
-0.387	121.6091908242678	101.01272015180719	44.93526051539504
-0.385	41.79321482777887	102.66081698966309	44.559045349335655
-0.383	-35.1942045464515	100.84008183392022	45.155526753041066
-0.381	-60.850024908187805	90.56352074932803	43.576563630383696
-0.379	11.307971986118659	104.1306872411232	45.07542786208698
-0.377	-2.356062200004061	103.35252580388365	45.08498458448207
-0.375	9.212885353049316	89.60971241090463	43.440406092003336
-0.373	137.01586751491135	97.62294093621249	44.80865590024757
-0.371	-11.167736967854225	96.14463587918729	46.09108850304589
-0.369	26.012582035273013	86.7740392129541	43.54924579862014
-0.367	5.512331109791546	92.30178335199257	44.435988930800384
-0.365	109.30229537065017	97.6287902030182	44.45146580806524
-0.363	-113.27574909725246	87.7275531913496	43.99719275912975
-0.361	-30.97983510702562	101.38478302646509	44.679332653101824
-0.359	87.85153462675943	88.35102870046752	43.34077011227318
-0.357	38.060794394167985	91.76802725612592	43.112853420026376
-0.355	-6.069746251280428	102.22236409945539	46.2762999660905
-0.353	-42.48463105371858	85.42350057304932	43.56532816681959
-0.351	122.6700272591863	101.72943971545885	44.56745095532134
-0.349	24.456367223812947	101.12463867369831	45.168326681380016
-0.347	53.86025444220621	83.58416355087688	43.851136790421215
-0.345	-80.37715793240974	88.36262965625585	43.84188316709082
-0.34299999999999997	72.98391030929885	90.48522204199526	46.20623057362536
-0.34099999999999997	9.219339658361747	94.79635601341307	44.78897091727556
-0.33899999999999997	-69.58075478902259	96.96440384422901	45.97017308783423
-0.33699999999999997	-88.71544090882644	88.65205283879149	43.59062426051548
-0.33499999999999996	105.6831021717386	96.17993503979646	46.45677087386295
-0.33299999999999996	26.78455392146617	96.03031739323684	43.80521044758535
-0.33099999999999996	38.48845725040739	88.63141448898777	43.80922764522726
-0.32899999999999996	65.95707416123808	104.18050067975608	45.44945836308818
-0.32699999999999996	9.365697638097359	95.60059202778983	45.69623472168162
-0.32499999999999996	17.443849365861297	90.17650818248248	44.06404471617754
-0.323	-36.51560575290702	96.71029652153307	45.08189454690441
-0.321	50.83149924622887	95.93437224662883	44.451133118319405
-0.319	-38.04082246994245	95.94779178413377	45.011595592510766
-0.317	-110.67731039560158	104.3090554318209	45.90068042937478
-0.315	-33.459868108987045	86.25414286550637	43.78814853620988
-0.313	-25.635825690706326	93.05196885818022	45.211610152543976
-0.311	-62.38020859339333	102.9447352762853	45.54682677019351
-0.309	-31.688850580469108	89.27446974166047	44.25386889495416
-0.307	-77.1114572375442	97.7242791931809	44.66765824690366
-0.305	112.81807168272984	90.71782670050787	44.908336501219566
-0.303	-16.452325669491508	88.27446489043683	44.34337928463836
-0.301	-72.80125874298271	94.91710563739605	44.15622374876968
-0.299	85.38911170963281	92.63252382283864	44.62687621366703
-0.297	48.709233628319026	98.11053158904339	44.80001375185226
-0.295	49.97379357729592	102.39873477913453	45.25711213271811
-0.293	-0.9990969964679408	96.11295264117521	44.030160104435666
-0.29100000000000004	54.54716029440476	103.30812610151386	44.708500327699106
-0.28900000000000003	-91.80613008530347	87.16404705019231	45.460921243397806
-0.28700000000000003	56.12241178987176	88.5727557981764	44.470036770852495
-0.28500000000000003	105.68139325917159	92.28183528496722	44.72128231359117
-0.28300000000000003	-17.18590870636305	81.09180880007216	44.18902603160474
-0.281	90.24477109509377	83.17784013239239	43.509269907239066
-0.279	-57.67228234587751	87.26160533049767	44.87717441870164
-0.277	-30.252054103341308	91.57252721476596	44.33665651768214
-0.275	76.68083687395466	90.29290582261676	44.48239121266086
-0.273	-17.770182658805034	99.2940526985186	45.36308297553301
-0.271	-38.86793455665227	91.99415508719393	44.094567535064954
-0.269	134.56563205971327	97.05814681247811	45.907357683929284
-0.267	-51.18199252585054	98.17821180678455	45.644861974945094
-0.265	15.144010158563148	99.6172406659528	45.37767115399607
-0.263	-65.13006082631279	101.9175411032637	43.87027074109307
-0.261	6.35466925169581	90.36392349070005	45.035018011755355
-0.259	-77.58886066311365	89.08101773607378	44.92129913987456
-0.257	8.022386184247665	90.11974017059194	45.462953906449705
-0.255	-79.74144623346113	89.41372119344567	45.24847376289634
-0.253	-58.099328231864256	77.86351347299001	44.95955088734585
-0.251	-2.002429469016853	90.64033837944346	44.909469855630654
-0.249	-84.01389585288577	90.30461316354719	44.96039697592483
-0.247	31.683851140718033	88.33345444939347	45.20844623824901
-0.245	-42.76887914844707	98.59737394566477	44.81427832485357
-0.243	-111.0654796988575	84.29012355285921	45.06945470814718
-0.241	-14.358523100499454	94.21998183406733	44.871863031362196
-0.239	9.768137310794955	93.79803204044913	45.45768701629471
-0.237	38.74891634070288	94.4865960326174	45.142070919444706
-0.235	79.8973124731539	105.54131933799434	45.168544574095414
-0.23299999999999998	-26.961588524443414	92.76759747761292	44.65585698926668
-0.23099999999999998	-37.706587298291794	93.9346455363368	45.05804413793901
-0.22899999999999998	105.9189775856062	94.20586479297089	45.47813629193564
-0.22699999999999998	-67.12494346328145	92.43430883900753	46.22122519805608
-0.22499999999999998	-6.507112544795746	92.01918261621493	45.26169050989703
-0.22299999999999998	-3.2674425435308407	94.06706113658247	44.85786521417563
-0.22099999999999997	13.323170992673994	82.83231595579386	45.2888549099507
-0.21899999999999997	30.550550626173845	86.3147455695097	44.824049025765035
-0.21699999999999997	-95.02504771763398	98.20879150279416	45.12960902410608
-0.21499999999999997	-116.18542981728375	89.63249772137749	45.85800517616034
-0.21299999999999997	89.11096469477187	100.00348996223416	44.14553432343979
-0.211	-54.776814272461394	108.99971662014589	45.21697325000899
-0.20900000000000002	80.12370717791484	98.0634004575925	44.6745454039988
-0.20700000000000002	20.93015149662314	91.79294914676609	44.99762463000336
-0.20500000000000002	9.565361322350086	95.9586399808362	44.54064908385925
-0.203	58.60016251180156	82.94120686050286	44.50056235012984
-0.201	21.280928397704457	95.47241972459258	45.08374922207667
-0.199	-37.80552789545144	83.75444500311265	44.76491348301661
-0.197	-24.037293065770626	85.77297705551166	44.425154400097995
-0.195	77.76294551109508	86.97959072222243	45.73291498281617
-0.193	-75.99651098288973	89.25063698036176	44.62213453689308
-0.191	-93.05975010553968	90.28902619321651	45.39065579763383
-0.189	-205.0735408306581	98.24576846337041	44.61980262243435
-0.187	-96.68918899008449	96.29297818827499	45.334332741701324
-0.185	1.9438152731865443	94.90518882855984	45.07179900603137
-0.183	-65.1233331403489	88.3514138451826	45.128831890249934
-0.181	-60.10723509042304	94.90536689735062	45.26815611805099
-0.179	-8.570884114100785	97.24407484055112	44.51036135943002
-0.177	-51.108503634877955	91.17327811783963	44.99996225500878
-0.175	-99.49138015685755	98.73113199292473	45.68596633708118
-0.173	-71.72240785291439	99.79745628772442	45.50243085806405
-0.17099999999999999	-49.83919992140873	94.93357488608444	44.243398271243194
-0.16899999999999998	-30.81421735429135	103.6896513992005	44.93718947127994
-0.16699999999999998	-27.011075963145892	96.47441756422913	45.99365928985238
-0.16499999999999998	-56.088303263868156	97.05283877604619	45.2246815698527
-0.16299999999999998	-33.92879928487691	91.89344528093798	43.97266150284305
-0.16099999999999998	-183.71225431323967	87.89115089975074	44.295793543447104
-0.15899999999999997	28.133894179438457	92.51693376967522	45.83703706434602
-0.15699999999999997	24.43839529586711	98.16335507053223	46.025483935145814
-0.15499999999999997	-171.66351730524275	79.18214901252524	44.73326127817032
-0.15299999999999997	10.35698392959361	80.65609408186465	44.56474793078748
-0.15099999999999997	19.444625288578266	94.31353495628736	45.67297363045652
-0.149	-69.70058673461122	83.11453640887926	44.50603832993819
-0.14700000000000002	-110.22232690394151	91.412527325849	45.48312026845559
-0.14500000000000002	-57.38143917488614	89.10735600530928	45.296902695437524
-0.14300000000000002	-12.371492165152986	91.48032243349147	45.36670243431535
-0.14100000000000001	16.287402562653597	95.87391821384541	44.76978737103817
-0.139	-166.7646885020746	89.0937188483005	44.81040294009875
-0.137	55.42409562675488	85.40917734533872	44.85998316554564
-0.135	50.89801572255581	88.11449124577636	45.61674848914314
-0.133	-103.59692081074456	86.25375537753715	44.627804818521696
-0.131	51.98513258353188	96.73856969463667	44.89272721620693
-0.129	57.72925865366041	96.02371737642079	46.50392227089146
-0.127	-32.208926634580415	81.62808507202043	44.170584446821955
-0.125	68.83574185279073	101.60641085526427	45.98545978049951
-0.123	-100.59952886243283	82.8139881606389	45.340697818988176
-0.121	35.37924426755268	84.56755059153859	44.56513270296073
-0.119	-19.883294837930165	85.54993655956822	45.26622569773516
-0.11699999999999999	-39.935719524653024	96.32506178962872	44.90491540578077
-0.11499999999999999	-4.610643061564446	92.23203742827842	45.098470753318644
-0.11299999999999999	74.47261858040122	91.27981064407984	48.17576399154621
-0.11099999999999999	48.68839618032972	91.7837458150915	44.36565103329546
-0.10899999999999999	-89.29451285089041	95.19362135589523	44.630710364163484
-0.10699999999999998	-66.23293277330245	108.00170016707614	46.377976160194635
-0.10499999999999998	7.334689371862879	76.4842863460216	45.18796436261443
-0.10299999999999998	-24.669546245914553	94.53559333162931	44.953448852236605
-0.10099999999999998	-77.35691400878596	93.79194979414844	45.37242469859165
-0.09899999999999998	-117.2069535955167	91.63556293873009	45.15037245440647
-0.09699999999999998	3.3832749974926912	84.62568749023728	45.41786509355571
-0.09499999999999997	-130.9572332628406	87.83465655685274	45.49162089582729
-0.09299999999999997	34.52563143868659	89.9030804408936	45.681017313267766
-0.09099999999999997	62.34098804203114	96.37061865970945	47.34835711094656
-0.08899999999999997	-62.90791209329072	89.7345880361618	44.31126834799252
-0.08699999999999997	30.21117911949922	87.69896427500717	45.06329696593349
-0.08499999999999996	-50.81701857234666	83.30058921786856	45.3337862195597
-0.08299999999999999	-59.90361563645852	100.64348957649948	45.97416611853769
-0.08100000000000002	-10.295008352145807	88.36009263442863	45.26260482504925
-0.07900000000000001	-94.87667622987139	88.93128867926565	45.44580379906639
-0.07700000000000001	-16.46357082751848	92.07559650385504	44.79017210090449
-0.07500000000000001	28.034873938320715	91.24069326090769	44.73740834363142
-0.07300000000000001	-151.68641734664146	93.209233970301	45.23199688860996
-0.07100000000000001	-97.06736190817634	88.30599613380147	44.233392454481915
-0.069	84.56959813485376	94.7607564444324	46.629849702790146
-0.067	-38.478840971301054	95.42035950154079	44.26812859266303
-0.065	-26.68125018900902	91.66957412634675	44.52544588998165
-0.063	-103.7628091321574	99.7392836785102	45.23925906815319
-0.061	8.393017974395178	86.58121538926346	45.067823490974554
-0.059	5.912211373360066	87.0860621235446	44.646548499148565
-0.056999999999999995	-193.85773775404402	93.96535941017751	45.21167669571418
-0.05499999999999999	-15.424158446020186	88.83932542378626	44.345666074402345
-0.05299999999999999	76.16925137265973	88.14351137863405	45.99015250854636
-0.05099999999999999	-92.38729000504708	92.26491585375359	44.759339721852065
-0.04899999999999999	4.7754625345231005	89.63055396191514	44.60171023057833
-0.046999999999999986	68.63649689869966	97.03664830450407	45.6382093898579
-0.044999999999999984	-77.681921051731	87.38502015759816	44.119071574606686
-0.04299999999999998	-4.103471185623597	89.75242324626876	44.82565284182055
-0.04099999999999998	-93.2986635069355	87.62868507441647	45.01229995134055
-0.03899999999999998	-104.57452810275214	88.59922792825503	45.318762103175615
-0.03699999999999998	94.03665157403651	95.65435722252558	45.84091319977339
-0.034999999999999976	-213.8577064978442	96.45320116583108	45.43920425862323
-0.032999999999999974	3.7250278233091905	88.0034371215048	44.58431153501795
-0.030999999999999972	-12.05843580509569	86.86682603437862	45.400715741160255
-0.02899999999999997	13.974009851258629	92.16240221140777	46.04836141703052
-0.02699999999999997	56.53988163145662	87.23741900562146	44.22987632005375
-0.024999999999999967	17.879943918996943	92.35691876893068	44.93829611506723
-0.022999999999999965	66.15345989313681	88.79227084266249	43.44903438213345
-0.02099999999999999	98.96442351764456	78.41658930922482	44.87928553619282
-0.019000000000000017	-52.92434008274949	92.5868466169639	45.106684044735644
-0.017000000000000015	-77.858867213787	90.75294961656431	44.25135996465052
-0.015000000000000013	192.53394880069942	92.54428146037125	45.42171287431303
-0.013000000000000012	-151.52970951171073	93.4126474163051	44.063408102609635
-0.01100000000000001	116.73631875996904	84.7523468753373	43.90537222537
-0.009000000000000008	26.712052701993727	94.49844899269523	45.2899059208671
-0.007000000000000006	-71.61579045511513	91.72759806486422	44.65812048487396
-0.0050000000000000044	-277.3594437660565	69.16956178346328	43.63160806319925
-0.0030000000000000027	-375.69273418258666	88.90884479661628	45.375971731043755
-0.0010000000000000009	-288.2603946542384	95.87016181904815	44.25850675116126
0.0010000000000000009	-282.72817572394524	83.57114979396877	43.73409891217465
0.0030000000000000027	-418.414617509244	104.0826559593753	45.37488453467025
0.0050000000000000044	-321.1448828899233	93.43378711569736	43.93397425351108
0.007000000000000006	-40.427020220890064	87.55089560621713	43.733269447364684
0.009000000000000008	-74.93637041466883	103.23427846201068	45.28098345627034
0.01100000000000001	66.92765188498484	90.50044391176309	44.190594380326736
0.013000000000000012	-106.18565794251467	99.30473275854806	44.77265529128907
0.015000000000000013	-51.76336866175024	100.68177968132659	44.24180782424098
0.017000000000000015	65.05111863175372	86.39849734230603	44.565889427684844
0.019000000000000017	79.9130111666102	98.43347880142545	44.911656106592474
0.02100000000000002	61.627897760985206	100.99613801666605	44.743382498829476
0.02300000000000002	76.22911740923222	81.48339373539352	43.618279656584214
0.025000000000000022	-51.63976238020673	93.66117612689906	45.15384586532008
0.027000000000000024	126.86080239032727	96.23301023082418	44.3322401111066
0.029000000000000026	45.290683724719116	86.264979339853	44.11839867926599
0.031000000000000028	-17.378299717707435	95.71630022315205	43.97119431516163
0.03300000000000003	72.91832859901426	90.82867967905521	44.915876180740845
0.03500000000000003	21.79731231377602	85.13106902622509	44.3004986498239
0.03700000000000003	-9.923728650718111	95.38533447919724	44.897398322749
0.039000000000000035	15.066606170011099	82.23011388101358	43.89766086649492
0.041000000000000036	-68.85511985077474	97.71491538030946	44.42829354314924
0.04300000000000004	25.25377414275276	96.16461699528207	44.5202510634684
0.04500000000000004	94.46296595494452	86.61205569443175	44.74415702102926
0.04700000000000004	-85.05038002770692	96.13246401312267	44.517494826796025
0.049000000000000044	90.04744696716749	89.9155853161666	43.90523967264987
0.051000000000000045	70.88184448345025	86.22093441889156	45.43491627066543
0.05300000000000005	-89.17196248403592	102.45135948254553	44.55219149331404
0.05500000000000005	-24.42372667954551	96.78782121574277	44.380691718844204
0.05700000000000005	-34.64784276618893	90.80108599100241	44.27419659271345
0.05900000000000005	21.300256191292277	101.21270247194349	44.49517886571058
0.061000000000000054	132.42987614137115	85.85033358057083	44.222527382987934
0.06300000000000006	-30.415464108646262	94.14620517101366	44.17722856585582
0.06500000000000006	6.677436239943546	93.06766693426229	44.079420992000856
0.06700000000000006	115.16366916630716	85.86591993517997	44.09090492532814
0.06900000000000006	-80.27852082403975	93.82137847904971	44.703921012086155
0.07100000000000006	39.096467000288015	92.87325526936243	43.33466833235388
0.07300000000000006	93.09507993715549	81.8099222153795	43.90253877683395
0.07500000000000007	-103.63150215464412	90.71367340543924	44.102447795581064
0.07700000000000001	-75.57282404857534	90.19114752084904	43.188705461234825
0.07899999999999996	44.33907593592856	92.07607812507896	44.43766739543462
0.08099999999999996	-39.93412000735663	93.33457353884843	42.68865175171369
0.08299999999999996	65.20874599669213	90.39805174152208	44.92794118484181
0.08499999999999996	-133.88015647441964	94.81004868030615	45.468522677055894
0.08699999999999997	-28.883792131617625	93.41847288938528	44.11637860741547
0.08899999999999997	100.91338041151587	77.70878777272017	43.11443798581378
0.09099999999999997	-39.33551962176374	99.97132312813653	44.06439412210855
0.09299999999999997	2.9785368709234206	87.40210813146767	43.36843622145042
0.09499999999999997	72.5824728629032	93.58225112771197	44.77887893910328
0.09699999999999998	-32.54549727504941	98.39884788696494	44.123580207928136
0.09899999999999998	-54.20131850963905	93.66622781655937	43.3262711008712
0.10099999999999998	57.955534553233434	85.95615857833141	44.09269244601587
0.10299999999999998	-2.01760116880223	90.07039060924346	44.50340715815403
0.10499999999999998	15.348301300788236	88.71471997201137	43.659031941994115
0.10699999999999998	-114.03216469274557	101.0827053858828	44.218159713696146
0.10899999999999999	33.78776717921639	95.35764518273004	44.24688847006274
0.11099999999999999	225.1104423289796	87.00659610089441	43.71010282717435
0.11299999999999999	-90.06278282963632	103.13598063958258	44.15790969901403
0.11499999999999999	-120.84127614153672	88.62862909150144	42.31804265833766
0.11699999999999999	76.99189362231351	86.02631811592717	45.115637716647925
0.119	46.11639567753123	91.75371496897039	44.75817819634486
0.121	-26.159715003415407	85.39822518418825	44.32177820638766
0.123	48.430506687457964	105.36588839544842	44.528129317308796
0.125	-40.04872355667377	98.00106758630123	43.76812103081793
0.127	12.089589108699172	93.78230251074082	44.1908875808542
0.129	-61.0221400804134	103.49853880973224	44.46542719213807
0.131	1.2343144484283641	91.7012984765008	44.785673233789105
0.133	33.27471516656466	89.20575044699508	44.81639093230321
0.135	-10.952252006535268	99.83271151265329	44.736912264433535
0.137	-44.9606265516822	96.09826324105384	43.98321786713573
0.139	134.75800704809694	94.31137685664537	45.50506945833426
0.14100000000000001	124.90412932075756	101.77560387410966	44.610755831180306
0.14300000000000002	-7.031465841467188	82.06995811734411	43.897587545358746
0.14500000000000002	8.125215597898361	107.17612245586551	45.46837677050089
0.14700000000000002	14.678372899590286	92.46692779739551	43.42784819395874
0.14900000000000002	72.90264926873569	99.46008111270689	44.51035113021137
0.15100000000000002	-42.114438669194065	103.72558559894041	45.99832355118569
0.15300000000000002	39.71862675933302	98.96140139798683	43.846629306115716
0.15500000000000003	39.53263766298676	88.22660678196543	44.25713847810663
0.15700000000000003	-23.352834199741324	97.25313134504106	44.298948573481155
0.15900000000000003	-67.07809550621224	84.63743743393216	43.37854321174319
0.16100000000000003	34.984375972602066	104.70177536691426	44.61614210615355
0.16300000000000003	80.78516223886112	103.42086864439763	44.407082010631505
0.16500000000000004	-69.90262898387556	87.43794478311384	44.38173260989082
0.16700000000000004	91.07288302678818	109.60298647193906	44.72006993590899
0.16900000000000004	-14.291119445508649	99.19586787449677	45.09701779132739
0.17100000000000004	60.81803614654824	86.49577699071459	44.890796670284125
0.17300000000000004	-96.56512647493454	100.74559530984853	44.95998760617309
0.17500000000000004	86.45410481755711	91.64682803630282	44.79695061621849
0.17700000000000005	37.4257390081123	102.7144909772463	46.11576370090336
0.17900000000000005	-31.78926642721791	98.20996891300719	45.526691570872
0.18100000000000005	-86.46689903379911	89.44502367809059	43.306765401557314
0.18300000000000005	106.66676572457234	101.71982898068275	45.943143823176705
0.18500000000000005	53.18065109816139	108.38663647723241	44.54865752654359
0.18700000000000006	-26.925422143220246	86.71240956293391	44.75769473915831
0.18900000000000006	14.452372491868815	100.37318010911312	45.891680474193564
0.19100000000000006	57.228036768552926	92.14689961892168	44.667140457303674
0.19300000000000006	-20.11246071698114	96.27059155773739	45.84186111435599
0.19500000000000006	-24.142266937698942	96.21509383861334	45.5369939121229
0.19700000000000006	10.654537393905983	101.43623783524885	44.32515701318634
0.19900000000000007	94.31630615508446	97.57085244147548	45.571883412409726
0.20100000000000007	-61.96340226727326	107.87236077106867	45.80269273454822
0.203	-11.255736060200583	92.48419344651	45.7845554994838
0.20499999999999996	-17.51164732444188	105.60391005523422	44.7530891186607
0.20699999999999996	34.00567316491632	103.04684412781968	44.66026399308334
0.20899999999999996	38.22665639785505	97.90283031957325	45.56641122862258
0.21099999999999997	108.43891590917032	109.98589776294054	45.481274065151794
0.21299999999999997	76.23529371048043	99.53321199429881	43.85396384498757
0.21499999999999997	59.60584365194421	106.89159040832375	45.02079918011987
0.21699999999999997	-113.05441111864045	95.47863947850652	44.77304631181848
0.21899999999999997	-29.77207962395756	97.60696432728224	44.17676760471189
0.22099999999999997	45.9158128012227	94.47874937732426	44.93074529855093
0.22299999999999998	153.619514654979	103.92949984670038	45.07549147010463
0.22499999999999998	-29.616914409280604	95.35602087714568	44.055297643646085
0.22699999999999998	160.6470531685389	102.76865538873793	45.63428456420994
0.22899999999999998	-157.73932254847801	98.1332691874333	44.34060707421429
0.23099999999999998	-24.148575018312357	87.3813120249257	44.42649493829787
0.23299999999999998	-100.41434624430411	101.0839435966547	45.21050140934169
0.235	78.73725757900907	94.24553310697614	43.6886247388657
0.237	25.935478674909973	96.3332157353175	45.24950032768002
0.239	41.773883185936	104.8448911599207	44.69663265627195
0.241	82.025340519154	97.60451816950172	45.38903398868354
0.243	86.7794299523883	93.14845903312352	44.87771861206004
0.245	113.0229220287493	97.35495814095923	45.80746020131041
0.247	0.0322831055221684	96.11226380378304	44.044221564907104
0.249	44.48845708671101	109.97892083754414	44.96414836241589
0.251	-26.603150268700304	110.08159671047972	45.11962530525487
0.253	-52.05072012559597	91.96007331474186	43.97155932700345
0.255	-28.117492175017134	104.81540086866194	44.81195278601621
0.257	-59.896351551347315	101.73713016166909	44.12133371188309
0.259	-13.80764313263505	85.60435743400922	44.431054024603746
0.261	-88.8271247632133	105.28309436380076	44.61618837356114
0.263	109.1711998360001	90.16080261310199	43.75197455902759
0.265	25.37491150422788	102.57866566191586	45.291055945191935
0.267	15.71908466724281	103.78027236519289	44.89950376458338
0.269	15.89086268460882	97.52094104539418	44.3589979682879
0.271	115.32858560303616	107.88848689162367	45.15152087190917
0.273	74.87472122469363	103.39626779266122	45.478700836934564
0.275	-98.3814664858862	100.60229842272585	44.10108117731824
0.277	32.50663818255006	108.25833419975592	45.95602858144266
0.279	33.553848013623266	98.58316786240344	44.127126645606396
0.281	-13.694637372108076	92.67343673803879	44.68564773035241
0.28300000000000003	81.73402490441184	99.81251502232841	44.794432521208286
0.28500000000000003	41.517121033951554	96.48888586091145	45.163131730479954
0.28700000000000003	72.44742831780115	93.06507422761472	45.21192988432652
0.28900000000000003	41.485195012791465	106.88928104511707	44.48786539288289
0.29100000000000004	-49.664604364063614	97.53536715779303	43.85896040925974
0.29300000000000004	76.51369229977334	100.03162558454146	44.12688894209295
0.29500000000000004	29.07239144045448	103.97967678910095	44.991803248651536
0.29700000000000004	1.168910428894776	99.78255787930075	45.24325444680954
0.29900000000000004	-50.014028317058035	109.48118916307335	45.37795102804734
0.30100000000000005	26.91335182780641	104.10465786116605	44.664970135315855
0.30300000000000005	-55.47592888111019	99.97752681257225	44.082929634548314
0.30500000000000005	-67.52584541080964	112.22507209314985	44.946233637870684
0.30700000000000005	41.98112083764194	93.6135262719523	44.75944888216721
0.30900000000000005	157.43236652698835	102.8957834315615	45.56321499098731
0.31100000000000005	62.66938002963407	118.0844216486083	44.92393539617305
0.31300000000000006	-77.07644178411854	90.75365045695709	44.13440055524642
0.31500000000000006	6.172970558493418	111.52936472968452	43.73210882828385
0.31700000000000006	29.94364780417591	95.19454626468188	46.917184565746666
0.31900000000000006	-48.704030251478514	95.06735519543102	44.286755250599214
0.32100000000000006	-59.09138963866578	112.57948636367621	44.41584114500358
0.32300000000000006	166.06575666688883	100.47984467881109	45.323436125707
0.32500000000000007	60.578414402101544	99.00621024087052	44.70157753319516
0.32700000000000007	-67.17445471993156	109.90928123164909	45.463812152165296
0.32900000000000007	95.70726375240923	94.78229502567558	44.667218396559946
0.33100000000000007	-39.97670974253964	114.79208956369423	46.55581076448281
0.333	-14.927079258097997	117.88447785799849	46.388769723402916
0.33499999999999996	-35.40408937841022	94.85734044606517	44.43295140473411
0.33699999999999997	10.768434889563139	108.88179969605726	45.30779622381575
0.33899999999999997	-119.76982934003289	92.51804048611912	44.82823474894659
0.34099999999999997	67.93214543243664	97.34535863628098	44.114461649103575
0.34299999999999997	-123.81550060858171	105.58440793219182	44.9932833159882
0.345	44.81132223177475	96.03667017102252	44.652887307740684
0.347	79.17722242778424	103.0677300744684	45.36920338694167
0.349	-3.9346257265648887	116.60382562194785	45.19500478334851
0.351	-31.346304403379044	88.00180190607833	44.17743393041911
0.353	73.53777975960263	94.98859716101363	45.24591792776477
0.355	162.47368957533757	112.69040589710639	46.16349486795266
0.357	-56.11373172731415	96.81079717168731	44.21155510912356
0.359	-25.18507001347814	103.22730340877493	44.661433975497516
0.361	52.87195791270349	89.98112315238313	44.33838672329874
0.363	73.95965549106265	96.50552692206067	44.88026851104125
0.365	-61.54877039166173	111.18927933365978	43.67575190931066
0.367	35.397206239684564	100.57904029837333	44.212974331617424
0.369	54.91383889943968	110.06455721794195	46.08342779975203
0.371	107.0475496647294	107.26706665629271	45.14518756822849
0.373	-8.519415324426127	92.29583799818383	44.242998860295636
0.375	84.4226058549502	102.57585486937066	43.99612897465888
0.377	124.12648511306301	115.25106487992592	45.31597336853649
0.379	-32.47984276222304	97.65971535064513	45.1390391939412
0.381	-3.442146956245118	113.00070207254612	44.82227141289413
0.383	90.67213490077108	97.37514756505126	44.16270319995677
0.385	53.02490787473246	98.65685248286087	45.29648281567466
0.387	115.22900784943779	112.17413055217038	44.64592578478762
0.389	6.208873276403182	87.79897462317517	44.067979186666435
0.391	49.709271318310044	107.48399456907691	44.245336637373214
0.393	-91.27826983512665	103.23445598029414	45.139744373892086
0.395	-138.97183046374107	89.8463483459495	43.872139405609055
0.397	-26.53508023908735	110.40109056937519	44.35433836417102
0.399	23.787064377334133	105.7305811966939	44.990126820513254
0.401	75.37693992287764	92.40902767324285	45.46813973348213
0.403	-25.29417884011842	111.89022730530262	45.14726286554732
0.405	147.2197875438397	100.82735365692406	44.19008415295237
0.40700000000000003	70.4515026375141	116.48531346836498	44.80516652469519
0.40900000000000003	43.29621217724622	96.71466672001169	44.99017880453484
0.41100000000000003	-17.854688274532293	97.57167904666754	44.49433103876331
0.41300000000000003	74.10039619437647	105.81170908667565	45.123677934242025
0.41500000000000004	-21.613767140715723	105.3827666538506	45.70184376301946
0.41700000000000004	-11.45055091533731	81.93717883541856	43.46983790272601
0.41900000000000004	-25.338731256208114	101.24542372246245	45.608630849625534
0.42100000000000004	116.03704845297713	99.0762126825191	43.57620512130615
0.42300000000000004	41.559952091096974	105.53490307336155	45.55344271399084
0.42500000000000004	13.567416250470643	120.89350202195003	47.47983549129481
0.42700000000000005	76.44300362885659	99.51262033529507	43.3518296413648
0.42900000000000005	94.48008591217416	104.40367701865124	46.57551074189736
0.43100000000000005	-92.10694151662312	108.99007268729045	45.980515696972454
0.43300000000000005	50.632649516879624	93.78838766540761	44.627409744698106
0.43500000000000005	-28.328284297995943	95.15632213523457	45.25866001003849
0.43700000000000006	16.4318018751608	98.58941753017547	44.99973879809198
0.43900000000000006	-107.8085221000169	94.96054390160545	43.86991188396007
0.44100000000000006	26.950941760306435	109.96881012797648	45.185843529645894
0.44300000000000006	130.04809611483205	99.82164906755841	43.07094648013134
0.44500000000000006	-150.07030429847745	98.18333116021897	45.71527041691524
0.44700000000000006	-65.42844951140658	111.53509394814766	45.59503155467428
0.44900000000000007	-44.16225761383341	86.7517992994578	43.209104713270946
0.45100000000000007	43.54743141443684	104.81957983931059	44.166852448820464
0.45300000000000007	-119.19870433396707	109.57276068913521	44.811172570733156
0.45500000000000007	-36.388802832965084	91.66997657239645	43.34597754510282
0.4570000000000001	66.7397468450126	116.274188134669	44.46452141405366
0.459	18.969852763728312	106.18105761332481	44.22968616003709
0.46099999999999997	-3.269833834917968	92.53662689179757	44.43452248561606
0.46299999999999997	-36.987642219377115	116.15132111034863	46.39699283476374
0.46499999999999997	-75.88135930847173	102.15541731777354	45.092634782671766
0.46699999999999997	64.64162841712806	102.180940043671	44.670469773623545
0.469	-35.596100420254295	116.98081732347116	46.514755188619176
0.471	124.53482972740737	93.89946492478208	43.50320893976657
0.473	97.10960998243756	99.94771471876989	44.36969353760175
0.475	115.34669759249994	106.5900472384002	43.96127372325073
0.477	133.43653631614495	88.30040559383676	43.91252056213674
0.479	111.82515466456877	100.54933634107827	44.46365512004113
0.481	106.1623481954932	98.3273892857111	43.73041989450492
0.483	-31.94374566883873	91.52008342775991	44.044779267917384
0.485	81.80835351967453	104.72612442530928	44.99266984125568
0.487	127.9424598379375	97.26430238842876	43.40169425129785
0.489	5.604401925651814	90.29539852476246	44.24179348650456
0.491	-49.4762420648609	98.80064643026702	44.85134947797355
0.493	3.3003775699036453	101.84436627448005	42.59656461635513
0.495	81.54935131932106	103.07320237585482	44.468659328528815
0.497	71.19984501668952	105.04713055890916	44.01653397689312
0.499	126.05597931303336	87.16054762711137	43.7447267499162