-0.499	-40.56649015016234	33.570655673543605	29.34207108414264
-0.497	5.721750815368409	26.886353970751422	24.2063245072182
-0.495	2.3348063460382207	25.94465062846615	24.179968755615295
-0.493	-7.147355548298151	25.522012046153367	24.1611365291622
-0.491	10.274507517005205	23.693876129550265	23.610943167532245
-0.489	-24.949644357286083	26.98378652523768	25.83680469686632
-0.487	51.90066718352426	28.759087463539398	24.21624748887775
-0.485	67.91404333639228	27.07819807988416	25.383006355493272
-0.483	42.73363235718364	26.618143841622942	24.180820410937145
-0.481	-3.0043680330216205	26.881093256529578	25.34819728775286
-0.479	12.605148002720057	26.762076947164235	24.478353727594413
-0.477	15.248987939475711	30.210379909424287	25.131535297766888
-0.475	-8.619842297608038	28.380246257303114	24.823798725257355
-0.473	21.13104787082598	28.628076818059107	25.960366617002716
-0.471	74.96470242029929	24.91841919964986	24.0859661812748
-0.469	-1.1228252519979165	23.723678089462478	24.940396280651466
-0.46699999999999997	42.633660658930594	26.35579447097026	23.923965714989933
-0.46499999999999997	-1.9945158210576963	24.99743187927611	25.01173772228537
-0.46299999999999997	7.531062848675774	27.966690632181802	25.229471942185405
-0.461	29.616703378199105	30.56290563859659	25.405664656958212
-0.459	15.934221253788294	26.729594623074544	23.77980272061896
-0.457	8.481435351370692	22.102889752810956	24.682934726525794
-0.455	43.98983516629151	27.952416809224964	24.23314866064578
-0.453	-11.29861788351505	27.80936599296109	24.68814486493694
-0.451	-22.3823538548773	26.293813791963874	24.600644767952375
-0.449	14.369509074407816	26.455730217493613	24.802554457908666
-0.447	-24.886633116949497	22.770916727985913	24.466896902995234
-0.445	-0.7144846302375996	26.63864842552412	25.00574090359814
-0.443	-11.172346229715302	23.665673758557837	24.44997501885632
-0.441	16.180503217944064	27.041158302140605	25.12571616281505
-0.439	-8.60088756726718	24.660495580405914	24.849753115632847
-0.437	20.385311460202615	24.355930727191733	24.911920723078108
-0.435	2.905541256925659	27.48704974939734	24.010819458751417
-0.433	4.682144053358428	25.631957898644792	24.44019418758155
-0.431	19.74917524605324	28.51533934793513	23.969037639698193
-0.429	29.227584691371433	27.583542302200446	26.391530727871046
-0.427	22.216088340520912	23.139844248342687	24.921793081799688
-0.425	-19.150729403505373	29.53020139381577	25.230475565992787
-0.423	-3.6636703210080057	25.84413686867502	24.01144305164727
-0.421	17.36012714026458	25.013360088593654	24.351578451808134
-0.419	-19.098359597569114	24.28361696185728	24.45701608906271
-0.417	25.5580014212331	27.88597870417116	25.231550944305994
-0.415	19.508289742953266	24.315199824068642	24.698628414005526
-0.41300000000000003	13.354623202399551	24.53722946424076	24.586120068647656
-0.41100000000000003	22.325918200394312	26.19992167862784	24.80545549024894
-0.40900000000000003	15.330548593928128	26.79565037216799	24.489059005872704
-0.40700000000000003	19.8820857226778	25.813362545979352	24.11471111827561
-0.405	7.418078684651164	25.84344337425776	24.83436184151711
-0.403	-38.24690060194591	23.60981058543271	25.48866860811053
-0.401	58.1539409623133	27.071526513715824	25.45403751510462
-0.399	-14.522477613354567	27.99818114071983	24.56424529438395
-0.397	15.977860722715675	29.124319888541084	24.598293544160867
-0.395	-15.226686701841352	27.812321595686566	24.816435086023876
-0.393	44.334338396678774	27.830935431742027	24.219268452884805
-0.391	60.261686900542344	28.07308228032949	25.661899323364988
-0.389	-18.022832180553117	26.9370599454399	24.724844158501867
-0.387	29.783068881794605	25.344906536958945	24.203588336926185
-0.385	21.564679811181264	26.0062445400277	25.02128892801376
-0.383	55.831826015761976	26.672228341635744	24.57656266380014
-0.381	-18.67289139956263	27.80858230366965	24.519866192489022
-0.379	12.217622532562089	28.615431767606985	24.8463362498644
-0.377	16.39901729788562	27.340221855855724	25.201797788497114
-0.375	46.25386352774541	29.119615425744033	24.09401250892903
-0.373	-18.880480603278293	27.672232387346174	24.845898026351215
-0.371	50.14658292989971	29.687056178291403	24.442341691474216
-0.369	5.58119123805767	25.739947803349594	24.539151225231837
-0.367	-5.145137877082817	30.68722279032809	25.340246918458885
-0.365	16.022139648130818	24.264711120974628	24.252792936029998
-0.363	19.337363228011384	26.99056137445081	24.265609682237095
-0.361	-13.043885190300308	24.130219656521387	24.263086494805858
-0.359	22.876641762481498	27.626063851259367	24.480711397592827
-0.357	18.83051972950689	25.137414703388277	24.63739320286247
-0.355	19.04418075415748	28.558786227559438	24.832232641472
-0.353	33.63081112350841	26.325668524354032	24.106742740567235
-0.351	65.21844605611449	26.658867190495	24.502912377596328
-0.349	7.434679702988944	27.80142233554359	24.490842352476342
-0.347	11.099436993067258	26.24052031647406	25.065909698676574
-0.345	-34.658988643854194	27.667214457096307	24.093690766838844
-0.34299999999999997	-52.5926097086904	22.97759271411276	24.609211584247795
-0.34099999999999997	-15.438000072309777	28.278877241531447	24.208339839401802
-0.33899999999999997	30.841553168903246	27.334098133821087	25.008903054053388
-0.33699999999999997	25.530358361391947	26.54003371327312	24.486149601197468
-0.33499999999999996	19.71631779973393	25.034032415023876	25.143592807597997
-0.33299999999999996	77.02172034917965	23.005816666390313	24.142212888621984
-0.33099999999999996	-7.221475072816119	29.570105657554187	25.33594900402791
-0.32899999999999996	16.748580722758533	26.857341882041837	24.004116430842394
-0.32699999999999996	33.49445459743805	27.251578521777947	25.517297782690065
-0.32499999999999996	-20.39844070778063	27.755934375217247	24.342848737345363
-0.323	17.17072681861609	25.186923492954513	25.341983726861955
-0.321	-14.04370490432072	26.10135028668892	24.16157302345442
-0.319	-43.652831803409065	27.2504283490892	24.68697365370748
-0.317	-12.473934621781702	31.569450014404474	24.617710967290265
-0.315	0.3465050442130746	27.937256682673972	24.51758887698529
-0.313	13.905126957869385	28.72386628236401	24.50058742661858
-0.311	11.800668111572321	27.944405263908468	25.146600539110384
-0.309	22.415009750975656	27.90953837016009	24.89365284519226
-0.307	10.101590234512514	28.229254019746403	24.79353625201172
-0.305	-10.511303824789486	28.83126017856556	24.548891154401925
-0.303	4.696279233717959	29.02970647171444	25.075855812047916
-0.301	-0.6955298035293822	25.38853112026503	24.013207162007394
-0.299	10.858479036146562	25.830620889765395	24.698021269806368
-0.297	16.792454708092208	23.59193152793619	24.254448489409096
-0.295	4.374170180287962	27.20632521055472	25.105495856176027
-0.293	-3.6374893892521243	25.001485755127995	24.352623522059186
-0.29100000000000004	34.47419136781704	28.13946667800395	25.16991168595461
-0.28900000000000003	-11.108583915508952	25.364782088790758	23.924555258552054
-0.28700000000000003	-0.8587246372870894	24.889762533157025	25.12387787044344
-0.28500000000000003	-22.737100876080163	23.767393041639348	24.009867380919914
-0.28300000000000003	24.323497721967513	23.929892642100516	24.518426129055452
-0.281	13.332754776218536	24.742395282109467	24.46661439035477
-0.279	13.70267761058308	28.364259127669094	25.375416483502647
-0.277	-83.04715527995832	24.157973642571843	24.02197370701378
-0.275	36.66657753176317	25.46463139332711	25.11297218157937
-0.273	44.449380662836546	27.337431749500666	24.160175700468507
-0.271	-5.921560748856081	29.16804102849478	25.742023941209762
-0.269	-8.490782945957953	26.295275847824136	24.98576087804278
-0.267	-4.463167729729101	29.99519330677588	25.495645744776628
-0.265	4.327522135527673	26.118992118500408	23.70374313519637
-0.263	47.193519308708076	25.942457392603902	24.65084432387275
-0.261	22.26009509098681	27.714164573003423	25.54270110279996
-0.259	-10.694144335410272	26.48534793772248	25.462304817898925
-0.257	-26.91223720840963	26.872489570988485	24.649852797872498
-0.255	25.23321235647913	30.730414616684126	25.155288471785408
-0.253	-12.739131583505703	24.67745133085872	24.471787939055567
-0.251	20.158282168392105	25.55992676403719	25.385272461843133
-0.249	6.451176013833049	27.832190866452166	24.866742376696717
-0.247	19.425036508646798	28.29333335199941	24.982050266645363
-0.245	1.7291628728877129	28.020171680467794	24.072421202864977
-0.243	-1.409700461696417	26.69960257376253	25.442797334349272
-0.241	-19.60333350414789	25.099294287496107	25.150874026500947
-0.239	11.883206239460264	27.044826818441933	24.962809337644188
-0.237	22.104925664789832	26.762846188280275	24.047792526019172
-0.235	14.618945265443273	24.24043058976509	24.957266786931747
-0.23299999999999998	-0.8836500601239194	26.972087779999814	24.530614489430363
-0.23099999999999998	9.482103573654754	27.201250268000567	24.526518734923172
-0.22899999999999998	13.201926497785621	27.31929414104938	24.40905756593351
-0.22699999999999998	4.542945160723733	24.052275377750476	24.573875166337263
-0.22499999999999998	-1.1628565591559337	28.09202319560868	24.49323889481576
-0.22299999999999998	68.46037426244678	25.82046702824214	24.576423924864883
-0.22099999999999997	-50.41741211253559	24.710782728005828	24.268577301023587
-0.21899999999999997	-8.462447018908748	26.274666998828604	24.274031985721102
-0.21699999999999997	-38.40120672171654	28.188220136697243	25.51184212123545
-0.21499999999999997	-18.08371814160381	25.69226867527169	25.064286268846704
-0.21299999999999997	43.0641820108324	25.957333904037863	25.145243829173257
-0.211	-17.676040310887764	27.43905261397339	24.317081056996834
-0.20900000000000002	22.91327461301229	26.309971135448546	24.945696329257814
-0.20700000000000002	-36.22307296080596	31.12865103518707	24.486963808479075
-0.20500000000000002	-5.758070861117126	25.670926998308488	24.953577449673322
-0.203	13.670930980147489	23.42059715378741	24.979702498475024
-0.201	4.200562061296154	25.836197763013864	24.541098404470134
-0.199	9.477451001993487	26.675179598034006	24.812932189576706
-0.197	-8.960776996080888	22.252935816897935	25.513931360333242
-0.195	18.518419954816068	28.80094427065639	24.644073992998752
-0.193	19.355097793605225	26.83372519731294	25.168972196524983
-0.191	-22.241280907553396	27.860394432959456	24.845527837177155
-0.189	-1.4272402496517955	27.216011064941853	25.023748273332565
-0.187	34.64401133213002	25.844036939049296	24.52539156258984
-0.185	-10.26024813655102	22.339849771997297	24.59979987335628
-0.183	-32.18339690413963	29.45614057409079	23.96275804442463
-0.181	57.53008615694277	28.665512723197967	25.64189221680557
-0.179	-4.892749614349157	27.33475050827835	24.62556891079625
-0.177	-9.533538118500218	22.712080843293204	25.058873069855334
-0.175	7.656732306404734	23.217328883614666	24.222696677062245
-0.173	-15.995445506566952	26.134005169755426	25.050080984006755
-0.17099999999999999	-26.892075952633654	29.144664368499622	24.188870946633887
-0.16899999999999998	54.298920944217954	29.10182945790626	25.303864881340424
-0.16699999999999998	6.107541795863369	28.044553242514226	24.666775406742442
-0.16499999999999998	17.8549292335628	26.292666514455107	24.61836896995251
-0.16299999999999998	-10.729883393567619	29.536982131021542	24.713545848051204
-0.16099999999999998	-19.35032991717822	26.807671941750996	25.920496572974393
-0.15899999999999997	-24.84787262824195	26.68404594919868	23.85071796748346
-0.15699999999999997	-13.879810362937839	22.72967483806806	25.548671576030063
-0.15499999999999997	4.221252314362545	27.397576542707135	24.158673916204762
-0.15299999999999997	19.511920853698683	22.903428543443656	25.379708641242015
-0.15099999999999997	10.482110452958437	25.673435769890155	24.54571826452485
-0.149	-27.613655585456698	27.20493880155148	25.331902076084088
-0.14700000000000002	32.97866978879682	27.881614130719328	24.838797680268726
-0.14500000000000002	26.72605242248771	28.063455703973013	25.50242576502959
-0.14300000000000002	-2.7249299056064658	25.524184304050333	24.095033725992185
-0.14100000000000001	4.084377679181017	26.70430091668942	25.15519671918886
-0.139	-5.7533129179665465	26.40258589547703	24.234279352046304
-0.137	-8.493550554766749	26.151868930591345	24.683303149570808
-0.135	-2.8108297713824726	26.46004817179224	24.896982677492627
-0.133	-32.397586168575465	24.642413009098885	25.128702788928052
-0.131	2.7964404547553556	28.39700343551339	23.638818773212307
-0.129	-19.181276059265784	28.956468826613456	25.038666928896763
-0.127	-6.74842081660465	27.629372133272764	24.888941643519484
-0.125	34.771003020406255	27.476433638886796	25.2399673346267
-0.123	31.25593971997631	24.433745467319188	24.161831648050775
-0.121	-30.14193882944216	27.406425552420636	25.14541654175055
-0.119	21.649769309073363	22.491867589225034	24.545115663441493
-0.11699999999999999	0.8191118279210485	28.602848997612288	25.963346833201605
-0.11499999999999999	20.826234982340708	26.98680630662167	23.630593057615073
-0.11299999999999999	-28.31248204804293	26.536703773681577	24.823464163581146
-0.11099999999999999	-33.50847513805544	27.433915140917644	24.924229175383402
-0.10899999999999999	29.87514653352008	28.92219291337985	25.74169612382421
-0.10699999999999998	-29.707810622170427	25.38717970419798	24.512099912010235
-0.10499999999999998	17.342062177183593	25.908627717760123	25.71428683328274
-0.10299999999999998	7.9847705576341355	27.51442058145056	24.803898167763023
-0.10099999999999998	-9.8951915674661	28.180885747741694	25.585830209625644
-0.09899999999999998	13.033457875843979	24.800071985329406	24.082867289889826
-0.09699999999999998	3.9911876936749024	25.887228929463856	25.24127990693147
-0.09499999999999997	13.853442602629329	22.001293116085474	24.153575396004374
-0.09299999999999997	-18.911591209369583	25.825655069395133	25.36646312020777
-0.09099999999999997	-10.236745421443594	30.046403665580392	24.54675968456138
-0.08899999999999997	37.71397654261932	23.809607526467925	24.874413476003692
-0.08699999999999997	-11.884666276773537	27.234278240743073	24.533105085957718
-0.08499999999999996	25.853525314145642	29.494926703133732	25.34243552848997
-0.08299999999999999	2.6429994537391366	24.644620009790824	24.163517832806082
-0.08100000000000002	34.98162762327617	26.685071210316426	25.88649356010444
-0.07900000000000001	7.770136372542424	26.071334827587123	23.758692582406614
-0.07700000000000001	39.14710647356934	27.867781462386358	25.405149988996968
-0.07500000000000001	13.697603548079584	26.864885188262175	24.383990357831973
-0.07300000000000001	-72.3528758590497	24.59643133978824	25.32683483749204
-0.07100000000000001	-1.6345077118451456	22.955288524046402	24.274218636244754
-0.069	-53.25335379080531	27.23876237124388	25.286047035208853
-0.067	26.113947285910655	26.549149665719664	25.42576726497328
-0.065	-9.546911468483188	24.534554159926245	24.481412197357677
-0.063	0.8020757451543403	23.207615409034908	24.77720691465268
-0.061	1.1578941108147944	27.518966022353183	25.19584859233606
-0.059	-8.741541077217363	28.029498498411844	24.57810448825849
-0.056999999999999995	36.53714586215884	26.296006568601943	25.496468870476587
-0.05499999999999999	18.724252552893006	26.452292026790506	24.48382824358141
-0.05299999999999999	8.4831660278617	22.988394015580294	24.601363129025867
-0.05099999999999999	36.447672221440186	28.12377136641228	24.790729770905497
-0.04899999999999999	58.06243365347186	30.716550706923154	25.471943025003892
-0.046999999999999986	13.465401267120924	27.503485479165292	24.524515555399084
-0.044999999999999984	11.212174206853831	28.716900284579033	24.318439304001696
-0.04299999999999998	35.18456676920856	26.5526240925691	24.468479851439643
-0.04099999999999998	-28.742569836981424	23.386969610040666	24.29442048963312
-0.03899999999999998	16.374094005122686	23.970232333557806	24.755208301121463
-0.03699999999999998	-30.112790243008725	31.583816649996113	25.376940085081824
-0.034999999999999976	-17.578191230716023	26.718457454785323	24.82503040936109
-0.032999999999999974	-6.220269778922649	27.91028601643241	24.99145277335159
-0.030999999999999972	-84.83067094677833	29.255510607537868	24.915650044872912
-0.02899999999999997	-72.35959050833074	25.52902021296498	24.92384787150308
-0.02699999999999997	-36.49458064447497	25.10335953821391	25.079534808239256
-0.024999999999999967	-68.9742901766044	26.52884539261284	25.21145154414529
-0.022999999999999965	-76.25315590809035	26.867912925984964	25.74012739307041
-0.02099999999999999	-71.33629396660623	25.457261026648638	24.26356017099201
-0.019000000000000017	-95.53309311238766	26.566264230694536	25.315709523627703
-0.017000000000000015	-33.966447385958	24.64731887047267	24.03640445513793
-0.015000000000000013	-95.58134972409427	26.473729981670814	25.043199952130117
-0.013000000000000012	-51.72557690802382	26.240245083473496	24.442543534566376
-0.01100000000000001	-97.21301732878996	30.984625591401876	25.757238084855256
-0.009000000000000008	-118.37620038335217	26.497538931729103	24.556000949278516
-0.007000000000000006	-128.22397855793977	25.07718882381795	24.797906148389444
-0.0050000000000000044	-65.86795955332292	25.118427537997977	23.4840743601147
-0.0030000000000000027	-41.68758820199958	29.052199512981847	25.740663438405665
-0.0010000000000000009	-97.59309758305967	25.79455176586748	24.342082354970415
0.0010000000000000009	-51.92598207071075	27.57812387018953	25.495095535238278
0.0030000000000000027	-67.30855828807059	27.426148003656333	23.846483344850785
0.0050000000000000044	-81.52109510273232	28.74720560496045	26.143142952550342
0.007000000000000006	-71.76626012139752	25.66724175937257	24.576230349106737
0.009000000000000008	-109.63172055744596	23.439773770563065	24.60921721055698
0.01100000000000001	-55.47031780406275	26.198719516726033	24.333816480079626
0.013000000000000012	-41.6355038107552	23.483030013515275	24.94787949177347
0.015000000000000013	-49.82029175937264	29.916130749065246	25.049393965290992
0.017000000000000015	-42.44120171004173	29.83661285230794	24.967738717541017
0.019000000000000017	-66.05990165742259	25.772696947319403	24.01900416500666
0.02100000000000002	-81.1987703855932	28.743163003585465	24.3791651542952
0.02300000000000002	-38.649353704567346	27.213050919648087	24.368177964653803
0.025000000000000022	-69.58077087104719	28.52269576362716	25.292807289310662
0.027000000000000024	-62.36802401404784	25.674356308403947	23.908536945286276
0.029000000000000026	-78.28497691930724	25.815365504312958	25.150033765614122
0.031000000000000028	-29.042319194760857	24.86029146457852	24.497666366339313
0.03300000000000003	-15.85165628426033	23.292027045281458	24.61782453329481
0.03500000000000003	20.442324354608132	24.434303401667833	24.077169711493713
0.03700000000000003	-76.65305180004634	29.584472175546786	25.342496817920896
0.039000000000000035	-42.22982584844992	26.706120846726716	24.500097038794472
0.041000000000000036	22.926173998127908	25.369879639732492	25.778698643832115
0.04300000000000004	9.299203857393579	24.406146492093924	23.356902195506237
0.04500000000000004	76.64247621352871	28.38545133351576	24.94714582719794
0.04700000000000004	-4.504509765412834	23.26300680954482	24.6511510099978
0.049000000000000044	25.073102838391037	25.60057660270509	25.48593369808323
0.051000000000000045	14.608023555462424	27.394242053721975	24.053344864778218
0.05300000000000005	-1.4874320252156181	26.524261086873338	26.114989669414882
0.05500000000000005	17.13184127871692	26.62721677142291	23.911248326645016
0.05700000000000005	45.6622404578777	27.088799187176274	25.72303381236831
0.05900000000000005	41.15126375991984	26.21764803324394	24.931308682341754
0.061000000000000054	-36.32338002890201	26.943696959614304	25.39944150133056
0.06300000000000006	1.8672552133391918	23.414837322247497	23.585768782060892
0.06500000000000006	27.181525435127085	26.042132777772952	26.500091415935383
0.06700000000000006	6.306306319148192	27.87060052356981	24.160642954866685
0.06900000000000006	-0.465940193650205	25.699117377908433	25.148190523304184
0.07100000000000006	53.90800212135005	30.06805272088531	24.03309864403012
0.07300000000000006	-34.76323136297754	29.000426283397633	25.395628714722097
0.07500000000000007	9.513704761543451	24.062022956356895	24.372307652982258
0.07700000000000001	-12.337007122664723	26.730192799713734	25.891696913460905
0.07899999999999996	26.716615726174453	25.673552910781844	23.863145223933387
0.08099999999999996	27.578462298949447	26.016656222844496	24.72754045439906
0.08299999999999996	37.52200639794978	24.873146709439524	24.812704431671502
0.08499999999999996	-25.655934956403392	25.347098012378414	26.091817419166127
0.08699999999999997	40.70618993967656	27.001926858198704	24.452873765716202
0.08899999999999997	1.3879672875471982	27.032874760259944	25.230209391396553
0.09099999999999997	33.80728348689743	26.18006870524529	23.930919502128805
0.09299999999999997	17.772461035514553	30.881658984507016	25.451053871298726
0.09499999999999997	20.77100700548229	28.660637043115695	24.674616316518378
0.09699999999999998	47.794103046561176	25.8922360869882	24.835776787850556
0.09899999999999998	1.871536734254775	27.206396508366723	24.527415419620745
0.10099999999999998	39.163489576443666	31.146215845977547	25.347927263017176
0.10299999999999998	-1.9373454706039794	28.057479098485647	24.14007241558434
0.10499999999999998	37.387589603810056	25.72044488146799	24.790612768397246
0.10699999999999998	65.71116392262155	27.73583671845096	24.29623877629052
0.10899999999999999	-13.032445509986168	29.31889441397531	24.588392062512323
0.11099999999999999	-17.719486142597773	23.038912304469072	24.487580018413542
0.11299999999999999	20.571161403415417	28.026308381590244	26.03174203382361
0.11499999999999999	25.878507013077368	28.421016024276238	24.50920344901023
0.11699999999999999	1.9628193936860328	20.410004373191573	23.968647961756258
0.119	9.005910237114279	25.595106117762743	24.915176194921127
0.121	31.039821068334916	28.349470338047432	24.3817739448953
0.123	24.03864390942978	26.856263659370683	24.7046236798707
0.125	14.031760785293557	25.806217123508855	25.181843801043247
0.127	36.18444414876798	26.499350268268383	24.540965309787993
0.129	18.680666043380256	28.39092952343424	24.28951068650175
0.131	-21.279012150321464	24.281926070965632	24.777968286156206
0.133	36.29098634139183	26.28235523864278	24.35826042377975
0.135	-17.42357344636236	26.57007536308576	25.935820439732424
0.137	46.06656385708341	25.174970835089344	24.39558978532366
0.139	-12.93407791824741	25.582938079776014	25.249509656793986
0.14100000000000001	2.6741867844570777	22.62473734610133	24.09061872271161
0.14300000000000002	30.730186371119572	24.5034238599562	24.696034416451727
0.14500000000000002	20.85910398874624	27.18579655983547	24.153629227720852
0.14700000000000002	46.60614308060751	28.784869625952208	25.931335465207102
0.14900000000000002	37.57802489490203	25.72331152734714	24.36976146061177
0.15100000000000002	-0.14306886952919484	26.52121872464164	23.87386759460513
0.15300000000000002	22.1104804061234	24.817478046677987	24.706873056926916
0.15500000000000003	-20.476533999502777	25.58869471967193	24.611749389976282
0.15700000000000003	41.305385301448894	26.74301561003719	25.0118423980941
0.15900000000000003	-5.171750003807318	27.801461661421225	24.616294657150075
0.16100000000000003	-15.336799529253042	24.914718097237788	24.43969028377286
0.16300000000000003	-11.76143539283192	24.495236313221866	24.48534506876355
0.16500000000000004	-16.23472616252286	27.077383325485698	23.984811834923804
0.16700000000000004	-14.479307797854446	27.467596714053997	25.394107517757003
0.16900000000000004	31.696158910632377	27.521412247173807	24.40941856369184
0.17100000000000004	-15.702088493552147	25.159476574740125	25.27412742706103
0.17300000000000004	0.9918492860361283	27.95796508865364	24.71602178941825
0.17500000000000004	59.10144303311604	25.685418846051398	25.759522967213574
0.17700000000000005	31.424026952997508	26.15620476247631	24.276354847881546
0.17900000000000005	60.729788417868136	26.457754931430248	24.51680545379765
0.18100000000000005	40.242777617605086	24.083893781852588	24.249663948097805
0.18300000000000005	6.6082096006336855	29.708066916166818	26.134241244592342
0.18500000000000005	37.75232694835928	24.241831827589767	24.56215743032933
0.18700000000000006	53.691469402039615	24.208352475715547	25.072617302789116
0.18900000000000006	7.411314246974499	25.947705727586076	23.73395685765825
0.19100000000000006	27.61772767367887	27.151963046906598	25.004965946488177
0.19300000000000006	51.84870965324606	23.065248953537992	24.075133183362365
0.19500000000000006	61.0762260022657	29.159320912234104	25.929121270010185
0.19700000000000006	4.574906062870809	26.896620469133296	23.863903693621385
0.19900000000000007	-0.8966995722614612	29.2279158126733	25.376143180975486
0.20100000000000007	-10.22491933944103	25.416680359863417	24.188997579844425
0.203	5.743145476300171	23.984632217349496	24.69893341103688
0.20499999999999996	22.482027581371966	25.16525577882679	24.344351083027277
0.20699999999999996	23.836688789247162	26.12073252948697	25.15024528884164
0.20899999999999996	12.095360458319604	27.98200771581634	24.435745404987365
0.21099999999999997	12.375651434526347	27.034033087857186	25.61558473317877
0.21299999999999997	20.042490919358613	26.805168151918785	23.61280907280612
0.21499999999999997	22.027774107868936	25.59280545084442	24.843743780184525
0.21699999999999997	-2.4972322602012653	27.46371934305541	24.645958646221022
0.21899999999999997	24.429363009170757	28.15124357847234	24.61153100590601
0.22099999999999997	38.89411049140534	29.75928802534589	24.58382672830749
0.22299999999999998	-16.637642697880928	30.83697087707026	25.114774346459523
0.22499999999999998	9.529498342653042	29.250650295475133	24.35568769340439
0.22699999999999998	19.85927647285557	25.45275979813921	25.463214037344382
0.22899999999999998	-29.185825692779055	24.4013655384808	24.28234785830427
0.23099999999999998	0.03905401269044262	27.57441565671255	24.796717659992012
0.23299999999999998	-25.895610950454895	22.138107878778023	24.237211688408856
0.235	-20.071586469994074	26.06230046497877	25.458317579291656
0.237	14.217057954013512	26.083747612144148	23.981098260843556
0.239	9.582597585433561	23.750674592992617	24.838650582133457
0.241	34.732909405255086	22.24879014450203	23.863736789051085
0.243	35.638131604676104	28.636919507387464	25.455347796111596
0.245	23.16053390760686	28.05836903547851	24.232175736165132
0.247	6.383855793323789	27.704867581823372	25.39414503223916
0.249	61.83303463824785	26.905805081311694	23.892276018105413
0.251	-15.033537992703572	25.67570707764378	24.71563420200759
0.253	-7.589511757277734	25.01401653876657	24.397704527738618
0.255	15.523221702284928	28.20737343589466	24.54649404797349
0.257	-7.552971798330255	26.806709706696804	24.278532103105803
0.259	37.73897048486852	28.542930320625995	26.404458594491754
0.261	14.783061181189439	21.978417813694666	24.208777497663352
0.263	15.501342491619496	28.651328996152483	25.285400152279824
0.265	26.247745591456706	26.727858575751736	23.97460613613506
0.267	-19.28947382634494	26.44493945801212	24.59626134537953
0.269	6.558250269739219	27.532065066417815	25.28993208456701
0.271	-16.533930638940042	25.718715860187327	26.28091666002761
0.273	-19.047394815729923	27.40156851328606	24.949839843703153
0.275	-3.683202250748252	26.837221098771533	24.460019590587176
0.277	15.701649389798789	27.446687823186465	24.4870048946769
0.279	-8.371656998629184	27.173356899813193	24.82296074712004
0.281	-1.8945318761565133	28.324483572842983	25.36454773296382
0.28300000000000003	20.068092300595808	26.460122274118493	25.142714477728926
0.28500000000000003	-22.721446818030344	27.095333406957916	24.303989695235167
0.28700000000000003	14.371662675483066	24.874532810401337	24.652032705593346
0.28900000000000003	12.786351079929759	27.982437087387886	24.882097565807786
0.29100000000000004	15.972226593996552	25.630943772396424	24.371164013015814
0.29300000000000004	-44.47574887322947	30.05486997076747	24.708958801972585
0.29500000000000004	-1.4232886297316227	27.19426427048259	25.270060209558757
0.29700000000000004	-4.923488931551923	26.272590912037938	24.203908495141956
0.29900000000000004	64.14719030356508	26.928794537856977	25.079392120686077
0.30100000000000005	11.767141799845504	25.19610948796701	24.31503663481516
0.30300000000000005	22.329382805219566	25.111828331313642	24.228860867391795
0.30500000000000005	23.467008999356054	29.00804654337034	25.433013000969446
0.30700000000000005	4.610930985027295	28.65985308420863	25.242763708976657
0.30900000000000005	-28.451190969169815	26.81425291214201	24.47965940481469
0.31100000000000005	14.330205398538354	25.662188840011854	24.023816957595567
0.31300000000000006	15.345452542003812	28.259616005064544	25.00210840128948
0.31500000000000006	15.549754271093619	23.93478034975203	24.647415815245463
0.31700000000000006	44.960964111773194	25.959056008896514	25.031551024098196
0.31900000000000006	47.037682427086835	26.058145694890246	24.615141993238094
0.32100000000000006	-21.366637428466007	25.77859590352684	24.81561137347775
0.32300000000000006	-15.057974582566303	27.262546193209054	24.47321271584411
0.32500000000000007	10.077609713610158	24.911501619603175	24.97364200863402
0.32700000000000007	28.716348284385518	24.567169447975605	24.34339436785319
0.32900000000000007	0.8596917118186553	26.204456467026326	25.451885095868445
0.33100000000000007	-14.774734679923185	24.21295476739279	24.244546263696368
0.333	31.165971166036144	26.64444812336432	25.242679338690643
0.33499999999999996	-24.955750301480784	25.050343360001207	24.463633472621506
0.33699999999999997	24.197178327023394	24.94001944081245	24.51035749085398
0.33899999999999997	30.567399070369206	26.493533235399056	24.663832103431783
0.34099999999999997	14.047606148093195	27.193734083450778	25.632887849846213
0.34299999999999997	-25.961051279499436	31.154894867741294	24.970582928967897
0.345	-12.06747483883941	27.771759484790014	25.092413314858806
0.347	-2.2964429863270297	25.826293046517304	24.852354530914536
0.349	25.068020458318685	25.742172054783587	24.98244090651023
0.351	34.901454450730895	27.631490030001217	24.439503434062267
0.353	-51.77217589114047	24.261235857454846	25.835081019316135
0.355	2.979934593749789	23.670208024700777	24.319963877609734
0.357	2.4013398305378075	27.171598819879158	24.829973012363286
0.359	-13.88409940539237	23.58536247321212	23.802945314544484
0.361	1.4943388588761763	29.315267331501044	25.39880143501216
0.363	29.572638103436688	26.842329664505762	24.74323103262445
0.365	0.5020566937741222	27.257167738957445	24.650263715996307
0.367	41.76900284758034	25.110687163588825	24.833311139260935
0.369	12.455977413949881	27.762945802389304	25.989892212697526
0.371	-23.906369021831075	22.864053314788716	23.24436991653727
0.373	52.686983307292934	27.366672525593977	24.579492508998705
0.375	3.6141708352754875	30.05900494976081	25.13002525497817
0.377	33.31522546545784	27.629717097266543	26.08951453925963
0.379	1.9790963974308795	25.98775888558735	24.055543111323363
0.381	-10.401803718917968	27.711812878496236	25.76364664155186
0.383	48.76950923593526	24.86918572892722	24.14696541259607
0.385	-3.831902983919555	29.535105674743754	24.889141574866834
0.387	20.364682369988785	27.015254806562083	24.615589998351943
0.389	-5.024924156549204	27.630695597204358	25.448714977552566
0.391	9.448921370891483	24.470154238796027	24.13745397772314
0.393	38.41679119354069	30.59316801474526	25.35543420639456
0.395	33.085004912170035	25.257556789015453	24.038859061596245
0.397	22.74969694093798	26.123275243267717	24.626315744611972
0.399	-2.5887415445735584	25.39283236510081	23.995709454055362
0.401	-3.7523977808318065	26.081319939609077	25.588471344902707
0.403	-30.207016073924287	25.938984183565296	24.392443489698028
0.405	7.289757852690926	23.655052294495334	25.290393106189693
0.40700000000000003	59.9374409822051	21.412223312108353	23.050896574090057
0.40900000000000003	-45.490167917883184	27.95690491039074	24.230963554441328
0.41100000000000003	9.459460996508184	30.359935986511633	24.67210784437558
0.41300000000000003	-7.541786652409677	25.29285004068455	26.1205415480794
0.41500000000000004	15.690423870395875	32.28980291625803	24.891081730542655
0.41700000000000004	-22.88483774892658	30.018637423448638	25.177848928892022
0.41900000000000004	20.468874521117897	25.722607402748736	24.583153129673917
0.42100000000000004	2.1445260696140167	28.742602202481454	24.884978982947132
0.42300000000000004	54.33110435459909	23.77552010803148	25.016422907239903
0.42500000000000004	-15.88970900212594	27.104604131266996	25.171483512904
0.42700000000000005	5.588597415950858	25.997723689364584	24.29766252376417
0.42900000000000005	42.858314953431176	25.603308113991016	25.323596226739138
0.43100000000000005	-3.0910667480066323	26.3584733985879	24.93315483102962
0.43300000000000005	-18.221173204491237	27.477956566326476	24.869225945743043
0.43500000000000005	13.36337816049138	26.072166236887046	23.54315813339938
0.43700000000000006	55.1673120681162	27.237344335065497	24.551014924885717
0.43900000000000006	-11.574335614383813	31.60518808407948	25.650372335954145
0.44100000000000006	-14.849980581099764	24.803946832755354	25.016252695341368
0.44300000000000006	31.146985726149268	25.236911342412643	24.281078589200675
0.44500000000000006	30.702680247740588	25.864305614662566	24.404067201869392
0.44700000000000006	13.75801342962113	31.51702910280049	25.11784994980771
0.44900000000000007	36.99656509836835	21.40061039404077	24.50451622040959
0.45100000000000007	-7.6947430086571345	27.357976565745105	25.130525776641274
0.45300000000000007	12.259838691575098	25.014863301153767	24.234344642479993
0.45500000000000007	-42.941628877080085	26.980680302917122	24.733336907716865
0.4570000000000001	11.744141920067008	25.147950589902564	24.388729206856716
0.459	6.710041325685978	26.82192344113831	24.42658555182004
0.46099999999999997	8.640170404250469	26.09027910621774	24.13261110091903
0.46299999999999997	-12.667022434964537	27.64510262116263	25.17184179603642
0.46499999999999997	-40.18096054425602	22.677231632531946	24.439148509443275
0.46699999999999997	-40.648493162320776	25.392611331333597	25.19951664262306
0.469	18.906423052911236	25.18062142292364	24.412585196881665
0.471	13.434149867208589	26.017228053632813	24.444651171365486
0.473	3.384776184001126	24.54480332760587	24.107185848670532
0.475	16.778483114210374	27.101778983020605	25.667818266559795
0.477	19.94010895201015	24.64317300403499	24.78883879600348
0.479	37.27823785260043	23.745410247901333	24.273674062111688
0.481	9.90960415858666	24.625736503038734	24.19931135577506
0.483	25.78848505319087	26.24283213471547	24.705021113680008
0.485	31.82498411735679	23.552549248092433	24.428944465970133
0.487	-21.750846038837146	26.6326202729673	24.951568225549707
0.489	-41.004897979979305	24.538173942662723	24.377304772704363
0.491	-18.391173094878255	25.287994613528298	24.897772264611397
0.493	48.34192223368561	26.313187673627166	24.093055945150113
0.495	12.502277211501323	27.527294328508923	24.436235495444848
0.497	-3.702128593352505	23.821633319922235	24.434971219419186
0.499	-37.263215386884596	32.55033639837716	27.820631501994175