-0.499	5.21797172092775	36.72772308146042	35.54347688656088
-0.497	28.092007175350986	37.65580894970236	36.67208916577109
-0.495	14.479057376171056	40.9302635932128	35.54930335713242
-0.493	4.198554990564318	41.55429017299441	36.452993173939824
-0.491	72.80459451330934	39.02489128018219	38.52450297562005
-0.489	19.793039823357006	39.71448173936481	37.18890908489076
-0.487	6.100069788850249	35.44801861020278	37.041206501964695
-0.485	57.880213099714695	34.760176576219806	36.15064526143997
-0.483	30.245654855765025	33.89435773938792	36.09242284643422
-0.481	-14.523365671870181	37.59708343565278	35.46337060407731
-0.479	30.410527779745067	37.729503432081074	36.000547305462106
-0.477	-26.83588193563846	35.3903583162881	37.83610943953988
-0.475	-10.49116488949231	38.42812195760585	36.85469261727074
-0.473	47.912952729767255	37.517483955141735	38.67691993753544
-0.471	30.531476611361796	41.32059836170719	35.77078232711617
-0.469	46.18635846753705	40.54228562008198	37.519719244331355
-0.46699999999999997	44.66057600871487	37.21698614918064	34.824089941199034
-0.46499999999999997	50.94439665453976	35.4259520297681	35.64491236093361
-0.46299999999999997	-76.5536007314438	43.38266540344572	37.90357766108413
-0.461	49.223623880712	43.08054881106038	36.58994513218413
-0.459	16.334180795496422	42.55491606220138	37.96497793662309
-0.457	20.136640765500147	38.443331429197336	36.86491081144672
-0.455	19.41302265029421	38.99787166276201	37.55795288930788
-0.453	38.48264064965079	36.636118195421254	35.336854888081376
-0.451	-22.990087681140636	34.02734509671982	36.595082576835324
-0.449	-67.17021116886545	39.5686831668451	37.86873899216463
-0.447	21.044188697416644	38.86573657326714	37.30288259963442
-0.445	-4.859926917788471	41.04281512812156	37.82884017886226
-0.443	-86.02772707955175	38.65371908335876	35.59225777929608
-0.441	7.456948704076538	34.79638896496502	37.15669189606062
-0.439	11.49362504704321	35.2173776882305	35.36617148245735
-0.437	-40.06741580298012	35.72378214163985	36.56735591274644
-0.435	33.178571771319554	39.759972682068344	37.71545891085933
-0.433	0.6453340006817854	34.558354482890984	36.41049241095706
-0.431	56.604195225684606	41.81289786108165	38.35460195624274
-0.429	29.342871374460344	38.060335270646334	36.10862902427901
-0.427	11.877570979645924	36.22454876306664	36.88234172396303
-0.425	28.70032354373997	36.93765963346354	35.30209954969263
-0.423	51.51768122080291	36.89715345987974	37.02062003098903
-0.421	49.80535681653464	39.04451907004208	36.55273597570996
-0.419	7.990261507329066	40.40677167775107	37.550004234332036
-0.417	-51.59350528516349	38.3626974810515	37.43690937628873
-0.415	-10.276368143213865	40.394447007289806	36.74991236737546
-0.41300000000000003	45.466237604374626	37.76382545481485	36.575887713690406
-0.41100000000000003	11.631803672029761	35.4257963372378	34.97169254119482
-0.40900000000000003	-23.3361750388017	37.058883978550284	35.70055286093509
-0.40700000000000003	20.541785708871885	43.77674754749715	38.380669393186984
-0.405	-18.490688764694063	39.63643139165058	37.02262571424279
-0.403	35.807862199588314	38.25994147077386	37.0822438896954
-0.401	-6.123419054260282	37.8799386004358	36.915022329534715
-0.399	-8.078880638695551	39.83286320729178	36.512507933901084
-0.397	29.78596956415558	42.001829675517044	34.75015178431106
-0.395	-22.339576560725938	39.44988561747051	36.26383361213557
-0.393	-4.792358037186695	35.52996409165595	36.77123629352632
-0.391	33.05357945304621	36.67248701980486	36.92560363904767
-0.389	-19.083575806155828	39.74790309637764	37.209554901418386
-0.387	18.02238438730619	39.455864118754505	38.29608472523542
-0.385	39.08720221712514	41.47064089468882	36.46532117149308
-0.383	8.06385237361873	34.137033374496625	35.01070492167595
-0.381	35.781816160485036	38.46061421847034	36.518214878390026
-0.379	14.889609756041366	38.55156886969568	36.33479574664891
-0.377	25.016046652837076	40.241742452250875	38.05732329389609
-0.375	5.029358143060492	38.42613338278124	37.13456955940646
-0.373	-23.765800589048425	35.66673931891131	37.32121161652795
-0.371	3.162676313062107	38.979254716660556	37.20040074755277
-0.369	-15.606433825809951	40.40512786359838	35.122861686307154
-0.367	19.397469327664396	36.127613530381986	36.44762360329664
-0.365	24.256088924312635	39.75446638912769	36.293999620762534
-0.363	-17.732153874905343	35.826008496947	38.86146630786545
-0.361	30.379307028427505	39.63141473402069	35.684966326235525
-0.359	-19.507858450618087	37.981668862617134	38.7233394611716
-0.357	-28.69799286298047	41.41069424271143	36.87784348045349
-0.355	-0.5679845070938327	40.45693376278429	36.80014036780914
-0.353	-63.72106268692779	37.67016591772593	36.22455956958605
-0.351	11.381741887417363	36.84833611129679	36.022248091999955
-0.349	25.4188563455493	40.04512765708972	38.21001819845834
-0.347	1.1032883484585199	38.0095951013236	35.41021103719325
-0.345	82.1029895290426	38.234262057061024	38.60025023312088
-0.34299999999999997	-59.389980859081426	38.83149856739042	36.64520560981656
-0.34099999999999997	33.03904385232315	36.87514454752896	35.312361520064165
-0.33899999999999997	-14.218527302767292	38.347814230482534	37.00188164034499
-0.33699999999999997	-14.390645752482278	41.004019635388794	36.56114873247962
-0.33499999999999996	-11.737778828346812	36.21219592944514	38.09897351945048
-0.33299999999999996	5.480392470058604	37.241510241276494	35.078778855821135
-0.33099999999999996	89.82560177672738	40.2685168509046	38.27182487797866
-0.32899999999999996	14.455949595593154	40.491249021417055	36.613309401449555
-0.32699999999999996	-37.33610047684799	37.139057983405216	35.21552811982822
-0.32499999999999996	69.60867244498736	36.25960756414002	36.713215810045
-0.323	-14.867031246867946	37.933286517240546	36.081780811857115
-0.321	83.03786397756419	35.87391385579502	38.99119486609599
-0.319	22.781383406833555	41.02057856826967	36.09244440408764
-0.317	32.408321383181615	42.33287439004871	37.5927301001792
-0.315	28.57778474663064	36.034592997515695	36.32703960104214
-0.313	65.80060007688182	40.11210966581849	36.38204419569044
-0.311	-14.356362138867595	36.85977528892032	36.29674785388203
-0.309	-8.447055724891683	36.1860868174107	36.30705311436786
-0.307	53.32934014612434	41.05015812175311	38.03936499740761
-0.305	31.506723450869245	40.49027045744959	36.21706463764627
-0.303	43.76867666566753	42.18716394112679	38.18611172874347
-0.301	65.46511423777268	36.359190097145785	36.790079130884386
-0.299	18.431754638559283	37.828358579918515	37.64909091915379
-0.297	-29.3936067182754	35.723163377886166	35.93395358882546
-0.295	-0.03417912153302893	35.5587169488108	36.82215000477897
-0.293	46.190485064157016	47.30283230216841	38.49192285268285
-0.29100000000000004	-31.80722900952837	42.209006763994566	35.445182181803716
-0.28900000000000003	75.65030232048464	40.13458540394975	38.870949966635685
-0.28700000000000003	15.602339004106014	34.561623080001596	36.34277131889566
-0.28500000000000003	-35.504336207248244	38.730448277241834	38.20236783440573
-0.28300000000000003	2.7572676761788983	37.83755140741088	35.54843042813588
-0.281	-74.11702168025336	38.322299791289716	35.963673569619694
-0.279	-13.317441353466464	36.285114114787135	38.48152486083041
-0.277	5.9313616274092595	37.91982867855042	35.67372321789454
-0.275	-2.799547389686907	34.763756200500396	37.43222679773368
-0.273	55.1159087651687	39.18215734004112	35.92064819300901
-0.271	-24.28910354757008	40.38626789738367	37.32958013494488
-0.269	66.34811027694809	38.21367423177575	36.312644426825834
-0.267	12.233565513053435	37.6527682314065	36.04735842045234
-0.265	58.73942490963735	38.62598615339057	39.31811611529308
-0.263	14.62922659789534	37.920738626506505	36.17529052814733
-0.261	-52.913409358090746	44.72222619183914	37.28030492984088
-0.259	0.7938531578766117	37.216521707184036	35.86733799795989
-0.257	-26.643383468361037	43.29181029747377	37.589766372778
-0.255	1.2032985112764294	34.606435347531686	35.73558110226918
-0.253	59.932156878828025	36.723803796168255	35.62000127999322
-0.251	7.583962980728387	39.40670657650874	39.48411446831297
-0.249	12.600728426681584	34.333457326566204	36.177039958074154
-0.247	-9.158719029400686	38.9748799261883	37.985425813295514
-0.245	-17.142173231898816	38.728228442130515	35.732655667439886
-0.243	57.85937331626023	40.12657259098511	37.63538318342169
-0.241	58.94778572579362	35.42169778428227	35.026541199494055
-0.239	77.91962999070812	39.94100348434911	36.117520788368154
-0.237	92.55132349306194	41.13341914580855	39.96514692541419
-0.235	80.12755543607142	37.803542105745294	36.21113904818486
-0.23299999999999998	16.739525317222004	40.55633613969702	37.940641494280136
-0.23099999999999998	36.45455802403497	40.9219782603713	35.60999025620749
-0.22899999999999998	-5.2317987287997525	43.10982806610222	36.71899195683592
-0.22699999999999998	-9.46133387635939	39.793271385132144	34.47726202050681
-0.22499999999999998	-7.6427038893100985	35.30088369099812	35.49944794874641
-0.22299999999999998	68.22049793542284	39.759419498551814	39.67950281381757
-0.22099999999999997	-16.395497250742963	36.174928567686	35.86799969691851
-0.21899999999999997	52.66401948200716	41.02697419350027	37.910029746582495
-0.21699999999999997	-14.01453699301225	39.82364441008928	36.317234907595974
-0.21499999999999997	-9.422081506116342	41.569893584874876	37.82529568293161
-0.21299999999999997	48.8115550245638	37.56871035052845	35.22536926927329
-0.211	43.80851326968305	36.06668728195544	35.195131973070396
-0.20900000000000002	-30.875446247469185	44.61192420058827	39.74758661961721
-0.20700000000000002	14.878831354536715	37.3212277176676	35.84949760633261
-0.20500000000000002	-15.490760912117985	40.10221955370349	37.711234485972355
-0.203	16.04246872255466	41.015875462733256	35.217364125392045
-0.201	5.627883501668762	35.60410912488015	38.35392090029117
-0.199	-13.760255218486783	36.23058728140137	35.28393092859868
-0.197	53.09376933970711	34.87140221434937	35.629527515771024
-0.195	80.11721219847168	44.99266102761247	40.4442010797284
-0.193	-17.27633436676701	39.83613160759646	36.07906478954569
-0.191	71.72288328560761	33.98447329110825	36.88419578986426
-0.189	-7.791452148242506	42.511902728437875	36.25210463651685
-0.187	13.888276837459301	41.71375478973272	37.77534592412766
-0.185	-0.8935934465714723	35.3215290717909	35.02425764219053
-0.183	-22.559214404305195	37.63166836414684	36.127219065376416
-0.181	-41.34451302983955	43.38941152022105	39.684113904597034
-0.179	-40.79214690522193	34.8821506648685	35.230238952247404
-0.177	3.6060276589200413	36.21992001307408	36.89030005619978
-0.175	12.640828223053902	38.648334333827286	36.336384360881205
-0.173	6.274812180517841	39.790246203140825	38.327443494642445
-0.17099999999999999	-9.36280936891798	32.706126606995056	35.913700112931956
-0.16899999999999998	-37.40652649086851	39.41944077661026	36.04504727612983
-0.16699999999999998	34.78251431299206	36.41356427589743	38.926015403955404
-0.16499999999999998	86.29357802925064	39.42542064355856	36.0589877688096
-0.16299999999999998	56.63118411614043	34.075932608432076	36.87992280644256
-0.16099999999999998	-24.584846081920908	37.78108581169246	35.913942384853584
-0.15899999999999997	88.05365758002281	43.61449812102209	37.1486645893417
-0.15699999999999997	33.756859403988315	39.49067339416617	34.96315368291474
-0.15499999999999997	30.152591109500193	36.05121460411853	35.923885530627906
-0.15299999999999997	101.58746159993903	42.613921823502714	39.14601904939058
-0.15099999999999997	5.751853908275706	40.99484277381537	36.9922495944312
-0.149	36.1469289202887	38.770013899280805	37.84495558635573
-0.14700000000000002	34.06105003933568	35.35999528398257	36.04554165576875
-0.14500000000000002	9.000713145912442	33.97209229239849	37.153083283261026
-0.14300000000000002	-25.854065405117588	37.38133537030395	36.12771371904682
-0.14100000000000001	24.510284379886116	40.19741320169061	36.136076952928796
-0.139	63.2680650971551	41.98111721923247	38.26598130995218
-0.137	79.34435556777863	36.11186431393072	36.35977517326941
-0.135	18.793848938880586	37.0009790558973	37.78947585505128
-0.133	69.20955578815224	41.23065113481984	36.384041062372496
-0.131	-12.835263057842106	37.27905458065739	38.41157445183141
-0.129	15.338659480557126	35.91077385216382	35.60237971461024
-0.127	55.014156466359765	37.03713379993558	35.92853188811343
-0.125	48.995379098748515	43.15094675524233	38.315876757597366
-0.123	-56.9574503138659	37.91037970353569	37.43406063637259
-0.121	-13.730791471822101	37.739709241211465	37.277530716582426
-0.119	-18.764443725061142	36.15632967316622	36.57084089400393
-0.11699999999999999	-32.57100362397125	40.60789123296773	37.61569308864584
-0.11499999999999999	-19.3644481266686	37.411443156406705	35.04043845140548
-0.11299999999999999	24.183109251119106	37.15754290481908	36.38765913284989
-0.11099999999999999	-35.539779872473254	40.20968897773576	39.204459006297455
-0.10899999999999999	60.70588779105712	36.053659424019465	36.3920040428155
-0.10699999999999998	-60.42601379296908	41.10054863253949	37.84540072328692
-0.10499999999999998	45.56323067217427	39.62642445085801	36.76076778889967
-0.10299999999999998	65.31916364482804	39.79724978913737	37.17160127316567
-0.10099999999999998	43.52923524875152	34.673886990728356	35.77223664255824
-0.09899999999999998	-22.904617285934847	36.468077009710505	37.53988757626561
-0.09699999999999998	47.70244952223557	44.016782765941244	38.4223813322024
-0.09499999999999997	-9.958296168677272	35.86235417210055	35.97094376025832
-0.09299999999999997	24.63614601433406	38.33971621572533	37.20501567782323
-0.09099999999999997	68.40187446210955	36.29254806258862	36.60560179105852
-0.08899999999999997	-14.615098620662792	40.34101273268235	37.33806367450872
-0.08699999999999997	9.76802277130595	34.75794556631452	35.445185761992775
-0.08499999999999996	8.152492253055144	43.0308941322014	36.50560868139705
-0.08299999999999999	34.51231401907506	37.33022622379628	38.45806719859691
-0.08100000000000002	2.3393272234883966	36.30577968122597	37.16229356525203
-0.07900000000000001	-15.429925538823497	38.67185584756182	37.209705917594235
-0.07700000000000001	25.982742880126253	37.6676759308317	37.401312080048555
-0.07500000000000001	37.0901138471158	36.60924871291176	37.32064009239233
-0.07300000000000001	-38.09562025691715	37.75136403639742	35.98547270142826
-0.07100000000000001	64.23451127224311	40.37163685731631	36.83541918973994
-0.069	46.06839270615559	41.05349445239482	38.15183004163954
-0.067	57.166492578586414	38.89885881032441	36.95556081742282
-0.065	45.741236187613055	43.47863905876224	36.74938100559944
-0.063	27.82683147128928	42.58803773482131	38.182968935256355
-0.061	34.95502586514654	40.37417895248884	37.040780868243864
-0.059	-24.749274254554088	32.74802584230584	35.4154282545731
-0.056999999999999995	3.3621625719071346	37.126433503141335	36.63956397180012
-0.05499999999999999	-89.16898074418089	42.71593892286642	37.73124648949295
-0.05299999999999999	28.744260365698437	38.45283168420577	37.85290927556824
-0.05099999999999999	27.836450082974196	36.424209005118186	35.71447085032393
-0.04899999999999999	15.33213557669555	39.02450952689484	38.79910910155366
-0.046999999999999986	16.407603737222942	39.85321255488966	37.676857241876654
-0.044999999999999984	81.76012094618379	36.66370382772242	35.12681865051511
-0.04299999999999998	-8.938591117058081	34.47623967187691	37.087890019739
-0.04099999999999998	-29.11744259737059	36.84144563797838	36.83012416124267
-0.03899999999999998	25.27946222907751	41.159527531536064	37.39911094586186
-0.03699999999999998	15.412897874433895	34.38920820242972	35.65817901677391
-0.034999999999999976	-8.33575980319079	44.671207248423855	38.647879507494885
-0.032999999999999974	6.665400114513886	40.52123549825951	37.94497875866861
-0.030999999999999972	6.407004886632706	36.24896773653872	35.302148941838254
-0.02899999999999997	-43.84266488832722	40.094283384253075	37.62044150408356
-0.02699999999999997	-36.99356550512789	36.2453635864846	37.27112474584147
-0.024999999999999967	-20.449796769295148	45.97638899534994	38.58182036683359
-0.022999999999999965	-63.49508081393562	36.488331555560436	35.5269842134887
-0.02099999999999999	-101.53601846429882	41.72983963298524	39.31881706377655
-0.019000000000000017	-27.887132420745253	41.06262583022946	37.170279280505426
-0.017000000000000015	-96.49727241090034	37.27005771669356	35.25174782880577
-0.015000000000000013	-136.30944037534843	35.97012531503224	36.56959090843362
-0.013000000000000012	-109.65001529605888	36.58356012752379	36.97330513833164
-0.01100000000000001	-89.57676013521265	44.28737261572819	38.92862538729083
-0.009000000000000008	-122.9491079574041	35.822978095564544	35.54587705142951
-0.007000000000000006	-185.71450954985025	44.57857803675242	39.2584842126155
-0.0050000000000000044	-79.18958978303525	42.63322841954352	37.93083416384905
-0.0030000000000000027	-129.27487311797935	35.12887427702985	35.090861653583595
-0.0010000000000000009	-133.9345935104097	44.038834964975116	37.10315112334328
0.0010000000000000009	-128.6381911730361	39.83357358342543	37.06866077105957
0.0030000000000000027	-100.48248385730041	42.040078988118644	38.230716395645004
0.0050000000000000044	-88.66239596860837	35.62270813396402	35.67337216960064
0.007000000000000006	-162.92182475918793	41.00434437188789	39.32427669887775
0.009000000000000008	-130.37365256296508	40.58968064086919	37.71454523811525
0.01100000000000001	-76.35212236334343	37.826577072633334	36.35776165244543
0.013000000000000012	-138.0725788930892	36.99498198840344	35.609486288656
0.015000000000000013	-131.28197998169	36.21888980514806	36.72914373299602
0.017000000000000015	-89.40882546437656	43.364645318147346	38.46850508267699
0.019000000000000017	-113.94414205878611	36.07718132089663	35.64206478529674
0.02100000000000002	-3.527742042597204	45.102925796683536	39.520295732707815
0.02300000000000002	-71.27354770775085	40.62195271475979	37.14191811770568
0.025000000000000022	-85.98814627980289	46.57547123424379	36.81551168029212
0.027000000000000024	-90.70622652362914	35.039126093607386	35.38036782945326
0.029000000000000026	-36.083580458368125	37.12340386915247	36.53873742209544
0.031000000000000028	56.857374477692346	41.685340582506576	38.13430718775531
0.03300000000000003	25.061432658457505	36.687881428982195	34.96808482796112
0.03500000000000003	32.7403189419595	40.28339491049207	39.05995737512921
0.03700000000000003	53.07629705719741	39.66775257553496	37.62772887908209
0.039000000000000035	55.90710982938951	41.078940738022126	38.3279907307839
0.041000000000000036	-2.963132858746498	37.846443081466134	35.638669687243116
0.04300000000000004	41.85385452437629	40.020453267717706	36.693150368726954
0.04500000000000004	-29.926141430602904	45.26395637498445	39.304014208803565
0.04700000000000004	30.696290143961136	36.70192881624012	35.589054268607875
0.049000000000000044	-3.524634631046908	43.43108249924785	39.067495637881876
0.051000000000000045	18.363076596861205	40.121690529014344	36.95827559313445
0.05300000000000005	-13.802873822910122	39.59930945511354	37.037840035027656
0.05500000000000005	3.4808729199031774	38.15022768551557	35.30447769143009
0.05700000000000005	-19.698640440601878	37.06799421793437	36.93263733442459
0.05900000000000005	-79.81470533013902	38.53768165926626	38.80153632271312
0.061000000000000054	-10.909276978887661	34.36992273130128	35.88825455982218
0.06300000000000006	-9.873011498795492	40.66948931248541	39.24386014076415
0.06500000000000006	-20.48265912291125	39.156624271926276	36.4001298550753
0.06700000000000006	-66.40688622516765	38.397702068053235	39.450062126926525
0.06900000000000006	17.34822719656748	41.225508124769924	35.07075644829443
0.07100000000000006	-7.70471068023415	38.00816861629863	36.29553437282553
0.07300000000000006	38.68647742821807	39.58121070900777	38.713219797568456
0.07500000000000007	51.10666337659886	37.39819482014619	35.46913762467766
0.07700000000000001	11.36684979496927	43.58766317041166	39.861172599850505
0.07899999999999996	-57.753174661501205	35.715496283853	36.02369818777342
0.08099999999999996	36.765391599580255	37.753291427905836	39.86720319445521
0.08299999999999996	-24.305870847785016	34.17998840834751	35.13085167177399
0.08499999999999996	14.286398048790616	34.666223469651236	36.186199377622216
0.08699999999999997	2.1001012988630663	39.880577731824914	39.41390936159949
0.08899999999999997	16.85477902801935	42.256163671564316	35.97385952129217
0.09099999999999997	-41.14552144485195	45.49435112404697	38.90267225001974
0.09299999999999997	41.20688637154757	35.75330585291568	36.62193572178436
0.09499999999999997	-14.071177544927593	41.875559296704644	38.599885179651885
0.09699999999999998	-2.3630609269353897	38.050100363321114	35.09257905918761
0.09899999999999998	-21.656451851592706	41.86757634377616	36.33866965835831
0.10099999999999998	73.84876846461275	38.629195741505605	38.94347293995807
0.10299999999999998	-11.401488750006905	34.204224638995974	35.89946218725233
0.10499999999999998	-34.868829479561825	42.72560263344199	38.39765399018061
0.10699999999999998	44.95902171419708	40.37709354242376	35.62326295064107
0.10899999999999999	5.054481487798412	41.354195667498665	38.7148872813522
0.11099999999999999	36.640165561374616	34.55829008885089	34.82335846850513
0.11299999999999999	-57.11099522487384	36.73030576238201	37.29110395454427
0.11499999999999999	27.72209065993181	39.9052076758237	40.68075800888689
0.11699999999999999	-50.1753340010902	36.69419038928504	36.6485620177389
0.119	13.837786017267817	40.3214333785195	38.919267773735875
0.121	17.11860838193857	37.31115204760693	35.825376562264495
0.123	82.08297004319576	47.95480873869549	39.34610504023366
0.125	6.414374517538235	38.53497458214541	34.62715994342026
0.127	-9.894135072574528	39.81807669230421	36.233051873682946
0.129	89.82718556516112	40.30216652489513	39.55741831330932
0.131	-67.09468577881239	37.938555014339066	36.41926621611756
0.133	-69.4785902404238	42.045575083745135	39.59474553580421
0.135	88.30796194536639	34.285307140196764	35.59544630033469
0.137	103.61952029525057	41.65900143981468	38.54285375697757
0.139	12.739934830197086	36.48557141825342	34.80724688672949
0.14100000000000001	56.72130447065271	38.88351269547548	36.936643195870595
0.14300000000000002	49.48183036446174	38.755988637596936	39.07164963053792
0.14500000000000002	5.089777267652806	35.067310507837	35.8871070330001
0.14700000000000002	19.259021695638978	42.456213657692366	38.66683175394811
0.14900000000000002	74.82667719749259	37.01451479286272	36.14242036128028
0.15100000000000002	52.56716684765017	36.257869211706975	38.69046340768456
0.15300000000000002	-18.745084553573044	36.083391772788794	34.69389612722108
0.15500000000000003	-74.44871079909099	38.16791049559427	36.8604528255498
0.15700000000000003	-10.124436213954091	40.55663897757189	38.83334197698594
0.15900000000000003	-31.886793272484226	38.27733514658869	36.30121107486349
0.16100000000000003	-13.537349397574339	39.19404105884497	38.07540174022307
0.16300000000000003	63.07037303798779	38.05714509282703	35.90384605046755
0.16500000000000004	-27.032193451570485	43.22261344936531	38.40325370379944
0.16700000000000004	18.096949321977363	34.991922099914774	34.97597238438618
0.16900000000000004	5.264820029493578	35.43692421947524	36.69203035259772
0.17100000000000004	32.3414090546148	43.28017324479498	38.9450041690034
0.17300000000000004	44.106437475655014	38.63500686059816	36.58428534347457
0.17500000000000004	-3.324340049015717	39.36666687224939	37.76178551186827
0.17700000000000005	36.082540471715774	32.174865002985584	35.93711419821968
0.17900000000000005	-6.0593098931693845	40.60376371894144	37.75031699049472
0.18100000000000005	28.57719634197231	36.08593255841215	35.35292805783896
0.18300000000000005	-15.754957740310438	43.04876274507727	36.860877994116294
0.18500000000000005	-15.327468009695977	44.49547242412126	38.56990055500443
0.18700000000000006	-5.092367248660246	42.8559442010619	36.57384863268973
0.18900000000000006	34.89796152633673	37.470910101069656	38.07850856493097
0.19100000000000006	42.175360299046005	38.64639158513104	35.45417233516574
0.19300000000000006	84.72711683049639	46.24477833218846	38.023409460481886
0.19500000000000006	-8.286697696036072	38.02699995998167	34.972316319398125
0.19700000000000006	32.60591521980771	40.46461329733526	37.08662181777568
0.19900000000000007	50.97839721468489	36.636332603150905	39.59598619370323
0.20100000000000007	-6.534908554289842	32.90863667990698	36.11242124809166
0.203	20.4617595658263	48.87455794152967	38.65632360378849
0.20499999999999996	-1.922051566682903	40.851288239377276	36.88202411308891
0.20699999999999996	-45.10910187549566	39.534058098276844	38.052732813792204
0.20899999999999996	1.1760786395864642	37.323315876320194	35.75573053414202
0.21099999999999997	9.603485026987713	34.57037424472909	36.28807718650038
0.21299999999999997	17.3206239488799	42.10755413159942	38.28828407348707
0.21499999999999997	-40.898184326509934	38.977362402800125	36.16669346502792
0.21699999999999997	43.10842562071926	39.21945986007684	38.19665269013302
0.21899999999999997	3.14097227094301	38.723045009692534	37.14220144555897
0.22099999999999997	41.92067612729389	36.267478663039235	38.23407288268938
0.22299999999999998	-2.961057982031612	33.527558112397834	35.08082200426278
0.22499999999999998	65.4571635452239	34.86964105827055	36.4862728500216
0.22699999999999998	-21.30003471756403	37.98010914500961	38.0176863198424
0.22899999999999998	77.61017025420536	42.29396940748178	37.3178332802759
0.23099999999999998	-24.820178672668725	36.1524889927688	38.85735528577701
0.23299999999999998	-13.526727057677768	39.58867201910496	36.92862241490217
0.235	-38.24727002121886	40.22871281903949	36.99446349171102
0.237	-12.041321608591282	39.262405521062696	35.37988998246185
0.239	-26.896002690124376	36.503813633920856	36.04541768719556
0.241	-12.716296516446235	37.609108738365684	37.36747550412465
0.243	-57.44670083185355	34.46960232768639	36.410060106187565
0.245	67.09772043711482	44.83796503340851	38.367189033906655
0.247	-6.338332154021131	38.72254030176858	37.4848711165923
0.249	67.17734751737758	41.65624124883053	36.70489417763358
0.251	62.19078308178361	37.15127986963373	35.057888461259154
0.253	-56.892564619270836	40.22377139109913	36.84454635977317
0.255	-31.498578648259112	37.23295756107368	37.209592782629926
0.257	-10.742252194217983	37.77796502150812	37.94999223472311
0.259	26.02972086629407	43.49051684847125	38.75481091688508
0.261	-58.42534976574498	38.112134192990546	36.99872247325283
0.263	-44.84076691180228	38.38266629357446	37.32672179654753
0.265	-50.04143573916764	39.3532166280579	35.80004144359941
0.267	38.074122874043326	38.291084802760814	36.414645564132876
0.269	17.93357607793311	36.59390489078157	37.613962623643175
0.271	-48.385466054345905	39.93482575473481	37.86110540737874
0.273	-19.07646639265348	37.483593702240725	37.08766432533253
0.275	0.30153390673248737	39.05226058146904	37.73082862596717
0.277	-45.91243465168482	40.04370343187084	35.89060895918277
0.279	-43.94319680434133	41.33008122337622	35.75239931535096
0.281	52.378719686441144	37.07504495030183	38.07432798029812
0.28300000000000003	24.934997580050577	30.524233096164842	37.10374496336877
0.28500000000000003	-32.2846118403497	40.72288090837242	37.690504619051644
0.28700000000000003	-7.062528904699938	36.44666266131255	36.364229515526304
0.28900000000000003	23.00680951994316	37.44448838466568	38.16058900295797
0.29100000000000004	-42.35842634447984	39.08258603877961	36.946896876409916
0.29300000000000004	-37.66391967141569	36.49623813491874	36.03237846777623
0.29500000000000004	33.43252270471275	41.17627102627747	37.100958085411406
0.29700000000000004	-41.435324032779164	36.23963003511769	36.79961806551524
0.29900000000000004	-28.711492097044378	37.82629592034221	37.57787407017534
0.30100000000000005	15.620919159298197	35.63336171961122	35.55748912591643
0.30300000000000005	-4.551288648402263	38.002569117323155	38.58605734160455
0.30500000000000005	15.48453954658413	36.002548501956994	36.50370122424298
0.30700000000000005	21.867341079673253	38.04071522770135	36.29060350639768
0.30900000000000005	-8.523049042863384	37.36047667338364	37.88216756192597
0.31100000000000005	-16.26310641300588	41.78026381604898	36.59390010917904
0.31300000000000006	-37.346765566437234	43.87870233847766	39.19083874195261
0.31500000000000006	-45.508649525460854	38.95296931097236	36.019983933366454
0.31700000000000006	115.55557149178775	41.5448635445967	38.82670552395262
0.31900000000000006	57.71739053983538	40.19659619400151	36.84526314027013
0.32100000000000006	-10.172476109349127	36.68342178339849	35.940337655531735
0.32300000000000006	32.18100584478911	36.915794501581665	36.693772115940554
0.32500000000000007	-34.32342592568638	41.36216260367328	38.024415239369326
0.32700000000000007	18.978883614462205	44.12376295671614	39.928496149711826
0.32900000000000007	74.73153581960545	36.91853238746582	35.26522403590357
0.33100000000000007	68.96966770386648	39.446330532550704	37.71986449509683
0.333	34.73333966752534	41.90376933509676	36.372253549695124
0.33499999999999996	87.57859736396867	37.6641724827462	36.0870630927376
0.33699999999999997	39.09514699529382	38.41531709828042	36.70106984426008
0.33899999999999997	-33.1025525718287	40.38168702459218	36.77431483544976
0.34099999999999997	5.5758214549950225	42.60863944247735	38.87140811460355
0.34299999999999997	31.796687730345496	40.69224303744519	36.237944174161186
0.345	60.68917639789895	42.69971069125789	38.39197328128168
0.347	23.928108887849575	42.04718842024258	36.1259633861316
0.349	46.262913960370966	39.47535398052053	37.04855666009675
0.351	1.8899473521738486	40.47787929304117	36.1281344421054
0.353	4.544875507717094	36.402311896015846	36.40615360305294
0.355	71.68015834313479	42.9976138257617	39.6559496930151
0.357	47.10988517664383	35.901956514538305	35.77221047940821
0.359	23.20551484702449	41.784219647397244	38.06665709360802
0.361	-33.72105378163237	40.794116250194	37.509445610422326
0.363	17.140207032806387	43.18243513702932	37.06264819413034
0.365	1.3809567083189478	36.76567951960988	36.802349033584235
0.367	-71.08187802229438	42.15118512052364	37.14610427635346
0.369	51.6000198285127	46.01005831361328	39.29879034359724
0.371	-59.6954821751039	36.474974104027496	36.28821729975278
0.373	56.3518312042266	40.814737660758624	38.23641952118351
0.375	-29.80150714804175	36.496401186534776	36.10485645829927
0.377	38.605821965909115	41.84428036177895	37.83297051366916
0.379	-28.119023704031854	35.80570282507155	35.91552820176469
0.381	-15.511263505740835	42.00939092392289	36.95895374890599
0.383	29.32670813482474	38.93555836275909	39.56545657100577
0.385	18.238942796289237	41.38967496057966	36.249612980260345
0.387	-12.309034620239245	43.298171187305066	38.63993532400297
0.389	1.513920480755715	38.21505108233194	36.739149999239544
0.391	-0.22452631864844363	34.98704105185794	37.55588383135206
0.393	-31.371008201275252	32.447561959817655	35.17163129697419
0.395	47.00534360169151	39.11062409121419	35.84428733885724
0.397	47.113387150243824	44.601271295358494	39.997024143661335
0.399	-52.13729582231874	39.62543882774616	36.986494530266384
0.401	24.015732433380066	35.88759731233984	38.472405874920916
0.403	13.762726855715002	36.70199971543557	36.183422783157404
0.405	68.98731100246636	40.34465773415747	37.766619443498186
0.40700000000000003	43.570133469783556	39.1508509279685	35.419826174786536
0.40900000000000003	49.14029768299244	34.750276560878525	35.97161157353208
0.41100000000000003	-32.21069388736897	42.358041595545586	37.663261936303385
0.41300000000000003	8.931373495002504	36.75486364133265	36.25477865190348
0.41500000000000004	53.29825121402898	43.79382951249059	38.50092438391662
0.41700000000000004	3.1715405341969927	40.07001474607347	35.97385360461458
0.41900000000000004	51.30152543286748	40.0050865079323	38.193675254294554
0.42100000000000004	25.354470852390065	35.215056285540214	35.55884743405065
0.42300000000000004	-11.522779084560675	35.682914636937525	36.74881701248459
0.42500000000000004	-0.7105573406329668	44.81220170204629	38.9385757049337
0.42700000000000005	-23.99981689960029	33.88297953884479	35.951596465160584
0.42900000000000005	-110.73284117169013	39.581971766815954	38.19399715897122
0.43100000000000005	14.36780029950846	36.73194928813212	34.75478954668321
0.43300000000000005	-51.19185599267162	34.946568912797744	37.95879107528418
0.43500000000000005	-42.29826491430888	37.543829519757395	35.621269183267565
0.43700000000000006	28.002298740670284	36.494189248426615	35.66991438742535
0.43900000000000006	-31.66151268119144	44.68918519644844	39.763462904747456
0.44100000000000006	20.019219442390934	33.30497475052901	36.615047572485864
0.44300000000000006	5.064300069301808	40.05389701246954	38.4602252327051
0.44500000000000006	-17.57335237650981	36.597310284212675	35.60603938159631
0.44700000000000006	1.7358001966893966	38.02362123368051	38.42035155395214
0.44900000000000007	33.03972802481958	35.00731003990034	36.408351343351505
0.45100000000000007	67.83959799827599	39.350188290052806	36.154735101565926
0.45300000000000007	7.357891673942518	43.54345303489565	39.533716792602306
0.45500000000000007	-8.19633878590409	35.399353748621785	36.201527109646
0.4570000000000001	-9.914565946678167	36.77612292780998	38.08260771324991
0.459	-5.1578668887053425	36.7241057484174	35.814155736441776
0.46099999999999997	3.1676491114573935	37.980113042105955	36.84517535861991
0.46299999999999997	28.931324996372965	40.0567902025063	35.14529084578937
0.46499999999999997	21.406194183670735	35.43685436072706	36.73674520362345
0.46699999999999997	-44.50653234144841	43.52771131353759	38.393588261141765
0.469	-51.2116681572472	38.726551056934966	36.29910234273687
0.471	54.62957067070562	42.77318479169926	37.75393116004633
0.473	-23.06562392895284	38.73111463771979	36.07842762056295
0.475	29.63519294940653	39.26871432470856	37.69164738194951
0.477	-8.53020122548731	37.52599772794711	35.705053570264866
0.479	30.107881016760984	40.51000379689834	35.65044280096183
0.481	-7.745922777524505	40.725409486530914	39.2129409771667
0.483	65.78557224035109	39.79623815176634	36.968023124419624
0.485	-68.70392305302619	40.6799212665947	37.20377734471777
0.487	79.33810895122129	37.04946565775008	35.84347408068707
0.489	-40.030811349844875	38.86446125655139	36.96334253730552
0.491	-7.797686352839506	33.41688894998718	35.601447082455934
0.493	-32.84876202891418	39.74291499817607	37.586606838531246
0.495	40.79971393600168	41.33804866339622	37.98502700113683
0.497	15.723889019714221	34.72655761505812	35.81257609229696
0.499	-33.34499922680312	47.57475690860299	41.018037372096856