-0.499	-15.614498956484368	27.369620637143903	26.02973438693993
-0.497	7.515476271535704	26.467056584467787	24.90224815945497
-0.495	5.290040332894819	26.38114886739682	25.32758591178337
-0.493	6.231513143051259	25.354354952514008	24.34759761914344
-0.491	-12.92052790369258	29.62160441235295	24.041217787875198
-0.489	25.12067080662206	29.73737211646369	24.39455479386555
-0.487	-27.94821351104204	33.85737296531798	25.817492939893746
-0.485	7.959036518956353	26.429734650334012	24.00502572839125
-0.483	-13.222133972923267	27.337801148221732	23.729625022251692
-0.481	36.25421542419183	26.083947646964063	25.71203344305703
-0.479	-21.366597730332337	30.31277284230119	25.288378046798105
-0.477	25.01348258721059	26.2106177400677	24.14146153720403
-0.475	-21.48120401046505	28.400837805998755	24.36428916946242
-0.473	59.37381852594292	29.743275036688154	25.700640628360468
-0.471	12.093040251626164	32.5389161223485	25.13267483664194
-0.469	-0.041273240269923406	26.862702665805514	24.018422637102145
-0.46699999999999997	37.36472223203613	24.955529451218858	23.77604372247068
-0.46499999999999997	52.69894252180052	25.838164218581557	24.31522027124318
-0.46299999999999997	-13.0860110373332	29.90666316032058	23.940261547315714
-0.461	12.656949767153591	24.25678734445035	23.67800431239174
-0.459	29.22529579985067	28.697005079473165	24.850542003091284
-0.457	-41.77344622824375	25.728852490916726	25.536571967885394
-0.455	0.12062773779852876	29.15912502727098	24.599687972859403
-0.453	2.170127499923069	29.784992389276013	24.442815901392127
-0.451	45.93129092245185	27.10793161311062	25.090803063438308
-0.449	-40.40258308635192	31.47928173502088	25.64671468260716
-0.447	11.936355174935187	27.059884187437152	23.55532640729411
-0.445	-13.268402009436464	27.506555324459022	23.896888398740007
-0.443	13.74351038996302	34.40446679615088	24.745221229422835
-0.441	16.428939421997413	31.304702144485752	25.347671637158033
-0.439	2.314365979971811	27.86184915165182	24.124617868489413
-0.437	-28.3589948849583	28.888408133553035	24.41361130717385
-0.435	2.0900655033351256	25.9256657396288	25.095984447104765
-0.433	28.602186500803484	33.418508612074135	25.10483619357715
-0.431	17.823094353719426	26.115409042860122	23.718827524384803
-0.429	-22.72444703210752	26.233789140344527	24.99894406998496
-0.427	-53.9666901983038	30.16906958585665	25.562020339160597
-0.425	-13.313446079243896	30.095087496118207	24.455202437646914
-0.423	26.83482719922914	24.36268270816258	24.221816759743852
-0.421	17.13093521793496	30.713608621273952	24.727415870527675
-0.419	6.346702249082625	28.235293553661943	25.28911641975277
-0.417	3.6651106631868657	30.473585630422043	24.292453485292068
-0.415	-27.034914813373057	26.714691829365364	23.601395543149877
-0.41300000000000003	-5.355917396587806	28.59969835136674	24.812936320656526
-0.41100000000000003	35.27553207138823	26.75314605663507	25.244445104476448
-0.40900000000000003	23.880833243117294	29.997263465811248	23.608969114002896
-0.40700000000000003	27.686661732140294	31.760888863790658	24.65103282704756
-0.405	22.58056834647526	30.009669444501913	25.28161911339788
-0.403	42.88497852256157	28.60816677335418	24.863211631226534
-0.401	32.51529903369743	25.40476597280595	23.625175825512827
-0.399	-0.6596675741210589	29.951149187244205	24.730762195916125
-0.397	27.73992867344255	31.10666505878452	25.77819637067817
-0.395	26.319204372127203	28.359713209190573	24.665290373252102
-0.393	29.148961618208347	29.266811373445275	23.638036677832513
-0.391	-1.865987097171562	35.01690012308245	25.15119494510881
-0.389	-28.82062433551269	27.853230180164765	25.224789113411827
-0.387	20.80017130912104	25.019104293807278	24.21830914989819
-0.385	-4.021990412161891	27.459518996912454	24.6892446993337
-0.383	-27.28296732612545	29.050670171189964	24.90972557808381
-0.381	-76.31703323640605	29.025135269835022	25.34788882958158
-0.379	35.68579516266546	21.56728111343817	24.14744677664103
-0.377	3.6443226307802945	23.33360872119777	23.712531122380515
-0.375	-40.70982752524266	27.05126521905525	25.052922981137325
-0.373	-27.18576700533326	31.40384323177606	25.858048784650038
-0.371	55.33679667379943	27.357626739967454	23.775317994106675
-0.369	19.070625392636487	27.662051921829374	24.787567053947903
-0.367	6.932043105090102	31.064307520191637	25.964691483736615
-0.365	-10.242157603479463	27.844953201192617	24.55693366757949
-0.363	3.607528184401687	25.684104157467747	24.300410134830084
-0.361	3.072181223195969	28.12141907244278	24.163167283313026
-0.359	-17.425877336996187	26.243774708726875	25.18795128494667
-0.357	-7.125093093751644	26.340268004187653	24.178458669201355
-0.355	-1.176877265196552	26.65072353233381	24.364381079763486
-0.353	44.30754144846283	30.55084548255201	25.294787609100176
-0.351	-35.19004740437648	29.248203182028433	25.087825300530113
-0.349	20.008888766076538	27.790933186759915	23.45458756550632
-0.347	-13.977101242512724	29.55488118371561	24.27179162702567
-0.345	-19.42512892183501	27.43580564113045	25.609149572671765
-0.34299999999999997	-35.9875810997945	31.17172094821478	25.2145765481968
-0.34099999999999997	18.358633683046577	26.988741404299546	24.254302269639716
-0.33899999999999997	33.667528897884935	26.96284247558692	24.90792579613741
-0.33699999999999997	10.501507945015476	30.70836881028146	26.255267104103662
-0.33499999999999996	23.684039463844897	27.50365910991761	23.891395217721445
-0.33299999999999996	-27.457288121257584	25.847033243687612	24.300401492390655
-0.33099999999999996	19.603371511411893	30.115482749228693	25.046756718332052
-0.32899999999999996	-26.996345331209426	28.171881358311875	24.935128515037288
-0.32699999999999996	-9.263590796781962	25.779516147332142	23.65089982500252
-0.32499999999999996	3.295681900716829	27.06504795902531	23.43542459711581
-0.323	-12.162978386465184	28.944273954789203	26.41529241851655
-0.321	-7.474238174709491	30.014517399186094	25.441986273426576
-0.319	41.41115858091737	25.87732207983597	24.169741729027976
-0.317	27.19479331414476	27.15301584423111	23.99956563149198
-0.315	4.720889454246091	27.966527921709616	24.761252486987786
-0.313	-10.48446502249778	30.146035971837293	24.288751806972922
-0.311	30.764598992538694	29.875964682008092	24.359635375346183
-0.309	22.308646635771368	26.052554379497682	24.554029763530437
-0.307	6.7490289468175035	27.67927942223559	25.891347391478366
-0.305	26.88378144277692	28.693566338044352	24.527906687476182
-0.303	30.97300652243895	26.751191990318663	24.423164175691326
-0.301	-8.483142146631373	27.286769342880714	25.513751281178266
-0.299	-45.69115777741661	30.284728779006993	26.079052983686818
-0.297	0.27915284084301106	24.888458815042718	23.553390903508234
-0.295	-4.300563068770913	25.989368041691083	24.179448637399606
-0.293	42.31997383818964	29.437005033371864	25.089030032448736
-0.29100000000000004	-2.2959947405531977	27.319694691041608	25.50581460691611
-0.28900000000000003	6.226176985535403	27.12676885027015	24.135456731989176
-0.28700000000000003	-6.436792574726624	25.18311354965072	24.848692816740737
-0.28500000000000003	23.197963634036256	29.867349930771844	25.84665667748349
-0.28300000000000003	-17.232144262968596	33.61110166214273	24.036146610096505
-0.281	17.494668846929073	27.280286875553646	23.8623831477631
-0.279	31.67258300917908	27.547216423860263	24.700173901832763
-0.277	6.208783606798107	29.360702855783885	26.891363149878917
-0.275	12.127633095326829	30.08171058804905	24.756687705240815
-0.273	-16.830255260891214	25.49189923908344	23.809608615647225
-0.271	-0.5466216010940883	27.159171331364508	24.230548121977776
-0.269	16.63124371331648	26.957064922636707	25.381286613474614
-0.267	-20.228204220318347	27.363491008316387	24.023400426597902
-0.265	15.45720372253534	27.720470892617126	23.79374582623111
-0.263	3.7978807900795886	30.721505622702654	25.015562251895677
-0.261	7.193889088652483	24.49956408300775	25.46767560900573
-0.259	20.479724655242393	28.26151077740279	23.802482026299238
-0.257	0.990675034229227	23.951473707417847	24.707535787183424
-0.255	-21.538799998110925	30.82713569380824	25.292759874368794
-0.253	26.016947425766546	31.483918052777284	24.943656076489233
-0.251	61.95448492940514	29.94789653087585	24.384853999495462
-0.249	-19.785839357355783	26.087795487465467	24.38667067836324
-0.247	7.0289863123296215	29.380952290056428	25.38154966943204
-0.245	6.310562032485478	30.123308515273127	24.649808239659368
-0.243	-14.399563419864592	27.870715343787246	24.497596405044753
-0.241	33.053030317198306	30.347345807725596	23.959647781594906
-0.239	15.104927147069347	29.317771708098835	26.852909980756145
-0.237	40.22508772316691	26.319049929275632	24.00814726148436
-0.235	56.86630254508884	28.035454179075746	24.032519858002384
-0.23299999999999998	19.262449219237254	28.564584770300566	25.204283361768002
-0.23099999999999998	2.3944530080921567	30.492497324865255	25.112199700184306
-0.22899999999999998	-41.25767301343952	24.16340441403092	23.878723412158056
-0.22699999999999998	-22.199216246243658	26.730065782515602	23.799281202534168
-0.22499999999999998	-14.497574910121713	28.52213950819259	24.388862555003502
-0.22299999999999998	-27.846927205144034	28.21215925053674	25.510354331483697
-0.22099999999999997	18.9507129375599	28.101804797795104	23.6410323069156
-0.21899999999999997	-50.340631779444145	27.474604641394937	24.152575240419033
-0.21699999999999997	15.476432493777281	28.958440496061378	25.11007269502319
-0.21499999999999997	56.12514212116615	34.31155703521517	26.053397863907186
-0.21299999999999997	13.642494375742942	24.80555783444862	23.607752413216303
-0.211	20.464867222846905	27.894982158865975	23.28053466950853
-0.20900000000000002	5.878367591805045	27.190152213610094	25.549628911431874
-0.20700000000000002	-30.324124048464185	29.204926802495795	25.219561452515755
-0.20500000000000002	1.307052971633027	24.992884908812805	23.974250976929703
-0.203	17.41782361297517	26.69397419331123	23.977087227398748
-0.201	40.11413085813764	31.03550642720905	26.504326834482004
-0.199	-13.88406105307105	23.906309524885895	24.034038482642675
-0.197	1.5966411002210634	26.54766596434942	24.326257185638053
-0.195	-4.166477556521997	27.97911393952038	24.22948585434225
-0.193	-20.552793302597294	30.474857900105928	24.672926805686377
-0.191	36.8834176747157	28.762567009967775	23.897842331563588
-0.189	-28.863550262325788	29.77407408024835	23.789686925843238
-0.187	21.996333271045998	30.0885691910777	26.064277109248977
-0.185	-9.464145173443406	27.11276821784693	25.265167476255392
-0.183	21.613721086000126	24.17260016624669	23.53043491333485
-0.181	-27.357474436051632	29.72142870262728	23.880145599808106
-0.179	20.967655190329282	31.169096825838125	26.256272439843613
-0.177	36.651671087017945	26.68106173414174	24.096458504616326
-0.175	5.505708047026658	28.883706835626203	24.72538348081968
-0.173	37.88059160281243	30.043462100236844	24.152097230120674
-0.17099999999999999	-23.18446482973968	26.887084792514575	25.700985468482084
-0.16899999999999998	-40.212548763740585	26.31722718975654	24.422490422878738
-0.16699999999999998	0.06652242534599395	28.825772730623164	23.639645099700992
-0.16499999999999998	12.802561266234136	32.02022935252472	24.896979919675807
-0.16299999999999998	-9.136222659411608	33.65183955608051	26.279493150397286
-0.16099999999999998	61.79176107101725	26.79129115554404	23.810931952132325
-0.15899999999999997	-10.921121488927099	27.316066441215828	24.331747557897387
-0.15699999999999997	43.34370742231641	27.8328237686731	24.595827107378877
-0.15499999999999997	36.05067599887768	31.33545643581133	24.718165726839484
-0.15299999999999997	16.7563078410371	26.933387883807093	24.254491177260793
-0.15099999999999997	34.874682481200736	30.519355235212572	23.848868342750272
-0.149	23.85623921008495	31.29904040330837	25.299354710342875
-0.14700000000000002	-4.163315439287274	28.143719920633604	24.685612775310688
-0.14500000000000002	12.244117213011663	26.327331701281363	23.59069083959788
-0.14300000000000002	-5.229805785211816	28.58174834629457	24.847267788732466
-0.14100000000000001	-21.14748980808212	29.114689710576855	25.822741768761674
-0.139	12.69426454464373	25.459672440622565	23.518443790698754
-0.137	-2.5901561572228005	26.107881585992097	24.031060354748604
-0.135	-30.97399715212834	29.929377587047487	24.000816309826607
-0.133	-35.79269161246845	28.39265388626377	25.801797405678613
-0.131	-10.274072625993114	26.747969006149237	24.476256048812917
-0.129	24.433281374802718	25.860486683741552	24.22910167419047
-0.127	10.416996063966621	27.752774115434523	25.287803824753
-0.125	-2.8557143774143867	28.76066212163624	24.899380797582822
-0.123	6.9991046049988626	26.55982343506179	23.830346122893772
-0.121	11.390183250137298	28.773008938501526	24.6645958366685
-0.119	-7.800848513817016	25.784142671103936	25.076776451398167
-0.11699999999999999	-12.888735377636351	26.707667563741335	24.560649638121234
-0.11499999999999999	3.376454180914479	28.81934889506757	24.267409850631076
-0.11299999999999999	-39.410697535102734	30.064478310252305	24.920218890147535
-0.11099999999999999	35.94751863778001	25.420380347768955	25.509600275710838
-0.10899999999999999	15.560187959007266	25.89135408762817	23.357278387507616
-0.10699999999999998	21.305709085428504	25.515196189389457	24.006629160050732
-0.10499999999999998	35.392420108193434	27.150284101119187	24.023738545629495
-0.10299999999999998	-27.680184985001688	29.234708685453626	25.230105439021106
-0.10099999999999998	44.56513469208723	29.00401249294606	24.179362249439
-0.09899999999999998	-13.603401945561089	28.42340713839526	24.121331542808736
-0.09699999999999998	2.507634850212881	28.755151481305766	24.998898660123995
-0.09499999999999997	30.605380110682034	25.504412695201545	24.343493421222828
-0.09299999999999997	30.612321846756885	24.91030553536111	23.952230091467573
-0.09099999999999997	-19.59056529465819	30.300641895277565	23.85088935119891
-0.08899999999999997	0.24617103111523875	25.278561553583266	25.220209216976254
-0.08699999999999997	-24.862788499779853	25.55362349926194	24.53842424057189
-0.08499999999999996	27.353854904932362	28.645006172996133	24.436281349182764
-0.08299999999999999	-29.422028661518773	28.57294543680026	24.469968121189947
-0.08100000000000002	-11.9632657196167	30.379190448408036	25.442419677073076
-0.07900000000000001	32.35448177774103	28.902621739345648	24.02527866646623
-0.07700000000000001	-4.877183277796071	25.804518657582555	24.057723695040934
-0.07500000000000001	-4.966782688908822	27.28186768786566	23.897065077683294
-0.07300000000000001	23.07061036388447	26.54929283981149	24.977044374420082
-0.07100000000000001	-30.10344523712849	26.975518092914125	24.745068954084193
-0.069	-12.136483322100489	26.833161664314375	25.010256010999022
-0.067	14.385085675527876	28.147361923110584	24.673824838575083
-0.065	-10.203134454989105	26.049946843532773	25.138940567213915
-0.063	29.091937817415925	27.684034885503465	24.002146841946036
-0.061	-30.161950048235298	31.344333035938497	24.294282810052444
-0.059	47.4327997685986	27.46295094863601	25.26944449522984
-0.056999999999999995	-17.872418506259535	31.54727576442782	24.597505812600872
-0.05499999999999999	15.985566959475506	29.085356476986945	24.406263070733296
-0.05299999999999999	7.737553269882014	27.88439089648443	23.86800029339821
-0.05099999999999999	17.226655038005134	30.08814896463107	25.88044753635662
-0.04899999999999999	3.211961955296161	30.379527023803195	25.06984226751231
-0.046999999999999986	-20.492547579298304	25.642127503781918	24.0102111852465
-0.044999999999999984	9.587565964030986	24.21912408097361	24.598993086630497
-0.04299999999999998	-5.6055862852621985	28.213265966197742	25.73467387700753
-0.04099999999999998	51.23498849668451	27.41169502977506	23.900356076661865
-0.03899999999999998	-77.34768970468764	30.51705451886391	24.867747444453023
-0.03699999999999998	15.325773951024857	30.66122037599867	24.545121112101832
-0.034999999999999976	22.429381450805863	26.741620546658883	25.414035776383354
-0.032999999999999974	-26.793866988228388	27.38068607035034	23.9308491664744
-0.030999999999999972	-64.22035470077248	27.93417740853826	23.32063595396198
-0.02899999999999997	56.4962458415863	28.954836433375284	25.705288819300762
-0.02699999999999997	-29.302961760735435	25.81256864496854	25.084958511296392
-0.024999999999999967	-39.913295652782566	26.08290227940486	24.284693642750305
-0.022999999999999965	-23.781017266077953	26.8246548729651	23.221532361439262
-0.02099999999999999	23.769263064910007	30.73175567079767	25.752181960832285
-0.019000000000000017	12.674046658167626	27.635154611860266	24.91812322914642
-0.017000000000000015	-24.868034698255492	31.29636655423476	25.18061515049882
-0.015000000000000013	14.511939427475085	30.21837568821189	23.99802133281894
-0.013000000000000012	-51.25905729197466	26.101049167500083	25.389017321812396
-0.01100000000000001	-54.63930792071192	26.842387386256046	23.944185467740628
-0.009000000000000008	-121.30079409267137	29.551912173722517	24.52969764198194
-0.007000000000000006	-4.598263705690719	31.932220241676248	24.882705391514527
-0.0050000000000000044	-71.89805359997249	31.245219120498422	25.126010429921752
-0.0030000000000000027	-70.03230443336506	28.33311633175344	23.940545459365065
-0.0010000000000000009	-102.79596696194382	22.707895693148906	23.69898111998832
0.0010000000000000009	-27.51742933071455	30.25246584294435	25.45300848654559
0.0030000000000000027	-108.07027868886543	26.096463212489834	24.83949679819291
0.0050000000000000044	-59.716747489502175	30.31808558571628	25.14479631587889
0.007000000000000006	-143.97939208565802	28.258299328204167	23.921911447757374
0.009000000000000008	-72.44048686771976	30.194545517068132	26.718837865609263
0.01100000000000001	-90.00378145940235	30.947152835987282	25.08829592724495
0.013000000000000012	-15.372686387737922	27.649140765180086	25.131339723927923
0.015000000000000013	-26.18594633085891	28.80400486256964	24.680097908925838
0.017000000000000015	31.883589466819018	28.164840092742153	25.053679755995677
0.019000000000000017	-4.167640208940782	27.85252777596921	24.102597436513815
0.02100000000000002	32.233986909435686	28.65611544779444	24.784160184545446
0.02300000000000002	40.146936866714	27.210525137552153	24.556421033052963
0.025000000000000022	12.39231095073734	32.286762091698435	25.39540764187938
0.027000000000000024	-12.526941351564957	28.011189048066427	25.965335102988067
0.029000000000000026	-15.522009991442154	26.622238144645486	23.920892340403384
0.031000000000000028	44.31032402374413	27.53295082305437	25.204553527802233
0.03300000000000003	19.931814155160765	26.719966468549337	24.55889495801606
0.03500000000000003	77.31710601599495	28.790491751157425	25.691066971411516
0.03700000000000003	7.332874759180541	25.046550630478222	24.399052749983056
0.039000000000000035	-2.730519118254726	30.343831684760186	25.757607534283707
0.041000000000000036	11.293761032149519	31.133919575629026	24.801355051670946
0.04300000000000004	-7.311461788783724	24.92570331135335	25.02597867528131
0.04500000000000004	41.92356659538099	27.695399389948577	24.93937043929032
0.04700000000000004	15.915236357022522	28.592543930248738	25.594195277543704
0.049000000000000044	35.98676357685626	29.033314207103867	24.653677417474928
0.051000000000000045	3.760035229616321	27.75470266403017	24.13868558336659
0.05300000000000005	-21.96307211765891	26.515460630090818	24.234895339114164
0.05500000000000005	29.24554190819606	30.01000935897277	25.597436853175974
0.05700000000000005	10.474580957486879	26.952922467764164	25.037220691129008
0.05900000000000005	-20.33950274338281	29.53593635245858	24.243474845090454
0.061000000000000054	23.314256959228175	26.92222974242158	24.717945632753164
0.06300000000000006	11.017588108730436	28.528993471968427	24.650019258141885
0.06500000000000006	48.06873479790141	30.907702396784508	24.880562845255053
0.06700000000000006	-13.755641667501095	26.948801728440202	24.169674424251717
0.06900000000000006	-36.80125403826562	24.942778052976188	26.107642812497765
0.07100000000000006	-13.424411164697503	24.070895470192525	25.008512004864695
0.07300000000000006	19.913439616381368	29.249789068051758	24.067638045283775
0.07500000000000007	3.646342151109039	28.95711771775016	24.499786553676692
0.07700000000000001	7.455896854802191	32.60898647903073	25.684409634696102
0.07899999999999996	20.084237961404128	23.267650378796283	24.361711654877542
0.08099999999999996	14.162570913800465	30.03052347281971	23.742918408806148
0.08299999999999996	-22.536209371204485	33.71631124166605	24.698568679795624
0.08499999999999996	16.11259944578336	27.152116195208276	25.718701492805792
0.08699999999999997	-15.607474549206302	27.539203631289073	24.277395964866052
0.08899999999999997	-25.72810844880813	27.77136746772521	23.963467361892583
0.09099999999999997	11.891054758850217	26.405754600729463	24.75629638024095
0.09299999999999997	29.988319373064343	31.20654315718069	25.877075746557146
0.09499999999999997	-1.3477429631203464	25.83542892620418	24.954178357868333
0.09699999999999998	-51.142793662362074	27.055745073848826	24.221155280019858
0.09899999999999998	32.73398023195817	28.697237701327783	25.819052973090503
0.10099999999999998	-18.03128536204124	28.179696739715656	24.55257554678308
0.10299999999999998	-12.701896624722764	27.66658928982185	24.238013924796295
0.10499999999999998	43.618905862130575	26.53857809272494	23.328916274140127
0.10699999999999998	-12.085695402008767	27.221540293244963	25.82437999966595
0.10899999999999999	-13.75265240444179	26.88027633201951	25.18111811439365
0.11099999999999999	-3.4080653183998777	24.60799686259102	23.931437221556116
0.11299999999999999	34.572117369569	26.739474073247408	24.42398483398873
0.11499999999999999	-20.972828292609158	29.623130072326912	25.63539029505122
0.11699999999999999	-11.33586501422812	26.91076799236616	24.51675305044331
0.119	-37.93075798264045	29.49684374204577	24.580249793518966
0.121	24.070215047133914	28.659391316720487	25.325445774279643
0.123	-7.77520653894026	28.453898722976085	25.19606780146726
0.125	20.273092917078017	23.625269434386773	25.330833235186212
0.127	27.659599160179127	28.305875764573805	23.605552905882234
0.129	41.28540140890813	24.02227750008022	25.412798268467945
0.131	11.479825737570337	32.30224248703369	25.6768922667664
0.133	34.734874819308814	27.065107705765	24.15271717138353
0.135	-17.047795155877843	27.767294401807643	23.508256486555318
0.137	-9.906523864344763	34.02703327642319	26.401695434785587
0.139	3.5920479204420985	27.840391346698233	24.741228520655646
0.14100000000000001	-34.63636355161004	27.566741687385733	24.504068214497735
0.14300000000000002	7.584955775463698	27.02713751056725	24.254574144889048
0.14500000000000002	29.367932801838137	30.683095405155946	26.825859372809834
0.14700000000000002	0.673731419320589	24.252301168928664	24.277646807242498
0.14900000000000002	-17.225241908613853	27.654899703903496	24.72943857257671
0.15100000000000002	-12.260826836252292	27.499283535308706	24.75343936920121
0.15300000000000002	-25.227877554434563	29.729384145264255	25.56853712370344
0.15500000000000003	43.782814593384956	23.553151065625983	23.819707690112207
0.15700000000000003	5.477561053846003	26.278249029191915	23.696427842947205
0.15900000000000003	43.23151279894688	30.879895164220642	25.40723592819447
0.16100000000000003	-6.622736196892909	31.526343792713273	25.358383111662697
0.16300000000000003	-12.150099168883877	26.51162268135537	24.76213593396924
0.16500000000000004	16.44596126904041	30.267284435158768	24.609535370262783
0.16700000000000004	-15.225694654619204	33.59272464921556	24.935852789685384
0.16900000000000004	-5.794563597283364	28.420659919191916	24.617624846156858
0.17100000000000004	33.20729035238834	24.880725477425717	24.474259308776748
0.17300000000000004	-33.8902684462461	28.895782481863556	24.226346842445995
0.17500000000000004	-17.441857123157156	28.16915006623626	24.927638956931787
0.17700000000000005	-15.574488004266307	22.999824571615726	23.830184751074867
0.17900000000000005	-5.095794399667675	25.108922242572646	23.4784201409125
0.18100000000000005	17.18143008910822	27.37794779186166	25.08976439202057
0.18300000000000005	-38.06140687512283	30.952100758672135	25.349257022699582
0.18500000000000005	28.03118626593104	24.804807634000916	24.193561680914872
0.18700000000000006	-68.6994044942768	26.0687152240982	23.193340350200963
0.18900000000000006	53.08888468502637	27.24784795197648	25.70767019512384
0.19100000000000006	10.598506728243251	29.817423677526936	25.00348705880721
0.19300000000000006	42.91116673216244	30.07852789887053	24.259832453372024
0.19500000000000006	-5.612213877181915	27.702587921449815	24.69603946450315
0.19700000000000006	30.911843876157974	30.056017063246895	25.73811483086024
0.19900000000000007	-4.961314313600695	31.20853088305322	25.144306608405255
0.20100000000000007	-35.03548308014803	25.7765502544627	24.213306397032717
0.203	-24.322422262246235	29.81189295586439	25.21100810029268
0.20499999999999996	-2.431130833535633	28.165089278579682	25.5661423636468
0.20699999999999996	24.471106827572697	24.774452324748307	23.875291974517673
0.20899999999999996	-32.347815695721316	28.979556222416406	24.239633916722706
0.21099999999999997	-14.674115680346489	31.013723193884385	24.966958690982928
0.21299999999999997	-3.259761631624336	27.280719084181683	25.538536380263764
0.21499999999999997	-40.17471702921771	23.120417924920826	24.293627133038708
0.21699999999999997	-15.63624710754219	27.641423052851756	24.44057606253642
0.21899999999999997	22.89018157308753	25.821053251535524	24.74921455445329
0.22099999999999997	-8.938254163703974	28.189519689200594	24.690415574946375
0.22299999999999998	0.3532674888173659	28.6127754644675	24.726328980251072
0.22499999999999998	1.894602652097177	26.914123641278298	25.06481458172139
0.22699999999999998	16.020719730835964	28.551592290569488	25.28194971439528
0.22899999999999998	-46.7474066530027	27.85771624497849	24.107754581749404
0.23099999999999998	20.432798256697637	25.605224893233	24.483636562669304
0.23299999999999998	4.305664143000598	31.7723796392072	24.283165793180196
0.235	12.692491775379011	29.130398059698578	25.504454656117673
0.237	-28.271615512331927	27.695089513202582	23.940486168990635
0.239	-0.4427496318459845	28.18876392679674	24.886712502921934
0.241	99.19502083266529	28.638550998462815	24.38898170069258
0.243	-6.7465704619573685	25.043577915085322	25.18468421740563
0.245	39.50882869485639	29.711630850971872	24.770810354741243
0.247	-8.951607213147916	27.490327867653637	24.579642734552976
0.249	1.120538324128617	28.797699878284966	25.347400341474305
0.251	4.010377144147981	29.1629635993693	24.36593437429698
0.253	42.051900254858054	27.68696051316421	24.382407721973557
0.255	-17.831652729949354	28.35415447030373	24.30749378325805
0.257	-5.7680768794643456	31.99999131358921	25.176863132033894
0.259	12.541479565086888	27.58704072813289	24.42866793916164
0.261	42.818670909827716	28.65264968617488	24.098443046291617
0.263	4.819817584156283	29.174139399004115	24.572315481136847
0.265	-5.77039301186133	32.27522303330572	26.23593018556615
0.267	24.9323918652955	28.86649489237747	24.170096645351574
0.269	-26.022566795402824	26.065088143295515	24.745266890535074
0.271	-36.37812173007404	33.97150248071298	24.70912713319041
0.273	29.78391394159452	31.58323093232124	25.153958269126466
0.275	-4.876670705922237	28.16380659699335	24.30185195248867
0.277	-1.8117594478006538	27.426112845923765	23.97598693341133
0.279	19.54127760561697	27.2907174527662	24.81332552863148
0.281	-1.993331197547299	31.433832962143775	25.1453419546398
0.28300000000000003	-6.170858155907233	21.732795210497166	23.243415470515796
0.28500000000000003	13.722378164882088	26.474355822218847	24.378688553781107
0.28700000000000003	55.92159411804687	30.041228750963935	25.555018291332566
0.28900000000000003	-24.7057886345603	29.63407797712433	25.161357079141673
0.29100000000000004	-3.5726339504549287	27.136266935706068	23.978871460209252
0.29300000000000004	4.989215766970645	28.193449696176533	23.82558592355929
0.29500000000000004	-5.466765562345266	34.039295925911816	25.796855134390565
0.29700000000000004	-2.365057970243889	25.235105793880912	24.414235754020428
0.29900000000000004	9.835646585409918	26.871009520647963	23.985527383360818
0.30100000000000005	-16.120434301436504	27.745129653281765	24.47547049998394
0.30300000000000005	11.455869772802885	29.252764204948598	25.311290156785542
0.30500000000000005	-19.781923751405195	26.347693785885287	23.837316770307094
0.30700000000000005	42.10071046339969	28.02177624606293	24.92976108950562
0.30900000000000005	-31.083681236165894	31.32446777591856	25.775092189685147
0.31100000000000005	-11.823784225262202	30.865887749076144	24.929125516478326
0.31300000000000006	9.007005978167726	30.404086490499306	24.210789651186584
0.31500000000000006	-18.564531227172054	25.769433749419466	23.597554140596486
0.31700000000000006	9.854796066299798	32.19476657812103	25.99800840104632
0.31900000000000006	3.8781517863739623	27.064397021829418	24.315796362830607
0.32100000000000006	9.778462662035636	24.19571749716318	23.58186785446859
0.32300000000000006	18.002192403443473	27.849107557210715	24.293266166621247
0.32500000000000007	12.024972986690585	27.04019973772641	25.5459402903166
0.32700000000000007	13.290230333140585	28.939217321508913	23.52314430990578
0.32900000000000007	-17.98566441202354	25.04730404079882	23.901284950163415
0.33100000000000007	12.432609932888639	30.217865758838414	24.504257890451964
0.333	-5.362421408916518	30.84073912906106	25.795145360203637
0.33499999999999996	43.96064782730136	25.975083204162456	24.26188382116256
0.33699999999999997	-1.8826382685022125	26.20906512388871	23.236881197746456
0.33899999999999997	-18.708065641637184	27.857428657827747	25.604600558187403
0.34099999999999997	-34.47569056780342	31.40556522548374	26.075241236655476
0.34299999999999997	22.43645878463596	26.973211062859285	24.047207278167786
0.345	18.37569887253032	27.223358127189275	24.054267374204095
0.347	29.201555014291003	29.808015708862815	25.572052898916134
0.349	7.05000125234001	28.61413037029847	24.262352821363827
0.351	-36.933931472193926	27.698425822074448	24.589680894277073
0.353	-37.82066884994162	26.187069392118293	24.107979467631345
0.355	-42.746924359238214	28.3179218616614	25.899691845447165
0.357	-2.1284011215705334	26.703251568924923	23.7789503414516
0.359	-42.051991371305775	27.320902098890038	23.545775997309278
0.361	3.8199947871575546	28.43608468460548	24.874676756558834
0.363	-15.610875122473722	25.861163833918756	25.557695385480137
0.365	-43.139743765796545	26.32426772396903	23.5973721795407
0.367	51.29063154485358	25.372769238336097	23.342283451017895
0.369	8.192507846338515	28.881801211252114	25.169566143533487
0.371	-17.413935407994963	33.09154865550184	25.109305959407326
0.373	45.56904341179724	24.503011659759895	23.9423845110854
0.375	6.027267059671715	26.100281771736395	23.095446887434846
0.377	16.256166336603428	29.2400396182926	26.003379995040014
0.379	16.412243316610287	29.25284777536395	24.387072219186578
0.381	-38.006189446937455	27.45497538831654	24.218855511363902
0.383	10.347197304305666	27.612254038006906	24.956050880170803
0.385	30.50572012996966	25.281688263565947	25.32414905602811
0.387	-26.984568453736202	25.257989833080714	23.48939892896246
0.389	-27.447015222836768	26.554227650751827	24.062177208091846
0.391	45.334894523296754	24.7259195448212	24.60265759787535
0.393	-1.1218603936935523	32.9331230203517	25.975686110381105
0.395	-6.483072059082495	26.494613387716583	23.813116087556033
0.397	-1.6800596603916418	25.342994104648017	23.571587517250215
0.399	13.252862431478718	28.617943060312268	24.516484233725205
0.401	11.991126336319269	28.175899640397418	25.84027355962852
0.403	-5.24051226247213	27.466395952748755	24.388297752079207
0.405	-14.073354764665424	28.165528721792537	24.466318733849192
0.40700000000000003	30.050817388938	26.152829610448194	25.714369352559785
0.40900000000000003	-3.9850592576939903	30.67710434129881	24.851464796276144
0.41100000000000003	-22.840414010460997	26.395315166258005	24.50137735755622
0.41300000000000003	8.376425633338513	30.15177263437808	24.862205194318815
0.41500000000000004	-9.667533031221254	32.48266993342831	25.868356032231173
0.41700000000000004	52.70877634866444	26.28356437524178	24.00283930985845
0.41900000000000004	-36.11833061689662	26.884120289609413	24.269486849825597
0.42100000000000004	56.373625158201435	25.24494750007126	24.230450282863686
0.42300000000000004	-14.342117615195882	32.577872888066516	25.285556607582613
0.42500000000000004	24.92425109434926	26.179922626542965	23.825269066794835
0.42700000000000005	-95.73218999003873	27.241111575341083	24.883023593984422
0.42900000000000005	-4.427038035825781	23.282788039191534	24.611214165828027
0.43100000000000005	2.560694621234205	24.073977618935892	24.948905245690415
0.43300000000000005	14.10786217026505	22.575568450019624	24.46303062822619
0.43500000000000005	-41.87863428373184	25.08938818464162	24.63911274267235
0.43700000000000006	-3.8842986558318415	29.964841109645793	25.447555102209055
0.43900000000000006	-30.330488654417564	30.35440800963612	25.092204850189656
0.44100000000000006	-8.108815300333916	30.17671547354129	24.734465198010252
0.44300000000000006	-21.986224404524357	28.86070850464284	24.22210157218919
0.44500000000000006	38.16902224706986	28.870759188635173	26.7032230327108
0.44700000000000006	49.4212183077547	28.9003740010392	23.973097122974202
0.44900000000000007	20.51023484228587	24.313556908044646	25.16071372717459
0.45100000000000007	37.150082664583195	31.765490250176555	24.79344177674169
0.45300000000000007	1.7445594386877872	24.82204426975783	24.983597421836695
0.45500000000000007	44.61987578130433	27.472538929480088	25.444245347933336
0.4570000000000001	-47.25209533162911	28.763244267312043	24.681655858908126
0.459	5.999776729215256	28.24250325382588	24.982543588356545
0.46099999999999997	61.21617266918733	33.173694376192024	25.3696174540259
0.46299999999999997	41.290414411809806	23.699870395431287	23.964533990716507
0.46499999999999997	-6.526403128259695	27.62275632026443	25.019717400642985
0.46699999999999997	35.071397273434	31.966827221574746	25.723770735934604
0.469	31.910717600558414	30.30038013177616	24.054477257359242
0.471	4.249380448184681	27.41781694121436	24.273663704905534
0.473	1.8167584647788004	26.312988608724336	23.39600742631414
0.475	13.300475504296472	29.48808565785996	25.4322600851356
0.477	-4.66017041911293	25.485087736524875	24.794445861689972
0.479	44.0104663326224	29.57535513580342	23.604877999004792
0.481	36.66013954739533	29.361918470192013	23.97353247373757
0.483	54.08673509044171	26.98373739360996	24.664498157490293
0.485	45.08109383327685	29.465700929396345	23.754077144129205
0.487	27.605702925814768	29.515972334857203	24.952150213431935
0.489	66.26664516118375	28.97236011923061	25.418571902909754
0.491	-7.502406769943626	27.86780783628691	24.889119455272258
0.493	9.112699976387972	26.301483974213273	23.379307524752335
0.495	-15.19166890140422	23.216866370717227	23.95704112493937
0.497	-11.567708602666649	30.026979290554856	25.47887386498056
0.499	-0.9897173876005638	32.681461625933025	27.20637994596175