-0.499	-234.99453355002586	860.8168457386756	15.716345505327087
-0.497	105.41612092240804	877.6291690848354	16.16608539277787
-0.495	629.2102537874822	884.6401802808621	16.407338586350438
-0.493	-449.8276469598883	802.2677526346362	16.01184656411342
-0.491	-726.6120870154102	846.5216791801688	15.704968462554506
-0.489	-63.27939194472609	879.6967693608339	16.390316278817338
-0.487	360.7404831429406	895.5120654529719	16.184301482065777
-0.485	-354.45468362915733	886.6666959296216	16.00619493037477
-0.483	-466.13922056493175	809.1507512259855	15.91345763839923
-0.481	-39.98991602160995	906.0823204477821	16.330361353127707
-0.479	-108.53004916677733	834.8506314995168	15.767865197285207
-0.477	204.39551640238918	898.9969919071069	16.174181483090873
-0.475	851.1229500134388	814.7245317325146	15.862857219353808
-0.473	276.00325896059985	888.5293234819346	16.768501193317977
-0.471	-85.06227981586179	852.9005664259	16.72048071591617
-0.469	177.7080063900538	843.4415534670879	15.564483901322511
-0.46699999999999997	340.2812444504022	851.3583989237991	16.19208611673002
-0.46499999999999997	524.0597427815796	845.1996409030761	15.883578214305846
-0.46299999999999997	1105.0090687743098	808.5624010129877	16.170149962177504
-0.461	1057.699342082996	855.891284898739	16.353898108955917
-0.459	612.3453493407371	830.6688947031924	16.267932128595714
-0.457	-323.6674090876246	863.2941019817378	16.058394836792544
-0.455	735.9401948023869	843.639667182653	16.1250430012423
-0.453	704.8613970197515	843.5673612125875	16.318372757807285
-0.451	756.7248690372174	824.9406476583794	15.877881704339623
-0.449	277.45467341544486	793.7116740429828	16.341848558652902
-0.447	294.90481928662325	875.3312497583538	15.863454006635747
-0.445	215.58770076746114	846.9479515588163	16.16157200648143
-0.443	649.4737424891373	874.2060735358458	16.105139910525978
-0.441	1189.5121067855284	871.6887243539057	16.507053330279128
-0.439	1171.5912062546518	861.9008818982238	16.615321939934173
-0.437	-184.51086064164014	867.0136564437138	16.47940513540013
-0.435	254.16429558822173	875.293575014515	15.771768353128495
-0.433	644.8050281158136	849.1588830982475	16.164380164676064
-0.431	728.8265914451308	835.3732752356187	15.861748933968121
-0.429	648.9879655848796	878.7250081739815	16.603401852067574
-0.427	500.0031368649349	828.4765020140909	16.26432001198727
-0.425	-55.133682141050855	882.5981619512096	16.676483020096143
-0.423	-341.9444917155401	838.3331396953686	16.298157976387348
-0.421	-219.7530228261746	870.0585044003501	16.249988350325623
-0.419	630.9321806297064	821.4648078385424	16.156534993033528
-0.417	440.6920826087735	851.0855834762875	16.022114143453027
-0.415	834.6175900866282	799.8508391396723	16.043047429239525
-0.41300000000000003	-138.68786676207722	875.8788451558396	16.43007625177302
-0.41100000000000003	188.55512617044212	840.7015260333773	16.005998615676233
-0.40900000000000003	707.1777997007533	823.4291702470374	15.925191022969338
-0.40700000000000003	351.1377461820064	814.9835455398191	16.25607034577947
-0.405	1083.2026038598563	814.5944389939986	15.8592763978832
-0.403	-236.62069173979728	877.772286547294	16.78116196578118
-0.401	-9.834445406031733	876.3543483049968	15.895889706210482
-0.399	442.5762454376425	853.418212831433	16.769020590071914
-0.397	527.3623680044359	832.5332395092834	16.260764212225357
-0.395	462.8948714839876	858.5685023479177	16.7557208713133
-0.393	118.84891854463397	832.8229367535412	16.10288206653608
-0.391	-63.312879374333164	911.1913950318354	16.5713764350204
-0.389	89.13064723037323	817.54584320445	16.05975006135189
-0.387	-80.61677569337621	848.4105905915281	16.17069655663423
-0.385	752.2165692968041	815.6440534121041	15.982573055543059
-0.383	292.30900952459393	812.0694000390938	16.251150644070062
-0.381	60.3229946607442	835.8434163193325	16.243815403600077
-0.379	-466.82713678747325	896.1925018729975	16.466780393777427
-0.377	454.4994862583085	842.370067600411	16.29353214497823
-0.375	332.39123442174724	818.2011156517925	15.999260754747032
-0.373	142.37203494071872	819.9188877848852	16.297766566514962
-0.371	171.18430268281415	873.2585767001931	16.452352798198085
-0.369	-543.314709556486	869.4685718114332	16.153890612888773
-0.367	202.60421283024854	863.2234971792407	15.873076896219077
-0.365	267.0679023217826	859.5349558537986	16.780288124629916
-0.363	427.3867632853534	864.897351040777	16.64684546655688
-0.361	468.7317055565021	835.1861420782972	16.034963111887087
-0.359	16.77868942606686	846.9813252554789	16.14248360714827
-0.357	-162.78088447208017	941.7829811344639	16.546644054005338
-0.355	106.97248442004259	825.2681201439619	16.205443397942627
-0.353	36.80756004720287	858.2911162254891	16.206842703871338
-0.351	1131.5522159172087	822.945720974047	16.52032432468233
-0.349	967.7704605892678	826.5215936281002	16.546954240694255
-0.347	0.03337100729083886	862.838027174339	16.466782055917925
-0.345	428.8355144159706	885.7822144781733	16.19829420478831
-0.34299999999999997	-115.63085831634012	847.6096402560185	16.925649110856227
-0.34099999999999997	356.494082433656	799.5163970329689	15.896193660661883
-0.33899999999999997	474.1283180473843	804.4655437376058	16.485688206843378
-0.33699999999999997	349.4429142425481	851.2084913415442	16.36587178186374
-0.33499999999999996	-639.1308347948321	822.3241202922077	16.46920489810065
-0.33299999999999996	587.185334652851	831.5603095785663	15.74327522103684
-0.33099999999999996	27.63393977200934	819.6675684463689	16.210043260474805
-0.32899999999999996	916.909615594097	815.6488061954743	16.58469167467391
-0.32699999999999996	-8.27691614402326	813.2455131152115	16.032371875115835
-0.32499999999999996	435.2920329586674	823.19508301338	16.26245271139791
-0.323	-82.77498576925169	905.4904619447897	16.39299554884997
-0.321	63.94715237356685	821.7660616888872	16.0448713983648
-0.319	60.04716363383622	851.154471734653	15.91982544801507
-0.317	176.93617521574723	773.1913078212941	15.884502226136224
-0.315	309.3374068336985	878.607304242473	16.3925663337127
-0.313	-373.9373946228808	827.5608877590496	16.321976754711716
-0.311	41.49957925658754	834.813845817539	15.56047682061199
-0.309	-173.7817016099763	785.5904240581737	15.954653071778724
-0.307	586.6050229703657	819.0935199090403	15.668102391934262
-0.305	485.48195339459534	806.4724763151074	16.54577170069497
-0.303	432.2234614602127	822.6078704804717	16.231242892363777
-0.301	-620.4488935418473	896.1916249473105	16.442679659675573
-0.299	431.56561490764744	824.1159765443339	15.875488735053818
-0.297	87.60739029489706	862.1365786733818	16.83955621478561
-0.295	602.8317166311136	816.4847410612668	16.304485480392326
-0.293	538.4260418783704	853.7010081260224	16.66958399479339
-0.29100000000000004	-296.44042422261043	847.4357614510436	16.168910697864522
-0.28900000000000003	55.86441990890201	904.3129860691236	16.137086614360545
-0.28700000000000003	-47.66427305891163	817.8548205227864	16.38915631887553
-0.28500000000000003	442.3742605677017	842.8787372421974	16.0747751832404
-0.28300000000000003	391.5909930987116	834.3140067223309	16.28326402477918
-0.281	650.5225094910472	824.4972312596555	15.94269161673334
-0.279	-81.73952811840746	827.7114647043286	16.190143431322593
-0.277	243.16084127762315	844.365913951961	15.581365816248432
-0.275	-202.23377394601448	806.9051202148106	16.161630143060123
-0.273	774.3021139976491	815.4529211522284	15.700029068429567
-0.271	299.2060276361119	805.2968977916239	16.136524905086798
-0.269	300.06374899715917	836.1395333666326	16.500326490331478
-0.267	-405.0413605691805	856.6245644078969	15.905622372753411
-0.265	-33.90537368841429	798.5508081653522	16.06044228071114
-0.263	-164.29565691777893	848.1642702650007	16.157258519749586
-0.261	599.4031216376427	823.8394946478043	16.206740062524172
-0.259	581.4275047524297	823.16414888026	16.33333396939957
-0.257	-752.6270936764057	846.332862823514	16.154736121511675
-0.255	78.08943356746312	880.2166324288032	16.255783090638403
-0.253	38.20135480014919	793.7071909513071	16.119876441096583
-0.251	530.5248849214461	816.5609181031176	15.920751429647519
-0.249	310.1534681573259	818.9785794888425	16.239939879352754
-0.247	197.13897645456944	857.5946440215472	16.239376943167816
-0.245	-243.15115876538673	828.636571480286	17.175636662309344
-0.243	252.8171078168828	867.2347832956102	15.894832932158616
-0.241	-380.9662290110705	781.8720224248987	16.458464104258873
-0.239	822.1549494171754	792.6072050142435	15.620043695089816
-0.237	420.4923736035315	774.5568909097378	16.24124715718014
-0.235	-45.866913862324665	869.784556777969	16.077988135161377
-0.23299999999999998	174.6350683111686	867.2431676116695	16.33059171383484
-0.23099999999999998	486.69393371714165	780.2326333797107	15.752918766549078
-0.22899999999999998	-95.41906421117741	860.3751473800328	16.14424071746448
-0.22699999999999998	841.2505033488227	820.0912373839067	16.324018493172083
-0.22499999999999998	493.86362158743145	853.6785565630092	16.295225276867086
-0.22299999999999998	-232.72606398316853	837.6373336429506	16.000554299821022
-0.22099999999999997	229.19271921861827	881.3478625931059	16.13971502241349
-0.21899999999999997	15.954957140129622	781.9531949051843	15.902293141412022
-0.21699999999999997	525.4098756377612	797.83536139426	15.901584137234517
-0.21499999999999997	18.705087240666884	844.0285472809938	16.23745593135758
-0.21299999999999997	337.7974988862942	843.2174210787368	16.4345122858837
-0.211	-347.0650209650428	828.2124294396092	15.867689337920384
-0.20900000000000002	21.009308811104077	831.8455401067102	15.856354161008884
-0.20700000000000002	201.04527105613278	805.4239727796572	16.524522306051164
-0.20500000000000002	662.5058163824971	844.0789544253328	15.834052419850396
-0.203	716.956776100508	833.328930399696	16.383556978315745
-0.201	229.66883946029526	852.7520784414068	15.92428145421491
-0.199	-298.2204232006014	834.8125243641551	16.274507327056654
-0.197	530.7341356908246	811.0216432317392	15.887061998910463
-0.195	32.24046887240206	861.8060662270818	16.30739730442951
-0.193	817.3168377194618	810.7978467520949	16.23225215894034
-0.191	677.9498153763885	816.6758170576894	15.983685934196574
-0.189	-458.6356240144918	814.2885692013855	15.705266504404308
-0.187	102.41859314419344	844.3221951323592	15.607711857733298
-0.185	393.5726646808746	755.2706774304831	15.688038703178966
-0.183	916.0993958228225	818.3907881542068	15.77788140946616
-0.181	273.9430971743229	840.04536077962	16.050814286416205
-0.179	53.117580500305905	807.753645082792	15.858414392150873
-0.177	-430.8548167694104	800.6317556389082	15.557179026671943
-0.175	17.9568238172223	854.1417163393468	15.686267835452197
-0.173	-775.5704311569467	751.6008023672413	16.0655777013461
-0.17099999999999999	88.8579319708871	807.2759373012981	16.382035294058383
-0.16899999999999998	-127.05512517607875	839.4377324765364	16.066326945407674
-0.16699999999999998	-74.34577975562462	832.51018747514	15.71917698901561
-0.16499999999999998	-760.8970113049951	855.3684031545265	16.162763199745736
-0.16299999999999998	411.65504639906203	776.5075752394926	15.897772182751867
-0.16099999999999998	-109.22093412768507	811.9020404276297	16.15058171981841
-0.15899999999999997	138.65508455834785	831.0700443320521	15.898047815776236
-0.15699999999999997	264.47608779145423	761.7427720313788	15.63179173792828
-0.15499999999999997	-1015.939927597409	808.533899515138	15.711681759745998
-0.15299999999999997	-187.09495694158028	881.3322568637993	16.036450520887335
-0.15099999999999997	-481.01256317323316	730.3408212113924	15.612741249795091
-0.149	165.05999490790123	801.1333943529611	15.722371432158909
-0.14700000000000002	-318.9898265701929	816.1458593742686	16.076827405048995
-0.14500000000000002	176.28425019600158	788.7950167043081	15.546463795725725
-0.14300000000000002	-600.8821418547194	761.5113340845841	15.696910161635913
-0.14100000000000001	-54.92719289190706	811.7164568504079	15.683825075078252
-0.139	-83.72112445642621	774.1897902176235	15.97960838321555
-0.137	-31.294315611773982	787.964916191948	15.616865750528587
-0.135	90.98142324570624	804.8255399016962	16.15705386953174
-0.133	-738.4701777581881	827.1447376991506	15.851395557230008
-0.131	-790.8966695063801	790.8329486278209	15.823137980618014
-0.129	-219.93686276700063	783.489412755003	15.683546550862024
-0.127	-521.1424454204528	810.9806219035718	15.60274447804452
-0.125	373.06018557758944	807.3528076567819	15.839720943342472
-0.123	326.4189049201338	798.6925822392976	15.724745561358796
-0.121	-711.2253002938828	810.6427166873856	15.920703314832032
-0.119	78.6657829374704	843.0253383744915	15.52005717591474
-0.11699999999999999	-417.3852000315392	777.0890746244247	15.91677211544812
-0.11499999999999999	-75.0294740540225	820.7824772896781	15.828234399605599
-0.11299999999999999	-290.0973611592583	794.1661614471816	16.16437225413228
-0.11099999999999999	130.1094805745695	824.2729622654966	15.917542246897591
-0.10899999999999999	-534.8408903607104	795.9442519606669	15.614652780394772
-0.10699999999999998	152.03793665929942	804.8939523572475	15.816919150437977
-0.10499999999999998	-118.24533118498515	804.7859232550401	16.076926019164258
-0.10299999999999998	-38.099908501010304	844.9107590121936	15.820791966523815
-0.10099999999999998	-263.6372538442622	824.971683167157	15.914369493376284
-0.09899999999999998	-457.48957751956533	783.8479601363375	15.77825196243603
-0.09699999999999998	-329.3456855126831	840.9301123262497	15.823610422066217
-0.09499999999999997	-176.49793773466538	798.5506537236889	15.883545382025545
-0.09299999999999997	-142.60672957500108	820.2397428542723	16.030457000706345
-0.09099999999999997	-233.3246409569334	854.0949276208859	16.146953186241145
-0.08899999999999997	303.49007547725296	796.9441478920947	15.909378934791066
-0.08699999999999997	-582.8322540742947	800.9637116770709	16.16112980031197
-0.08499999999999996	-167.7810120219725	853.0421347556938	16.067401598063583
-0.08299999999999999	-482.4764665041226	761.9375866458066	15.74378509574172
-0.08100000000000002	-110.45413234889168	804.256436972301	15.764285183646424
-0.07900000000000001	-133.71356799751766	871.1015344909684	16.071168660557255
-0.07700000000000001	91.77685744710118	843.255434697303	16.23002194117399
-0.07500000000000001	-438.91373390303465	813.9882690216749	15.884859523764838
-0.07300000000000001	-200.4806293712802	828.9587974605524	16.078043262093516
-0.07100000000000001	-641.8595923506354	802.8307693610124	15.908343650229767
-0.069	-7.9934739168896485	838.7726564763923	15.931715813671747
-0.067	355.2989919803906	836.6684967673083	16.211843657586417
-0.065	-926.0905413357445	782.7061247049777	15.837443918700306
-0.063	50.79841060884327	828.1941321572048	16.3379716857356
-0.061	-1273.3561615827505	782.4488226328536	16.225611658900327
-0.059	195.2227233275039	827.9909446010585	16.123770716580957
-0.056999999999999995	180.1022780567596	872.249028387301	16.354074252713122
-0.05499999999999999	-194.64370447130898	850.0617520708697	16.06537207339212
-0.05299999999999999	-705.5440102962107	789.1538580608983	16.25052411870744
-0.05099999999999999	-431.18636859185153	832.2912980350869	15.762848286683944
-0.04899999999999999	-488.3906564357998	830.1830097492158	16.34006497098486
-0.046999999999999986	416.2676062953175	800.0789836720111	16.072027488589384
-0.044999999999999984	-388.66415627036855	843.9512065857232	16.474097696927352
-0.04299999999999998	-677.2691868963676	845.0609689686983	16.16764204086705
-0.04099999999999998	-493.81894024536075	750.0447809934807	15.849800984755692
-0.03899999999999998	-348.33238334319725	791.1198273491204	16.04745587494105
-0.03699999999999998	-719.005908247361	741.687167986877	15.760143519185513
-0.034999999999999976	-406.4124965295068	813.549619756104	15.70260749101723
-0.032999999999999974	-273.7315599871115	817.2874752227149	15.925933328807023
-0.030999999999999972	-695.2151843790944	764.6235417847355	16.149978864738628
-0.02899999999999997	-463.19191648269697	804.4171192745746	16.231060661510497
-0.02699999999999997	-40.514453341078394	789.4397135663846	16.047842634452635
-0.024999999999999967	-536.6904252870341	771.0217803786512	15.675752233444081
-0.022999999999999965	-450.1545317907585	801.5916312779478	15.820471576194132
-0.02099999999999999	-474.96257286439027	799.6559585779642	15.914149803166122
-0.019000000000000017	-472.61767401673984	747.7735378513928	15.830256111122116
-0.017000000000000015	-806.7940115775718	807.31694717306	15.610040170714091
-0.015000000000000013	-340.4005896412432	796.676315509426	15.803640887167498
-0.013000000000000012	-515.7950540857214	802.9015789649171	15.917326992766343
-0.01100000000000001	105.32970872034753	808.0376420839099	16.11974822550099
-0.009000000000000008	26.97384089334065	768.6976376903355	16.058115310449427
-0.007000000000000006	-739.8090942255519	747.9562177359585	15.758700429017917
-0.0050000000000000044	-322.04920526024415	762.9268564881451	15.854530058499085
-0.0030000000000000027	-464.414382244871	761.8181714146133	15.91549793968907
-0.0010000000000000009	-256.354220700028	833.9849010920492	15.887692104374386
0.0010000000000000009	-681.1556638968152	796.5914576682784	16.009361746933774
0.0030000000000000027	-706.6230090811976	791.2455686346419	16.151724052632666
0.0050000000000000044	-505.26355685831527	766.1530559897069	15.474071961337735
0.007000000000000006	-335.36881675699794	775.1391192546882	15.77113564450664
0.009000000000000008	-438.04962387450354	797.0344978665374	15.545038935604328
0.01100000000000001	-539.4067072674868	822.2402055427217	15.995771901059664
0.013000000000000012	-581.7192306505348	813.0238679168679	15.682477498365914
0.015000000000000013	-448.37323837076946	764.2919963148545	15.682745130464623
0.017000000000000015	-915.2996797615609	785.7072189327146	15.445733391291556
0.019000000000000017	-719.4792018161422	769.4690263927657	15.862174140509763
0.02100000000000002	-408.68178834663206	806.152345678076	15.6766176725914
0.02300000000000002	-599.8600478271943	781.0250875601973	15.660563173487793
0.025000000000000022	-284.96087296503435	789.4623033205264	15.68480959009892
0.027000000000000024	-737.4146287348892	747.2043524562317	15.61479836878572
0.029000000000000026	-677.900806629883	784.960409849933	15.674209924382682
0.031000000000000028	-1052.8421760700458	819.5658217074241	16.2108258099736
0.03300000000000003	28.888265768189925	794.9178292481394	15.810261586299303
0.03500000000000003	-518.8380355258814	791.907601231933	16.01243004080074
0.03700000000000003	-576.8267465925403	766.7616954345377	15.669360999013433
0.039000000000000035	-822.800465682727	794.3827798127489	15.649181945693025
0.041000000000000036	-341.0474059538648	774.3236091260155	15.536138749243518
0.04300000000000004	-949.2687658838595	792.4944430667849	15.850359172984607
0.04500000000000004	-581.4897857474577	792.3360663132524	15.884459587656972
0.04700000000000004	-753.9612173096399	834.7828639112081	16.066261580521633
0.049000000000000044	-274.2508573160274	763.5722857366464	15.74903974965997
0.051000000000000045	-685.5506129055389	788.4753424843217	15.603989850355768
0.05300000000000005	-910.5740084898173	794.6926524451643	15.743742405403092
0.05500000000000005	-623.9932339711096	794.9961690925625	15.749865670380991
0.05700000000000005	-1164.3905165986678	767.6469451183676	15.804851270078656
0.05900000000000005	-525.7055704875891	768.1550522667997	15.614732998159843
0.061000000000000054	-776.1154096319611	784.6052566214048	15.848258672378298
0.06300000000000006	-631.6502252408096	766.2134282147472	15.450577464791143
0.06500000000000006	-536.3409390045648	799.553935456695	16.450933901807534
0.06700000000000006	-577.6084317369313	759.1488981488942	15.736590922878246
0.06900000000000006	-183.58674825214027	750.9831276283047	15.971937480021856
0.07100000000000006	-543.2073247648716	807.80705569685	16.15852828726711
0.07300000000000006	-906.3648630140974	780.863059823011	15.52184618154006
0.07500000000000007	-1197.469225653669	807.0634642109135	15.733699251969279
0.07700000000000001	-1426.6913633358413	791.6863919407062	15.672595470474038
0.07899999999999996	-851.6289580792202	763.7886810301192	15.60677445845082
0.08099999999999996	-1037.6913787180088	853.6578276080501	16.48124901142034
0.08299999999999996	-1021.7624763151356	791.1779019832162	15.587072639534354
0.08499999999999996	-1028.6714632945504	779.6037417612997	15.796691023956246
0.08699999999999997	-951.918597649426	810.5661892550855	15.970354587700237
0.08899999999999997	-505.43964454119464	822.5416762442458	15.81607693549341
0.09099999999999997	-873.578798914143	823.7690745794164	16.446825009765767
0.09299999999999997	-872.9486272202047	804.8337716511595	15.949856613751875
0.09499999999999997	-1114.3321368071167	757.1093204354943	15.518718332928197
0.09699999999999998	-798.8700568899443	828.9574418010664	16.029012217092195
0.09899999999999998	-1237.2694572074795	788.6399627444658	15.98075987937878
0.10099999999999998	-743.1258539419838	820.5517511201776	16.58695728132055
0.10299999999999998	-794.1569593067354	799.9693876799987	15.500342736583821
0.10499999999999998	-767.8649945872529	811.1342105288405	16.141085079543032
0.10699999999999998	-1226.0197505934434	778.3529907152453	15.37668221728597
0.10899999999999999	-1623.263897970406	792.7947018257389	16.032186925636008
0.11099999999999999	-1001.2818351058384	834.5364181056697	15.968679180092897
0.11299999999999999	-600.947008172481	811.6006563832553	16.09748368004173
0.11499999999999999	-839.1226811871322	797.9656938695089	16.041034956901715
0.11699999999999999	-944.5287825935455	807.6070280971256	15.731697107700706
0.119	-650.4018648437748	820.4477563285252	15.93586268425744
0.121	-1410.6358524337281	839.9153668154187	16.057845671139795
0.123	-498.71026445746924	892.621227608626	16.38402408302541
0.125	-953.5877422728323	801.9324586830139	15.886986020584853
0.127	-1236.721289081588	822.2225587408367	16.272300874462417
0.129	-860.941050363162	804.1124714400694	16.116545245271244
0.131	-1220.566629166253	842.5249331083497	15.795426448765651
0.133	-1316.005212056881	819.2443238939225	15.889769383880488
0.135	-992.5480202008785	806.4739522293728	15.973507033129968
0.137	-1121.856450217562	810.4925498143729	15.803007449251577
0.139	-969.6949791446751	782.6307654414334	15.944759240962934
0.14100000000000001	-1522.3333939656802	768.1071274140643	15.684806343654618
0.14300000000000002	-1350.34159705405	830.9582991892968	16.135420348367795
0.14500000000000002	-1309.8544790181022	813.9581721022978	16.29617592587263
0.14700000000000002	-972.3539800233772	784.0897797247939	15.861687518624167
0.14900000000000002	-979.7582110765424	797.690911017115	16.155156662544382
0.15100000000000002	-1095.4056673900814	822.6820386828731	15.734312120086997
0.15300000000000002	-846.545697960388	841.8404408962396	15.975093843209057
0.15500000000000003	-1087.4821093515009	872.0080354669842	16.639500436900015
0.15700000000000003	-811.0115288811892	859.0970741360209	16.100978560263872
0.15900000000000003	-651.1714485709641	777.989862334576	15.542072203598055
0.16100000000000003	-176.8158782524676	876.9914564964259	16.547709042335605
0.16300000000000003	-1103.6723428067273	813.2751826692074	15.803048214695112
0.16500000000000004	-871.229911397875	819.7391307811741	15.371233081547341
0.16700000000000004	-1096.4234408823436	838.5630176048948	15.90179523718416
0.16900000000000004	-690.3251823461298	780.0895092992431	15.814453505538534
0.17100000000000004	-935.1078013373204	836.3717444681606	15.890973349831906
0.17300000000000004	-361.14632980466246	842.0648236965733	16.141802858123967
0.17500000000000004	-1360.5363829569671	787.9947646894888	16.56917501375146
0.17700000000000005	-922.1015896154761	844.5818295703917	16.409786891687435
0.17900000000000005	-1471.9279086524705	857.3325810062145	16.543356399338506
0.18100000000000005	-433.78919808167996	790.7306358341625	16.253081639093445
0.18300000000000005	-678.2149399567894	847.4120703152184	16.38326648664121
0.18500000000000005	-1346.430684062705	813.3614513898225	15.747322400108027
0.18700000000000006	-1036.4852901055822	809.5781236989834	15.95476496811529
0.18900000000000006	-938.9545343759797	839.0849174015077	15.925292305210203
0.19100000000000006	-606.7776096567723	851.0830400560412	15.866779055311826
0.19300000000000006	-1175.7341338142214	779.4608279538637	15.80103535977703
0.19500000000000006	-553.7419097821905	835.7430983029087	16.30541503784174
0.19700000000000006	-1332.7877865327853	786.7310265719718	15.669442709231863
0.19900000000000007	-1142.7806231961713	865.5679520487513	15.804872795419332
0.20100000000000007	-710.3730244388818	847.9753021838883	16.05438177069828
0.203	-1415.4328310013175	808.6941660607323	16.309299908429367
0.20499999999999996	-999.7043811414974	878.7879433379993	16.324315386799356
0.20699999999999996	-720.2321390302747	850.8596340025206	16.2226706118341
0.20899999999999996	-1506.2941601861057	781.9937478806237	15.980114587780998
0.21099999999999997	-1126.8828146342446	861.5500936077274	16.49066418909019
0.21299999999999997	-818.9253940841246	848.6524143425397	16.052533026065976
0.21499999999999997	-723.0719149514675	780.9726591504473	15.94954713878737
0.21699999999999997	-225.7009441082314	849.756966802619	16.51606636428333
0.21899999999999997	-1197.8258939825403	800.8301438068904	16.214250409752527
0.22099999999999997	-1145.5527404882205	837.9069138052078	16.29281202665267
0.22299999999999998	-773.8859504535789	852.4299614737	16.195129842946425
0.22499999999999998	-1086.7406376026122	803.6152642420941	16.395327384832914
0.22699999999999998	-801.5425315476276	785.4672809447351	16.058077955764954
0.22899999999999998	-444.00653533394063	831.659441021563	16.483603893215605
0.23099999999999998	-1403.2830325154678	751.1630766368037	15.464450888328589
0.23299999999999998	-1273.6738751442101	849.8886789656827	15.935287002589092
0.235	-636.7464551754188	787.7527753384073	15.525246692581339
0.237	-1078.6753086956535	788.6609815541012	16.329045872895197
0.239	-687.0966667583689	823.5196353408106	16.361569178030525
0.241	-894.9725187877843	819.2554081338286	15.974570171832823
0.243	-1107.431355898525	840.0677595343848	16.060901752159733
0.245	-1026.2000132521543	833.4048222197741	16.30603835723466
0.247	-962.2916270086712	827.5370740902258	15.75824856041393
0.249	-994.2907837355853	788.1200719321781	16.402045848720935
0.251	-1090.4489208091172	856.6040504486709	16.298628170618237
0.253	-666.7860725230179	834.7206259692243	16.06937103338244
0.255	-1099.0011611617945	854.2125185585277	16.041545021055654
0.257	-689.4122211917875	831.4772575552146	15.81403323130185
0.259	-511.28122874077866	802.3189891407458	16.002527188158382
0.261	-837.1015666731596	807.2552643081515	16.031033358379336
0.263	-216.55509713658373	861.213622951061	16.14875953637561
0.265	-1050.5835409123642	813.8179695418113	16.26352251796585
0.267	-999.9114770707918	908.4156666416959	16.547698853381036
0.269	-821.5275860006254	810.7775303177799	15.73667995048406
0.271	-1217.9389157538355	770.918465282338	16.355123872708145
0.273	-717.5551035649708	887.0988973517277	16.61430814282983
0.275	-981.4564171974904	841.8188977896513	16.201202758329565
0.277	-578.3148117617376	794.668125586087	15.894154704542542
0.279	-1227.0298069151363	865.9600162104441	16.542842581613343
0.281	-1127.416092993383	815.3471585166365	15.893826060483104
0.28300000000000003	-447.4410131517503	744.7144411326863	15.95272448997784
0.28500000000000003	-760.4139952693822	861.0582477379771	16.221460002668685
0.28700000000000003	-688.5796621952655	815.8539350230193	16.31249012570241
0.28900000000000003	-963.031443161233	836.3714979863248	15.968038847712451
0.29100000000000004	-451.6240865941601	831.6598775762174	15.989307795722471
0.29300000000000004	-1274.207512561798	826.1682618323122	16.335952155381786
0.29500000000000004	-410.3931938517213	801.3700928048638	15.965171417761821
0.29700000000000004	223.47996612381849	831.1453887014276	16.069949467304927
0.29900000000000004	-771.0817289655614	790.5999789358302	15.590806174415594
0.30100000000000005	-329.62634105504486	846.8185394814078	16.615772713123047
0.30300000000000005	-533.2412966573274	808.1566886567061	15.682363384344587
0.30500000000000005	-467.47406529323854	732.1803968416707	15.66812202115313
0.30700000000000005	-349.68587451045255	824.5411030463755	16.428764185120194
0.30900000000000005	-416.7944209355623	799.6285696638224	15.745834312085695
0.31100000000000005	-608.0660727078024	825.294206665526	15.913039715171742
0.31300000000000006	-523.7845374652661	855.8847377338941	16.22869127036524
0.31500000000000006	-902.0510543452654	809.4307143073784	15.959421412642955
0.31700000000000006	-677.3597213926008	792.7417402725406	15.762092204282729
0.31900000000000006	-522.3966772573974	839.3563220361472	16.449612081495296
0.32100000000000006	-819.2151864196973	812.6889525236145	15.97732432531874
0.32300000000000006	-820.9581707721014	884.163269418406	16.274152184680187
0.32500000000000007	-840.3130572739448	793.3382527155196	15.819499383757242
0.32700000000000007	-657.458493301899	798.8248244898671	15.981720634953517
0.32900000000000007	-502.68516150331345	803.1008882583607	15.897167420010721
0.33100000000000007	-284.74134870526416	850.5461917586449	16.046153089113105
0.333	-854.027579303529	799.2433955717341	15.670101578715085
0.33499999999999996	-441.0837899407882	814.8470485720785	16.292593857064475
0.33699999999999997	-413.236651885307	787.3422669875702	16.29677879388549
0.33899999999999997	-371.47873040332956	797.2672648704647	15.769965178655076
0.34099999999999997	-159.24257868626944	811.2445145041338	16.151863589143765
0.34299999999999997	-711.654840860998	836.7011328260976	15.688055369010808
0.345	-676.7019149168663	790.7561718368556	15.600794513348829
0.347	-651.1855090219898	855.3444098797706	15.988920379504716
0.349	-797.9082005580285	783.1759364671304	15.325175425954257
0.351	-1226.4712165583892	811.7355905457767	15.861463205009793
0.353	-460.1934308873235	869.0364195062459	16.229601373472597
0.355	-907.1103908148137	813.4524808286194	16.052618396887556
0.357	-615.4153472053281	854.1707074364863	16.1581254468957
0.359	-634.7698527608969	809.2109451242615	15.391609027043538
0.361	-870.0545930437897	804.813054826252	15.823966992509986
0.363	-495.1347979309517	820.300152314327	16.009821639360734
0.365	-453.2477453265127	859.6990756529881	16.090385070819128
0.367	-626.5554425338715	807.8672908750011	15.665298779469328
0.369	42.01445615370503	802.5292802893186	16.062033486576997
0.371	-769.491141171752	780.8729393659315	15.60414728537199
0.373	-567.2176446155364	770.8355971888057	15.612075098920817
0.375	-498.24696967704085	831.9590959009618	15.849919688447507
0.377	-217.92357122374372	816.3663570388868	15.607698197334033
0.379	-209.67170848507078	854.4621411527626	16.156084004786923
0.381	-254.05196334993275	819.1650656606358	15.928508397783979
0.383	-834.8787826965021	783.3064102924119	15.669426856817893
0.385	-1181.693581661425	798.1367423121656	15.512278506186666
0.387	-237.07234300618384	837.8611769636203	15.905668210382125
0.389	-530.9753160602781	832.0866374982893	15.761408487247564
0.391	-382.88185206913903	850.8172674715427	15.921116761540972
0.393	-196.698529711381	801.3501986068122	15.466621893600571
0.395	-771.418682339653	808.301886004901	15.91908912990315
0.397	-854.1986710529636	840.7235338745668	16.473894207711744
0.399	-93.32118822436009	832.9178277545058	15.70077187544042
0.401	-198.38506493563557	836.7407672099234	16.386979395516825
0.403	-352.63495726423065	859.5349910625501	16.290447131355524
0.405	-1178.0508898923126	843.7704718975816	16.251643025824688
0.40700000000000003	-552.7168821102268	793.4163118328305	15.466147763520828
0.40900000000000003	-761.923627776051	861.858164565842	16.137854766482736
0.41100000000000003	-369.0713871647988	836.2421117576638	16.030843450986616
0.41300000000000003	-875.178378793029	845.6764493380191	16.123011146407492
0.41500000000000004	-379.2902497560258	812.7805167085877	15.697694517042082
0.41700000000000004	-720.0870958463668	841.9427275349627	16.167379363672033
0.41900000000000004	-1240.5631678507057	853.9420156433853	15.954445453611088
0.42100000000000004	51.183570177082416	859.0692269122817	16.069131107968133
0.42300000000000004	-720.6267832908786	840.329946680286	15.823171048077375
0.42500000000000004	-646.331497116126	868.36928885803	16.48486550163306
0.42700000000000005	-357.23228503181656	826.9604407585559	15.83783441497373
0.42900000000000005	-955.2718401271143	856.0905224043363	16.133205208938953
0.43100000000000005	-323.37568012819065	874.597780664757	16.722584463288285
0.43300000000000005	-690.3763231226324	894.5477794291057	16.065789282164015
0.43500000000000005	160.44605710541225	776.0154870657734	15.789882262401608
0.43700000000000006	113.35598634998334	873.7686584650575	16.172039518697485
0.43900000000000006	-74.81864870806376	790.2752404193091	16.041463838467184
0.44100000000000006	-433.5617070663211	824.6113104886085	15.40998027408457
0.44300000000000006	-324.0679990766937	880.1490775183341	16.324827601778015
0.44500000000000006	-345.32275033327676	861.4343762022048	16.32908768893431
0.44700000000000006	-89.82876906904468	875.7302596983192	16.461182728572968
0.44900000000000007	-594.5964367702894	831.6532365691745	15.877886126997463
0.45100000000000007	-105.77333586636595	848.4976993560895	16.341018406154877
0.45300000000000007	-999.4599118872127	822.8440589653446	15.697732904336641
0.45500000000000007	87.82384299133028	840.9993723165677	15.639191900755565
0.4570000000000001	-400.63012211866146	875.5987650436568	16.263512645471202
0.459	-30.653168485605953	898.37976417709	16.83483620368794
0.46099999999999997	-123.41881804922572	823.2251022832962	15.94466213561491
0.46299999999999997	-146.57399235551426	874.2275838547337	16.225478785883617
0.46499999999999997	-593.7176210240036	826.7466817006549	16.077024847918537
0.46699999999999997	-295.52209057503995	842.6814876823606	15.559378389887248
0.469	-491.8030583435096	845.9803684159677	16.32786534319812
0.471	-181.07032447434167	839.268570195603	15.774944602861938
0.473	-869.3884198409662	852.1816927686064	16.24165949833317
0.475	-191.70437727844546	830.9051185583534	15.396443920250006
0.477	-212.3431969710543	886.111058689903	16.598498608654197
0.479	-115.24551840691456	865.803826271623	15.972581377867542
0.481	-666.5500143008263	833.42960160335	16.238096275832465
0.483	-616.3037616386813	791.3527882291779	15.577810387115411
0.485	-414.4594135047086	847.1203652045465	15.831957379904315
0.487	-592.7177131620498	848.2912008391176	15.921112162191172
0.489	95.87376866537767	880.6501067742574	16.01284895299436
0.491	-154.4979009232561	856.7485834205521	15.750651008439094
0.493	-256.17053739646065	843.1244663377248	16.10919464922826
0.495	-602.0741593504297	798.7965751764705	15.708777698140917
0.497	-113.1846261274161	853.0333574620802	15.69747951178767
0.499	81.60818117874946	882.9716016230501	16.790301449120278