-0.499	-58.61682658869771	41.85272839130673	40.285850212463465
-0.497	4.42423715085738	66.40068234531016	67.75216736839822
-0.495	90.30577038404708	45.73343519631964	41.713364454392845
-0.493	-2.103647268603126	36.86656958825018	37.631231202078446
-0.491	-74.92014625054554	38.75077440818168	37.62322160742563
-0.489	32.70253659826139	41.83140316607693	43.05923637243695
-0.487	-79.04388766555303	53.10475666482841	64.93649906551279
-0.485	5.261890172914008	38.563988384241476	39.2496100177518
-0.483	19.86505488504875	39.524677634656015	37.81382039390347
-0.481	1.530455029152833	41.368803762654785	37.488706394546014
-0.479	-54.12187672892976	54.39093850559435	51.20842635172865
-0.477	17.48183442251694	55.6124778672437	56.30982514139155
-0.475	34.32771665878853	38.22146817860853	37.6305649433879
-0.473	115.65857530815293	39.78824012605711	37.44111419057278
-0.471	-25.30756140417534	34.494227840178155	38.337321181171035
-0.469	-151.8744332956734	66.26992009417107	59.824214891556764
-0.46699999999999997	-44.17063201112015	50.97677730403797	46.56547038169194
-0.46499999999999997	-56.37900026977949	39.863510154360505	37.954597166384026
-0.46299999999999997	65.08562370233228	40.8618568809358	38.45511366783708
-0.461	35.0557016051134	38.20178195732425	39.3003427308317
-0.459	72.58384525932193	88.0162412938254	69.08593305085006
-0.457	17.833251840349007	40.47376603217767	41.19754411751718
-0.455	26.34238953325152	37.093259692150156	37.346358342345354
-0.453	57.71959083622491	43.464991814409885	37.28013762254856
-0.451	-32.58321244359319	46.17377778012067	42.09987522159196
-0.449	-30.657806197820214	62.060889408193404	62.518178637072296
-0.447	49.12967521120137	42.264127978780955	38.77989259897935
-0.445	23.60110654953118	35.43009095740647	36.16928474477034
-0.443	-17.311787545715163	41.23049379391716	36.58244840396765
-0.441	2.0338428248223295	47.80203190725939	46.33536333481857
-0.439	24.443487718128765	62.39293988867257	55.712794325309034
-0.437	-47.958206559117755	34.0903660137952	37.191589916760314
-0.435	-48.96271092624804	39.05098702210604	36.124422762462494
-0.433	64.07774710304182	35.30748652270197	36.97997880962874
-0.431	-34.72848269636675	61.254184887134905	54.89133339364387
-0.429	-20.27386704861467	57.16756621099273	50.69983417006262
-0.427	-39.32679648532833	37.34926926944316	36.63997901112371
-0.425	23.531073038762784	42.26699471522873	37.17076988251848
-0.423	43.878976040412354	43.16454877314738	38.97678721101036
-0.421	-47.5189693081024	66.11474562088318	65.53117803280603
-0.419	66.90783081486629	44.3763306687005	41.73146777740871
-0.417	16.903581750327135	38.529050460852524	36.730209078462686
-0.415	32.33952386416661	39.66388726694363	36.789203946073265
-0.41300000000000003	36.890629274477504	48.851631178885235	41.41465043735566
-0.41100000000000003	46.13417495513694	80.99893868709376	60.24430905796081
-0.40900000000000003	-66.00022565927955	40.28518694550427	39.966293184202165
-0.40700000000000003	-0.6200308138026855	42.827247185905215	36.278598639895435
-0.405	74.24962789492895	36.119704870445496	37.149399802414266
-0.403	36.262308010348576	48.01595526794695	46.3622442707184
-0.401	84.85695541593508	69.14704697493383	55.10854236068995
-0.399	17.835880006700222	34.240571102275894	37.37096203919727
-0.397	-5.387609568918705	38.39919662174067	36.12092438124492
-0.395	-15.299886053532497	37.525485053514174	36.358975464451824
-0.393	-95.72126864365593	55.22726942741999	51.355001059969055
-0.391	51.97664206479935	45.8795803541422	50.87641368763935
-0.389	-50.16482390918231	38.6020254980845	36.36554638785174
-0.387	60.34815221633849	39.24052015948029	36.653166051246295
-0.385	79.06772710142285	44.55981191726812	37.6857601167436
-0.383	51.71586759722402	63.31668429005784	61.08416674362951
-0.381	20.232408894926834	47.63404903223293	41.568842968123555
-0.379	-35.44300724822591	36.60518896459144	37.12020014468151
-0.377	26.612260939584687	35.399434944169215	35.85985149061227
-0.375	26.774924457573235	40.698475316045204	40.179541690038654
-0.373	47.446122520833356	79.11427529002397	61.296757225318366
-0.371	-15.331918927441457	40.726030022052164	40.00518141232912
-0.369	-9.885883695104347	34.617893141998415	36.05124139867669
-0.367	-26.42764783311602	37.32635414299068	35.64755197027206
-0.365	18.46592371412825	47.566565012628594	42.391189331340165
-0.363	-84.88228323066949	63.058987758802395	58.97800064609155
-0.361	57.910596982235774	38.49650701472604	37.302647743263066
-0.359	62.46443816726455	35.25743110256165	35.76243008199964
-0.357	-12.601546752644133	37.88000371213131	36.23813255550808
-0.355	45.62012478115385	47.96099436669137	51.84893778176176
-0.353	10.28105159650572	48.46497217191339	50.478880713217194
-0.351	-2.1802785713509465	41.20253427687139	36.762921901761906
-0.349	72.06367337819763	38.94046027422988	36.03288598479978
-0.347	35.40546183589122	39.08534454703175	37.33507114200637
-0.345	16.42130116374929	60.32369446071313	55.7813378445618
-0.34299999999999997	-55.22031806926009	38.26867011476771	45.201597454134415
-0.34099999999999997	-33.16444792278439	38.393532169328196	36.28009757600953
-0.33899999999999997	-4.384836926107916	35.657405224786025	36.015641426111046
-0.33699999999999997	-133.2092419102926	39.46505564846295	39.25124559844517
-0.33499999999999996	-41.4565923790855	58.471864373109284	61.27533982000679
-0.33299999999999996	39.191931310966766	39.27958911352964	39.92126267646379
-0.33099999999999996	-4.208988185872009	36.39325349283154	35.970516899677754
-0.32899999999999996	43.74371802651211	35.83654210711913	35.83149016937437
-0.32699999999999996	-21.443252952835223	43.70517057115985	41.13894746284486
-0.32499999999999996	91.79732695674403	67.5801909649851	62.021190855195535
-0.323	-14.553035185271845	37.83215740377669	37.12395393768255
-0.321	-27.242015054107505	34.44129275421123	35.868183959594816
-0.319	-47.10499319648953	34.97704801124296	35.728127278275196
-0.317	26.343430670205947	55.433026253398	50.29566576700395
-0.315	19.125772482642134	54.97899622849912	51.52544633319734
-0.313	50.5576791454132	37.70217221099139	36.387177601959486
-0.311	19.129224721581295	38.73821957851174	35.70551388439942
-0.309	-90.0601833750958	39.372242100723575	37.120155755372394
-0.307	177.7251722341333	62.378484096399944	57.61229187029396
-0.305	-10.483008384576387	42.99755964953167	44.155487601709055
-0.303	66.70724453150534	37.796875768268315	36.71832530882026
-0.301	-47.05593897313953	33.181409026512306	35.564474894194674
-0.299	-10.848142376396197	34.631395154512845	37.578463385039264
-0.297	52.630099678596665	79.72901192224727	65.2681561100532
-0.295	-30.831813754406134	45.47599474186023	39.78977402807961
-0.293	52.16326344048561	34.2621178207211	35.31508870740095
-0.29100000000000004	4.027029925746106	37.160923396057505	36.15125159289573
-0.28900000000000003	-56.190881173923124	42.993618931215785	40.80040174095441
-0.28700000000000003	-40.399352706055325	62.81290749338667	64.10363848770598
-0.28500000000000003	61.880258026780766	42.474993649970536	37.26104163248068
-0.28300000000000003	35.389315774292385	40.861161772418306	36.59268683479522
-0.281	-22.131184776452706	37.363134498691416	35.622076850109984
-0.279	32.529018853866276	52.196133363709755	48.1884978566585
-0.277	35.76403125271632	54.3584676112812	52.251718996217555
-0.275	1.5458973319226743	38.01223546512338	36.22385132456248
-0.273	-26.563075885555065	40.79605801246306	36.308155645103014
-0.271	-64.97019670714809	40.16474105758103	36.36370307274163
-0.269	-33.66467731158451	58.08294525144112	54.664328058880876
-0.267	26.59039153307674	52.39969250013089	46.924421772951575
-0.265	-16.93986701223338	36.2789457371862	36.261231169491616
-0.263	-0.10173043762939926	38.240599030145084	35.757384872190485
-0.261	-84.5316693980358	37.02770982869132	37.60994668694623
-0.259	7.090932270914507	59.56293648368526	63.872063068724806
-0.257	32.09033352491453	40.862084097488506	40.864994541370486
-0.255	-47.8046669127874	38.431633843503946	36.43521808386169
-0.253	-41.47313442504075	39.00185265212525	36.88711680735496
-0.251	35.3388574720892	44.7106469827435	41.086935558028756
-0.249	1.7378247441079964	82.9058437953626	63.26157907185173
-0.247	58.8887887518208	40.42890980321251	38.17344643173672
-0.245	-38.31707676171803	40.2882795478219	36.6231282672346
-0.243	42.7991442375486	40.86469618188976	36.184877311875255
-0.241	21.580808197141366	43.37310108676017	48.2630462710332
-0.239	-34.80333568994798	57.75664483312937	54.01034997057147
-0.237	-7.743046417374444	42.06941509695691	37.83113854423741
-0.235	-34.503775759753275	39.96413105376109	37.13532370426051
-0.23299999999999998	22.639968442428327	38.95847711772205	36.026665169700635
-0.23099999999999998	71.08166456060161	53.439548882196824	54.820600504808056
-0.22899999999999998	10.048800038520156	52.13429390513473	48.06557293710705
-0.22699999999999998	58.51187375083278	38.48689123382544	36.64847086148461
-0.22499999999999998	43.6953736411283	36.395910999157984	36.97410060632744
-0.22299999999999998	50.205152654303475	42.699989327297	38.08053357268098
-0.22099999999999997	7.605194689119799	60.39702568519075	62.98569968777573
-0.21899999999999997	33.227572993066445	42.61524691412373	41.03984979543432
-0.21699999999999997	72.8195925390196	39.318752593253336	36.684361325970045
-0.21499999999999997	10.935062712214005	38.482560379857965	36.412510954033536
-0.21299999999999997	-3.427654007959191	41.77981050156398	40.849736180234444
-0.211	-1.273880033902941	62.23508709011243	61.93677558160135
-0.20900000000000002	31.652058758435686	42.134073908103005	38.86155912324289
-0.20700000000000002	20.334044277037222	35.1498814986214	35.46479179446697
-0.20500000000000002	-3.291127360416368	35.45354409665983	35.833424011515646
-0.203	63.644550071684236	45.06141610901574	44.44966749328902
-0.201	60.200301417623336	53.62201739429174	54.65368163635263
-0.199	41.290185696318815	39.31727456649242	37.4061954939562
-0.197	33.53761775004571	36.158872618250086	35.856845461579915
-0.195	-80.741029159781	36.79865408160974	35.95665784717196
-0.193	-61.51059369652323	48.07913339027566	51.7404999822185
-0.191	85.01385388348659	58.253089883950835	50.78922878963613
-0.189	-49.831900974961485	38.080872232644914	36.302124337765996
-0.187	60.55686585360043	37.853783750736326	36.39661577713434
-0.185	25.094895093280556	36.52597704633283	38.223995571289464
-0.183	72.75802117012731	72.89669594665214	63.946722313733346
-0.181	32.714964987468065	42.94563068663649	40.96059193180816
-0.179	-12.382035988744988	36.71848964539638	36.13474180253004
-0.177	-1.7506099627695448	39.578202835847534	36.1766222232156
-0.175	17.948528293620925	42.3118202997112	39.37559421670599
-0.173	-72.4753017548041	59.97670838689261	62.09996312402933
-0.17099999999999999	-47.568785307650074	36.05272091866331	39.37421656288843
-0.16899999999999998	10.310136024260785	36.11780625226014	35.605433677714664
-0.16699999999999998	9.550896327814584	36.51608847623413	35.5903115039511
-0.16499999999999998	-25.29783053661916	49.688086498653874	42.813854116020806
-0.16299999999999998	-49.879725014578824	62.407286507670044	60.78918936301078
-0.16099999999999998	7.6438749079255075	38.82614817913467	37.232922356837946
-0.15899999999999997	-89.40524519707171	37.8671558598149	35.58830002809465
-0.15699999999999997	32.96503407135276	34.73085462370462	35.96343131283728
-0.15499999999999997	-25.76659995945363	53.710649187297065	51.073104289118056
-0.15299999999999997	2.9074180150079343	48.831978008715765	49.660004836748
-0.15099999999999997	-54.94166749531182	35.094636292283504	35.82091791240888
-0.149	-3.088058929234805	35.87851476251132	35.602621565976015
-0.14700000000000002	31.781632036542717	37.567127939413744	37.29006510548536
-0.14500000000000002	60.291401750678375	52.15716542725091	58.491096084220764
-0.14300000000000002	55.19843931289792	40.03340619623353	43.304336212994656
-0.14100000000000001	-61.702050677125975	37.898731954235686	36.46624102913634
-0.139	2.959456657514181	36.121594112660155	36.329398845988024
-0.137	-15.112089251867467	46.257584292542724	39.795474771872385
-0.135	-61.86490307114045	55.33268795778984	65.86996966603547
-0.133	13.92396635413462	39.54878659488071	38.895948683801656
-0.131	-29.621306869676012	41.31172778321054	36.17389755047826
-0.129	130.96576705762254	40.17818360095433	36.45995445475462
-0.127	73.97064039049717	43.42723319811787	42.23866119172907
-0.125	-16.84366499576928	62.27396473675309	64.986685709505
-0.123	-24.018234974221286	45.19083239804851	38.287336257190255
-0.121	2.215012968820318	38.57568224159351	37.05568487161679
-0.119	1.0545461242017495	33.975819897900074	37.45313992894761
-0.11699999999999999	-1.964748976956976	58.101492629267234	50.453371636532665
-0.11499999999999999	-16.296374892754706	50.149309555208816	53.95704572369069
-0.11299999999999999	-14.452531688968762	39.327414449981056	36.03258642410545
-0.11099999999999999	-23.886113120097363	37.306129284006474	36.3173739165886
-0.10899999999999999	85.19834719100672	42.661239518505774	37.64399268742189
-0.10699999999999998	-6.980940332801389	56.160283018729075	56.71854259729372
-0.10499999999999998	-78.41129374397404	51.00697972041214	44.93024491191235
-0.10299999999999998	9.153473124579037	37.89443835327381	36.13096641093311
-0.10099999999999998	45.82424567267651	36.52231563355407	36.07327223077004
-0.09899999999999998	9.774116577876413	37.62520935189207	38.86165331930764
-0.09699999999999998	42.89489223907594	73.46173089235167	67.83393929288893
-0.09499999999999997	-65.9839695662523	41.610160036447475	40.61509013933387
-0.09299999999999997	-14.65125366895137	36.75507215130612	35.88127248702434
-0.09099999999999997	32.0781942917403	39.36035643469356	36.583576963705475
-0.08899999999999997	-65.58001817247305	44.638847485563204	42.09754614301106
-0.08699999999999997	-11.22137174158766	74.50301779804417	63.19674809097168
-0.08499999999999996	50.30456152632645	41.70735696556727	38.874172375962
-0.08299999999999999	-3.268026947833569	37.76009025245653	36.86673926771529
-0.08100000000000002	34.19106957158746	39.5266206875017	36.19855261172853
-0.07900000000000001	4.765149062890828	44.57207496200902	48.44247166860184
-0.07700000000000001	64.9243629349261	59.73905474415294	54.37567984068228
-0.07500000000000001	-34.33038720668247	35.43926465161749	37.49165301028936
-0.07300000000000001	55.26805410860369	40.76354180522577	37.65295411368036
-0.07100000000000001	54.635922719370456	36.508951235474946	37.39371024987741
-0.069	67.38239953762992	69.15013417417146	60.99189475277009
-0.067	40.38122899996388	55.81438435661891	46.2790645199997
-0.065	-5.56601174350746	41.05587237691401	37.02196911517529
-0.063	42.0110293646303	39.412784673491	36.6013217355643
-0.061	85.63891872404028	37.48628950455802	38.24798499619334
-0.059	25.17004769964082	54.739530657374225	66.1401031452125
-0.056999999999999995	-39.772798349657634	42.92584981898071	41.8862730100481
-0.05499999999999999	1.5310537813117975	31.851288622348154	36.32246979775894
-0.05299999999999999	-22.008313811494595	40.04333888447308	36.888155883187046
-0.05099999999999999	39.234995159453945	44.05743278217691	41.17013994448254
-0.04899999999999999	-9.758107392565663	59.906720921165196	66.18083177280893
-0.046999999999999986	5.661704205461859	38.89141297520723	38.61212489781943
-0.044999999999999984	53.80393441312137	39.089736058341686	37.12492643485485
-0.04299999999999998	-70.50907890160386	35.688427997982906	36.26029933080693
-0.04099999999999998	-41.3515366803896	45.58363427538506	45.695520849545936
-0.03899999999999998	-16.230944549944226	64.60374487878711	55.1522468994883
-0.03699999999999998	-40.86301189687447	39.073272999952096	37.661018004079395
-0.034999999999999976	38.3574520395058	33.92885172387577	36.59111342424477
-0.032999999999999974	11.706268349342963	41.43273022982117	36.785433652177524
-0.030999999999999972	32.549901622935806	53.43114809674672	56.40305962036341
-0.02899999999999997	25.204505743392502	57.54830118914259	48.932931383512404
-0.02699999999999997	-68.732019081863	42.35614877517877	36.86565600233798
-0.024999999999999967	-46.43311281016249	41.56934830999631	36.76049170630588
-0.022999999999999965	5.9007781203490595	39.24246287039431	38.94752802090984
-0.02099999999999999	-25.31645664050064	59.76524333450833	64.6167701144934
-0.019000000000000017	8.305780728967704	46.93982515709824	42.26972574606469
-0.017000000000000015	-30.91081764761139	37.54973543070375	36.56648358633845
-0.015000000000000013	-25.456901537102006	39.454517144474856	36.539572622697335
-0.013000000000000012	13.617175087299316	43.616266679819	40.77964437997329
-0.01100000000000001	75.60993724697873	75.25469168437313	63.27828998818876
-0.009000000000000008	-20.45183395893435	44.215108618849925	40.37414310855808
-0.007000000000000006	-54.8218642739684	38.09235501749095	36.8936081157458
-0.0050000000000000044	-197.68723895341455	38.779798781130154	37.00958227964959
-0.0030000000000000027	-193.85679302630354	46.3956005463304	45.69555163547116
-0.0010000000000000009	-336.54240538749656	65.92111701856606	57.80525349839628
0.0010000000000000009	-339.468722416969	40.721144517165186	37.788731743641534
0.0030000000000000027	-344.06355545557597	37.734943273558656	36.611237583356626
0.0050000000000000044	-244.0389448249425	40.17737815843023	36.19894336391768
0.007000000000000006	66.46849909386354	68.52213848098576	52.29480330293921
0.009000000000000008	-45.99428988871779	64.77748291190022	52.11002298725068
0.01100000000000001	18.62916805617232	37.89212543674218	37.24016661102166
0.013000000000000012	9.645897645738088	37.13904752116344	36.62389541354891
0.015000000000000013	-0.09373111575783355	40.494088776289416	38.58795373403708
0.017000000000000015	10.174691038145056	53.59530248503207	64.5509447006395
0.019000000000000017	-5.234647894036826	52.77429001175952	44.66621082391671
0.02100000000000002	-22.050842175214136	42.89473726945551	37.380783570888866
0.02300000000000002	61.685529448629595	37.881332406431945	36.724726041235044
0.025000000000000022	17.48231347908913	35.64562207035453	40.01647320081064
0.027000000000000024	54.022976571976855	64.33050652206894	64.19949236058615
0.029000000000000026	31.14872791520895	40.52663839248225	41.76867270140736
0.031000000000000028	1.3535475287262955	38.605561933663544	37.41885339984328
0.03300000000000003	31.54723610587773	43.0614387056465	36.68853920208883
0.03500000000000003	51.27240093805163	44.37337095700289	43.841237297947664
0.03700000000000003	23.261517462458414	58.611083464118245	62.84823638526178
0.039000000000000035	-16.822853322828735	40.98403064963264	38.51747451755643
0.041000000000000036	-23.606242419482726	38.09602163901994	36.846066395782685
0.04300000000000004	63.60306727914988	38.7307637125228	36.6321691104511
0.04500000000000004	43.52010899699721	54.87487149093831	51.46592030379726
0.04700000000000004	52.07198079792974	62.98665750750964	51.25550281613019
0.049000000000000044	17.832672976725306	41.46492602125812	36.33040825291825
0.051000000000000045	34.87743301500146	35.70763003570645	36.48952732092342
0.05300000000000005	7.836845957065464	37.058689450403484	37.53335856271598
0.05500000000000005	-5.413069715132224	74.41704397344517	60.38671666255501
0.05700000000000005	-42.46415314390628	42.62906592936549	44.58198835167948
0.05900000000000005	41.49293271460408	36.01221070326804	36.45502645956885
0.061000000000000054	-48.99035137917451	36.64043721110289	36.91516002133273
0.06300000000000006	94.20401279047752	44.82730488549914	40.57991972702313
0.06500000000000006	219.05227139540352	74.65373358543367	66.01278545303866
0.06700000000000006	8.258429492258301	42.28122581068691	41.072730587078446
0.06900000000000006	-18.820224402027463	42.57963825013572	37.56809918035855
0.07100000000000006	64.88673642790488	40.98324848800057	37.300594530255474
0.07300000000000006	-98.96336654224847	40.206913411961246	42.37119257725951
0.07500000000000007	98.49797213257183	74.4392992369538	63.51617031515351
0.07700000000000001	-53.82132064846168	38.53743267700948	39.279602546821415
0.07899999999999996	17.485465050981475	40.52936285015891	36.771503881919465
0.08099999999999996	1.709768259861022	37.93430336362372	37.07476630584654
0.08299999999999996	51.70917814223408	58.65362415713101	51.12535516834692
0.08499999999999996	-85.18197636042669	59.66027061488276	55.644418574794805
0.08699999999999997	-84.94612913112488	38.61154200300353	37.53329302249991
0.08899999999999997	-19.833520907619473	37.554558108104516	36.910444777319675
0.09099999999999997	-29.745113369838982	39.42510158800324	38.02068704031031
0.09299999999999997	6.939067958011691	51.81536342405348	54.15752545894497
0.09499999999999997	-49.4168209903556	56.957770880635316	46.43770367125934
0.09699999999999998	17.393090089301566	33.39518065413404	36.89855165486803
0.09899999999999998	17.527188554300466	39.479097026011104	37.427953121916886
0.10099999999999998	-3.3389002920269917	37.66460015674812	38.91914781279454
0.10299999999999998	67.67683526542889	66.74877551085588	66.99965082262145
0.10499999999999998	-15.056705979676899	41.89018377612452	41.310482973908
0.10699999999999998	-86.88410392243551	36.728231771441514	37.06746213116524
0.10899999999999999	22.79638353774871	35.44110209665472	37.249351301539136
0.11099999999999999	-20.618621830781336	45.82616793516749	41.87754984915582
0.11299999999999999	-46.968053526552644	62.67172154954925	66.51610306877899
0.11499999999999999	67.67181186506654	39.431082560012634	38.266045350102864
0.11699999999999999	53.80554816913907	36.4400238074957	36.2375449798269
0.119	59.165065058319755	36.39727127981267	36.0948108022947
0.121	27.52822748464112	58.911965730097236	47.38757591177205
0.123	71.90314796567954	63.06708910684947	57.032172542610816
0.125	30.677304075910072	39.88417728888536	37.13042717236007
0.127	-43.123109661591386	38.907448105111975	36.38540909994524
0.129	-37.35295153306506	41.783560260593326	37.93196342337448
0.131	-37.18385433004734	62.12938990721856	56.46928941055612
0.133	47.73429484417058	50.07495738714558	47.87919775020727
0.135	13.701920926090239	38.03326556567011	37.27885965366207
0.137	-15.940857640450723	38.88645854038828	37.10197634876681
0.139	36.582208702951036	40.87786962689197	38.78910026365654
0.14100000000000001	-49.57740934985466	79.67065230648748	67.99311577366947
0.14300000000000002	24.038569788942254	46.79478909979133	42.814994435332665
0.14500000000000002	19.964552824713877	38.341692659684306	36.93539834471332
0.14700000000000002	-28.460245415806718	37.728668833303274	37.02014049243635
0.14900000000000002	-44.56788562856584	42.26270762216949	41.15304729157838
0.15100000000000002	3.301223432616851	59.61203016240252	67.22241818510534
0.15300000000000002	7.267867288662799	37.207618501268065	38.88128918496598
0.15500000000000003	54.43950186512225	38.96895947798369	36.65499485582496
0.15700000000000003	-41.226633765711895	37.85206392396008	36.89115125672324
0.15900000000000003	-91.65044699210867	46.56921847524912	44.54995016400926
0.16100000000000003	77.19589262378257	61.62650362716964	59.09165423174025
0.16300000000000003	-45.9544930100364	39.31440665943443	38.245798434087
0.16500000000000004	-52.282449339302595	40.78232570681454	37.27139316224244
0.16700000000000004	31.061493423356623	40.536335494928686	36.906436086106645
0.16900000000000004	-67.70446595505408	47.617477546350194	53.811217883666494
0.17100000000000004	-24.05456164988884	46.15668824283223	50.22499649885734
0.17300000000000004	-8.704707273543555	37.674226171118214	36.73497469854511
0.17500000000000004	-65.45818356262778	36.55265608447638	36.88472945575656
0.17700000000000005	5.8503492588179995	44.01041563850011	38.94695906798089
0.17900000000000005	1.8202057574523423	74.54021400683756	63.116289403350294
0.18100000000000005	-17.32068740312176	43.742870988449454	41.655543151748745
0.18300000000000005	22.40467212288877	42.4236692265405	37.347374399068975
0.18500000000000005	11.875445937725715	37.963357806980646	36.72321585187022
0.18700000000000006	59.327294530175934	46.89814223774076	41.35120605585628
0.18900000000000006	-18.791937269502235	52.50367032348182	63.62298760116575
0.19100000000000006	-35.540019818203206	39.42550932606306	40.164854275500765
0.19300000000000006	2.8093913275739624	40.53403904680246	37.23494464634951
0.19500000000000006	27.32918747549995	37.529037462161924	36.18348546544387
0.19700000000000006	-3.616618300728014	48.092989895534565	45.67338777580654
0.19900000000000007	-25.770690565862786	62.273394497098295	58.888157202030264
0.20100000000000007	5.228834257131609	38.89813958990245	38.50717053897894
0.203	42.45389793400278	39.2754669470674	37.13986541469928
0.20499999999999996	11.011585310249927	40.72755776710491	37.42716250809954
0.20699999999999996	-4.025032752985602	52.392233856085994	53.02573819607772
0.20899999999999996	63.94227740735836	58.28977438586848	53.66378023777385
0.21099999999999997	-26.37337193056588	36.826036079539	37.627526593704786
0.21299999999999997	4.5421559380365295	36.69390957885217	36.74372993405236
0.21499999999999997	41.72893311649162	40.56092953229781	38.790597547601806
0.21699999999999997	40.85569577494397	65.01973778526272	63.71618078059783
0.21899999999999997	-41.92858704199498	49.844565114297055	42.21824333536152
0.22099999999999997	-67.95122461589199	42.331182547958925	36.560073497118935
0.22299999999999998	8.193622026420044	41.66692423972017	36.69966742514244
0.22499999999999998	109.25658917093628	39.24759909673668	40.36718203278362
0.22699999999999998	70.36865253562397	66.71822970059105	66.35211608862996
0.22899999999999998	-16.562314190782246	36.00358236986434	40.353045107374584
0.23099999999999998	-18.00706506227545	37.86541967756168	37.322602589982544
0.23299999999999998	14.844596529339782	38.33364310161369	37.33504606450954
0.235	12.353674610388055	52.71467717283084	44.54598754422241
0.237	92.52266189307967	64.28547087485562	61.32482285750578
0.239	43.8558678936829	47.689681551239794	40.110311373536916
0.241	14.312116239256767	41.335576410925306	37.16132529985633
0.243	11.99525131867496	39.438288019271056	37.84489962682906
0.245	-22.72706012251824	52.651857739248825	52.242378026469304
0.247	3.7310129552547977	53.063928764965176	53.54632772118181
0.249	-14.553017343654773	41.23165160009624	37.30716709619141
0.251	73.10301320040402	43.14447214136064	37.84645910658425
0.253	-40.47547941532503	41.36099534331723	38.47183492054038
0.255	-47.88283599566068	55.878092157833095	58.42511760019799
0.257	87.95156486018918	49.30796578815519	44.11468047236399
0.259	-30.665754931491485	37.11445949668877	37.10055109473067
0.261	69.91638102094022	36.88764675335909	37.028106183773005
0.263	-41.327579866856645	39.02436511188437	40.00905605509783
0.265	-42.78884363762003	59.65136376440281	63.31055813252689
0.267	-45.57033325847115	40.51412230620375	40.90408915810094
0.269	17.87425272214982	37.94344745419483	38.15273720043493
0.271	-1.7374101567435574	42.231889165118254	37.50250771320738
0.273	16.66405069800092	45.12703553564052	42.916455841351976
0.275	73.55042254464372	67.1391806569069	65.63320146005258
0.277	0.2062656876411495	39.13493937252226	38.6369583703473
0.279	38.96084031707048	37.00788377974861	37.23169120456971
0.281	-17.655682013506535	37.59619936899134	37.13774884912384
0.28300000000000003	-31.20926041044747	47.953680450888	50.76569696571605
0.28500000000000003	66.87799118343385	60.38188308371804	55.43122395082081
0.28700000000000003	67.37586479421687	36.10716571261686	37.30006514399145
0.28900000000000003	12.573928834580528	37.39016422784542	37.14751316748177
0.29100000000000004	-16.46512666420019	36.442231214237424	38.803838001746804
0.29300000000000004	17.115826107749754	60.52452719976093	57.22601562790203
0.29500000000000004	53.48539152172371	44.06952365083	45.94335327163203
0.29700000000000004	-14.916415690624518	35.11384397019814	36.45830934872022
0.29900000000000004	21.31444126152182	38.581091658197636	36.03348577945687
0.30100000000000005	-26.34565636927544	41.270960663302816	38.41378452759835
0.30300000000000005	-56.558865197287034	61.97877879649005	65.12796342620602
0.30500000000000005	-19.457867830641185	36.14578133373087	41.02619783003066
0.30700000000000005	63.98822323738784	38.275104383673245	37.317896893521535
0.30900000000000005	38.78498703357991	37.52218808176355	37.141731088820436
0.31100000000000005	-29.950517604460103	40.64236618389849	42.26807814256391
0.31300000000000006	-37.32001625278425	68.91565911659376	63.957329968889994
0.31500000000000006	-19.49704363446436	39.072062181223984	37.55403876052246
0.31700000000000006	10.62737356383181	39.80250450467252	37.574285254602195
0.31900000000000006	47.64312276384075	46.56734476410414	37.19648350296301
0.32100000000000006	17.66300362970874	48.18504999271743	47.07694567788113
0.32300000000000006	-7.668880766309449	56.02622967697762	54.81094532899117
0.32500000000000007	59.60535247195864	42.912357009840186	36.90124261262242
0.32700000000000007	-10.215537152968857	40.57245248116046	36.26285727192524
0.32900000000000007	-16.266568206191323	38.50829869172631	36.94666560508984
0.33100000000000007	-13.605524768922628	61.02065540302505	55.11105863930154
0.333	17.44675059889289	46.84687119168751	47.15627711910887
0.33499999999999996	-26.21002189440169	41.16580342752415	36.87825320316518
0.33699999999999997	-23.578686024983142	32.113911604067596	36.457307490245135
0.33899999999999997	7.342878141081144	39.965697680318755	38.8929649821489
0.34099999999999997	-90.67277420438114	61.41988625470317	67.77480550033928
0.34299999999999997	46.28800638739605	44.33501572211215	41.2054731747695
0.345	-12.458338221832399	32.166023121049186	36.725794509438536
0.347	14.949001554187547	41.60986556453736	36.60828304446741
0.349	43.98081194234571	38.9078272018754	41.72641042289374
0.351	58.244619042913115	62.64991708004297	64.53749221999927
0.353	-50.442822679519494	39.43973634544114	38.63916452778703
0.355	-15.941147795239807	39.78874930257321	36.5625820175421
0.357	-9.62870220466705	39.30402517093713	37.463905898065065
0.359	76.50663608016472	43.66979108710112	46.48257399928439
0.361	88.6070741805689	63.40732289239072	58.2731087421907
0.363	43.0244993305795	39.25025764375001	37.86725572383414
0.365	-64.17031891858826	39.90186519389434	37.50767092105303
0.367	28.976138256142647	37.722277319317115	36.85783791506834
0.369	51.76511250382099	63.35622313740122	55.91761181027813
0.371	-17.534541990937846	51.96196787576473	48.4222445188865
0.373	20.214519752981275	35.37376545545293	37.29634385961989
0.375	-23.3504052002953	35.374369547389875	36.72795247378084
0.377	36.255948401731075	38.27639491431547	38.59280908484924
0.379	13.818899463169387	79.81261079128917	65.50727437079492
0.381	8.726316106155707	44.23410839973742	40.97241547824721
0.383	56.780179102933204	40.39954718084831	37.06708713509976
0.385	-46.05318503780875	39.64552914494407	36.881811315363606
0.387	66.10394028072619	39.50835009398618	40.5324059566547
0.389	-6.155915501793174	59.21465010615407	63.61912072722115
0.391	-42.56144383041338	39.63387274163212	40.03784773367797
0.393	57.92748159394456	41.70231788377142	37.01872540977232
0.395	48.80673885931941	34.96564184467459	36.73575408335836
0.397	-6.281850147948909	44.29834357727053	45.8868050025789
0.399	-78.19761605254439	51.37364492925075	57.81085000545885
0.401	34.87300819160488	35.71643445702147	38.32600284364008
0.403	5.338798625409424	35.846090890839086	36.901449984594706
0.405	26.11682956943362	42.557037065691745	37.16466094432081
0.40700000000000003	149.6775685774221	66.64705741752304	53.937146715543754
0.40900000000000003	-28.20259291302918	52.99408059920885	50.42698045004416
0.41100000000000003	102.01331804848834	39.09310855858295	36.44043247668336
0.41300000000000003	-74.79829970025165	37.35099360647391	36.99212766831742
0.41500000000000004	-0.38456626216820666	38.1070056133717	38.30217158541885
0.41700000000000004	116.41737593914847	75.67920855145657	67.06229319043837
0.41900000000000004	20.690363867092998	40.91470395457386	42.62339135687117
0.42100000000000004	6.033713687125797	41.121430340713516	36.975847983202485
0.42300000000000004	49.874914113123836	39.991009367038316	36.99929474258944
0.42500000000000004	-9.608811983308208	44.00103608977575	40.43981654112883
0.42700000000000005	148.77337118957	75.61372107073697	64.08144688848499
0.42900000000000005	15.836390979018233	40.75200341684083	40.14219722960623
0.43100000000000005	47.26596622739443	40.562035432129484	36.47190827797875
0.43300000000000005	57.89513201004404	33.15818564340541	36.734443480659635
0.43500000000000005	-14.251204996318378	47.14608533623234	44.29721885349844
0.43700000000000006	-21.679876101465823	70.43094868428928	62.09465451764202
0.43900000000000006	35.0533990467472	36.714418844009934	38.044889382625485
0.44100000000000006	-19.81659749394904	41.201600854376444	37.21559348481437
0.44300000000000006	-26.00390681328779	35.6186879371162	37.19501510336042
0.44500000000000006	59.14109724325378	58.012317779270454	54.26700745503565
0.44700000000000006	-0.2674587730178146	51.34344646666922	51.08080977343275
0.44900000000000007	2.1526441469355007	37.914100063589906	37.22269537783036
0.45100000000000007	-61.45425620118772	38.87774857012805	37.187916031824585
0.45300000000000007	4.856976663747403	44.797565221627025	38.84353639286747
0.45500000000000007	-239.1150138121301	59.29040010231153	60.984176679801145
0.4570000000000001	29.56242898788375	44.63462180032016	44.73156882786312
0.459	-1.713852751272782	40.661582450890634	36.75322870646266
0.46099999999999997	92.29275851341256	36.77355944880226	37.434658379368194
0.46299999999999997	13.581170653420571	47.120241904867655	39.663445469154034
0.46499999999999997	-39.61052859535741	55.467338843523486	63.47543932010567
0.46699999999999997	-8.637737534011869	41.69345673756062	41.666760728374435
0.469	-34.938184858113175	37.75334155030226	37.317352485068014
0.471	-46.15514355732486	38.08502195277238	36.59906491315229
0.473	-58.115315487161645	43.649489016622965	43.634688328173674
0.475	-6.666322058701546	64.87315195781765	62.56792562690729
0.477	66.96255687521635	39.4006616990825	39.118422609355235
0.479	-54.43601314114588	34.84090897754742	36.55770524432851
0.481	83.31546142326118	38.78260572608361	37.58951656310072
0.483	-16.157568292207714	55.47619747533838	52.10986504503271
0.485	-83.99540318138054	55.83056361218567	51.824460217562915
0.487	-20.429808201161137	38.48393784262768	37.17850533113473
0.489	-65.25964886583412	39.8090041977469	36.92458241789036
0.491	-13.839584400376914	41.855849618318146	38.35592921381352
0.493	-0.5321682565728736	60.46699531531078	58.519248889187814
0.495	78.04771724551074	51.0020437406857	45.70630511192189
0.497	2.6778319848208554	32.95965139351242	37.12860917574436
0.499	-18.575049819058442	39.28567138574251	37.64771428553233