-0.499	-19.96197786502396	17.177161932515435	13.596253964594675
-0.497	5.089127691038087	16.976590416825548	12.228703194042595
-0.495	6.226395905750692	14.892534025527329	11.94979989022842
-0.493	-18.3743911487122	16.209094659104945	12.305795975683482
-0.491	42.01520640023659	13.945777352392309	12.085484907886112
-0.489	-23.88296658195621	15.75595199839067	12.009184296331169
-0.487	-29.830934426433586	16.076207442840627	11.75122840555912
-0.485	1.4047269747408109	16.530191770866466	12.018694322818348
-0.483	-20.58211860611614	16.920331916454856	12.07624799888564
-0.481	-17.4473374836559	17.24250179790076	11.940733045874438
-0.479	-6.445285197886896	15.863890504201212	12.086960107098182
-0.477	-8.834514705347019	16.768123855694345	12.0819032948622
-0.475	5.12683746434206	15.40526825384797	11.677338086684077
-0.473	23.52132408312002	14.683378108757323	12.213649603157625
-0.471	-8.21277844964552	15.679540281681973	12.52242134094683
-0.469	14.54260216959824	14.294207491774584	12.0086813443018
-0.46699999999999997	21.577379081705317	16.061878269604808	11.612941104821177
-0.46499999999999997	10.554654843009104	14.650322583862947	12.359367536346323
-0.46299999999999997	10.036977839078531	15.47191918035784	12.299542151320896
-0.461	8.60862901785886	16.291884073121008	12.385100854075196
-0.459	5.908538773358174	14.6411737190666	11.949638513232586
-0.457	45.00666487650129	14.505571861174303	12.303536533287474
-0.455	33.39515616596067	15.68702185212441	12.012435445098289
-0.453	18.832042182115316	16.59790090265288	12.372991741299183
-0.451	-15.714915881703817	13.653508415119592	11.56731526477802
-0.449	11.596320274698257	20.60930419750916	12.776539006115977
-0.447	10.367894504259567	13.493428772790102	12.360728511171875
-0.445	-10.409091189877984	14.527449429468524	11.936009837643594
-0.443	-5.452539159289671	14.503679532508778	12.087368815346816
-0.441	17.66348027931741	17.170854942280318	11.940946311155853
-0.439	-6.205635003531107	15.39554886419836	11.6775403699941
-0.437	16.18175925077736	14.983375174859413	12.1625332674935
-0.435	25.945984967856717	15.143475241745408	11.88846535936778
-0.433	21.79677004177094	15.418057588267292	11.67937135255316
-0.431	16.572398210623618	15.86715385369406	12.296668920458043
-0.429	7.649131202880355	15.171748009801421	12.231574314029473
-0.427	2.593034470255162	16.360174546179472	12.011408425688032
-0.425	36.166899478828896	16.89413082966472	12.217374015404278
-0.423	27.79658349472136	16.658345852512767	12.531494206547439
-0.421	27.792163050488483	16.648124113177104	12.017846719272837
-0.419	1.9910330115724406	15.66936276341616	12.086773349960307
-0.417	34.421570528353485	13.187774078654703	11.756781620647796
-0.415	5.311255912632262	16.705205966981296	11.876370979861274
-0.41300000000000003	-17.07895025060413	12.99328108292312	12.229738334298089
-0.41100000000000003	46.70526408578901	15.20778709266687	12.084183485255506
-0.40900000000000003	16.20265387636266	14.442564343521246	11.8053444771035
-0.40700000000000003	-6.116912304121591	15.721451670546434	12.298881056289757
-0.405	17.17043960103304	15.527833668813523	12.308032234349723
-0.403	11.40972806523699	15.575727086308037	12.01542974450436
-0.401	20.140906045185147	14.842730194102533	11.880344002883009
-0.399	17.465912274250428	16.94028740608653	12.550537017515184
-0.397	25.257242225018572	14.182181896209215	12.0149943172676
-0.395	5.394726800833638	16.057462251290154	11.886562973936744
-0.393	10.706287265627168	16.57554578328507	12.162740132805318
-0.391	-24.163367141949443	15.930208247825128	11.757151356714191
-0.389	12.627311009705267	14.936295738943763	12.008409575860082
-0.387	27.452363696500726	17.11593219096791	11.950576513813907
-0.385	22.47362381546658	13.808411325413733	12.234773335084089
-0.383	-11.571987145408968	15.601834895517737	11.941194133494792
-0.381	45.052289005864665	16.485550887533982	12.310308805177685
-0.379	26.428710669046396	13.12251929539361	12.458985656353363
-0.377	9.167374572127684	17.24229029099667	11.955311637783783
-0.375	41.6352243008955	18.02661352090105	12.162090158690534
-0.373	-4.78989287688858	16.782730457830606	12.536359427361175
-0.371	13.288070052963619	16.384150019950837	11.868142988814155
-0.369	14.31013760222477	18.534761357411394	11.941408792766405
-0.367	16.10491200909614	17.277761090940892	12.241561055714453
-0.365	33.61026301917924	16.42371885114283	12.087259986574617
-0.363	0.12029103868549385	15.291554845986756	11.816117426150697
-0.361	-0.43730482968129536	15.095615995563174	12.449213569121511
-0.359	24.32094999837986	17.793012078513016	12.460906083065714
-0.357	0.8463539242775653	13.863863906342631	11.621140899594481
-0.355	13.87800179641907	16.274848561027593	12.616689966818338
-0.353	15.832389927306068	16.89705638135481	12.541586094210754
-0.351	22.972300516288513	15.391697264285487	12.685511812137506
-0.349	16.012538507581553	15.222345140602663	11.899171214411027
-0.347	19.550466803242017	15.801361478279675	11.620073266770108
-0.345	30.65327096041237	16.66905925997299	11.963189077696866
-0.34299999999999997	4.941880541231569	13.192460320570394	11.887346632634706
-0.34099999999999997	2.5620695043304664	15.725379578707292	12.459922173916222
-0.33899999999999997	-6.50978678140568	14.834945420052549	11.814181263332795
-0.33699999999999997	17.155055348050396	13.863855176298635	12.22731136531632
-0.33499999999999996	-13.06098187237037	14.364019143462198	12.153606492298275
-0.33299999999999996	7.996392308751155	16.13422294123015	11.943999123402659
-0.33099999999999996	16.65751768009649	15.183976149377578	12.297187181322132
-0.32899999999999996	26.81782302826896	15.461531678034802	12.778340412342745
-0.32699999999999996	-1.7817250821394737	14.368419151331103	11.880069908587423
-0.32499999999999996	13.478952999301796	15.13506153424114	12.39567670883297
-0.323	-3.1178107979812353	18.574747972822347	13.387838423820074
-0.321	-5.645900918338498	16.921834765898545	12.227419908082833
-0.319	3.903558831730436	14.099468765020301	11.88715620896477
-0.317	31.75171053082515	15.093846828508108	12.381821314728692
-0.315	21.01131379483867	17.38409704302684	12.091075685906567
-0.313	16.923789174061454	16.545268508715726	11.813724460446801
-0.311	6.550905977231736	11.91791434076784	12.02564094769354
-0.309	-10.923633918857867	15.281946374769378	12.451298062080467
-0.307	11.78035926208132	19.32007790274556	12.293552518394359
-0.305	15.011347923143958	13.73331128492519	11.88863884199093
-0.303	8.614902869297225	15.377729954494844	13.032103456857309
-0.301	0.7435299467228873	15.861267387660172	12.383418564696413
-0.299	15.021021237071608	14.48851923105597	11.811593671869586
-0.297	17.115621971930395	17.06435181588016	12.535506846895595
-0.295	11.211088981832873	17.2910093202906	11.800372004170551
-0.293	20.6357306458127	12.58874294344142	11.811309600707053
-0.29100000000000004	5.276786818386725	16.07301808797347	12.523835896306323
-0.28900000000000003	30.151299873049098	14.745841763288798	12.236190717861072
-0.28700000000000003	21.33778226243166	15.496164725845718	11.558874238743293
-0.28500000000000003	8.929723654738098	15.516070636994044	12.092644098675166
-0.28300000000000003	33.9445592254517	15.346358592062625	12.378771793553481
-0.281	23.855956515772547	13.81917557907282	11.634860078378184
-0.279	13.02065036123956	14.866431675458692	12.60865177579254
-0.277	22.036525942459306	15.614551083123315	11.868838484843712
-0.275	5.596175032485107	13.865512377444514	12.099338090590445
-0.273	8.607297277141157	14.83167034946907	12.15571921131025
-0.271	24.052840490007554	14.45041991794089	11.87771608840992
-0.269	17.190577642489657	17.032497239607743	12.159719953934232
-0.267	34.894062505452794	13.895556542329224	12.473725519380162
-0.265	37.83490348152618	13.56486929075224	11.883869672912436
-0.263	-15.801838384454925	14.533438813071745	12.220782220087388
-0.261	9.028813598099816	14.78251492063702	12.448093550781593
-0.259	27.468428079435725	15.67530957288988	12.16562225098424
-0.257	26.460411869377864	15.763164317563023	11.558082393391208
-0.255	26.394048217692756	15.299434540717957	12.386708896243908
-0.253	27.58423371562735	14.903785153173628	12.459439336178788
-0.251	-21.6594892934463	14.614545659921225	11.937338769880705
-0.249	4.754818414776096	14.814125945508723	12.393009663136949
-0.247	25.545540148552703	15.438403705374915	12.316163264345548
-0.245	13.083214557507716	13.868969653591463	11.876567202560233
-0.243	7.5697011758801835	14.570532271002241	12.09375566624844
-0.241	18.441936042945528	13.579132497227725	12.22918012166432
-0.239	7.442089244191763	14.556809407726345	11.945165998341743
-0.237	-10.842822094736526	15.50415525674666	12.2238322649321
-0.235	13.54046562962452	13.352964030766262	11.949070717661119
-0.23299999999999998	16.45234386171701	15.736485092432538	12.219674386598435
-0.23099999999999998	5.52134118736447	14.706515284428125	11.94521991895699
-0.22899999999999998	26.57732353728015	15.784456330090336	12.544605922681155
-0.22699999999999998	4.293856630699366	14.593130744891132	12.216645530835404
-0.22499999999999998	3.6774999145894327	16.361136666480405	12.005722168440473
-0.22299999999999998	39.9898726617387	14.311536186080351	12.238066238902336
-0.22099999999999997	13.572729926858429	14.186120190348854	12.085930357883846
-0.21899999999999997	24.891613034538906	15.701153927970315	11.810856722927088
-0.21699999999999997	-2.5688533513701373	14.627503795081369	12.15357380353815
-0.21499999999999997	17.690283745652735	15.640999779763545	12.093048251574064
-0.21299999999999997	11.142992879520364	16.392101632299074	12.001357701684919
-0.211	37.746318481302055	13.348161209433517	12.216889248939903
-0.20900000000000002	19.859078560058308	16.06318231531796	12.232677198141259
-0.20700000000000002	15.204991627104647	15.634313800819807	11.817557380969808
-0.20500000000000002	-0.8852895799771332	12.889009719483393	12.025164094079859
-0.203	15.733286672592328	15.546428152480615	12.375141162885841
-0.201	15.927429575235408	15.215835616199394	11.873514104098067
-0.199	-10.62344849001029	14.669809746190936	12.457813058386098
-0.197	7.469029763118584	16.799397748570176	12.161654998903396
-0.195	29.846418268864028	16.489194954050248	11.950283454143685
-0.193	-3.99824333818799	14.190029924230185	11.876375129055965
-0.191	15.37084515801368	14.990017121439015	12.077189040781798
-0.189	6.532196631159337	13.629707379645389	12.162087339184692
-0.187	-1.4550020799308783	15.299386358304744	11.745465989863705
-0.185	4.78980004436913	14.073590820903943	11.959143830549223
-0.183	-6.299158851752473	15.170906429571572	12.457521342282583
-0.181	-4.458997515666141	14.272454791389436	12.025165561758513
-0.179	15.118326436303064	14.435658568653901	12.02542539308205
-0.177	-16.02139311107642	15.71086332519431	12.022335135171724
-0.175	20.537243800688998	15.107068097519281	12.013966118250258
-0.173	30.955706694868468	13.335778990219088	12.01665097958033
-0.17099999999999999	25.962794623080043	13.875750053824184	13.02448707500972
-0.16899999999999998	30.195803259802645	17.60665907300928	11.436037734190274
-0.16699999999999998	-12.1777690282876	15.223683610355467	12.312433105993428
-0.16499999999999998	1.0031576398450426	13.636078973630966	12.391009616647695
-0.16299999999999998	11.900268217068799	15.526199261976894	11.66895976919812
-0.16099999999999998	-0.6915359199721749	16.068259680430174	11.87610713358592
-0.15899999999999997	36.352218115265345	15.900236455429985	12.450272162312622
-0.15699999999999997	29.32100582708763	15.463509925516302	12.175398744307117
-0.15499999999999997	21.45666260866541	14.43072987687183	11.942063698863098
-0.15299999999999997	1.223048068155208	15.061052394933462	12.238791875594213
-0.15099999999999997	6.248985338519475	15.81665641420032	12.019904756779335
-0.149	2.526555165305311	16.78890255615877	11.948054448658405
-0.14700000000000002	33.86959706341841	14.641564286185504	12.456462030897745
-0.14500000000000002	-2.5936830636563712	15.550329267654712	12.090328214237106
-0.14300000000000002	6.848218941257755	13.463872134196242	12.226449998844387
-0.14100000000000001	20.830105868174797	15.086075360192082	12.3012684460635
-0.139	16.91605956288811	16.038565220619084	12.100425236690272
-0.137	48.16307132826658	16.478202264259902	12.075934047448255
-0.135	29.10758871887964	14.275137851309536	12.227962276839028
-0.133	-0.6964145393695276	14.992114026763177	11.881443144853417
-0.131	14.332515093418152	17.333252059884156	12.153188196454606
-0.129	35.96721523013713	15.42801816552344	12.22815390397834
-0.127	25.297933175627563	15.243163276708465	12.156382758760806
-0.125	6.525241081911659	15.275045714226673	11.437507394529803
-0.123	23.99768533023483	17.343635003501735	12.370399155984405
-0.121	19.1056090994568	15.51511493512489	12.455172971391331
-0.119	21.016532178341762	16.48230590921862	11.955207934117379
-0.11699999999999999	1.2389192929340709	15.607908243375997	12.018250493488331
-0.11499999999999999	18.083970133364602	17.739374691241682	12.297330024315864
-0.11299999999999999	7.6901434060694385	16.564633197138107	12.231114206492755
-0.11099999999999999	21.860608509838286	17.531762921237068	12.602676083410884
-0.10899999999999999	17.900111934476826	17.806755305846544	12.315252507688282
-0.10699999999999998	21.827768959425953	14.397908980154591	11.815399215413521
-0.10499999999999998	-14.111390098658916	14.864498420138371	12.222932659379971
-0.10299999999999998	20.57804743960112	13.878996307081659	12.035721242644971
-0.10099999999999998	-15.087142999692382	18.17746247531625	12.317333323959366
-0.09899999999999998	19.801226885274303	15.814111382265738	12.54006075140522
-0.09699999999999998	8.132456015719214	14.030342533312012	12.08872004899275
-0.09499999999999997	5.593926506453073	14.66739552245094	12.230735173167115
-0.09299999999999997	37.132310419352166	16.510096005397397	11.686130839439615
-0.09099999999999997	27.804438068601556	12.999393772001211	12.01288548355133
-0.08899999999999997	9.984752260550067	14.260946992387895	12.316703085853781
-0.08699999999999997	42.92267775651837	14.582200474158459	11.95106325397172
-0.08499999999999996	23.295880468898744	14.325687576103432	11.810820175372283
-0.08299999999999999	29.3851839272552	17.8098124095022	12.680404836853205
-0.08100000000000002	35.5146486876734	13.204098478647264	12.308865615713325
-0.07900000000000001	-28.188752441482556	15.619131427206344	12.017746701899185
-0.07700000000000001	18.37147499461622	15.076338842602823	12.303481474727835
-0.07500000000000001	5.163937625729531	16.352394064641413	11.942721825531462
-0.07300000000000001	-6.95248222171152	15.052536600557495	11.755461652086089
-0.07100000000000001	3.5720202531397405	15.769697005738557	12.025539074988549
-0.069	-8.279126117116675	14.223589177693661	12.52427538226138
-0.067	8.837214908741231	16.184961834541944	11.882268861151235
-0.065	-4.446197806040608	16.703225800524816	12.461683844463417
-0.063	3.6861325840575887	15.340187431347815	12.227057823847627
-0.061	7.879569045687873	16.634483932037323	11.94289042692373
-0.059	10.6767786316464	15.762148332551478	12.174369749633165
-0.056999999999999995	4.135914114300476	16.256698599547907	12.542588086670188
-0.05499999999999999	19.139483378394218	14.201705440310475	11.629131413290017
-0.05299999999999999	2.609001545694767	14.04555041683521	12.299284480923873
-0.05099999999999999	21.554363949904953	17.05273593220872	12.52751902830884
-0.04899999999999999	27.453126610899048	15.63975368793599	11.813590562346182
-0.046999999999999986	5.4797647484061685	15.924599039175497	12.086347832827448
-0.044999999999999984	16.455739628717936	18.239146164568794	12.4537256230183
-0.04299999999999998	-20.536111355218267	15.981298652336218	11.740267202759785
-0.04099999999999998	12.863841363230932	14.742764369129368	12.243468364919806
-0.03899999999999998	4.630173294772888	17.579727488288754	12.451880902290435
-0.03699999999999998	-7.934060147318789	15.457244682622834	12.313464085634564
-0.034999999999999976	-31.250891763590083	15.985232231355033	12.084903204985503
-0.032999999999999974	11.900603957615274	19.237377247943616	13.283534002129032
-0.030999999999999972	-13.905799720159706	15.248733744406413	12.439035383195892
-0.02899999999999997	-31.005220657909227	23.015500199596918	17.74933229675193
-0.02699999999999997	-16.29394428992459	22.77029229851217	18.219151143656976
-0.024999999999999967	-179.16280081442525	23.778512486572485	13.031896631089806
-0.022999999999999965	-1195.2742336884814	60.401938458071335	12.454391384772038
-0.02099999999999999	-3399.188503059092	77.81704852195143	11.872474945129532
-0.019000000000000017	-5998.625805078151	82.49481721013926	11.913332813139624
-0.017000000000000015	-7869.931323760459	43.7450514631875	11.475170368021525
-0.015000000000000013	-8799.244847516153	28.268134292352194	12.199220495091577
-0.013000000000000012	-9354.145322428287	25.45573914078257	12.24587076622283
-0.01100000000000001	-9730.379860637295	19.008250586005385	11.84441211754386
-0.009000000000000008	-10043.619734725562	18.75561179070241	12.114235070948148
-0.007000000000000006	-10238.663083253607	20.835810886685298	12.1725199642101
-0.0050000000000000044	-10400.255900710143	15.822101453664315	11.570101315447666
-0.0030000000000000027	-10529.798081374664	19.262819044944564	12.105915029922915
-0.0010000000000000009	-10542.938752862607	17.955076458688403	11.759623869173323
0.0010000000000000009	-10541.083566545816	15.044437402290836	11.827144773281727
0.0030000000000000027	-10489.658249733247	14.358468552832415	12.035541272089915
0.0050000000000000044	-10411.35304541907	19.392778492103094	12.246355997526642
0.007000000000000006	-10269.545914255663	18.261073458591305	11.824468578242929
0.009000000000000008	-10016.24679957569	16.509512812933252	11.908207855395398
0.01100000000000001	-9678.756264107968	18.501234001100556	11.909108940724188
0.013000000000000012	-9343.64058773307	23.77537141444449	11.772226361946666
0.015000000000000013	-8782.47509042429	27.993612132844405	11.961294308707338
0.017000000000000015	-7817.441028794447	46.8543422010757	11.730585109587377
0.019000000000000017	-5883.66555483677	81.8408256855609	12.506522596484185
0.02100000000000002	-3457.236154142063	75.64112222144742	12.295939521468597
0.02300000000000002	-1259.2722719361182	59.98291817709342	12.081364355151264
0.025000000000000022	-178.2478361372908	20.344289589349053	12.854560138142691
0.027000000000000024	-39.52860891565102	16.421527473353816	12.159562316614288
0.029000000000000026	15.761629422073042	13.254753211924442	12.235784682560706
0.031000000000000028	13.866790588679123	14.008267747427727	11.749380092944095
0.03300000000000003	29.133325210928263	15.78805828616588	12.15366078556546
0.03500000000000003	-1.708945094325287	15.903891619558289	12.025246626753715
0.03700000000000003	-3.3420807477035908	14.976645782493843	12.229697894927105
0.039000000000000035	22.353860430701644	15.564260156817873	12.456561242094029
0.041000000000000036	39.284486557988885	16.904491894051294	11.8177414959549
0.04300000000000004	18.571295999691984	16.868359553576813	11.754165248180321
0.04500000000000004	13.692467860204616	17.33997727149204	12.365806084880877
0.04700000000000004	-7.561103623654475	16.797978593403027	12.088154562281789
0.049000000000000044	5.5528963007756005	16.371772173083038	11.703442391756605
0.051000000000000045	-22.791087014195632	14.930954016178205	11.806598612022096
0.05300000000000005	-22.630695538095047	15.52459507252903	12.302522246077842
0.05500000000000005	-4.552998795870344	13.446417039700675	12.082416165805853
0.05700000000000005	16.97785947518682	13.869309581978335	12.949345891311287
0.05900000000000005	-4.703021210916702	12.80705998504277	12.14756316667495
0.061000000000000054	3.2104052882786505	15.460971199656166	11.826325223694797
0.06300000000000006	18.65986469606895	13.488834026539529	12.005568841908776
0.06500000000000006	-5.606015602510617	15.494396642410411	11.689761765668928
0.06700000000000006	13.950550393992955	15.96604009554681	11.883847397648305
0.06900000000000006	-22.20039689571074	14.763297042040138	11.938458435949062
0.07100000000000006	-10.516986848396748	13.877851722608861	12.08545280961372
0.07300000000000006	8.666403604973283	14.923257047655746	12.009455115055802
0.07500000000000007	-1.656450390519204	16.505049149295193	12.081336885603854
0.07700000000000001	-2.4005436571883365	14.292740150915694	11.813352795127466
0.07899999999999996	-6.549784996923158	15.521335169675915	12.176044639431531
0.08099999999999996	6.761195963544964	15.759347419731235	12.161563430661346
0.08299999999999996	-6.088294224215751	13.794803373535819	12.22354847980604
0.08499999999999996	-0.23082502897953106	14.440144078099484	11.564895416282706
0.08699999999999997	19.158849859479687	17.611471014308275	11.821726493048045
0.08899999999999997	29.336807490620842	14.862479671900832	12.44348670877575
0.09099999999999997	39.7165221521778	13.940699409894728	12.091082434616409
0.09299999999999997	27.085807180915467	15.535139387204133	12.308315560834199
0.09499999999999997	7.684168521704393	13.639836046445684	12.295528262092112
0.09699999999999998	7.238623237926234	17.907553349321624	13.025743431713154
0.09899999999999998	25.66370359025072	13.428492038858323	12.012278888850327
0.10099999999999998	2.0425509796861974	14.585681080880018	12.010839856313604
0.10299999999999998	15.934293875252692	14.900064297643342	12.472382475254618
0.10499999999999998	20.87864156496977	14.4091501259661	11.89093330599231
0.10699999999999998	3.752975925364055	17.362454123960017	12.364499556649104
0.10899999999999999	20.648934532907504	15.109192789095383	12.303054765687355
0.11099999999999999	31.02104786223414	15.575268639730265	12.935677830013905
0.11299999999999999	27.056182190676736	15.320352848154362	12.094609723445739
0.11499999999999999	18.906577645028122	14.902032831510008	12.695641460620074
0.11699999999999999	4.518733243585871	15.94245625848993	11.899310798321249
0.119	-15.242160844919361	16.681215061695923	12.031046109613037
0.121	2.9292149588133753	14.418500396750735	12.284864308968457
0.123	9.033129435342957	15.642527358283036	12.170546490162877
0.125	8.695332930575006	15.760308297632843	11.87282078881088
0.127	13.400494212056913	12.552492229725592	12.446750554012945
0.129	-5.104913428866098	15.952590807199837	12.76886921574458
0.131	54.179758662398214	14.607236533392749	12.09554201908774
0.133	8.114594876040826	12.848417689825029	12.302736833128884
0.135	-5.370921425496	16.834177733939203	11.883711809080578
0.137	-4.201860979713423	15.239578565917455	11.96379477803193
0.139	6.297578276859284	13.28789752056955	11.94029530304073
0.14100000000000001	6.871171663425102	14.227502440212398	12.463712625230913
0.14300000000000002	39.74322921740381	12.521181350273327	11.814363448603446
0.14500000000000002	2.0592906273542155	13.785187877766159	12.453125726456987
0.14700000000000002	26.480890450431005	14.482120388857389	12.370068744857008
0.14900000000000002	43.15084569350702	14.211532735836771	11.559173136529848
0.15100000000000002	3.541207624468967	16.644589622412465	12.612338394526402
0.15300000000000002	4.626338246049855	13.941771813875537	12.952920351355992
0.15500000000000003	11.517579226794084	15.44197529690595	12.149637628206017
0.15700000000000003	27.589371521141715	15.85522651573572	11.942868526626828
0.15900000000000003	-17.34723108448577	16.718593144024496	12.079623699093297
0.16100000000000003	38.476651924579386	15.722445911636605	12.44073030720156
0.16300000000000003	33.917646923731226	14.00121273957921	12.020872485260428
0.16500000000000004	7.89222912067622	17.672942936024537	12.45505432618484
0.16700000000000004	26.18715914182168	14.905493372876297	12.465632069370482
0.16900000000000004	30.34699719539624	13.892543429887024	11.957213158851173
0.17100000000000004	8.419144614135732	14.171622831326317	11.876695915960488
0.17300000000000004	3.2216227308090595	17.234749172413956	12.468244726839348
0.17500000000000004	19.52176643738035	14.623573806546256	12.074882655770317
0.17700000000000005	-5.027074641339446	14.395270621345817	12.309701950827247
0.17900000000000005	-33.15835658013189	14.743053469598339	12.531853019767235
0.18100000000000005	28.271240801958086	14.347037082394895	12.308493882946266
0.18300000000000005	-1.9355428630962734	16.64109227954295	12.23230001385701
0.18500000000000005	12.860852191876049	15.592086131164415	12.376622226413183
0.18700000000000006	30.19827922789986	13.268983703544158	12.076030032931433
0.18900000000000006	17.220816139973394	13.39447412988527	11.941373908851032
0.19100000000000006	11.819455599582085	15.233610529873117	12.232111455168011
0.19300000000000006	16.681318768752007	12.927168956087616	11.741149680217429
0.19500000000000006	-2.7562232852718083	17.789913329456542	13.116246962102188
0.19700000000000006	14.63320941197388	17.482259908632443	12.159431020409158
0.19900000000000007	28.762462317866166	16.596467112330686	12.026805311675021
0.20100000000000007	-4.135776592750773	15.89412890030408	12.221482865742763
0.203	-24.094050625200758	13.01497248310698	12.858026829359488
0.20499999999999996	40.13382917400499	17.34015975406192	12.0100736166607
0.20699999999999996	-1.829291790933496	14.522259875245306	12.437355049118985
0.20899999999999996	34.29943551203074	15.577140996555828	12.375891595719608
0.21099999999999997	21.431377226655002	15.28222037326667	12.145360731599375
0.21299999999999997	19.395722324677678	17.477414809808845	12.151769718256494
0.21499999999999997	-24.98448864507452	16.2931313040219	12.69092813585685
0.21699999999999997	19.516193915158908	16.689251362378528	12.02114397005563
0.21899999999999997	20.28485114347056	13.348168999347841	11.8758390791804
0.22099999999999997	22.578508443560352	14.856464436183412	12.45858613431439
0.22299999999999998	17.47728997747444	16.962271584551893	12.361719548933396
0.22499999999999998	21.832723961834333	15.899377145432371	12.007765811387786
0.22699999999999998	1.4391000895397354	16.081636083547117	12.67297088516917
0.22899999999999998	3.9587306677191236	16.057189019228296	12.451778729312206
0.23099999999999998	17.684724176181277	15.710632954881532	12.151322397091638
0.23299999999999998	21.05913815708682	17.362835283276794	12.604578914789789
0.235	15.403488954124356	16.95865411803227	12.23000841568689
0.237	22.350691806005685	14.343989569668837	11.504610763175297
0.239	-23.084162160014188	15.455851577895334	12.376997271545708
0.241	39.585911707495924	14.58850688762399	12.158086478153853
0.243	34.81602888233404	14.255330852815815	12.019807543122795
0.245	22.675722993747982	14.735141898822723	12.00735736405564
0.247	-10.933368517984654	16.967819380874154	12.078634613422915
0.249	28.195629503402486	16.583124590271233	12.307361603068157
0.251	3.197437375090928	18.451754831555597	12.604789509405508
0.253	24.146415738002247	14.642446553498809	11.747897731271705
0.255	33.50888958575382	16.847089166721634	11.683637322486366
0.257	19.78667951441082	17.0083761614765	12.008381309517505
0.259	-21.704949692669118	17.341837136827994	12.21909078555062
0.261	30.387065411918712	16.55607458301598	12.764484337059676
0.263	-9.954258110900227	16.972968818497062	12.592530854750052
0.265	-5.793511120733008	18.847964123758597	12.501439097762885
0.267	19.47486024089784	16.293145784201602	12.526470254756283
0.269	32.24878336416381	16.091514639700204	12.285055951606664
0.271	8.564148298084717	14.94212455734835	12.141750610411522
0.273	-3.044445805122642	16.919290383892143	12.522055393873938
0.275	26.167371726559807	16.925178823006092	11.880033740260215
0.277	-18.02751280144399	17.940863779236896	12.06604387530743
0.279	-4.507374216866644	16.490124994029053	11.94354397771531
0.281	46.080563489425685	15.012802681323096	12.096291271001007
0.28300000000000003	-18.610044696720784	14.930008422766466	12.001329653368886
0.28500000000000003	-11.903041763017264	16.187964572571484	12.149700137992646
0.28700000000000003	8.956545737959232	15.4203309617033	12.53230154790186
0.28900000000000003	27.3720181280801	15.923263536876478	12.217605539886192
0.29100000000000004	-11.8438179594893	15.132410402032594	12.218407392138737
0.29300000000000004	24.296990013938924	14.155279385186354	12.069573986508226
0.29500000000000004	16.72939097363546	14.5725305873581	11.744685759102909
0.29700000000000004	-29.044076740647462	16.760391165613743	12.22542441504371
0.29900000000000004	28.89600792976843	15.594263762607312	12.364621159764985
0.30100000000000005	5.014668283065404	15.359200432390773	12.284966795162948
0.30300000000000005	2.843006821073857	18.242672684105926	12.218480175860329
0.30500000000000005	-1.1581310426223013	16.403957313225057	11.946771109475597
0.30700000000000005	10.196941664153414	15.673634775495232	11.740916404583176
0.30900000000000005	14.680011066303678	18.185539896648088	12.151125971888707
0.31100000000000005	14.744562867319289	17.317390935548993	12.450590419079177
0.31300000000000006	14.591590048240732	15.98421924597745	11.936650108811863
0.31500000000000006	11.346670421907845	16.212859487195058	12.014007769269348
0.31700000000000006	16.97510215659115	15.98836901269085	11.668460701203633
0.31900000000000006	15.61442006270397	14.365680074139656	12.296318736968274
0.32100000000000006	16.500308998468327	14.011576934258267	12.004130298171333
0.32300000000000006	9.94563781775426	15.102789142261987	12.092734608585024
0.32500000000000007	-1.1194371788425528	15.81500981185769	12.154119743377725
0.32700000000000007	14.242616598547642	16.64083518041075	11.872342551734915
0.32900000000000007	9.158900452277408	14.378007168322913	12.375161091983543
0.33100000000000007	11.056758237870667	16.249246292272918	12.444177730647354
0.333	7.04240948734558	17.003062602505185	11.941257352480875
0.33499999999999996	-0.7905676797648198	15.887060491807404	12.696321187387667
0.33699999999999997	15.559180318813759	15.901892643659108	12.444699343785443
0.33899999999999997	2.8582974207491674	17.888053389589544	12.016004193998333
0.34099999999999997	-31.958266971221505	13.62466378159702	12.219306661169547
0.34299999999999997	24.495560925652526	17.04964788504362	11.744015067189114
0.345	19.048896080064992	15.701206620295192	12.148055427907206
0.347	4.285964812833498	17.381395181764027	12.757984476064944
0.349	-1.3078908360775188	18.756089425299496	12.153108631482075
0.351	20.797030771513292	15.419065534143666	11.941429717970141
0.353	-26.442168231333163	17.45589406796497	12.140140382924631
0.355	-16.04985986736196	16.94600384795448	12.07903518525431
0.357	-2.0517615839654724	15.865262467239926	12.001170904992849
0.359	15.25846490491034	16.98346161717772	12.435450995871076
0.361	17.30205991257172	14.476539816974647	11.883702630375163
0.363	25.543369030156526	15.290741547286064	11.814679244835556
0.365	10.28199934660634	19.477947426902272	12.002776079833428
0.367	2.7163284457287773	15.109380110802022	11.990621637635206
0.369	23.13700971257049	16.56227156196783	12.37972099339957
0.371	-2.262159279231568	16.435761878467268	12.744156990365573
0.373	5.292326964667637	14.053157108175675	12.142214227337652
0.375	8.790854797213754	17.255196981001852	11.953947789571119
0.377	29.562786282966158	17.775597468594775	11.871939928235038
0.379	13.880951413636211	15.303026141717204	12.30003636520983
0.381	-2.7169967686813123	15.28390674459628	12.019850142085804
0.383	39.08085539250372	17.195679064696016	12.300528916143167
0.385	-2.455982603954965	13.198078445372646	12.859211767692667
0.387	18.03383412024573	17.28062519976	11.606712291182516
0.389	28.878686145539234	15.082002108413489	12.148850833520862
0.391	-3.7812131643555347	14.6472409843356	12.362519778243772
0.393	21.09964114449525	15.8797227995788	12.026440568346514
0.395	7.903384118046475	14.31740417109516	11.882966465199786
0.397	46.332675478266694	17.773176180542798	12.678533633444447
0.399	23.700599621312435	16.8995064127882	12.095645472514148
0.401	16.1279182819829	17.662237341861516	12.155929591076358
0.403	-2.3612923988336476	17.138000375644452	12.606973094952144
0.405	-6.998381666956099	17.272644001734125	12.082774797814512
0.40700000000000003	41.891544867000974	16.213022112068856	12.242844715582907
0.40900000000000003	4.645467670094661	17.362731871821094	12.214101922611484
0.41100000000000003	3.2265984626356214	15.291839810691126	12.220196741764843
0.41300000000000003	-19.447919216819542	17.11530030331822	12.145083942871011
0.41500000000000004	30.136802878999447	16.15369387867964	11.745370364713322
0.41700000000000004	0.25600012909521297	16.98319712890613	12.452380775020364
0.41900000000000004	-22.707536899813086	15.5603972033924	12.222577726187682
0.42100000000000004	11.58835771875033	16.131737603682225	12.361258244912788
0.42300000000000004	15.670773191089893	16.079509014938235	13.036364298186276
0.42500000000000004	6.06788531176683	14.357822540135997	11.940155199552452
0.42700000000000005	-9.829085102608381	15.399155526989595	11.613659102670383
0.42900000000000005	20.926888544936517	18.13502473655457	12.450058108083324
0.43100000000000005	22.08149595861464	18.103223292921864	12.014178303764297
0.43300000000000005	35.30300287191146	16.919129763764285	11.870889393678652
0.43500000000000005	-5.830801441342182	15.262832064887546	12.13928142497515
0.43700000000000006	5.707248668995746	12.81362390959799	12.080481121530298
0.43900000000000006	28.488778346602572	17.255676037197627	12.002493347958852
0.44100000000000006	-28.256687516714507	16.614630857879014	11.874534446793751
0.44300000000000006	-2.6803148731602278	16.98505562247185	11.815197710391828
0.44500000000000006	28.037273225534065	15.72931745041791	12.69040721611126
0.44700000000000006	-26.61194919040266	15.043337229900045	12.136156659983213
0.44900000000000007	24.484033710914233	14.961045737862937	12.14713878011117
0.45100000000000007	6.45214591377119	16.403169621670017	12.225595323839434
0.45300000000000007	0.1096249109266978	16.8580467269283	12.159233919699307
0.45500000000000007	12.977936986402483	15.586764589040145	12.15357822956614
0.4570000000000001	-4.29167684834475	15.181955657244465	11.955354394076023
0.459	20.446008152541495	17.035411321804432	11.560395804605646
0.46099999999999997	19.53899596451869	15.262057742413017	12.220331670570987
0.46299999999999997	-9.892441673930996	17.018260080364872	12.22105022364996
0.46499999999999997	-0.3380572775046886	15.302971126417695	12.085960577023842
0.46699999999999997	7.982448148924348	14.562723535369855	12.36936249157569
0.469	4.148281654403618	16.30981943056547	12.082504435017347
0.471	38.94328030562555	15.264939421428897	11.619886478581481
0.473	-1.407083754290106	17.733307597918976	12.366349623765476
0.475	0.6327152048957174	16.670072705669863	11.882111957003405
0.477	35.01645003578524	13.797285801093553	11.494818127467
0.479	24.83589361368388	15.082777441496559	11.813599284587683
0.481	-15.826895982673506	14.632339860976826	12.068854790034214
0.483	-5.109971843553218	14.463850885241932	11.555021944504078
0.485	1.9512001578902982	14.59711536729569	11.749275989692208
0.487	-0.6181454194065239	15.244075727932508	11.996490428602762
0.489	6.973728397197121	16.285261351518034	12.156901720121459
0.491	14.401269854413812	15.833165876606072	11.941064900512426
0.493	-8.23670628147255	14.847802039679934	12.16743036982969
0.495	-1.4252612087206629	16.922626008355138	11.556740829029193
0.497	6.649543224268584	14.626442827489816	12.090606708183453
0.499	-30.82819102517842	15.86130950908493	13.474600185318234