-0.499	-3999.357493313038	758.5311257446383	29.03914557360963
-0.497	987.1348839485261	658.0711021770597	29.225960898828248
-0.495	2310.8424540108085	707.4210996344025	29.7690991500835
-0.493	-3363.111575071742	735.0390742096574	28.20176970830127
-0.491	-648.3432407796696	686.5897736032691	29.20925672079998
-0.489	2315.3385541148095	701.4930120367277	29.7803253839053
-0.487	-1814.4836151724464	707.5167956741809	28.68793625576621
-0.485	-2709.5349017731696	764.3947785408653	28.931428095460348
-0.483	1586.0731352395073	746.4278728770882	29.505366792845987
-0.481	388.56822869171026	706.4544578575518	28.585608186344743
-0.479	-3745.1467000199077	761.3175286480978	29.46161075225333
-0.477	1153.2519768839843	644.2817221275217	28.747059951828692
-0.475	1288.1754593123685	761.9297282532376	29.61763713889494
-0.473	-3760.724116026015	800.0755998688638	29.553910406309278
-0.471	77.28683663299485	657.7116818892514	28.378757122691905
-0.469	2091.656746565862	737.3815938129563	29.24560107756972
-0.46699999999999997	-2634.1964339817723	769.4575880701188	29.694721402764817
-0.46499999999999997	-1465.3569315403736	718.8234431643307	28.470078270356865
-0.46299999999999997	2015.2488085276586	815.0961664077417	30.501740289383992
-0.461	-938.8859820086415	697.7985766721936	29.211733730289353
-0.459	-2832.317252189576	743.3445019779986	27.95520554819964
-0.457	926.4417976702077	765.9884747465356	30.458032159417733
-0.455	478.21923874469263	741.4154323188527	29.370037823513364
-0.453	-3593.015514099518	749.9680780967506	27.941809004167474
-0.451	213.6815917532786	735.9380600176811	29.51134184360837
-0.449	2241.54480696237	746.4005192948734	28.875849842505374
-0.447	-3186.7332515977955	724.4936232883499	29.161032553874428
-0.445	-206.77083944953267	694.2605712315861	28.980425445153408
-0.443	1588.6380543062019	756.9643972571438	29.104657977020704
-0.441	-1359.5767114589207	752.1482188484442	28.679923469678794
-0.439	-2352.622865088083	788.1820950253583	29.583838265308717
-0.437	1641.9313960558402	776.3162061034354	28.962978303689678
-0.435	200.96028089722216	744.0279007636693	30.888236199247064
-0.433	-3456.784177860217	737.3566063242159	28.559658491937284
-0.431	815.9904366151771	757.5113294741577	28.49105212160609
-0.429	1766.381661573835	708.5597430030194	30.4697459568637
-0.427	-3591.1547959392997	790.761750538114	28.19271927110672
-0.425	-163.13160190783992	647.8740420233825	28.85294477392262
-0.423	3020.525676132424	743.5042644940896	30.344269803536452
-0.421	-2111.654087413095	762.2472718558615	29.048587738746683
-0.419	-1671.6882552860745	720.4396943247225	29.602848309523957
-0.417	2866.245605150697	772.9210541846517	30.363617583415053
-0.415	-549.8745732307464	677.8922045134719	28.357090990442444
-0.41300000000000003	-2927.656648239241	776.1810642018422	29.197741812967166
-0.41100000000000003	1169.8505700930007	804.1365046171951	30.753396754865307
-0.40900000000000003	1313.154018746987	690.0220617162859	28.588912980961684
-0.40700000000000003	-4055.6172438842573	787.2714424075448	29.302334582155186
-0.405	-149.92992245177473	660.8412479568065	29.36880837086209
-0.403	2257.3713590972043	748.3982417192715	29.462653956906824
-0.401	-3659.434358284086	799.4753842213797	29.68657600524744
-0.399	-629.5955160937616	681.652723958183	28.618603433820915
-0.397	2366.002551635882	729.7398221275103	29.920262520923792
-0.395	-1211.147051754513	736.6966039373232	29.70591634708837
-0.393	-2017.0402033692358	745.8243406800497	29.366940068193266
-0.391	1796.144884858908	783.3501074452114	29.757155832537272
-0.389	516.6046827536074	683.0380734810677	29.750999458444543
-0.387	-2922.2379504788564	728.7567285515664	27.88185655688864
-0.385	393.0600627941594	760.5694334933364	30.19072131474582
-0.383	1438.6435788618091	676.7018175513348	28.983891418321242
-0.381	-2907.8805785460736	755.8212438444968	28.185807842880003
-0.379	-428.6242216271496	727.8111722058918	29.89836625994737
-0.377	2170.013666854098	685.7149642794909	28.874623035081363
-0.375	-2635.39874855967	761.8601864996987	29.29755250136269
-0.373	-1160.3441866150365	714.7695627116893	29.75303634092306
-0.371	2319.181526504233	682.2964696692156	28.503296611117516
-0.369	-168.44788040359936	681.0012807434064	29.19982456081956
-0.367	-3337.862882652365	824.9173433754489	30.552692996820372
-0.365	1250.8402447177768	747.9319653031512	29.11818140292421
-0.363	902.500402352846	661.7559109684219	29.223254633210235
-0.361	-3193.2731399254567	711.0778988461204	28.567420952486152
-0.359	151.04625576056742	768.2598643866983	28.84370390035511
-0.357	2197.559085437284	653.729541980425	29.50129732339387
-0.355	-2903.3024007268928	765.9510666523702	28.67380413155336
-0.353	-806.1166659852903	717.911008537418	29.222205262115143
-0.351	2519.6804437075393	716.9271373171651	29.38906977379108
-0.349	-1020.3189665364265	759.9780939910883	29.177240832346737
-0.347	-1987.1495391595718	748.7092834655992	29.723609360032764
-0.345	2786.608809592028	746.2201795568494	29.794826881325392
-0.34299999999999997	88.88184543653921	622.0961038962821	27.762673577220422
-0.34099999999999997	-3133.791716260714	768.260929192961	29.049971513701887
-0.33899999999999997	1043.3433938477065	814.7688919655178	29.769914684563574
-0.33699999999999997	1309.6229706790475	634.6245466270312	28.36094317657356
-0.33499999999999996	-3403.6359673318416	759.6080732059493	29.44705190194986
-0.33299999999999996	-639.0084057631418	774.9697418935674	30.200057009488024
-0.33099999999999996	2533.8049841510115	719.9956355380981	28.872425977938736
-0.32899999999999996	-2651.6356934441765	743.5896321276348	29.689342829051984
-0.32699999999999996	-1222.1177768590996	749.0552870919641	28.728806076072022
-0.32499999999999996	2543.081661349422	692.025555961292	28.87743241743684
-0.323	-400.65022294921704	705.0084363102732	29.3156763849745
-0.321	-2668.9201198044634	744.679361511655	28.941789620117156
-0.319	1195.0039821997382	811.3553319262056	29.89012153714405
-0.317	1719.5909077412086	650.9229652271392	29.219042166628192
-0.315	-2763.201870875198	741.2117403443596	28.66263764130128
-0.313	-324.88906528160834	886.2802314817847	30.743892985411676
-0.311	2081.4713131891426	704.3257879763129	29.514230680504145
-0.309	-2616.3836306086764	711.4523403772371	28.067441293649505
-0.307	-1311.1377443025817	794.5989248196827	29.75603636590082
-0.305	2242.955156019466	708.7457753268753	29.63462123939068
-0.303	-1530.9185890447498	735.7437691862658	28.789497336990213
-0.301	-2202.4361310204467	748.9725760196171	29.602434254163054
-0.299	2380.985069524444	727.874005048681	28.525446083867237
-0.297	555.7022724651528	658.8450118775874	28.575181338788543
-0.295	-3205.537387698465	778.1250495237135	29.327479728031754
-0.293	944.9963157492913	817.9666625514755	29.619745416894606
-0.29100000000000004	2027.3428609505206	670.6658747506723	29.109682892364884
-0.28900000000000003	-3101.8043139898755	752.3004487566004	29.44390104890856
-0.28700000000000003	-1033.7701798582843	787.6445326231077	28.482635896993425
-0.28500000000000003	3115.3459209956045	688.5221289528865	29.638649348693086
-0.28300000000000003	-2214.338871219468	739.7421715746374	28.9393344826595
-0.281	-1764.3626034713477	817.0499315957658	29.089755501715615
-0.279	2577.0878247461937	724.7324792397238	29.923555825201486
-0.277	-22.787875007979075	704.0684533204732	28.822496002277088
-0.275	-2831.769977468479	785.7424051586871	29.846747508116184
-0.273	2595.0408706945095	787.7777762889256	30.62354586148678
-0.271	894.4837386135607	614.8996540079286	28.119435395365752
-0.269	-2893.2352601185316	796.5588274979955	28.783960070678063
-0.267	-120.86666110777688	876.3445665480372	30.711443121635877
-0.265	2028.0630727878001	688.597825642492	28.858772460101104
-0.263	-2448.174293252614	747.5713694379104	29.29844405133496
-0.261	-1342.3399077440167	801.5662585163828	29.87840469469696
-0.259	2827.3385791972582	737.5410759133359	29.393219800713265
-0.257	-976.5118929194738	736.2571288281704	30.12412593739871
-0.255	-1845.958473889686	784.0549045564401	28.835620942392808
-0.253	1749.1795681829904	690.7620293930958	28.853558212814022
-0.251	953.6934687921495	739.7507198456548	30.160268869966803
-0.249	-3414.6574047975164	800.2240142613941	29.079693210880695
-0.247	1242.3447104137342	754.3414069653279	28.807191119880354
-0.245	2033.3692015732652	678.9931208924412	29.782007725083368
-0.243	-2525.3609303091953	711.8230044189384	27.859275669468865
-0.241	-1064.095930171205	843.8941412410848	30.432321290185815
-0.239	2816.3016777131843	697.2744399396572	28.869232816079307
-0.237	-1484.433928959472	709.6667763997442	28.32816798924189
-0.235	-1851.2358305464716	807.5346533293546	29.080295470872677
-0.23299999999999998	1954.8631465668986	696.6937281143257	29.474920584109768
-0.23099999999999998	194.21010266262863	786.3983066882406	29.896958584068088
-0.22899999999999998	-2917.3826538652083	776.8992750030103	29.59591651570085
-0.22699999999999998	2189.456898113784	694.7577781536697	28.36502305263555
-0.22499999999999998	1100.378671195612	696.6346466279957	28.346688117526615
-0.22299999999999998	-3321.1672743449494	777.4062723207879	29.69640468410144
-0.22099999999999997	755.7513199063503	744.4602135986808	29.49517658220849
-0.21899999999999997	2236.841532145428	652.4177001047598	28.739174506536656
-0.21699999999999997	-2167.7816557806873	758.6252090570849	29.18138363831531
-0.21499999999999997	-1761.2772690637212	766.5789796160091	28.957151949838984
-0.21299999999999997	2753.618965724014	700.6382594326332	29.514841218936116
-0.211	-1272.8235501390238	716.8876655842432	28.81180578700224
-0.20900000000000002	-1822.6429426445588	773.1115869801522	28.578275761017707
-0.20700000000000002	1940.598530963955	679.6747768731846	29.783230260565297
-0.20500000000000002	790.7161533864393	757.627225438862	29.23348080657647
-0.203	-3096.992732803283	764.1726576575965	28.787296952483867
-0.201	1626.0642991723362	737.7518691978041	30.62354767359649
-0.199	1628.5212707463081	680.2496413876355	28.374311239160832
-0.197	-2426.4684489114784	765.3738812464874	28.316999219121847
-0.195	-773.8597545282611	832.0180355317108	30.42253108791551
-0.193	2160.276633459857	684.9074433681237	28.51756979767788
-0.191	-1250.5709948897882	728.7810551586272	28.946687689945303
-0.189	-2869.758365632524	807.3968996677501	29.057181583114776
-0.187	2206.296036799005	704.001502313852	28.144374996539618
-0.185	121.6709682407835	744.9781776578048	29.98377573533062
-0.183	-2912.1551552379055	797.1375077048745	28.806980132162707
-0.181	1271.8428408355908	664.5474938173401	27.678651174465358
-0.179	1708.043866267106	748.4010810940351	30.30865391892561
-0.177	-2838.3361467317904	795.9117100471485	28.708085558502113
-0.175	-0.09686073432213504	757.9013671830713	27.99431693837488
-0.173	2825.563325707714	729.9993757270348	29.653336885883753
-0.17099999999999999	-1880.922443164401	709.6266576965975	28.105418046769472
-0.16899999999999998	-2242.151329352571	814.9441037625248	29.30176598340971
-0.16699999999999998	2333.287509744597	734.6752345714324	28.48916996432314
-0.16499999999999998	-558.5986186016356	670.0398439331206	28.721299781639296
-0.16299999999999998	-3450.719584990214	827.5204690323982	29.45732247112159
-0.16099999999999998	1549.8233778417082	688.6806505615707	28.72489838856539
-0.15899999999999997	1167.2286038797442	729.5667835325369	28.603554817950123
-0.15699999999999997	-3681.779705714816	851.2472563099994	30.568522390785734
-0.15499999999999997	1329.8096800300475	702.3915764770293	28.379021979544323
-0.15299999999999997	1769.934465895462	715.2941863818395	28.500829103786106
-0.15099999999999997	-2870.3998865161616	796.8610083617306	29.850855967990082
-0.149	-493.6874315781825	780.829689647675	29.079083803256665
-0.14700000000000002	2015.933531352765	736.0475236002728	28.268394055219222
-0.14500000000000002	-1118.1948812175601	753.350838418947	29.73477674799198
-0.14300000000000002	-2636.3936405980894	813.1582649361974	28.567608455062196
-0.14100000000000001	2481.5062139535994	757.803786188971	28.982386498273804
-0.139	-167.39996633408083	677.4358297876149	29.866691147314203
-0.137	-3243.8917408725843	844.7083780890405	28.688582716209527
-0.135	804.9643581555799	712.6119097316358	28.983583464128586
-0.133	1728.2079364711044	717.6366338517486	29.4992167322776
-0.131	-3265.312076521809	748.325044462253	28.431259138106462
-0.129	255.9895568476911	816.6742848425457	30.289947118654155
-0.127	2574.30057931618	740.5435736908761	28.876928298539127
-0.125	-1521.4876409174183	691.3755813452257	27.877762776264575
-0.123	-1671.457875382365	834.6132228493082	30.272210759712557
-0.121	2061.896345774805	744.1526812990735	28.159597890567905
-0.119	291.4362822836747	667.7088466746461	29.07845316076777
-0.11699999999999999	-3450.043185105889	793.6762225678832	29.570658820856508
-0.11499999999999999	2093.427771014955	741.3980131900524	28.85890735128338
-0.11299999999999999	1306.9552472353419	661.0404896374563	29.489021112826812
-0.11099999999999999	-3557.34497074256	832.5056011533104	29.853592308797545
-0.10899999999999999	590.627831484003	641.6476730161172	28.00538935759756
-0.10699999999999998	2314.819001165702	763.2389651744732	29.909170138144116
-0.10499999999999998	-2367.024772096049	770.1762977465014	28.46875549187708
-0.10299999999999998	-1115.742316974977	761.3213006576478	28.830468627345056
-0.10099999999999998	2862.7696651613023	791.4367748777115	30.05866606915721
-0.09899999999999998	-802.1436052970677	638.345410105771	28.83413459433129
-0.09699999999999998	-2889.543070924372	796.9221770540341	28.661068906287927
-0.09499999999999997	2084.4013621605927	851.9036690337034	30.06755564229951
-0.09299999999999997	233.84404925752557	631.9648277661131	28.238134203750896
-0.09099999999999997	-3555.9604248498467	831.8422246860533	29.31128269838006
-0.08899999999999997	663.3938668525464	708.4976197704922	28.851078163516473
-0.08699999999999997	1670.5735436890468	721.7929409852707	28.74021339407727
-0.08499999999999996	-3952.9002049421	850.063636028952	30.26563657862166
-0.08299999999999999	196.481828084627	712.8253529245384	29.19121621057524
-0.08100000000000002	2087.8597657389973	710.46127771787	28.240064506674297
-0.07900000000000001	-1752.8149310688245	760.6700233321073	29.34617366372898
-0.07700000000000001	-1723.8526772741513	763.3578715006494	28.819622209782334
-0.07500000000000001	1950.9717894095058	787.6214470308701	28.4983765785323
-0.07300000000000001	-14.577440161311905	720.9603697357268	29.351378383986102
-0.07100000000000001	-3177.315769619771	770.3696923409364	28.56157765813061
-0.069	1771.0813152027604	809.1249819582677	28.851404800931224
-0.067	748.2994914547181	673.0148149051846	29.35496153618309
-0.065	-2943.486544024654	806.6919741215469	28.697600831734842
-0.063	18.31591941181543	737.0243637487243	29.242595302179165
-0.061	2265.2731632031296	726.5377343623559	29.247730442144288
-0.059	-2159.3507870064645	788.9123209758533	28.233732868137114
-0.056999999999999995	-672.0327675809879	740.6188349533523	29.745856466663007
-0.05499999999999999	2926.3876890710526	703.6644979134069	28.639348203221385
-0.05299999999999999	-703.5083844021406	696.3160655479163	28.61186655509853
-0.05099999999999999	-3450.33126659533	859.9656165205299	31.01559645089032
-0.04899999999999999	2178.989703585987	762.7517036267976	28.402753632820772
-0.046999999999999986	697.3227698165996	670.689673685635	28.716724969243995
-0.044999999999999984	-3477.1836480399497	812.7571621030496	30.12005959194348
-0.04299999999999998	388.23233972795634	761.8992495233639	28.74004966028306
-0.04099999999999998	2089.4960369077785	730.1130579230282	29.318962524040455
-0.03899999999999998	-3434.2577009252027	829.404179340903	30.155832749730422
-0.03699999999999998	-177.29453549175656	686.1222511226372	28.363898455988952
-0.034999999999999976	2315.85344027474	771.6858167126691	29.778011098332453
-0.032999999999999974	-1171.874199755285	765.6071497063645	28.988386501818958
-0.030999999999999972	-1945.680286681406	740.692046567968	29.025849977833225
-0.02899999999999997	2567.097354908565	810.6673266297809	30.680741804433268
-0.02699999999999997	-106.21140437494515	652.1830299735592	28.600816481152396
-0.024999999999999967	-3040.0527684192325	811.6343075491721	29.698366828316786
-0.022999999999999965	1654.941703802315	854.4092023665878	30.638756998049647
-0.02099999999999999	749.8767844764665	683.2827472548624	28.856886505229266
-0.019000000000000017	-2968.7969577881777	1030.6435056298553	34.68541843859663
-0.017000000000000015	-305.0664360053634	766.9818983440136	29.74978182488718
-0.015000000000000013	817.8530037445953	744.2273790471504	28.610960509201064
-0.013000000000000012	-5450.336347726403	803.2164014709025	29.182504543453934
-0.01100000000000001	-7037.645811931669	715.0525655300456	28.64971329048935
-0.009000000000000008	-7977.82491206267	712.9868066361837	27.965055434724615
-0.007000000000000006	-14139.639795214154	749.8861254659219	28.980692558236083
-0.0050000000000000044	-17279.001740296284	734.0284181815234	29.204786799333412
-0.0030000000000000027	-14359.012390362746	723.8370714937622	27.67094310946708
-0.0010000000000000009	-15749.128498111275	656.5170090127838	29.370356801772775
0.0010000000000000009	-18815.89685833307	691.0675240002812	27.98289983713737
0.0030000000000000027	-14821.032715194748	745.7121064123893	28.959747541515732
0.0050000000000000044	-13862.128772909376	704.9840306656521	28.73835439376291
0.007000000000000006	-15491.645728035963	724.2509292322526	28.497771061621446
0.009000000000000008	-11276.641208935345	743.4980750778036	28.75145940247415
0.01100000000000001	-4461.844846178842	713.9540241395146	29.451754791707152
0.013000000000000012	-4451.354059781476	743.4635193374319	28.44744947873749
0.015000000000000013	-3276.012363688574	695.2406565718453	28.94295729007183
0.017000000000000015	2521.357185497175	752.5730167783405	28.885525496105853
0.019000000000000017	-804.67236034798	684.0025304616764	29.188114745875836
0.02100000000000002	-3086.835696293755	821.7234461644789	30.432604089571583
0.02300000000000002	1795.240901063977	785.7164139630132	29.386746164757685
0.025000000000000022	1240.5174779823724	685.9780316953701	29.229961256321896
0.027000000000000024	-3189.821009349947	751.4261278075072	29.853160449237826
0.029000000000000026	-76.10457761519918	754.133748742574	28.586365628743643
0.031000000000000028	2192.316771975067	723.9192605083805	29.75756343785005
0.03300000000000003	-2865.17992379276	763.5394744320837	30.450735351009648
0.03500000000000003	-938.5881216072978	719.0404382065163	28.483039406720042
0.03700000000000003	2161.8015888531518	739.2079546164753	29.90087103495675
0.039000000000000035	-434.56092073779206	749.9655375566463	29.89623935910665
0.041000000000000036	-3169.4051521442557	709.1309252517879	28.193755704803877
0.04300000000000004	2470.696789581117	751.5138544577217	29.646743550742265
0.04500000000000004	205.69345345156086	668.2878049483002	29.07743641743849
0.04700000000000004	-3017.420746601718	725.9729007722781	28.1888385955933
0.049000000000000044	976.452368254499	852.1607526524454	30.471355748784912
0.051000000000000045	1292.8303547838916	663.7043410353882	27.679457520922654
0.05300000000000005	-2573.225755120423	749.4943172129475	29.192723465500855
0.05500000000000005	-1076.7527109581954	770.7791985945839	29.583931493308306
0.05700000000000005	1863.9309733703424	708.9750793214232	28.262537102479403
0.05900000000000005	-1205.8553421188112	708.6245362893791	28.816782357038463
0.061000000000000054	-2384.6946231793618	706.0637512384326	29.174803656666054
0.06300000000000006	2429.218635548791	688.0685214438353	28.885957236644998
0.06500000000000006	633.9442656382311	703.2959197819823	29.09313023306068
0.06700000000000006	-2764.381536762062	729.5333980027852	29.309359197693013
0.06900000000000006	1246.8722429614943	731.0416215175359	28.345374523854186
0.07100000000000006	2024.2557058620657	700.2023838166446	29.637479439129688
0.07300000000000006	-3092.475962096275	721.6022582067593	29.067314123602575
0.07500000000000007	-279.66243647115084	761.4469095103797	28.829948001903254
0.07700000000000001	2283.1037673425312	741.5338260020937	29.75762415157616
0.07899999999999996	-1663.8483439538331	660.1753697897589	28.216655845944334
0.08099999999999996	-1319.198894454421	747.762311876874	29.43420019964329
0.08299999999999996	2248.0866293554946	761.2340295626849	30.052641799509026
0.08499999999999996	-520.808017155594	674.857362354249	28.356050062398356
0.08699999999999997	-2871.124855578944	726.72845328887	29.17858328159596
0.08899999999999997	2649.0011697168916	709.0327503139711	29.002645629550983
0.09099999999999997	667.6164866878942	682.3137312844628	28.722422261336558
0.09299999999999997	-3250.4010932435936	730.3309279959797	29.275638847929482
0.09499999999999997	1244.4728379366054	801.7498186137051	30.21022672556915
0.09699999999999998	1864.0931224027656	681.7925441960509	29.09332722000102
0.09899999999999998	-2356.2114080603046	756.0286559508222	29.4507986051441
0.10099999999999998	-861.7776342797479	740.4613890863579	29.09293885508772
0.10299999999999998	2630.480424383741	717.5255292912575	29.513343154660415
0.10499999999999998	-1485.0758990900824	690.4876166564537	29.195291963774253
0.10699999999999998	-1576.6614526995238	736.71636948237	28.690005982074943
0.10899999999999999	2017.9151974799581	724.7011378625654	29.642972544904076
0.11099999999999999	485.1472341051988	732.3880094961496	29.762393351386695
0.11299999999999999	-2448.6556730888287	722.4436323854052	28.79344640053263
0.11499999999999999	1958.4884951195925	734.8032546965712	30.357622063650645
0.11699999999999999	1629.9048788557257	735.0220314288304	29.905446454296914
0.119	-2432.342539394061	660.149959164635	28.79668946422714
0.121	12.980863536293796	801.3412098469835	29.733275764466292
0.123	1924.8097606898718	705.2263073371037	28.39360102293898
0.125	-1377.3607713717383	717.4804404787649	29.067933088824905
0.127	-1705.1004567449902	759.821029638571	30.711317395561743
0.129	1783.9421771359553	724.2864575481525	28.741387049978005
0.131	17.9742391983595	746.6818676760732	29.757282630310062
0.133	-2809.369943424178	771.8842525354644	30.100255680295877
0.135	1973.480389734883	679.5697881339091	28.510560551747176
0.137	1482.1599106995543	722.7986168376348	29.63177302493383
0.139	-3332.3176541851794	753.7655297566631	30.247498402081728
0.14100000000000001	846.8331816979812	718.0524680317236	28.487334556729238
0.14300000000000002	2351.524125078219	750.8505829965011	29.780612708821355
0.14500000000000002	-2320.726765341896	696.6234294090305	29.446089448399288
0.14700000000000002	-1170.4158282587196	766.4637613412343	29.327832148680358
0.14900000000000002	2402.784968875915	769.5993410975569	29.779259966335243
0.15100000000000002	-1102.1122260616023	666.5438276658333	28.94982580982991
0.15300000000000002	-2412.957680325789	726.6510127484388	29.422501920759682
0.15500000000000003	1391.988022554802	741.5853766435526	30.064923540659397
0.15700000000000003	693.9568296373544	710.6591951455686	29.66622269688722
0.15900000000000003	-3338.4095937569746	777.3123690034232	30.237319222807116
0.16100000000000003	2071.951960061602	672.5137834134856	29.774391945278587
0.16300000000000003	1603.8784068534983	679.2420062243506	28.866505835969193
0.16500000000000004	-2565.751176465958	696.4507886858852	29.2983003258718
0.16700000000000004	729.8824502044444	763.5520525310209	29.48107882432192
0.16900000000000004	1944.6042419895005	726.6215886482817	28.491793482569925
0.17100000000000004	-1103.342796580753	752.401597986466	30.58513422351346
0.17300000000000004	-1908.164032852655	707.7393444452811	29.071417633086895
0.17500000000000004	2533.887094640086	745.0160467461736	29.377780258404563
0.17700000000000005	-456.11484645857735	702.3764403306475	30.42208283874435
0.17900000000000005	-2380.4276500010155	684.2272585845084	28.57307173498954
0.18100000000000005	1798.1451743120936	724.0540739409952	29.118500921926163
0.18300000000000005	1849.402662827515	759.1914572946881	30.463234113619215
0.18500000000000005	-3214.2768333295326	722.242409933755	28.535766091387586
0.18700000000000006	843.3511230043766	672.499035123721	28.733979455246352
0.18900000000000006	3102.5546207528178	746.020274337	29.543243191676847
0.19100000000000006	-2022.6234451000691	609.052017209445	29.30098804215908
0.19300000000000006	-664.3410248968751	788.3226326379064	30.4369524794909
0.19500000000000006	2482.5871071432193	755.4558686729043	28.869877710983946
0.19700000000000006	-737.8313419188487	636.3055082932997	29.194001475560565
0.19900000000000007	-1856.6273380393739	752.7871419002605	31.17385631861677
0.20100000000000007	1508.0298292178275	727.6148128474442	28.882713407228806
0.203	1146.8819114894834	705.8711476503405	29.86478888406193
0.20499999999999996	-3259.604581215547	742.1181623808556	30.125096877063765
0.20699999999999996	1653.5268018564864	637.4670163469938	28.64119699036702
0.20899999999999996	2018.0984243014511	717.8341647373438	30.31268942064739
0.21099999999999997	-2522.4608332403695	678.0897460663755	29.561842417509475
0.21299999999999997	10.707460963654825	717.6521575130715	28.841182504446866
0.21499999999999997	2684.3526959086093	797.1765364442102	30.224693020514277
0.21699999999999997	-1335.886996465141	620.382581519427	29.317246875301876
0.21899999999999997	-1534.085274543129	729.7654088874995	29.18721376176701
0.22099999999999997	2680.7344350043836	766.0913761986551	29.928138591493568
0.22299999999999998	31.321539060824577	652.0637637651505	28.964942022163676
0.22499999999999998	-1882.6094719304187	686.2172245494849	29.033351594782403
0.22699999999999998	1506.437730895538	739.5980370002435	29.755833268461704
0.22899999999999998	1457.8611635860384	696.7895617048368	30.37435708037757
0.23099999999999998	-3009.1568071497486	705.4668584260376	28.63567794776596
0.23299999999999998	439.8127185478717	686.8205398619302	29.76772056774783
0.235	2697.2972359935457	753.9499048679088	29.25939325361195
0.237	-2022.649072210503	695.1478075776524	29.41002959521952
0.239	-639.5497151049367	728.0473567529359	29.205365221280335
0.241	2680.0877677659596	710.5779520491559	29.155079617014636
0.243	523.8580665012371	709.2456495301408	30.46202185442791
0.245	-2903.882558509374	705.9980837836431	29.048762040254967
0.247	2204.997751167559	732.1364862514333	29.239243993426015
0.249	1210.3815646216099	722.5584414647872	30.75076761178426
0.251	-2809.2086432928154	707.3004958696158	28.547725258984638
0.253	1299.4433832622665	673.095085656272	28.472517894175528
0.255	2195.861787891218	716.952910487595	30.95243321933737
0.257	-2534.704140621513	724.18370621207	28.789195996600274
0.259	-181.21083691768902	657.857626330881	28.347173149384563
0.261	3290.9847477766707	780.6530380237203	30.670418007667273
0.263	-1344.9668134832837	655.0100309274535	29.177098108464406
0.265	-1648.0403858917248	753.317480609032	30.563067269826277
0.267	2481.993195948107	742.040484955361	30.199342368529248
0.269	742.7498884091666	651.8300598959266	29.219290351321007
0.271	-2981.17631052186	737.75042230034	30.5593523972729
0.273	2166.242026184317	742.2632189696795	29.380106453592283
0.275	1820.1573268592508	729.0700101394738	29.894825811043745
0.277	-3230.8117665731384	727.9022463084682	29.69645429684191
0.279	831.8317047057988	674.0850825953172	29.114219763308462
0.281	2649.1865824629367	732.4819334745912	29.24657993560236
0.28300000000000003	-2238.5326361505918	710.4511453089665	29.664509190343576
0.28500000000000003	-1042.3209728390725	664.0415563888006	28.226177542794236
0.28700000000000003	3094.3578678541694	746.8799867342129	29.540018360682822
0.28900000000000003	-558.5522469164772	647.9376761786791	29.432719571323357
0.29100000000000004	-2679.794101393296	684.5334420067566	28.308631212646105
0.29300000000000004	2454.465429635677	779.4386201531304	30.941588205802994
0.29500000000000004	1296.4180311538787	675.630042496373	30.0285028553324
0.29700000000000004	-2990.4772591415885	693.0844917189523	28.775479305052468
0.29900000000000004	1224.1527687555376	734.0999860657822	29.62374191191904
0.30100000000000005	1858.4185242229712	726.3267730769874	29.386096796282605
0.30300000000000005	-2502.7047539819546	699.7026229914627	29.28244927474449
0.30500000000000005	-472.67026790220876	691.6822144678994	29.754018571071818
0.30700000000000005	2788.767094010769	724.8273778984166	28.7694341434954
0.30900000000000005	-1767.9352855761722	732.0757965501205	29.42284619205008
0.31100000000000005	-1300.7613665725337	714.3742829508644	29.184873627425898
0.31300000000000006	2044.4730491644414	715.3731704729616	28.879756459204533
0.31500000000000006	328.49902061560243	707.5660110775323	29.855293531329572
0.31700000000000006	-3191.3318390883737	735.8946493352546	29.404783709848175
0.31900000000000006	1103.6821811629682	720.9509075180723	28.864713226015674
0.32100000000000006	1976.5796404451753	692.6161167506466	29.888110353764443
0.32300000000000006	-3586.931906046309	719.2180957074564	28.910371096319768
0.32500000000000007	479.8574759592444	684.3739296244931	28.473728574669675
0.32700000000000007	2199.5054172534446	766.370085448213	31.4113067364049
0.32900000000000007	-2475.528536761806	738.5497743965203	29.051720414898618
0.33100000000000007	-1097.8437592988887	668.673185621362	29.08563589179942
0.333	3009.2126790024486	749.7187148671327	29.92806121846427
0.33499999999999996	-1141.6954478637997	699.4333625512872	28.806924329744188
0.33699999999999997	-2513.5635160572488	706.5088419043844	29.710227793702366
0.33899999999999997	2173.5903364090705	764.2967937782877	29.541241962402246
0.34099999999999997	1012.3579742575828	688.8995211815221	29.48130638397172
0.34299999999999997	-3229.5026060638056	776.6878711879615	29.971381259850894
0.345	862.7378366599103	731.2833553986544	28.850388146744045
0.347	1890.6765578032837	721.2032327949055	29.793535745249887
0.349	-3511.6872884387585	720.5244159639499	29.28395984080908
0.351	-782.0804610501053	634.160082999869	28.59848530361246
0.353	2881.9609928385503	738.0434273642285	29.526538682598236
0.355	-1451.0124350938236	755.1303506401057	29.978033498303084
0.357	-1817.5574958602115	663.814815984537	27.885306774346763
0.359	2198.8319540535704	738.1508576190644	29.65423844324292
0.361	357.9563634352745	703.4590244489989	29.46978364914679
0.363	-3237.3987265486016	642.6786521945369	28.192459568236888
0.365	1493.9559685880345	755.5414444205721	30.048282194834517
0.367	1505.2087772930988	685.1272516981699	29.110928416825118
0.369	-2923.006488607105	685.5409784821884	27.834507838425584
0.371	-325.3715687758785	755.1111669654381	30.18557284656867
0.373	2154.572957209666	693.2705806776901	29.003310486031136
0.375	-2026.4865893279139	720.1544104930499	28.427200700692097
0.377	-1775.762644891543	678.2307543515396	29.47180550498367
0.379	2654.9559141901823	715.554629609411	28.528232362114597
0.381	-842.017829504993	690.2176463190534	29.715894374051633
0.383	-2657.783171920003	689.9194823820034	28.549317795262578
0.385	1862.9079027345786	713.1120496888032	28.886009913691183
0.387	1204.5613443627535	729.22249177654	30.323772653929872
0.389	-2817.985169068282	712.0266517563566	29.673313340662585
0.391	441.9479864123943	724.0811511989751	28.611585896744664
0.393	2105.776610450194	714.762319458244	30.49853946734656
0.395	-2987.58814887945	658.7224076420802	28.29424216209905
0.397	-474.53812007414166	705.4249739237024	28.223914836733513
0.399	2171.474210605373	738.8915184048121	30.648578451857272
0.401	-1431.9998998463257	711.016947147286	28.08576900466204
0.403	-2299.0234893145443	673.4004286370347	28.215904475131822
0.405	2432.0276449614207	743.356836101515	30.505290411887643
0.40700000000000003	238.81537031567035	686.8767825061553	28.49051302200274
0.40900000000000003	-3010.479669004362	697.620819675199	28.663948434580607
0.41100000000000003	1843.201994916832	779.4129196065828	30.187226306180293
0.41300000000000003	1011.5974082889334	653.1685037031667	28.989453590712962
0.41500000000000004	-2750.6001933290668	745.9204241575669	28.53197395370925
0.41700000000000004	-482.5272207356068	727.4570193397024	29.35449573976075
0.41900000000000004	2549.5874271506127	687.1549937336962	29.126474638494486
0.42100000000000004	-2492.3844110644745	722.6419435676236	29.43762334213737
0.42300000000000004	-1864.2692008382644	691.272520492469	28.82326563142284
0.42500000000000004	2494.714668804132	704.7316793948204	28.99786950955886
0.42700000000000005	-577.7220482369172	713.1919994112853	30.00179036688061
0.42900000000000005	-2833.824829087894	706.2618496069928	28.335591548651077
0.43100000000000005	1896.2137295208681	694.785073498623	29.91459288379968
0.43300000000000005	1342.8589766262266	696.3022496870916	30.046160900308955
0.43500000000000005	-3320.6334534898742	731.543765719619	28.211174600036227
0.43700000000000006	888.4150076959862	761.6348768906556	30.90727227675019
0.43900000000000006	1575.9079290778022	674.0926338821988	29.525574624349343
0.44100000000000006	-2358.8863131632775	726.6362142866874	28.083145386896824
0.44300000000000006	-1491.7852710838454	784.4109242626229	30.728074769985316
0.44500000000000006	2206.6915672809273	689.6070472458518	29.141212752760595
0.44700000000000006	-615.122935260004	691.2515669665411	28.19890326512227
0.44900000000000007	-3091.6509962793934	733.3677972488964	30.138740183943987
0.45100000000000007	2525.0757239738687	661.7260433346349	29.271220644451848
0.45300000000000007	275.9377168219945	733.0797117712019	29.066648824956633
0.45500000000000007	-3395.198524600129	747.3632468227719	29.958618747967847
0.4570000000000001	1210.2160694376084	681.8236319486563	28.27005102739387
0.459	1715.3975996151428	685.8611689922564	29.775236007332875
0.46099999999999997	-3104.904883730053	763.7933532293981	29.30376782106529
0.46299999999999997	-690.3134880000828	679.6857993655094	28.005204067692134
0.46499999999999997	2658.4173224990514	707.0034561156103	29.801297540804036
0.46699999999999997	-2003.4848239236514	720.0243900796072	29.309700095341523
0.469	-1689.6437386141326	697.6290025904417	27.742117128555286
0.471	2022.9974737875357	726.9677559836516	30.50514690890041
0.473	-975.381843552503	687.4819966758229	28.950591187590803
0.475	-3079.467372465672	723.4736900411815	28.67182788437081
0.477	1932.4583953410634	685.3858639508527	29.664165269089246
0.479	1362.133057174475	691.2486238841425	28.4852101954388
0.481	-3572.8785777027206	743.6094139708489	29.04112456202964
0.483	711.0355348547425	718.5744308959094	29.234472835343897
0.485	1444.8837677478732	661.1800517549419	28.509534695304097
0.487	-2464.9651807041596	793.2332772412179	29.300469484864614
0.489	-1468.3600234501882	735.9782032422848	29.599918722698558
0.491	2068.541218320563	697.6418852847771	28.39966169663958
0.493	-1219.4841286273795	747.7340488361841	30.000055745459182
0.495	-3600.5686956391837	723.6691515604092	28.669427379741403
0.497	1795.7786939455377	709.4253620598794	28.869329009650638
0.499	1383.7504840656934	828.8024726684954	33.53325893564472