-0.499	-42.69153280656024	822.4561569749981	8.26015988933804
-0.497	271.0271956343213	817.8139265601403	8.113323720646937
-0.495	363.46563501177263	749.822420860671	7.9811445612442045
-0.493	-357.9069722537964	773.2810109906139	8.076492029845545
-0.491	-323.45281001033845	810.3669946765851	8.11625264391918
-0.489	181.15243243577163	822.3032638358284	8.07566825453849
-0.487	776.5814205722421	749.8901545722225	8.075612006029827
-0.485	-115.22742007774589	820.2611258415707	8.126056414646591
-0.483	781.2515899519035	809.6224376976402	8.272443823296646
-0.481	240.87477368728293	833.4412971501704	8.383958873009943
-0.479	230.30142296942557	832.622028433834	8.325933387561271
-0.477	296.51379489958885	792.6490366326318	7.981612655887673
-0.475	-145.53567932118483	933.1381372667122	8.77647967704143
-0.473	206.86920551837852	775.8328372913816	8.165088456093253
-0.471	-244.53949290281773	852.2062254191618	8.432586583110776
-0.469	410.5703430490326	816.2218090089249	8.17635156197009
-0.46699999999999997	-165.21717445006078	897.57621615647	8.335402651288096
-0.46499999999999997	776.3554522164374	773.672823383911	8.177165275646374
-0.46299999999999997	209.73329432338872	787.7759871974	8.22142120546991
-0.461	81.96895204615195	763.5553350049217	8.070818725820954
-0.459	-368.4539234994899	865.9462053162409	8.382928866690207
-0.457	319.4685852876411	809.6808835558502	8.485873385986512
-0.455	1127.1876327207942	727.5958981869383	8.381154379086167
-0.453	993.7467857523696	808.1524668732604	8.39042742595054
-0.451	-316.6550820837832	833.9880224440495	8.172741065303594
-0.449	403.7064582735894	814.2328516057115	8.436551470836406
-0.447	569.8470276542799	759.5035474854606	8.430163477225456
-0.445	497.42340889680213	808.1007525063383	8.384017470522034
-0.443	100.94043500430416	799.8636224269865	8.222213784744692
-0.441	374.0065181256913	790.8009628187402	8.54734325942191
-0.439	805.4407001665264	784.3031296343395	8.481348401058323
-0.437	734.5224652430816	762.7083750913717	8.48877294136861
-0.435	512.4729929761874	837.2935685391369	8.787151153432271
-0.433	190.16460253040714	862.7551493791676	8.327171064369503
-0.431	1133.7972069971336	773.6434100381	8.841928464928126
-0.429	219.19461418384856	768.0105926916808	8.600686705715908
-0.427	140.20763422917247	870.9210384734952	8.655289601873495
-0.425	87.56189252268065	835.0275221245138	8.22775747850424
-0.423	276.9036209040454	739.8311314959941	8.217772148378572
-0.421	763.7528945827477	730.5402047620197	8.433746933149108
-0.419	559.4134874076228	794.7565613845526	8.227742254276231
-0.417	-343.5657162571548	789.4038602509364	8.281209647579699
-0.415	-80.39705462237201	834.5119689454752	8.655544360355828
-0.41300000000000003	867.4227875626883	724.9542538572637	8.504109214976772
-0.41100000000000003	480.05050324984035	822.7106166445068	8.59937973574619
-0.40900000000000003	-130.2349016791826	799.2417506693813	8.376388006462255
-0.40700000000000003	-62.00608814299624	769.6872317235473	8.168489955535183
-0.405	656.581832707781	741.3657472756199	8.377715542178947
-0.403	247.57771630024018	758.4180453134614	8.268522794250515
-0.401	216.38316088834486	794.8867565510423	8.321217853779128
-0.399	604.6509236210529	805.4643048150597	8.721632809763527
-0.397	436.5354747524197	705.2081912726078	8.712040459400383
-0.395	-22.389849943182938	776.0085957167134	8.60531365157677
-0.393	7.40279415367695	878.364946020119	8.78435609514093
-0.391	278.0972693383621	822.7835738650183	8.486749092893783
-0.389	73.09303217528651	693.9858573528815	8.537244511512954
-0.387	73.43610271326462	721.1801810938051	8.221036594762602
-0.385	150.24404615116003	774.6646461219532	8.326370762267862
-0.383	212.73235804430968	838.2558433430656	8.496739658132423
-0.381	279.05726398724795	778.8983520795986	8.59252243147121
-0.379	255.20956102043078	759.5952108224456	8.723045599693055
-0.377	436.37015320485693	844.3363794559469	8.487075295309532
-0.375	-406.4082635953925	769.284465249588	8.317895029164957
-0.373	-172.54926435672502	727.4725801483937	8.323586962965207
-0.371	597.6430127152544	675.6701740170952	8.326275023425175
-0.369	637.6348729799641	763.6636177401903	8.2238589593469
-0.367	632.9680858001562	774.7812304839449	8.377048321264615
-0.365	-100.61649199377686	725.754912413119	8.223156728272063
-0.363	394.8766352663835	670.4989721784711	8.27097888900075
-0.361	340.457568706487	774.6271929732474	8.387201576794032
-0.359	233.0446734253311	805.7272448477697	8.431201852347005
-0.357	107.42361557736224	744.304087843741	8.072736298351705
-0.355	522.4042775289206	687.3800313638125	8.433764167328395
-0.353	-296.14168143909933	743.7508812602848	8.224698216129296
-0.351	124.8526849084719	745.3296535518525	8.433895069438059
-0.349	13.018262048580809	867.0655484882157	8.910322820168293
-0.347	339.43092533106346	698.218866008852	8.277712082373458
-0.345	7.693380557727281	702.6016672110022	8.478481067146149
-0.34299999999999997	-167.91815965078172	828.6414541614595	8.664153273806088
-0.34099999999999997	285.1073148386618	775.7461033986006	8.613518887517321
-0.33899999999999997	169.13773967264234	746.4185492409514	8.543888209312485
-0.33699999999999997	162.0099061365732	687.6873608776745	8.218738183510238
-0.33499999999999996	-26.312294817532056	807.8351237122118	8.766518780216247
-0.33299999999999996	-584.8336464905346	752.8020732952555	8.490884166978065
-0.33099999999999996	101.13624000074317	704.0667554814178	8.601602132643258
-0.32899999999999996	444.61848726085054	714.1282882430852	8.1765316147721
-0.32699999999999996	-722.2804015640794	836.6289170855226	8.606351999594999
-0.32499999999999996	-334.7511949791659	834.5573868801275	8.85742171517588
-0.323	13.80473645973268	769.1171376421273	8.438463973361312
-0.321	23.39395941275413	715.7236257003059	8.495671792500318
-0.319	-338.0195081745807	810.7432466423436	8.382138021225312
-0.317	103.57697412710642	753.0076700673302	8.326837550088543
-0.315	283.1459455370222	814.0303777490623	8.858539945265628
-0.313	55.620217044527465	718.3429356830338	8.436781622804892
-0.311	-587.5241896824424	786.8148498766515	8.215518370159222
-0.309	-467.00217378026207	833.5194864968809	8.777701480571919
-0.307	226.94684622748264	777.6898152598343	8.33981844869875
-0.305	408.4644854829289	754.535578073276	8.531397541308031
-0.303	-289.9457144438511	849.3554636134836	8.841272616275301
-0.301	-403.2898591682654	805.6836820127668	8.273816897567068
-0.299	-303.61411564239216	769.9823512603429	8.552272753961297
-0.297	196.29030187262586	785.5023954882047	8.717361284981038
-0.295	286.66805927879403	790.3987194143809	8.490497135542423
-0.293	-954.5691927109746	835.7483089133565	8.915814958116544
-0.29100000000000004	294.4569977609834	816.9105966355133	8.67140922404038
-0.28900000000000003	-72.04933871896024	758.4094722719268	8.328523117588228
-0.28700000000000003	78.68924758058782	800.4277641104237	8.436812876030324
-0.28500000000000003	-557.591546410774	800.9242819116528	8.328362050664657
-0.28300000000000003	433.2063161684996	752.3700329543755	8.613301513589457
-0.281	751.6844241033382	769.4850723053545	8.495628046428047
-0.279	264.87357072579874	734.8769648703746	8.278938268511464
-0.277	-539.4580054480791	835.6720641866056	8.66224274343286
-0.275	223.20228727412683	775.754813184752	8.495185560330464
-0.273	637.3535259369678	735.4980938865349	8.847231457097443
-0.271	171.71178093144945	800.0850929574435	8.326970190192744
-0.269	-107.2761227044472	747.248069923787	8.376010065561593
-0.267	451.73101488771294	763.0922511160594	8.433570059967138
-0.265	581.5441618388651	747.1262242583487	8.4950510753996
-0.263	695.6179850496902	771.1036878617621	8.552665683621035
-0.261	143.45828649009462	769.8449581441356	8.598717051094505
-0.259	366.5557449847867	800.4646087737473	8.491612895667407
-0.257	664.3211018704243	716.4790357131543	8.496227210262049
-0.255	783.396970114314	768.1650238656321	8.438379969617758
-0.253	627.51418946827	776.7414166500125	8.441861445744523
-0.251	175.42561238315102	773.9002409179594	8.379011911822104
-0.249	521.0443518857132	764.6575018683685	8.332422398720714
-0.247	67.54124839858378	802.2854211447959	8.91336653436307
-0.245	636.0723281293446	766.5332450678114	8.600923329727648
-0.243	450.959771656434	751.6433428022625	8.423076132354952
-0.241	483.3499447538525	817.1531694388948	8.662545514299158
-0.239	634.7187451489766	755.2983149937138	8.442550350039244
-0.237	637.9530381519505	718.1731602657707	8.48791507799267
-0.235	-373.8519983444988	808.7935424889816	8.603358695762351
-0.23299999999999998	557.7199196589166	772.8441549050348	8.60580272492708
-0.23099999999999998	673.5708682852337	726.4057555527372	8.442662956235385
-0.22899999999999998	457.88999369600344	780.7571604554897	8.223726820312736
-0.22699999999999998	-102.41708040958919	747.5801580562689	8.489605190723335
-0.22499999999999998	104.58963441140057	759.0432665604378	8.275918949649343
-0.22299999999999998	418.7917387028506	795.3224619248515	8.728394283819897
-0.22099999999999997	169.58687571144714	797.6795288802032	8.439197666176412
-0.21899999999999997	648.5582548441116	784.5263422502347	8.323313917122283
-0.21699999999999997	-78.45376429238549	754.9129416101492	8.652807918549138
-0.21499999999999997	503.7158928296037	816.3043348992948	8.607162043864596
-0.21299999999999997	623.2068001348346	775.6189676876796	8.273330749026561
-0.211	617.5560583896456	735.6171282092204	8.033583325963003
-0.20900000000000002	389.46772008641165	765.8967815066491	8.439805860504435
-0.20700000000000002	351.7514865352123	764.2904456557441	8.22499063944409
-0.20500000000000002	624.3161216583637	765.3249811681262	8.496401352721834
-0.203	322.6221697933962	729.5011150868346	8.028871596164967
-0.201	551.237204220012	770.1340680656945	8.602710499683752
-0.199	776.9180245729146	796.5600063155232	8.558283777317625
-0.197	806.9404309665184	854.2119403027083	8.856967704535867
-0.195	-310.2890001844827	816.5979126209398	8.085422229417118
-0.193	149.25722902225937	800.7707827334096	8.442203502746736
-0.191	42.25561230297714	828.6958870681001	8.277891031372251
-0.189	587.6431018161377	820.8056650461817	8.501528220033629
-0.187	251.53262215593662	835.8906861344443	8.54404961488568
-0.185	397.4677898939127	742.4923350699606	8.658470677646447
-0.183	-269.9389856760659	774.4708159348675	8.16942478034261
-0.181	628.1283115792124	798.5483429849091	8.277738141375428
-0.179	573.9648388938257	880.4351075687631	8.440209505680638
-0.177	589.5185998987529	788.3903443511574	8.230509736883958
-0.175	2.354930712433756	775.3994005227682	8.220665118594198
-0.173	561.0571538294806	800.5980730611652	8.602454467724938
-0.17099999999999999	211.21377474697667	911.1070088387003	8.719926552692995
-0.16899999999999998	232.37529652564427	823.2427704535386	8.28568720558377
-0.16699999999999998	426.23598541480237	791.6902671834512	8.551229982224504
-0.16499999999999998	552.7504493987312	806.5178755054086	8.71424647231726
-0.16299999999999998	218.86108487190194	868.7930673598162	8.378362730260536
-0.16099999999999998	-133.55610862852973	820.4634013721173	8.376661129216972
-0.15899999999999997	-8.971964744031169	836.7473375976145	8.608830366417303
-0.15699999999999997	573.145769271255	814.6220333866096	8.37550532772881
-0.15499999999999997	-20.41977530709005	914.7553925615413	8.846842421762874
-0.15299999999999997	-35.191838282155885	857.7453361478458	8.324410590123247
-0.15099999999999997	-147.27613911347248	818.1292827810861	8.789487883847805
-0.149	400.6292569818104	859.5870910456522	8.431898910923728
-0.14700000000000002	551.5296378191259	872.7151255874098	8.552357520334674
-0.14500000000000002	-48.43962596035034	834.2474374059761	8.327075331237532
-0.14300000000000002	859.6394378050932	802.2758406038256	8.436116358180014
-0.14100000000000001	78.20295116234277	778.9603808038758	8.376176072534086
-0.139	155.25705874730454	909.1004268145462	8.84420366669433
-0.137	794.9620666574119	905.4336316114292	8.493436950866618
-0.135	821.3748893644013	796.843570162873	8.552004370952314
-0.133	751.3117982975714	794.9440799633572	8.794113859235123
-0.131	248.4014406580748	812.538500352051	8.482477304943643
-0.129	20.29498931110929	881.5239882378936	8.43382367073937
-0.127	558.0414503643105	788.618325578249	8.281231600058463
-0.125	471.6629140335549	732.6510317346574	8.724441267946004
-0.123	247.0857279928129	787.0516516138704	8.488861898745796
-0.121	-267.03908097991393	791.3114596100315	8.597727733752834
-0.119	171.6789754968584	828.6625852129944	8.173885725627827
-0.11699999999999999	285.22738027092487	753.2394415219972	8.443414994509475
-0.11499999999999999	153.72650238143493	818.4053617211603	8.66357511053313
-0.11299999999999999	-42.346805460113934	869.2489157028411	8.612167301648674
-0.11099999999999999	576.7911836866979	842.2853019221442	8.48353789484186
-0.10899999999999999	277.7318880820001	727.0429798619068	8.43607527282266
-0.10699999999999998	50.62107360576107	748.0341159414168	8.1724140691636
-0.10499999999999998	696.6356073245805	821.8871974899498	8.386146668538663
-0.10299999999999998	-258.2748178433514	862.2690709239354	8.602919162478663
-0.10099999999999998	395.4139657138534	739.7676220230493	8.222393565495562
-0.09899999999999998	-162.50855196742185	812.6354014790065	8.664440100618542
-0.09699999999999998	396.10539294177016	819.7119369502308	8.317194401425247
-0.09499999999999997	-284.52106406673397	831.1047385431314	8.419558453325372
-0.09299999999999997	9.602296319854986	851.0619918126197	8.326515830907748
-0.09099999999999997	383.8826137987361	689.0388859270624	8.551648388536337
-0.08899999999999997	195.83746542606306	771.8615354919381	8.11389329923291
-0.08699999999999997	149.64316706822524	920.8361822255499	8.603379991650717
-0.08499999999999996	-135.9169688595063	792.6139823295591	8.170055076889543
-0.08299999999999999	560.5779575068582	726.5091470157104	8.221164862587738
-0.08100000000000002	722.0297294370237	714.9026989075888	8.218338722905743
-0.07900000000000001	117.01629319360585	911.3536968148366	8.657635541426538
-0.07700000000000001	359.4874320975716	815.0029925688051	8.434139273174184
-0.07500000000000001	82.83294885202963	776.7744766287148	8.545267181974312
-0.07300000000000001	1025.956337298739	805.5849747975517	8.602928317180162
-0.07100000000000001	1196.0569338309579	856.3313342360236	8.541082184648243
-0.069	462.66489519575236	711.5568038845831	8.309804246018956
-0.067	644.923921517826	733.9862340383511	8.282174679061686
-0.065	645.6437413022709	763.3939157951627	8.38069064856846
-0.063	1122.871047535723	820.9405872354221	8.371789728916099
-0.061	618.0376951896438	724.7446731547085	8.378303013083647
-0.059	673.8793972282941	766.1545125200496	8.433319657498592
-0.056999999999999995	807.317335799862	735.6965961852948	8.167986025596706
-0.05499999999999999	221.27401444071992	734.9584317032718	8.377677863003276
-0.05299999999999999	149.6047197802053	815.9895137288606	8.317897027048604
-0.05099999999999999	966.7902594117095	739.7903394048604	8.173989131903241
-0.04899999999999999	584.8867323081653	730.0202567204178	8.330005039397399
-0.046999999999999986	173.2467280308736	813.9791171484607	8.43704998147003
-0.044999999999999984	688.0602143448655	771.9981910368335	8.3799734960405
-0.04299999999999998	607.6842811408856	753.9438620662174	8.265224606209141
-0.04099999999999998	778.791724114658	781.263410064483	8.496510861719242
-0.03899999999999998	792.4194609079116	775.7652867435371	8.16544641651049
-0.03699999999999998	809.3446380401658	839.1080240577248	8.544980992500177
-0.034999999999999976	167.15765461650102	715.4851917915588	8.211885627628641
-0.032999999999999974	491.5504476947774	807.2180801798498	8.49029862840771
-0.030999999999999972	271.6647945135708	780.1099053646803	8.274519151145379
-0.02899999999999997	1203.9063128126415	867.4632523717439	8.605941542725692
-0.02699999999999997	688.244165949703	751.4900536774661	8.329349997344643
-0.024999999999999967	326.90120532574696	776.3423430787831	8.121078074047084
-0.022999999999999965	438.24606397091515	762.0636598201058	8.439666907245936
-0.02099999999999999	457.2976917962546	810.1237370945607	8.596908568170074
-0.019000000000000017	85.14733791376017	718.9476188829732	8.170145023211356
-0.017000000000000015	220.22307924718376	832.163848523954	8.481022119950111
-0.015000000000000013	785.9994436911766	746.030129224205	8.234159485010714
-0.013000000000000012	-121.65519507301158	824.7949854903737	8.369522163957402
-0.01100000000000001	183.3462640472572	761.3866638968115	8.42375244779877
-0.009000000000000008	364.8805688147849	786.5469251395633	8.2099690384176
-0.007000000000000006	724.4915818303	748.0963474376267	8.083001097506774
-0.0050000000000000044	85.47760754362699	913.6531144755919	8.65571877392103
-0.0030000000000000027	-505.38653778742224	713.0828284268699	8.066824259042153
-0.0010000000000000009	-1635.0103773803414	741.7737887566573	8.118471006663098
0.0010000000000000009	-2227.51495481166	794.8709190371145	8.215838998432696
0.0030000000000000027	25.069860120963128	807.3546700059414	8.169310203299318
0.0050000000000000044	34.68330012368348	912.6017524971415	8.776901725033689
0.007000000000000006	-85.93971263382016	778.6667827219724	8.27026069470851
0.009000000000000008	652.2603535701332	766.0472678843578	8.219745138395314
0.01100000000000001	702.0116635432228	842.039424283686	8.2223701817511
0.013000000000000012	590.31724148495	803.9126992184873	8.278965243369262
0.015000000000000013	109.63028941501918	821.7951425677126	8.544133406915975
0.017000000000000015	248.98808286732964	789.5290410132474	8.066962809115433
0.019000000000000017	273.0764236669181	792.1377654392475	8.225229147859185
0.02100000000000002	1111.1334670979022	775.0166949260298	8.42606606569769
0.02300000000000002	814.1960996546071	707.7425863804717	8.378016576182098
0.025000000000000022	786.0478912158353	889.3688522526098	8.55510030843621
0.027000000000000024	743.9845380301513	796.640500078185	8.326062320549072
0.029000000000000026	116.15882223381391	872.1821226675646	8.438071155386195
0.031000000000000028	145.2517666280517	744.4667694868854	8.118128723890628
0.03300000000000003	248.50449308533308	789.9785659364339	8.023982088511348
0.03500000000000003	728.906967068177	759.3420501903769	8.13016807290443
0.03700000000000003	44.33464919317842	882.562096036787	8.437655808678613
0.039000000000000035	168.7189468484451	779.436871373425	8.334336016724311
0.041000000000000036	409.88371329775396	793.6926431091172	8.07412423706761
0.04300000000000004	749.1424981924677	802.3006043572675	8.286257210427648
0.04500000000000004	472.34671642781836	764.5459075758646	7.881588920150132
0.04700000000000004	1124.7030520109558	767.7266099588984	8.384967633981695
0.049000000000000044	-212.62067833138775	811.2497984780351	8.781340663031282
0.051000000000000045	558.4988258329204	762.721769010027	8.17686705862913
0.05300000000000005	411.99028672767037	809.5034635132217	8.329338503512238
0.05500000000000005	1054.2141282463558	768.578466437812	8.12545268505612
0.05700000000000005	210.40116347714743	733.9218436213547	8.180665717269948
0.05900000000000005	666.9313508875784	818.2970039382631	8.325722034672632
0.061000000000000054	879.9585023078205	779.7983507788391	8.222922797747938
0.06300000000000006	58.85393217153201	779.2785149791732	8.172094708446803
0.06500000000000006	237.79602341300608	741.9926934330056	8.323448845277523
0.06700000000000006	778.1313974175586	744.9573471803346	8.165667327748604
0.06900000000000006	422.7201935893543	809.6317449182749	8.437861459628348
0.07100000000000006	-427.28851241236043	849.891913378131	8.266928544491329
0.07300000000000006	647.5741163016746	705.7874088073131	8.12549561971322
0.07500000000000007	452.00300832481946	845.6986078891084	8.542075115849315
0.07700000000000001	15.062394220333175	852.6715299054226	8.281930317560155
0.07899999999999996	-442.96015304301494	739.4504695932933	8.112957128381002
0.08099999999999996	726.5582677644655	769.6000446060372	8.27441660235263
0.08299999999999996	429.6276876560867	810.9141166479094	8.32032098109625
0.08499999999999996	474.000983601508	823.2195196114931	8.273762275857864
0.08699999999999997	-80.10659699497768	797.7951084688273	8.017056375267375
0.08899999999999997	971.016821879278	829.5413564939429	8.383680138153618
0.09099999999999997	804.2398482606128	751.6638932972882	8.223985380623548
0.09299999999999997	368.51027867657035	785.7046245759644	8.431237868117242
0.09499999999999997	668.725581107088	851.4624369015619	8.328103372871606
0.09699999999999998	318.29149125561787	815.6211411270147	8.067353513743434
0.09899999999999998	864.5826710760307	725.341447894063	8.486046300473344
0.10099999999999998	619.5842833967014	850.5504956098617	8.654711722724944
0.10299999999999998	3.4123867405089214	797.6301323552385	8.06863936301652
0.10499999999999998	247.52998559174344	886.1882895563492	8.377544075619515
0.10699999999999998	1024.596667870803	745.7226204065803	8.18455650278754
0.10899999999999999	842.7364838810014	778.0347704214284	8.169036694987792
0.11099999999999999	1054.9149997696184	813.1150938550525	8.222273017936478
0.11299999999999999	-309.2942531623954	757.3439955421517	8.155654258649564
0.11499999999999999	780.8642912847663	742.2454612945621	8.030130756754016
0.11699999999999999	532.9975445615976	862.8466262790374	8.43661098559438
0.119	887.8320648317839	813.1315569086323	8.075195567296454
0.121	-258.5039869325012	740.5367053163928	8.11123892193226
0.123	611.4955575498016	763.284024150286	8.07444923095694
0.125	402.42931884382216	798.7876838911118	8.163047674543973
0.127	460.8415756597317	857.3091714583371	8.43309630272332
0.129	600.7426737877353	748.9478006122998	7.979998040696338
0.131	839.4389449850603	868.0430590941315	8.325340723464404
0.133	447.46365232795074	743.866504497955	7.977454304720871
0.135	473.3770297296047	909.5810862738971	8.542783837473213
0.137	-68.26726442088483	724.2707542371833	8.167660830195645
0.139	352.0741309004371	845.3590661623861	8.428514732356664
0.14100000000000001	978.5748521462523	748.2001590975393	8.268934650182862
0.14300000000000002	153.83170389671187	839.3077477034225	8.070343601273283
0.14500000000000002	46.97254699359554	756.7777057752564	8.271104072225379
0.14700000000000002	548.751549158455	866.0374634148782	8.327052059343243
0.14900000000000002	129.06190153527675	759.3662501981053	7.981460390165513
0.15100000000000002	735.9166088092284	888.3661768702016	8.32266849142965
0.15300000000000002	1230.0488793575148	818.9199661058007	8.276992845353185
0.15500000000000003	74.83782342032619	798.5867036110394	8.308897444089265
0.15700000000000003	730.2314447230618	810.4192003473099	8.216795839586446
0.15900000000000003	192.5750921709657	850.4126591772805	8.213239871280583
0.16100000000000003	360.07288430184303	854.8082440501356	8.604030446859005
0.16300000000000003	162.10795782423128	739.5971670906057	8.211459077835146
0.16500000000000004	280.7698561839711	809.1761998917134	8.384636259409307
0.16700000000000004	827.449121926005	859.6989772717134	8.439075182691546
0.16900000000000004	-494.7687040274262	841.1467656595468	8.117036933848086
0.17100000000000004	-34.06473290745726	824.7192768157723	8.428726488778878
0.17300000000000004	43.289295192261434	856.5866305265782	8.17184037422358
0.17500000000000004	208.5624711987144	772.6517059063025	8.222086487576886
0.17700000000000005	-149.02918102810415	885.4795842384381	8.271142488871519
0.17900000000000005	-386.5731451323517	788.5827226909761	8.274046122810248
0.18100000000000005	-66.85358858515843	831.6356584531023	8.22138565516694
0.18300000000000005	134.11733688606375	783.6799499210482	8.26711994334669
0.18500000000000005	-67.93834436469304	816.171946962505	8.217835461286372
0.18700000000000006	192.96526421963557	792.6650667825331	8.17748792628485
0.18900000000000006	-1128.5100828911654	758.8581050444521	8.209183886112548
0.19100000000000006	237.35975644401108	777.8383967054929	8.173219286181713
0.19300000000000006	-485.3171540664114	885.3871338593859	8.42966706077397
0.19500000000000006	1071.6874031899692	841.6879359886725	8.431944251092858
0.19700000000000006	-321.68515395747386	748.2804248604508	8.021032361413093
0.19900000000000007	315.3174203882614	777.7203984242991	8.276434483405966
0.20100000000000007	147.48449585955115	863.1098602048774	8.379663038628433
0.203	76.76411971302421	800.62603672197	8.216461444294545
0.20499999999999996	-222.1299379500108	705.6639605140756	8.017665621864174
0.20699999999999996	271.0570179260685	786.3862521344087	8.483715599383773
0.20899999999999996	383.4060740484091	744.2860126039873	8.21075967192208
0.21099999999999997	-221.90828158352716	805.0356830632911	8.06876825309096
0.21299999999999997	437.5956099804679	740.6021480847382	8.32003849399011
0.21499999999999997	81.50176233745476	763.6978806939518	8.15237101688974
0.21699999999999997	335.3562437542479	825.4190323675123	8.912418011342385
0.21899999999999997	-403.3947711920005	795.7430005922523	8.120853219259143
0.22099999999999997	24.94649520268233	690.7691823169134	8.268557082381085
0.22299999999999998	440.9308485404662	745.9785301393506	8.261183827346892
0.22499999999999998	-24.341238062164372	805.4560442916594	8.17130157265347
0.22699999999999998	244.55376523135897	773.0707712587507	8.317123743555193
0.22899999999999998	171.27235780201033	746.9544220396973	8.436062404928274
0.23099999999999998	-627.7068589858326	765.13859282804	8.313375491615902
0.23299999999999998	159.1764119805994	777.6896337226887	8.37783757867452
0.235	-18.20714539291224	782.3769532535391	8.0247855059576
0.237	559.7227705014252	752.0971979388844	8.219342847917758
0.239	-79.72371119835398	733.0208128375958	8.022833628070503
0.241	482.3155402493562	745.2651096579555	8.385195538856046
0.243	402.26440281032615	758.6157296640534	8.272580199943455
0.245	420.51287095112855	726.5207574264638	8.229331974189876
0.247	-70.2546704034468	712.053971023007	8.173208651760524
0.249	493.11741811353113	719.5487829100185	8.224444307048529
0.251	572.3945829805289	738.0712683423728	8.33661360219412
0.253	321.1298573595478	765.5451962132153	8.222364795135311
0.255	104.82345517459635	698.2265146376766	8.123501281724307
0.257	113.5743293181335	754.2035469484266	8.159135364908575
0.259	155.93707477323804	801.8443779058473	8.381542155358842
0.261	117.73827490468847	695.5647952573509	7.9763762250357715
0.263	96.47211479846263	734.7639100845498	8.378363778373037
0.265	30.30177781981891	767.2924108694508	8.11308032539884
0.267	317.06390711261355	785.71312590325	8.177798653935483
0.269	468.2334855903303	713.1973387907098	8.42991733656719
0.271	1127.0336386879353	716.3215626022328	8.228345782637426
0.273	29.817560433187396	754.3312724545995	8.218613085275091
0.275	-232.49700240213224	766.6497785708003	8.079885332989615
0.277	425.177948619071	775.7627298167873	8.4271877212008
0.279	367.43584189569134	760.1955376762766	8.119306736690817
0.281	70.67226263868243	729.6964073702969	8.225058614489726
0.28300000000000003	30.808230232048928	777.3920426920643	8.168321129995618
0.28500000000000003	389.4544365314889	780.6801021253839	8.482624686001806
0.28700000000000003	441.0080328400845	693.908033775259	7.978329525368813
0.28900000000000003	263.45380024639377	751.3550009383955	8.324695041640874
0.29100000000000004	70.88028728596818	778.3057534887926	8.170796551548417
0.29300000000000004	247.70771503734858	795.0663698913283	8.224079034386893
0.29500000000000004	606.8870168978169	701.1108784056876	8.030637663677993
0.29700000000000004	320.0606458400035	713.7635201251236	8.26482290650737
0.29900000000000004	207.5744304428362	773.512168023057	8.217953724132977
0.30100000000000005	7.023707506492727	809.0854537354388	8.074458348890417
0.30300000000000005	82.6889806242459	734.9537945891476	8.032795211856588
0.30500000000000005	384.01535384280373	712.9460445385794	8.180576735711815
0.30700000000000005	-100.82473950556725	760.0870593060658	8.16141552019486
0.30900000000000005	303.46775276779425	818.3137334440095	8.325119691148485
0.31100000000000005	451.61358462553204	708.6501233019288	8.0722389558915
0.31300000000000006	723.1495145207933	752.1240216063317	8.324481415122438
0.31500000000000006	-55.30753037585878	758.6289885917711	8.272161721293765
0.31700000000000006	-1373.2270249832145	889.0371513419294	8.531307099808192
0.31900000000000006	69.3496452559561	706.9246442253805	8.268317388421897
0.32100000000000006	198.04937148193426	751.4005175648437	8.16731177181699
0.32300000000000006	193.14374639400887	709.5168379577473	8.06945070344862
0.32500000000000007	-204.10320334252052	791.5756303990177	8.53751259143076
0.32700000000000007	-592.7190104886292	723.4315534697909	8.021242126277912
0.32900000000000007	381.16134212118345	736.7714420309493	8.27065915470473
0.33100000000000007	383.154523879492	731.8525435440816	8.118787075644082
0.333	224.6017856606386	822.5466543888123	8.595187306753003
0.33499999999999996	-461.1891080322783	836.7053851823861	8.542431105029728
0.33699999999999997	-350.33612345725106	656.4573339565509	8.2631715471168
0.33899999999999997	92.74430532846267	778.6405807417291	8.430855234054409
0.34099999999999997	-422.1528777804684	873.5814932868435	8.54274360964872
0.34299999999999997	-305.79459425117415	869.8697084401604	8.378055898469917
0.345	-16.491305527943645	742.0099828674101	8.314381344636901
0.347	-149.43850235638047	718.3925597968537	8.22690531608044
0.349	-602.4676281030095	797.4513073938016	8.257170495846786
0.351	-1125.9329165662634	830.881140770635	8.593028542905113
0.353	-437.4680555786492	675.2131690505755	8.06617575635512
0.355	-680.1411647515687	717.9867573360888	8.167226608323364
0.357	101.06235766160765	702.842945998003	8.021342233391426
0.359	-698.4976425565836	897.8416879111761	8.659915058571954
0.361	-269.9416454842174	776.3544421857803	8.217457546959599
0.363	132.82642845924286	686.7119442207879	8.065910878666513
0.365	-304.3952330338273	824.5424042458515	8.599079398255299
0.367	-826.7910163795023	826.639012896164	8.330551104487354
0.369	8.229606081266994	807.4857809607817	8.176768541394429
0.371	-534.0926893191433	712.3503549599899	8.436202252839607
0.373	-628.8140605262837	700.6680602777105	8.02113590534696
0.375	-66.2085826294012	815.7483708324247	8.116252131685178
0.377	296.55976988740565	857.163656389698	8.276574678854741
0.379	171.62590859576278	671.8681561258674	8.027424092673257
0.381	-165.61639965273488	769.028840807298	8.125762066723905
0.383	-358.1943253014863	812.8805690840127	8.116846990034663
0.385	-433.9909724404567	846.0608527378325	8.117903340480467
0.387	51.39382855090524	719.6383276436179	8.270239116538416
0.389	-665.325797968186	799.9943250487538	8.277161004648187
0.391	15.978879473355079	794.343600004417	8.168302378760304
0.393	-1247.0285108617807	831.9745407547507	8.170738481636768
0.395	54.49531892787185	708.1222746001495	8.317751426130574
0.397	-129.1750667609115	691.8277157820769	8.389138569062514
0.399	-363.1834061263994	758.6217834630544	8.161126916497595
0.401	-865.4226173737678	856.9713859932119	8.219233132055654
0.403	-36.282973346235536	755.998587681567	8.266206820998073
0.405	-252.1097174800202	734.1669407716095	8.219042084697426
0.40700000000000003	-434.41057681881114	867.2676999986148	8.274776084118887
0.40900000000000003	-661.6082780755983	832.1213322104054	8.214572879916213
0.41100000000000003	33.3974093922329	760.7356687924771	8.376230192604533
0.41300000000000003	-170.62214868546198	678.4756843320855	8.171584460503253
0.41500000000000004	-521.7088312393647	835.1148273765756	8.276410750480848
0.41700000000000004	-509.3431659620729	837.2780614757534	8.314908080293451
0.41900000000000004	212.54922776958728	854.5474794969691	8.275768092360341
0.42100000000000004	44.73471918187144	748.9718191115442	8.48805810539371
0.42300000000000004	-974.9460604310256	799.6929242271588	8.323371502788895
0.42500000000000004	-181.11422312838687	831.4918304804278	8.163059800584845
0.42700000000000005	-304.57000857642134	884.6186639685434	8.37723560620011
0.42900000000000005	-439.00567774968204	674.0406294833848	8.073223301009424
0.43100000000000005	-786.2194353180918	806.1351933161966	8.380782710875861
0.43300000000000005	-670.9937035215274	831.7591263851607	8.31384410911768
0.43500000000000005	-802.4561277174547	856.2743036025577	8.171151519129864
0.43700000000000006	71.49848016219096	787.5779385521686	8.490003488985737
0.43900000000000006	-284.37386561319664	753.0458345966113	8.118417047781207
0.44100000000000006	-116.45081956601632	801.8812004616866	8.218785818610703
0.44300000000000006	-699.4637533572767	792.8614185141181	8.319995151835238
0.44500000000000006	-117.81900240614985	787.3695059043777	8.129524701535377
0.44700000000000006	-200.1434801658375	685.6798436196308	8.42481056656901
0.44900000000000007	455.00816412547	824.4879534344805	8.166948100180235
0.45100000000000007	-5.177445368209632	822.4171064462373	8.2669731335237
0.45300000000000007	-102.41910550679023	830.783158034775	8.225831871627554
0.45500000000000007	62.60602454633002	742.0568299666198	8.115161900792494
0.4570000000000001	-355.8927539261125	834.8040883259439	8.372342238178485
0.459	29.17490798703959	790.1443188643932	8.06111411740953
0.46099999999999997	262.80793837596406	863.9400913257151	8.219035966564368
0.46299999999999997	821.4840163640602	776.7143395536002	8.539134953991944
0.46499999999999997	-785.8895959080847	793.5258992980324	8.020565793379292
0.46699999999999997	96.57846839195017	878.3813982151242	8.53646450367386
0.469	-301.6251083041155	846.4801944691549	8.119264757474163
0.471	312.7438091388157	776.4304866486336	8.21461097507133
0.473	-983.4837339355307	751.434023141198	8.264330017204616
0.475	946.934206053296	837.0851734423281	8.423183545951304
0.477	-299.8377135614572	820.3889052586518	8.213987811195333
0.479	21.35386307466902	854.2142754139611	8.382851333181282
0.481	-186.86193395289763	791.946411498043	8.164400091896772
0.483	654.7968562944372	879.2977244821844	8.498132357041857
0.485	238.5193456946322	769.3562675694188	8.265805991649064
0.487	114.54061358451284	853.9819705761911	8.376775865430707
0.489	452.9114366258469	799.9528524101547	8.27481197489555
0.491	129.99401377022934	899.285741531491	8.538887462685045
0.493	380.000784687029	859.9538955258001	8.324766455534375
0.495	182.6707432954766	834.7325035631959	8.123245945533743
0.497	492.0194639901343	801.8283768745649	8.172681677821247
0.499	-501.21543961312295	838.9237223911956	8.022758689940092