-0.499	-11.650062533563599	37.2913471977585	26.43373109688697
-0.497	33.21145401602443	42.15902091289118	26.78580205321358
-0.495	31.57614866178271	35.162766220889914	25.784751814181437
-0.493	12.607180511992055	35.416029304877995	25.0160352328884
-0.491	24.95724680895428	43.67583220985976	28.562732718267945
-0.489	29.4634334720989	39.59571258336802	25.38921214607534
-0.487	-51.626007837479726	33.41448499423613	25.9112290265254
-0.485	-7.6419852712561465	34.59708745031108	26.521630027689657
-0.483	4.885622028716341	34.317417561771805	26.252032295574104
-0.481	-25.969352801302747	39.155856680861966	26.31263591957644
-0.479	-22.651688901587086	38.49051880081015	25.46946815352822
-0.477	1.4014051346045164	34.28666769530528	26.631030689600863
-0.475	-11.818577226541116	38.086648414463355	26.332772480377912
-0.473	-4.158833529332995	38.27950127167906	26.293430746575215
-0.471	3.671995436826947	30.300275612244334	25.73686882342057
-0.469	17.922612840948204	38.4697757789423	25.70992414346257
-0.46699999999999997	48.73573174579704	42.915047855191716	26.88065517078208
-0.46499999999999997	34.29424245737778	35.16839805125881	26.57594739105642
-0.46299999999999997	-12.473745883201381	34.797090489900334	25.655214835221354
-0.461	47.118250326549926	35.96324909616463	25.61568520452713
-0.459	-28.609572824800367	39.1650102577013	26.19011847283049
-0.457	42.43987698293594	32.76835242993061	26.618956392591553
-0.455	4.570046757024215	36.213212144885496	25.69912141722705
-0.453	-32.58127657168597	38.592839599841675	25.00788719455094
-0.451	-49.82217544191592	34.61725959786431	26.690141563919166
-0.449	49.73279496289784	32.538087929226315	26.328328409590537
-0.447	-28.351352327704582	35.422256164825086	26.52872277095571
-0.445	-5.827780524603199	32.52138503898147	26.461459146073853
-0.443	20.96824367536776	32.81173218686507	25.097014194050164
-0.441	63.81884832751261	37.66995139016023	26.16708633693492
-0.439	-56.9605531217654	36.56740635665918	27.07804194088589
-0.437	-1.312539265607704	33.206493080229	24.49909845950804
-0.435	54.21461154209162	36.14743791047519	26.647175404427585
-0.433	-38.712230949866644	35.447207397943984	26.684404400299083
-0.431	-12.99826770007062	36.26417606229092	25.104702835422074
-0.429	-2.351232734065789	35.63680843658604	26.537312188112814
-0.427	21.016859479860983	34.913945215699606	26.151596820303528
-0.425	-12.932085703853957	38.16421413967075	26.78143426054275
-0.423	4.294252842873547	40.314485660676716	26.22410517323598
-0.421	52.62383805249016	37.91057167949549	25.816660359422286
-0.419	-20.891900156638776	32.96687723558783	25.516419568728047
-0.417	14.191065444535411	40.15116144866418	27.031975375677753
-0.415	-57.92536175674989	36.213373403584576	25.448498571034246
-0.41300000000000003	18.66067903577573	34.090202288488804	24.955635166573046
-0.41100000000000003	-7.509478044731566	34.915516649700464	26.072810362591945
-0.40900000000000003	0.1967952913961568	36.81153076024298	25.53389976971726
-0.40700000000000003	-4.306075984561453	43.98783332153603	25.381536495613005
-0.405	26.40205859072431	41.712737155165996	26.073425572979037
-0.403	-37.63785757515681	37.875290480094954	26.7502741433278
-0.401	19.18103215170497	39.12079303955702	26.813860792020854
-0.399	-23.733231346634298	39.62160310372062	26.122071337462707
-0.397	6.489423084676815	35.093954712432264	25.02100336639574
-0.395	-37.02904205504787	39.89648259699293	26.3091017130691
-0.393	17.595983565543705	41.43116135895183	26.126796043503568
-0.391	-22.547341960388323	37.08360277953429	25.90853924739276
-0.389	-26.82173587220671	35.79634605920885	25.969741458110647
-0.387	35.206290876166335	36.591273647550885	27.222111379278125
-0.385	-29.292893602983483	36.07232517410387	26.38079039109372
-0.383	-22.556126823225497	30.351596431370204	25.678661022919314
-0.381	48.27612457458663	34.528170354735444	25.961303631138627
-0.379	-24.54155473463615	35.43930622733337	25.799796484257058
-0.377	0.29260957812304866	31.533279915414344	25.82674019564222
-0.375	10.550591217350913	38.16338496544898	25.252728639914196
-0.373	13.586205567239773	35.383146318973736	24.966904137033097
-0.371	7.4532645442104695	34.598250314426174	25.964537649278384
-0.369	45.1901869022997	43.44955577062559	26.25794327162985
-0.367	48.722586454275074	40.69178509182154	25.5498584542812
-0.365	20.405797902967038	41.77237517477699	27.027112340702647
-0.363	-52.36566414867916	37.40663008251354	25.047616573401427
-0.361	57.22502864902168	35.04856710750988	26.250410437308638
-0.359	-24.02340871676678	34.035823470102194	26.19824457587171
-0.357	20.999137364530185	37.104690947024835	24.996995037436058
-0.355	47.08737093239712	36.22537378837642	26.65517767885471
-0.353	-6.274998333388737	38.88898708794251	26.73124161669569
-0.351	-12.321804316650642	39.53528255020123	25.726922097959186
-0.349	-36.488016142643964	38.31243677739234	27.101525096178616
-0.347	17.53000001292193	37.88000999630762	26.212682852959514
-0.345	-13.747982392953162	35.73738082044979	25.50810202865596
-0.34299999999999997	-32.350455765550734	40.36845268417124	27.20912707093535
-0.34099999999999997	4.4198431319308895	35.50216575085435	24.92597992839531
-0.33899999999999997	-57.14835186032552	32.53221370458598	26.33788147350429
-0.33699999999999997	11.198266371525989	34.964851661565156	26.97620102014511
-0.33499999999999996	22.427365782062836	35.38509844128075	27.596177231182704
-0.33299999999999996	7.579436515081639	35.950223561428636	25.99852009892361
-0.33099999999999996	63.98416326991452	45.15420194739343	27.069815305189564
-0.32899999999999996	37.05985020352465	34.80467768014443	26.130705773549582
-0.32699999999999996	17.671977599054145	36.07988504793157	25.82344763957958
-0.32499999999999996	26.288450636346994	39.119565049706075	27.13266187030236
-0.323	-4.631807002386523	33.26795413516086	26.01461887217344
-0.321	15.90549836016919	40.561266090698155	26.89180450260185
-0.319	-26.759227639061578	33.951521995696346	26.540790589740674
-0.317	-18.425828417045764	37.055802147269226	26.297784728034145
-0.315	18.70024802852477	38.082532926724944	26.805939997851947
-0.313	-22.389228726882315	37.90881726440515	26.286236062711644
-0.311	-2.1952737300212632	32.7408084828445	26.36319876962912
-0.309	11.474880903916684	36.091295779146776	26.254088543149088
-0.307	48.730170952193674	36.56140403159623	25.676581668481635
-0.305	9.948937576442773	39.74038060023961	27.937901882243626
-0.303	-37.55719749853892	34.71901775094316	26.711955516481737
-0.301	43.27253165437028	42.06589427790694	25.471022073774858
-0.299	76.69306140600796	39.93870875022708	26.040544873850934
-0.297	17.57324017304107	36.306085843439156	26.822083910355616
-0.295	16.47845707797302	39.367841987134724	25.77419460964824
-0.293	9.028853518611157	40.73005093030865	26.51306111939031
-0.29100000000000004	-70.19679083264396	35.28385041927966	25.84598801669168
-0.28900000000000003	-22.80082446892706	39.900143276603195	25.506090692436874
-0.28700000000000003	46.60978967963025	35.74161240947999	26.64907357654357
-0.28500000000000003	21.316394359205404	33.04401670956249	26.086894845534257
-0.28300000000000003	-5.37083786544823	37.43085297859481	25.631255157594385
-0.281	88.03991271277845	47.641487940686055	27.702991844768984
-0.279	49.917029115498224	35.31703242007561	25.63732622937177
-0.277	-20.391648166251386	37.35714610353379	25.221454854100894
-0.275	18.951347188211898	40.675464453108354	26.19033529559962
-0.273	-4.371711539552514	34.311869790682216	26.157364952673806
-0.271	12.420289850156863	38.444163178055966	25.911107583369823
-0.269	43.84011579561253	37.65985502069748	26.441609273427414
-0.267	-3.097112495908938	34.67284131601096	26.48555888446536
-0.265	-0.26531721786238194	37.553701233551344	26.168660075123114
-0.263	27.721287713999843	39.38058346560195	25.555735919487027
-0.261	-8.016153120071756	33.421483978886755	26.9587057675525
-0.259	40.09713784736135	40.07709404943694	25.902411602176397
-0.257	21.427185453504194	43.066119599348795	26.762130257406486
-0.255	25.94327029514787	36.6215524236218	26.302761657960065
-0.253	42.16533808087952	38.11033816429812	25.957422895070646
-0.251	10.286546513915695	39.86712150594662	25.540927080611976
-0.249	-3.430476222643364	36.74842337453624	26.134976896232864
-0.247	16.962282886501256	41.409171634194664	27.501878508071645
-0.245	41.02663957827879	40.00897222787234	26.031687299893154
-0.243	-9.8955059733008	38.73493373360384	26.366004269772866
-0.241	-36.67970694709588	35.45054816343387	26.783478617444953
-0.239	19.34015708004999	38.93635583821013	25.82821478858978
-0.237	5.400966833324361	43.10497862704095	26.156590676381782
-0.235	-34.41965156514293	37.27186440669995	26.705006536298598
-0.23299999999999998	62.273581129757005	34.53405471784747	25.993383338021122
-0.23099999999999998	26.029652023362715	40.73482207846854	26.37802415216508
-0.22899999999999998	16.858264128671863	38.891185559936595	27.183782863504174
-0.22699999999999998	-1.8865604214379772	36.690860667499955	25.677146501155008
-0.22499999999999998	-2.367871098085672	44.36876266121608	27.218720185712847
-0.22299999999999998	67.54579436862862	38.16223918796584	26.376732617723192
-0.22099999999999997	30.966978621371766	34.248049534580645	25.686391851897216
-0.21899999999999997	94.52210652272086	40.46653193109297	27.460323040567083
-0.21699999999999997	45.62258069351621	37.456489726825694	26.715426279247332
-0.21499999999999997	2.1241234655633434	38.8314870743928	25.58683892736054
-0.21299999999999997	33.604692639466194	38.453852816707524	27.283054946882377
-0.211	23.89924246615216	33.7508254481648	26.42383578817866
-0.20900000000000002	33.973650970464675	42.36924412240561	25.79091666002588
-0.20700000000000002	56.53441899711176	37.4593740542287	27.086682748272423
-0.20500000000000002	53.00747189340704	32.993903474164945	26.799450095181815
-0.203	-6.486931078630853	35.94925527160913	24.968688502892363
-0.201	30.097033148823726	38.513851223359	27.335785470041024
-0.199	36.45466744206516	38.592389865484954	26.847861013261436
-0.197	4.841286622259133	40.58529200506327	25.463606311442586
-0.195	43.5422227686999	43.452701307216024	26.102776686230385
-0.193	73.89561741089068	30.557581970909666	25.98024806780503
-0.191	17.976287323140383	38.69875308921266	25.909434783341407
-0.189	89.69208521225625	41.653583846327415	26.21416557746035
-0.187	21.844723868236215	36.2067085975604	26.217135217088657
-0.185	37.89336619552941	42.40172968816101	26.772643773159903
-0.183	97.34081038303977	36.14000560709327	26.377364669033202
-0.181	40.18656367876794	31.01351758612685	26.16628668110341
-0.179	41.63559209802159	35.158131558547105	26.556589756787666
-0.177	38.64321516355851	36.898002250091885	25.809048383086143
-0.175	-20.137179273960193	38.15253343272932	25.88042270756061
-0.173	-12.575537672088188	35.222864751085055	26.881038290558298
-0.17099999999999999	80.74787504219749	35.01435717905475	24.948236466161717
-0.16899999999999998	21.328929994401946	32.98823216869633	25.461766369322394
-0.16699999999999998	11.838564165644883	41.04590495077183	26.830654442206743
-0.16499999999999998	107.140092822533	38.426190864406436	25.283068826571743
-0.16299999999999998	-53.43446281491637	39.70611089334491	25.724664861013224
-0.16099999999999998	41.26854058217333	41.81963154729183	26.621867924698446
-0.15899999999999997	67.5066428668103	34.860820666362955	25.802206028995464
-0.15699999999999997	-39.25079505417983	38.11614320686057	25.888583004219928
-0.15499999999999997	19.650060404607927	35.45403961492172	26.080071543340974
-0.15299999999999997	10.621389560983019	36.26513383282871	25.89360630110223
-0.15099999999999997	9.434469700808634	38.71930146724728	25.938185875637572
-0.149	55.707116533021406	36.498602263838876	27.266980058803735
-0.14700000000000002	29.327756668751093	35.15323515627403	24.9266721478799
-0.14500000000000002	6.154924020229657	39.13853744361767	25.819765303853533
-0.14300000000000002	-34.3048086139941	38.286624914901225	27.113698075691254
-0.14100000000000001	46.48861657097214	37.88821477977973	25.552374879717775
-0.139	38.33962573440708	40.68279860884883	26.76377070751319
-0.137	78.39977224910477	36.567792551079464	26.822362309922568
-0.135	-18.188029551780005	36.552216127607444	25.785757641383075
-0.133	8.241147726462117	40.34987942172345	26.71994720166917
-0.131	-12.377906124405591	38.7592054881356	26.73410362909644
-0.129	55.40069573894968	39.97618326494029	26.378396812656376
-0.127	45.77319567355964	37.606093242445894	26.89124728647649
-0.125	1.2080290123783755	36.95516512953631	26.70436001790078
-0.123	-18.91603092041283	38.21139997950504	25.40018789290866
-0.121	-16.65813361340085	34.93541439348639	25.392561121609795
-0.119	-10.184143450886474	39.16444240930926	27.964504421619655
-0.11699999999999999	37.94255482625353	35.384844747868186	26.187681096150815
-0.11499999999999999	43.05759090716954	36.142814503441706	25.449437996972332
-0.11299999999999999	-8.219919677809884	39.20753597287979	26.070594659262802
-0.11099999999999999	10.900763429910754	36.0274518941641	27.04750340780763
-0.10899999999999999	48.7318344288834	37.49067320397455	25.93638873358365
-0.10699999999999998	-19.285291569026697	36.09766745013405	25.908093352312463
-0.10499999999999998	9.215564023445921	35.48216335086552	26.10788147322158
-0.10299999999999998	22.04199112498806	38.078592199431874	26.3920960236078
-0.10099999999999998	-51.94910519634721	44.85612062258703	27.340790493584976
-0.09899999999999998	28.741152094058364	39.0393926055127	26.173512982716804
-0.09699999999999998	30.384165405905605	31.38934977458587	24.812524569413597
-0.09499999999999997	-63.70372706654415	42.15236300987638	27.525148565977247
-0.09299999999999997	35.87337114696609	39.32213116490918	26.719826757831232
-0.09099999999999997	57.778707638123095	39.92018291684943	24.95775624311302
-0.08899999999999997	23.47482294351444	37.70689985850309	27.504626878296314
-0.08699999999999997	3.8958752961448795	36.242362746983765	27.192959803941967
-0.08499999999999996	44.86977551465543	34.429046638549636	24.344970832234246
-0.08299999999999999	-66.88231490981079	32.06956061576587	26.281613766751757
-0.08100000000000002	17.7016767715088	34.582371733102676	26.646733511347918
-0.07900000000000001	7.629538208098197	37.92673691974534	25.13272584815348
-0.07700000000000001	16.179913278513425	42.85881825836918	27.22719252654203
-0.07500000000000001	5.006881060420909	38.85437661404525	27.73090839846244
-0.07300000000000001	6.5048596660233216	29.771372990694715	24.24342460796585
-0.07100000000000001	-9.546712482655373	33.90778310118159	26.50961327342984
-0.069	-13.870620615197282	30.96127856323754	27.05129912364572
-0.067	10.820980259396151	36.327100029043244	24.95455703924012
-0.065	8.451846157608855	39.80230222661905	25.308282172309145
-0.063	25.490453314347405	42.55150883618727	27.490642390313166
-0.061	-16.07973088557646	36.90736949587976	25.225105634936874
-0.059	46.35321962132011	42.81211074790949	26.45926552711813
-0.056999999999999995	-22.58457025472449	36.07636763617732	27.01260913073058
-0.05499999999999999	-13.292353966964932	37.86716918742524	25.391946068083566
-0.05299999999999999	-24.189233555960143	38.14082722190248	25.87520776672121
-0.05099999999999999	-43.7063420228867	36.73391001528869	26.306064488426994
-0.04899999999999999	34.94638504952796	35.65298400696717	25.661752630057972
-0.046999999999999986	20.91414293148297	37.43532464168242	25.75172004371737
-0.044999999999999984	-7.720522734011581	38.56444950697287	26.33056535743845
-0.04299999999999998	20.80185501895926	36.50855622153664	26.36050316175986
-0.04099999999999998	40.57182847394536	31.943581163732308	25.39420498706408
-0.03899999999999998	-85.10527028904313	45.562847045659076	27.494696320137468
-0.03699999999999998	15.346032593788195	39.535561546953275	25.548602988259734
-0.034999999999999976	54.71000230872214	35.26999149871677	25.321879418341485
-0.032999999999999974	-25.73548555573346	35.17306964751599	26.736802418406935
-0.030999999999999972	-22.484810715983627	43.046934247227036	26.47760240656604
-0.02899999999999997	41.92296464977652	37.73829086658936	25.240103516061644
-0.02699999999999997	-66.00439069881503	39.55398979426595	25.718527164506973
-0.024999999999999967	50.30996682231503	37.38200912025937	26.362211491849408
-0.022999999999999965	38.239023755215484	35.72972405744768	25.533416430004948
-0.02099999999999999	-20.837952493857337	38.33824447591915	27.42997840427407
-0.019000000000000017	9.361687452358325	36.07171909375641	26.3403827977049
-0.017000000000000015	-5.853701628644181	30.319290642440983	25.00240454898094
-0.015000000000000013	-29.622207005974843	39.215054866077594	26.85417858882159
-0.013000000000000012	-5.358962550938706	35.0958873450734	26.13811331669119
-0.01100000000000001	-16.741391676289297	37.01342939346844	24.594415166823534
-0.009000000000000008	-701.6377228983295	46.22433296146095	26.28246449528752
-0.007000000000000006	-1929.271522913778	69.81162973176862	27.89529180285128
-0.0050000000000000044	-3513.1073438199323	63.79735266063785	25.310929472741865
-0.0030000000000000027	-4998.4109103625715	60.59307255953619	25.6023473795965
-0.0010000000000000009	-5787.8573128560265	43.027758129947024	27.066478440715738
0.0010000000000000009	-5794.3313440083075	42.32624322408695	24.44197003473962
0.0030000000000000027	-4969.112720236035	50.83421581354592	26.331107115055385
0.0050000000000000044	-3575.8090005223453	75.27782661784204	25.97810674550848
0.007000000000000006	-1947.5541472415703	56.10851862038958	24.597586590441487
0.009000000000000008	-651.9742191101185	48.56764472553353	26.504514528270825
0.01100000000000001	-94.19974815116916	32.81191633864217	27.116866454044168
0.013000000000000012	-11.521826465576979	35.34259554394566	25.67012444764898
0.015000000000000013	-8.790919498902205	35.6628207844453	27.321182968488046
0.017000000000000015	14.842725143404678	40.73505101807743	26.960895122022986
0.019000000000000017	36.9400951225618	39.071169256499154	25.443159214433557
0.02100000000000002	-0.007050083405957253	37.79761327512347	26.018137261145174
0.02300000000000002	-0.018917392319295345	37.02389993217679	27.165671273622422
0.025000000000000022	-8.208487967120703	41.010146630164684	26.589274827980397
0.027000000000000024	-0.2010436057631182	41.36884176491836	26.90723553883937
0.029000000000000026	13.019610799691606	34.910547896096624	26.236102336927644
0.031000000000000028	31.386393414267744	38.68789067808872	25.816866812415782
0.03300000000000003	18.77488237278513	38.70746347860711	25.587861189808127
0.03500000000000003	-11.224948557653214	36.91995054572229	26.539833771154303
0.03700000000000003	21.25235168537465	37.34964809527588	26.452711558631584
0.039000000000000035	68.80798846609082	37.44043321177595	25.91130080564468
0.041000000000000036	-69.00304281609593	33.081392007838424	26.888711615796876
0.04300000000000004	37.026462114564396	39.51192739165084	26.45126216717793
0.04500000000000004	65.1370150919206	37.537572632157556	25.588412121604243
0.04700000000000004	-22.62730360680365	35.87382519153639	26.2279044188525
0.049000000000000044	12.769592187211742	35.57302023106256	26.31783059887161
0.051000000000000045	4.3467099131166975	35.88758152475201	25.97676882951684
0.05300000000000005	-13.591398547396771	38.538507423644155	27.46272947180553
0.05500000000000005	27.59595713497376	43.27260088591989	26.589848081867455
0.05700000000000005	14.63162526116335	35.363419749459275	24.998507452182412
0.05900000000000005	21.880178373123726	35.36221888034527	27.592064799189014
0.061000000000000054	24.38669336557453	36.56045674529893	26.297897929259207
0.06300000000000006	-18.62320036594145	33.700649211552076	25.111512384632285
0.06500000000000006	55.80536443861028	34.63492236467247	27.6598058708611
0.06700000000000006	34.09531795850462	36.39744576334807	26.688905998625685
0.06900000000000006	0.8002754385838529	37.781858632780974	25.39642055298122
0.07100000000000006	15.259625542274335	34.68038489749223	27.36304666079213
0.07300000000000006	11.595649437756705	33.217901266429536	26.64472285006194
0.07500000000000007	19.62625710794086	33.43421044131419	25.97522646688821
0.07700000000000001	16.05652224356824	32.36412493449916	26.735575678732275
0.07899999999999996	44.879963615240825	33.968066881878855	27.205955834369547
0.08099999999999996	18.9736682729702	34.50388193414465	25.571158714103184
0.08299999999999996	10.724993608990374	37.5873746842304	27.321735474703075
0.08499999999999996	-9.427226359215446	33.92957782508201	26.64437206691915
0.08699999999999997	51.97463234085653	37.28631206902331	25.378437852723064
0.08899999999999997	-18.262933098478484	32.309403406886624	26.90089033275452
0.09099999999999997	-0.33887818007283244	39.173079554732084	26.644259558626167
0.09299999999999997	31.106372074374278	36.84399609954187	25.540269765606286
0.09499999999999997	40.84368192280863	36.44213088689418	25.94239923074256
0.09699999999999998	-19.97749192328424	39.57492019079659	27.99557367899582
0.09899999999999998	24.818978358265298	33.115868067358676	25.771660461510674
0.10099999999999998	-12.237528334013703	36.91678659454042	26.24946776871453
0.10299999999999998	-9.520757314973594	36.798510242684856	27.716860238224427
0.10499999999999998	19.764895993645837	32.873111989032004	25.154209274030777
0.10699999999999998	-5.067130035674161	36.60372226237655	27.233974642123346
0.10899999999999999	-30.582717592486652	37.75123610233798	27.928718022707667
0.11099999999999999	22.591396712012823	31.028011723660022	25.294874388793723
0.11299999999999999	84.98787780220063	35.20723265391842	25.69525762556094
0.11499999999999999	-37.6411813631794	38.07667780070912	27.487591209224266
0.11699999999999999	16.05381986946597	33.55049738868929	26.949209290357025
0.119	1.5369422192712534	39.097565911743075	25.994053733102426
0.121	-21.368543538957674	33.15940809070444	26.61868742366857
0.123	42.489985121685336	37.4130502773973	27.333621276870222
0.125	10.051615107142808	31.911537831889877	24.832490133545075
0.127	-20.54682842422828	41.95509042664345	27.261315867796267
0.129	56.05370234507134	33.839778045736026	26.360192312068403
0.131	14.884297762751686	38.25655631433775	25.14214658181319
0.133	-26.432904070228247	32.518631493360296	26.518595005627365
0.135	100.82955363976964	35.58065868698939	26.952727052122796
0.137	28.49546744321252	37.36000895050493	25.429301769439995
0.139	14.596296065372272	35.88408824949085	26.200213737996137
0.14100000000000001	2.4223237147236176	38.59045458975874	27.381218659113944
0.14300000000000002	61.27881482087538	33.72014004366514	24.831916670213797
0.14500000000000002	70.90737671622271	36.9379569605649	26.2561795819886
0.14700000000000002	-52.75874757904031	39.20698076985123	27.871854707194554
0.14900000000000002	31.359598817504164	33.796038702571266	24.983914131717864
0.15100000000000002	-17.653895520552965	40.52751745890839	27.41225996713164
0.15300000000000002	5.138366335755151	32.7104232134361	26.19421718403233
0.15500000000000003	61.91379864883828	39.58115999185089	25.535769220462964
0.15700000000000003	20.878296500326243	38.867104179013644	26.414057461807932
0.15900000000000003	-8.691416023109966	31.6718148318533	26.304566038620614
0.16100000000000003	32.45334204859951	31.949590116337554	25.1684425834415
0.16300000000000003	-47.28218735627898	37.28438468754636	27.340024782974915
0.16500000000000004	-0.4945679259460434	35.691795878135515	26.597544310088054
0.16700000000000004	39.959392805766214	36.06768261158338	25.720100696496385
0.16900000000000004	-11.879649174484364	36.435806522002906	26.06364304560989
0.17100000000000004	30.333292839301862	39.456020446244914	26.99337753145243
0.17300000000000004	57.26523727944688	33.97672913131934	26.96666174147915
0.17500000000000004	57.925292032301456	40.300794647898456	27.08880307195923
0.17700000000000005	-23.577800486340728	35.81097541126841	26.335819637344997
0.17900000000000005	71.76401518438347	37.74793274847442	26.865126656807128
0.18100000000000005	30.278805937422604	42.04187164330745	26.88589008668455
0.18300000000000005	6.933111910356615	33.82523861170722	26.646806673727735
0.18500000000000005	50.04312755185758	33.35341470320709	26.309179208204874
0.18700000000000006	27.548834767410213	33.256694912576485	25.94025040706765
0.18900000000000006	-54.45260950165398	36.24018384550302	26.737318812433767
0.19100000000000006	14.192909651544738	33.06468126240471	26.23510601360109
0.19300000000000006	60.59988570905617	37.92672472438976	26.012121633520508
0.19500000000000006	-10.35978710295371	39.59436729637895	27.05680437469609
0.19700000000000006	20.625968987886267	36.521115344217684	27.824774553783307
0.19900000000000007	20.141303394671795	35.90045452786675	25.069955442897406
0.20100000000000007	-32.247758536718685	41.75940834308033	26.614839207735436
0.203	-17.081902000226634	38.34695383376189	27.25446803614499
0.20499999999999996	13.662169298100935	34.54228039993937	25.631330967313442
0.20699999999999996	-8.749621708492583	40.19844770558166	27.13919419854563
0.20899999999999996	50.88104324668663	35.665782021988285	26.858716422401653
0.21099999999999997	2.228323057851256	37.903701828563584	25.541418813915453
0.21299999999999997	7.956109517648358	37.87021053089571	27.499247810476906
0.21499999999999997	29.96780559971768	38.23683491831773	26.689297910979615
0.21699999999999997	-13.84777846069607	38.7750281713913	25.952521827932866
0.21899999999999997	21.82234700076613	46.01952723615366	28.10410572121575
0.22099999999999997	-18.537520202199786	39.64440787871632	26.29544905131666
0.22299999999999998	8.368344311282527	32.98462119355548	24.965413313595757
0.22499999999999998	53.78994887017541	39.367300541320134	26.921579138904015
0.22699999999999998	5.935224261399696	42.688507434904686	26.52420212580189
0.22899999999999998	37.34819713341331	32.47286762827534	25.5557450943216
0.23099999999999998	15.953175357852345	37.024996245960395	26.594699935769867
0.23299999999999998	-19.382649582122546	36.282661376412406	25.413310401177068
0.235	51.34689126662373	38.54108711163957	26.296262830552752
0.237	5.638840415711499	36.644201835290424	26.707012788181423
0.239	-17.661253469469784	35.34075873363075	25.580227406870165
0.241	33.07118733886227	35.23837213103571	25.453103809285803
0.243	2.4719662525818364	38.5418908030351	27.11283638433285
0.245	19.582175936561086	30.965552813785532	25.924158956489528
0.247	63.49159620544498	39.28831488780328	26.70717077452067
0.249	-9.561958841941554	40.19386682931623	26.55563084412173
0.251	-14.98735022897879	31.784620861843965	26.15201301935371
0.253	4.9436217013365535	43.08614024479157	26.162477957799858
0.255	30.195235363184025	39.144078700383325	26.183822110925195
0.257	-17.462422043590387	40.83537310737317	27.398369034040716
0.259	14.422627069521354	38.4747630247532	25.959656465518744
0.261	27.076120428182193	38.51514625029041	26.172969061289965
0.263	64.00377170656668	33.90034478550224	26.424892139737373
0.265	13.75576171502857	39.92285746911829	26.826135919847918
0.267	32.094134470472824	30.215303295768084	25.106002635240177
0.269	-21.745082414925676	37.77877052036335	26.88838368294626
0.271	-3.3482583032817814	31.778964710094314	26.717971872377564
0.273	-9.522164486575058	35.74286935706197	25.568045516949084
0.275	-65.52987665642274	42.52754304369913	28.327668051003332
0.277	-13.249816025906469	41.2197525758746	27.695641094575112
0.279	13.143869771248262	36.721410097426045	25.235060383436917
0.281	30.203807653617076	34.86697690933866	26.85453739580647
0.28300000000000003	-14.449063836630138	35.475605245656396	26.948982522464625
0.28500000000000003	-17.045062578602277	38.26543172998097	25.552256941299667
0.28700000000000003	45.17803047199287	36.448777661028316	26.655720965725806
0.28900000000000003	-2.9677787961590596	33.75462921160048	26.586794534152332
0.29100000000000004	-17.547161471842543	31.9507955851118	26.08777665079516
0.29300000000000004	88.89239152232165	37.46322532419155	27.06481917579246
0.29500000000000004	-15.87418341031377	36.88324943090767	26.410329380488886
0.29700000000000004	36.871343601641016	37.72689594513001	26.2553108869687
0.29900000000000004	7.0376003347139005	41.31662227776324	27.583730770714563
0.30100000000000005	-30.87038347604487	32.072281016957845	26.77265370611193
0.30300000000000005	65.87540243052636	41.67339104139427	26.30772749714013
0.30500000000000005	-22.744390596796116	43.68554387872066	28.124074825624273
0.30700000000000005	35.2435914205973	34.93341024155807	26.171512647774314
0.30900000000000005	51.87022884123316	33.35896134527794	26.928785308580096
0.31100000000000005	-6.653978821269391	37.61433540636483	27.371060593308858
0.31300000000000006	60.42432851915969	34.254818223890524	26.19649634052236
0.31500000000000006	51.99176253700699	33.89511315300257	26.043678851313718
0.31700000000000006	-12.062914469646024	35.793435154261054	27.674191295799773
0.31900000000000006	42.52975975838069	38.15370370053392	26.339464839939847
0.32100000000000006	43.86558515623307	38.260909278412505	25.851514496491717
0.32300000000000006	37.26602255249567	41.18127889583177	26.69748958141199
0.32500000000000007	-15.963442963173868	39.96561270386099	27.42135377358777
0.32700000000000007	-0.72614923551928	31.98260416840146	26.530927468976596
0.32900000000000007	21.025479468583796	36.70212065758656	26.978474426142927
0.33100000000000007	-67.5451208148603	35.3164862379903	27.343270971453318
0.333	5.427584976125388	40.85571175751913	25.789422735237117
0.33499999999999996	11.089037034839322	36.83729173078806	25.991174036216517
0.33699999999999997	-15.819247026760408	37.83122489908943	26.466484472828675
0.33899999999999997	0.022083677775341926	39.43498597337009	27.87846045061337
0.34099999999999997	11.764992641216665	35.41566001088371	25.933342985640937
0.34299999999999997	-1.8066059193078132	37.840119705635814	26.32112827577079
0.345	8.40388114720092	36.445627611243445	27.149786394005066
0.347	7.7147487766993095	32.59790363172412	25.445140961923027
0.349	-22.92954646077039	41.779260543564604	28.018653013708217
0.351	-4.918995512914748	39.27997285257661	27.211023597011003
0.353	-19.500601108557447	37.573087218884886	25.34956942059024
0.355	-10.213192061403475	40.816007033305944	28.43203226699658
0.357	27.11612260242191	37.63712194742429	27.217579854119766
0.359	8.400711394074278	38.817354131674946	25.913052615756442
0.361	39.81527936325335	42.81236968537647	27.497864822218403
0.363	54.6655189610501	38.225387714464595	27.218959514117284
0.365	-13.92965325641704	40.56210937947196	27.471112129198065
0.367	57.07133029364542	44.17511842207455	28.605121854262194
0.369	25.436217292007512	38.20361255896638	25.885322879923855
0.371	1.8115649402794531	33.93226191658272	25.861205253747357
0.373	-12.196074079540153	37.41778644285785	28.716002199756804
0.375	-26.816307677979268	42.172210816221366	26.795746444259137
0.377	44.26403153057201	35.13397363887311	25.92037809957014
0.379	-6.838082859950134	36.039169499349605	26.663383999239866
0.381	-60.58311780321457	33.08766871827944	26.556623754783914
0.383	-8.03006959393393	35.389109464254354	26.51055779586661
0.385	34.36417674240744	37.27360861784679	26.757739892748415
0.387	-5.783543985948825	36.72298136137649	26.311353689439294
0.389	12.12472134071163	33.47827741640688	26.455873269992694
0.391	-7.587099580264045	41.16894981998429	26.733390232784345
0.393	14.087830736864149	36.68268717435903	26.267607190962718
0.395	17.36240139482703	33.0401274027776	26.441561685135444
0.397	18.310239938479356	39.895779065617766	27.418758078886146
0.399	-69.63336387177944	34.75678536607289	26.22025979370117
0.401	-5.972540446874675	35.8004850590773	26.242006156659325
0.403	43.45278822870391	37.54244051411954	26.55092377179552
0.405	12.184840539219977	38.83165765363295	26.81454242567513
0.40700000000000003	8.509528807598699	35.85475642196238	26.31105583331563
0.40900000000000003	-15.580801379089237	35.658848133199065	25.464397091345738
0.41100000000000003	7.4622692649573	30.9744830249275	26.31725311959497
0.41300000000000003	21.27409272989489	43.70698390384183	27.166427070936965
0.41500000000000004	-37.49365130645277	33.946889836759524	25.90783297243137
0.41700000000000004	6.025877027804327	34.92143098295115	25.473329320126496
0.41900000000000004	-4.766268738909396	34.50026793125358	26.131002291796086
0.42100000000000004	-6.46427391171045	33.44230481015646	26.372980010100207
0.42300000000000004	-50.494140121704056	36.28999559896984	26.815249253200633
0.42500000000000004	2.471581242780019	37.09707179440375	26.945884624479735
0.42700000000000005	50.68377080608144	37.236575543317585	25.284067578652444
0.42900000000000005	-14.753277473245063	42.74713261698212	26.994519479098447
0.43100000000000005	-65.94343793253631	37.1246822766811	26.853594148803406
0.43300000000000005	25.476512627964354	35.14029795845166	26.269790592952017
0.43500000000000005	-11.854920780929312	37.848662021398766	26.907571991786526
0.43700000000000006	35.72217018166235	38.97525388239614	26.5466777737319
0.43900000000000006	-12.91296420113941	31.818803532789087	25.356286770697896
0.44100000000000006	-66.33243834064385	39.86559214943201	26.778526542651935
0.44300000000000006	8.094703970895623	36.020252284160016	25.29070473776855
0.44500000000000006	12.001281149087717	40.6488183825972	25.96699691353797
0.44700000000000006	65.21516437185682	40.165762176879284	27.558181280927638
0.44900000000000007	12.985761954631414	41.11236952402367	26.689206784711345
0.45100000000000007	18.24705918784808	32.38077170872968	25.89635411846582
0.45300000000000007	-54.9840284381764	40.947882797039874	26.606685328622767
0.45500000000000007	16.515303511432933	35.08495557013895	25.797103417785124
0.4570000000000001	-8.354738442295506	37.34323987150546	26.398138753490315
0.459	-19.454093359572155	34.39085671979119	25.30507761692224
0.46099999999999997	-20.4705170386843	35.33288715188721	26.37065814174522
0.46299999999999997	7.553762987333457	41.58785853250116	26.056284398275157
0.46499999999999997	27.536410359907393	37.100262730316025	25.78849059256923
0.46699999999999997	-5.742530527319545	38.3988955052352	25.910335762285754
0.469	32.715145042772065	31.93983850083049	25.975978538736243
0.471	31.329889402575972	36.647091207748176	27.047536033587235
0.473	27.114930093885548	41.15990960617445	25.75950224586446
0.475	10.634538526677062	35.647383688923654	26.922438863686864
0.477	41.42247874350247	41.281368609217196	26.017444004837714
0.479	23.558904719056528	36.64159420202184	25.849258122161075
0.481	40.11404721593337	37.128031039537746	26.88358706838225
0.483	30.46471595014033	36.080325943565036	25.441930350767805
0.485	35.614740555800495	32.39245606012344	26.482415782467733
0.487	-22.349430327750497	35.06027734476551	26.224230800198118
0.489	-7.315438866895008	38.2922830658826	25.55602709989772
0.491	-48.02625131183902	33.76442790909394	27.33949311376159
0.493	1.8739900511377527	42.58076614958647	27.32196056430279
0.495	-3.8913529134543268	35.85964784359476	25.35625195575751
0.497	15.331697022169521	39.73288503238325	26.928660462053667
0.499	-9.960643839734828	35.91720404627052	26.148450622239224