-0.499	112.36480548748595	58.28743833681138	58.23105080033888
-0.497	45.876876240580344	51.971630769843124	53.71900661410322
-0.495	28.971988105475077	63.38220613202711	59.72420458102501
-0.493	93.81818789955254	59.44487178213986	56.603583945474035
-0.491	1.5501244958748828	67.31609567159312	58.009267841869075
-0.489	146.38310830128455	69.79200960948825	60.46485410155621
-0.487	66.4405044981109	55.149899041468956	54.41113399019952
-0.485	101.54858850119908	60.330318369951826	58.017000772366075
-0.483	67.32194910186173	68.71794732061693	56.688021413767075
-0.481	-62.04231550532846	80.19538067142467	57.59663079880115
-0.479	-122.14080337535904	68.97007725404252	56.584893361322976
-0.477	-30.280279379457653	68.83915764009035	58.63728199894148
-0.475	179.20396511827974	58.807118858450075	56.5704423397127
-0.473	-36.02767372812288	66.96639872224084	60.137051765522436
-0.471	5.328019772488091	70.72639838616908	58.414724387839215
-0.469	153.2438427365168	63.30233949804091	54.694609049797556
-0.46699999999999997	-143.096628835937	62.17898931891813	58.16918415218608
-0.46499999999999997	28.971183206438766	69.14521741794663	54.90705017770648
-0.46299999999999997	103.25504783170736	61.45076378984603	58.40987863735988
-0.461	16.43035114273772	61.53406023324672	57.01197552237155
-0.459	-20.09527013580037	60.343581721565165	57.49754118157551
-0.457	122.95968916076205	49.503334926501914	55.47088918546131
-0.455	15.917387952812945	63.326290979723304	55.49634798181448
-0.453	87.32920856835413	71.16029382352399	56.09499678398326
-0.451	45.71038047052056	67.79396055588676	55.17916376470163
-0.449	-17.540313145714137	53.491811817017165	57.52553042527264
-0.447	43.53543186041975	56.95478784568534	54.809059955339656
-0.445	94.6210848642437	66.20452274831875	58.88054784548234
-0.443	26.255904513439177	57.877055080051036	56.809998898288505
-0.441	58.09492401254168	61.67945601832838	56.961461550122806
-0.439	8.271392786918241	64.08894461686995	57.38119203798259
-0.437	-8.590232663197028	59.88630911977145	55.70928622533074
-0.435	162.85938108473454	48.36581040987159	56.52335531268674
-0.433	-34.155337502728145	56.57051930488392	56.06143191535347
-0.431	-72.59976937901146	69.05254702153586	58.16277823832693
-0.429	-6.590464075584279	56.72446083317234	54.21567058572697
-0.427	51.498649167536215	60.29692741884585	58.64225214449295
-0.425	81.88678681264605	59.23048662542292	55.028427412686305
-0.423	20.826487569403085	65.12655224707107	59.9323995397214
-0.421	-39.57135758692054	61.393173431044616	57.260517483656706
-0.419	-40.30199254068112	53.67806091844705	56.01384495549885
-0.417	37.15706068074809	63.55934926037681	57.6600779670541
-0.415	75.3073989325781	60.41234795314064	55.4044340867905
-0.41300000000000003	18.60501761163924	64.4581737305356	56.011220288329014
-0.41100000000000003	79.28608582363772	71.06271652530674	56.4920027727112
-0.40900000000000003	43.413259777302926	61.097154079461646	56.49719721205727
-0.40700000000000003	13.329704327880165	63.97869942729199	57.03804712504481
-0.405	34.55284287867677	57.05603336236657	55.93102155987473
-0.403	29.370442463205748	68.61484952574847	58.96740457170456
-0.401	83.89229322847136	60.99926758582463	56.83236788933845
-0.399	69.89553738856458	50.33310373565998	58.085306307278444
-0.397	31.010937227682334	59.07443278421675	55.75380818330301
-0.395	58.45894684353148	65.95341786303722	57.62032072410822
-0.393	195.5947393152968	66.98451585556323	59.24140162984271
-0.391	-4.945229590269662	70.39466314469226	59.13984862770146
-0.389	-37.39315666539955	65.7256208682768	60.173098384459166
-0.387	9.864000529935524	65.41595339118277	56.986770499380754
-0.385	31.410011700927498	62.698052280858654	55.772186904719916
-0.383	68.32271243872867	70.69295214749401	56.774705991930695
-0.381	4.111390793148928	66.12873002226581	58.74778070902691
-0.379	-4.452582064273791	60.0430251425561	55.57686627607716
-0.377	-12.332526359459806	63.86466234871374	60.822203943338586
-0.375	-39.97127021049263	63.93306565673967	55.812600361358044
-0.373	115.73319575397534	77.58150038343668	59.78166771466929
-0.371	125.50852314174854	65.947420271122	59.38400394540649
-0.369	31.565021419099892	74.79669140501612	56.156733417552715
-0.367	105.45304756148788	66.89089371059677	58.10420576638382
-0.365	63.528248786859365	63.87916417226354	59.150002094893196
-0.363	-70.03997985566279	53.72305144939659	57.248542821551105
-0.361	-26.54141437319346	61.67849669359893	57.24263993677307
-0.359	120.1056234554354	64.4346045367252	58.742665385175414
-0.357	104.53867049120547	51.35455929256964	56.25904228480294
-0.355	12.877960702706304	60.1010672398115	57.83956569670056
-0.353	43.11958562497331	74.33824062579546	57.24587481829509
-0.351	-42.691319430798735	60.16287213554072	52.56701661657335
-0.349	161.5632040692372	68.60603043091159	59.78268009294286
-0.347	79.07989469124743	64.34488171424351	53.36508420110564
-0.345	6.7800036520626605	55.394961634443284	55.988727385762765
-0.34299999999999997	64.27636701267225	66.77150873074672	57.66281459484874
-0.34099999999999997	160.21436284296976	63.39040478804209	57.4321715927144
-0.33899999999999997	39.71003980418608	61.51097933196706	56.3213709005481
-0.33699999999999997	92.80869948757875	58.28154282650289	58.322140281654455
-0.33499999999999996	68.14625400819452	64.24419293282254	55.865572823203934
-0.33299999999999996	-20.422617214022054	62.059959396414264	54.624078647116505
-0.33099999999999996	-20.597225206975267	61.62546515535375	58.297056693616646
-0.32899999999999996	6.335947399627173	51.17898558071571	53.6349791183537
-0.32699999999999996	-5.10022853505987	59.577077564814466	59.56963023990214
-0.32499999999999996	-79.76076756299744	58.02479429483666	55.15102512009956
-0.323	-49.49537586784736	65.49987825555844	55.8617960253885
-0.321	131.96243394952845	74.93908032126508	60.86144656713685
-0.319	-1.2960144152307507	57.904567941453266	55.048547871831005
-0.317	55.228424167719226	61.26142857365182	55.6909544667333
-0.315	128.51686085357807	64.45540381030939	57.748053780605844
-0.313	-86.22901136468019	60.274568368145815	54.75769537132448
-0.311	64.34103336894204	53.515374238587526	56.47846027491915
-0.309	-27.89009530623776	68.77550847599699	59.75282767502667
-0.307	27.560513614188764	53.129007897889366	54.53544815904176
-0.305	-19.350865099410086	58.98151879513221	59.00803152727265
-0.303	-102.69124032247223	65.28687025623574	59.217160866641535
-0.301	27.534899941672464	61.05701759903774	55.339987194115615
-0.299	112.74853485332414	62.07622258224733	59.6459740603571
-0.297	-37.88784009073343	68.13458502655439	55.13590234914497
-0.295	18.935055919211408	65.46687540281202	57.77825262518872
-0.293	5.400765048069189	70.44784144963603	59.01994090885301
-0.29100000000000004	-11.781135586419467	62.71350490803219	55.779367757982804
-0.28900000000000003	77.96981291763316	65.98429700156835	56.353987416414576
-0.28700000000000003	64.71251624784458	74.76022743352263	58.42196298023571
-0.28500000000000003	55.165576646309944	62.000448918380144	56.49563002431695
-0.28300000000000003	2.6451493617685173	64.49268122148571	58.79273754973925
-0.281	-15.771515829210436	65.69082056081295	59.942225594381384
-0.279	-36.56995822487463	54.87765625961343	54.15109218419222
-0.277	194.3782227371571	70.94916802346756	60.122219251458674
-0.275	17.033884260886367	62.88773566320229	54.772959182942174
-0.273	182.01691283015185	69.81009671233889	55.21732619013096
-0.271	34.09334318216217	70.2042779472431	60.637111073443336
-0.269	58.05129924696395	62.18561893100102	55.00571959168015
-0.267	-41.68052453645821	63.846816455300136	57.919766837090954
-0.265	-6.311940650816084	61.90912000851832	59.01869715285235
-0.263	36.769219220467164	61.344457589902845	55.106055288633996
-0.261	16.928241557634394	71.34248390613669	56.54711859010286
-0.259	91.83083893882227	76.8172531087487	59.102637710647535
-0.257	-9.513442946418316	63.52732562710205	54.83498293135652
-0.255	71.69546738672317	68.82606689914401	58.649815903786774
-0.253	62.29753323272469	54.24114072177478	55.606990703008236
-0.251	35.01216380241701	65.21900887596777	54.57709208598547
-0.249	39.85596153865956	65.86099675277715	58.403711149039566
-0.247	10.22263936234502	57.73736140326716	54.46527740958955
-0.245	42.92016314666469	65.32913913304928	55.00129223398159
-0.243	-23.07288002034724	64.21434929429888	58.252251283309455
-0.241	-32.343915147947655	68.11961612923305	55.173288613432554
-0.239	-51.69759972245558	71.79328937832994	57.05531610087014
-0.237	-27.719473332465938	65.39330114116541	57.927437244839965
-0.235	84.0042810033026	55.79280499680684	54.75500574248267
-0.23299999999999998	-47.609981721485894	62.3218762476073	55.905269445547525
-0.23099999999999998	179.31334467702342	62.99158991673209	58.56234636107424
-0.22899999999999998	38.96387751534114	57.700777552634605	53.69531185649171
-0.22699999999999998	2.0527596351627153	55.838996984883394	56.77499958686743
-0.22499999999999998	13.090719438002552	64.43487640390029	56.56330414361225
-0.22299999999999998	0.33172517066581975	62.58707402329745	54.729276658793815
-0.22099999999999997	144.6092463395221	63.66925897455135	59.76475137295173
-0.21899999999999997	91.23613598549518	56.90876392419835	53.95973541917663
-0.21699999999999997	151.34951994832946	63.85251254064908	57.00348527589085
-0.21499999999999997	14.419945112420507	55.873897685852164	57.22626348624486
-0.21299999999999997	-74.86882789253801	69.6668872982863	55.51532539895385
-0.211	-37.11386364635416	59.58847214623037	54.90281835101165
-0.20900000000000002	102.85903088580461	65.92133466856518	57.378259551025906
-0.20700000000000002	32.992446324486835	60.22343738778326	56.04154791506275
-0.20500000000000002	154.22526335773233	72.7892278888812	58.68760000622989
-0.203	0.2721807412786603	63.74163053558262	56.62567828657067
-0.201	44.63560606304817	53.805339555056925	54.76476874091405
-0.199	57.14818326607585	58.87971892043968	58.13991680436481
-0.197	86.60481288225164	61.11171531782673	55.27369807646948
-0.195	-6.733741748976563	60.4714460430333	55.88812111473424
-0.193	35.97044248371262	81.39363216588522	57.91565490803696
-0.191	17.872987556621922	62.9929106488597	55.9983128061388
-0.189	51.67124783689303	65.98064840547477	56.32518165014433
-0.187	17.851989635220278	72.59621660640661	60.06530285250356
-0.185	62.11123199117985	61.389754820695046	55.30501724420169
-0.183	43.80527818881319	64.70998305553597	56.55222972172265
-0.181	50.55945066922973	59.857434173126784	57.35397445792188
-0.179	-102.28153517455318	62.0418410598832	55.97009226894588
-0.177	-75.92810304624109	65.0710381318029	56.408575489358874
-0.175	-1.2569471853352	55.88334609187866	57.93546830023997
-0.173	76.33801325757084	57.16878272431734	55.53865320974649
-0.17099999999999999	-69.74485490685024	62.9687399861865	60.948686830125766
-0.16899999999999998	62.34776493974081	64.69520577679396	54.951108531600056
-0.16699999999999998	85.06879630743036	61.52609443720069	54.951222187585046
-0.16499999999999998	41.39723495155678	63.074509114611146	57.890748999844256
-0.16299999999999998	30.093068581704685	71.03382275094835	58.398160577463536
-0.16099999999999998	-2.385665276993798	48.8016728875489	55.13945793996795
-0.15899999999999997	67.6068685643294	71.08844340454411	59.329781326718305
-0.15699999999999997	5.103167512787721	65.88912579136182	55.77467937342541
-0.15499999999999997	-45.55620454604892	62.14188262840688	55.33422292124278
-0.15299999999999997	62.474580291738135	55.30195620039534	57.51723366834101
-0.15099999999999997	139.78110588031	59.31471982780775	53.39289313003096
-0.149	-27.019854503929075	61.42724222815075	58.627394178111004
-0.14700000000000002	-22.8506097936787	61.15914668123691	54.44224060072046
-0.14500000000000002	28.04376639797823	48.274429771036644	54.04161429791179
-0.14300000000000002	38.86618078308146	52.44363397455705	56.361093188139236
-0.14100000000000001	20.042991593527404	59.681960157232815	56.518877505756556
-0.139	116.27066296249211	57.36967666933228	55.29143688489167
-0.137	-1.5755770431669092	53.54743772773768	56.45164170875521
-0.135	36.3403829584108	67.74305351951485	55.390541461533964
-0.133	81.89828928251153	54.7881011401196	54.8476781056705
-0.131	-46.30592596366334	64.77374599528387	58.89788817159561
-0.129	56.31125217520072	56.74232831502952	53.165752311426886
-0.127	-14.807691980700532	67.54292728470544	56.00441989176396
-0.125	-46.778710811268276	65.80520194932764	56.98921131342442
-0.123	-8.88111030294958	60.15847043421804	55.488173191776916
-0.121	24.339635480874477	71.54754482724931	57.68922609294302
-0.119	38.65085371357324	61.32242950024805	56.83566715513312
-0.11699999999999999	48.94734409410795	65.01574538582567	55.885612685834644
-0.11499999999999999	56.842103105747555	56.831839378023936	55.13909834301516
-0.11299999999999999	-76.76844611625988	63.57255268576126	56.9641952629909
-0.11099999999999999	143.86822407264077	61.041902628436645	54.463202743349676
-0.10899999999999999	-30.540638327081204	62.22285569249058	57.70276867021927
-0.10699999999999998	8.187281288707382	65.46717153090034	57.855444628025715
-0.10499999999999998	28.782295280915804	65.86584373295196	55.3879189308405
-0.10299999999999998	-111.06923422110614	66.04912727345838	58.23608283979715
-0.10099999999999998	113.1739434139245	64.86860514053578	55.13234042670183
-0.09899999999999998	122.52482871999426	61.20678979277439	56.08822997818964
-0.09699999999999998	24.97178235683073	52.88481595239431	56.37952376632993
-0.09499999999999997	8.527177771222583	58.43127774965264	56.17321502870883
-0.09299999999999997	-42.777760710599466	62.96197181052704	54.86237338899237
-0.09099999999999997	40.66337190056224	72.90791232771502	58.8804340880251
-0.08899999999999997	119.85751406973222	60.55525415150222	54.408131300570105
-0.08699999999999997	-60.0832546532315	68.08645455583101	57.3118556386001
-0.08499999999999996	24.058995284459428	66.1271299186073	56.90550467654204
-0.08299999999999999	136.9807758473396	60.98979267744925	54.30350791130756
-0.08100000000000002	103.23357819608248	78.17437331756469	60.110350720915065
-0.07900000000000001	80.68970292463007	66.34410032990219	54.1313007096181
-0.07700000000000001	23.206416476462266	55.6848516930271	55.06373665991605
-0.07500000000000001	37.62996149236919	67.42674183341548	58.37027134757501
-0.07300000000000001	39.986295095717495	57.74409787607586	54.81145560894923
-0.07100000000000001	17.51559200591224	60.13774629719423	58.38167379562856
-0.069	32.6145849025572	62.76543378253035	58.57039164727428
-0.067	19.060074252452708	66.6838130569663	56.10236221947111
-0.065	8.61459343459714	64.56213288289263	58.73979759706447
-0.063	63.271502536377255	61.58998079437555	56.98807497695133
-0.061	20.7029385288493	64.71918433277946	53.20414965865998
-0.059	-77.8972611894524	57.555240924821064	57.68264589354
-0.056999999999999995	64.31426326591883	66.68808130214057	57.79662613465822
-0.05499999999999999	107.64808743024545	67.208490632023	55.607038841978
-0.05299999999999999	100.56385654810818	65.71842339973661	60.1645078661016
-0.05099999999999999	-46.565626003469696	65.29509447286188	54.07816148300135
-0.04899999999999999	-11.687022152706561	58.91817617124701	56.34761064017238
-0.046999999999999986	76.89545516242902	53.96931359125553	57.57803175153812
-0.044999999999999984	114.76089859918659	64.45731464112144	55.049985709445316
-0.04299999999999998	3.5918234120302373	71.6580190538056	57.61246880152753
-0.04099999999999998	66.73716547656028	64.97536420975936	59.59647282812813
-0.03899999999999998	69.53718918367713	62.74819144732037	53.52450068273179
-0.03699999999999998	-1.6007023202480042	65.78022047890192	58.69432570393336
-0.034999999999999976	42.35434628019341	58.19055397079022	56.31921137074304
-0.032999999999999974	24.776376536195244	66.36332697046397	56.30274340373971
-0.030999999999999972	159.1242669150006	72.87307518332656	59.100905733904405
-0.02899999999999997	34.6917347475717	64.70382469375954	57.70398820814831
-0.02699999999999997	-103.52157773629855	60.871088945140094	55.52533142154602
-0.024999999999999967	35.22397106059394	54.57191407937127	57.394099118670624
-0.022999999999999965	-26.05514677855858	58.744773450926104	53.954101419628635
-0.02099999999999999	44.27641508786273	59.15239085843068	57.19081649488038
-0.019000000000000017	17.28760739516666	72.6052288040685	58.718673495498315
-0.017000000000000015	-215.1758223405409	65.56053573265739	55.76848452161221
-0.015000000000000013	-355.1571016934263	64.6073468750463	57.12276953411539
-0.013000000000000012	-306.4359527958915	62.4582861740135	58.68791311773018
-0.01100000000000001	-354.32582643013524	66.05631916056585	53.49307634038984
-0.009000000000000008	-449.4432991782871	73.10201149985784	62.60839767085437
-0.007000000000000006	-405.52428813289686	67.52858222011096	57.54115421974737
-0.0050000000000000044	-559.1880840970509	62.082976517306854	56.77722161034884
-0.0030000000000000027	-427.908613475525	59.72141809370495	58.20178899425199
-0.0010000000000000009	-417.33699878176986	72.21351878231201	55.849659428373606
0.0010000000000000009	-314.17847213655034	71.73331385722452	57.76718712413602
0.0030000000000000027	-592.5860001519956	73.88833403690822	58.64619520643592
0.0050000000000000044	-354.5976212169233	73.17103809849219	56.05648603473454
0.007000000000000006	-302.6508915688897	58.467207682469265	57.74993178296086
0.009000000000000008	-430.7931998898118	75.58870275524774	59.40562224908177
0.01100000000000001	-433.433947512718	58.01266397111105	53.96859081039227
0.013000000000000012	-466.3788745304931	61.80266717539386	58.58645413999838
0.015000000000000013	-265.90299056006296	57.965398528741936	56.62081484885738
0.017000000000000015	-99.1968120579445	70.22355711373017	55.32422498980441
0.019000000000000017	63.00024518379743	69.72285752227765	60.28197418965439
0.02100000000000002	-31.54419830486699	63.23827170437252	55.215428505740746
0.02300000000000002	-5.579223805285416	67.73296934976489	55.83228755502006
0.025000000000000022	-8.662779208745697	62.163769595831354	56.1281609165767
0.027000000000000024	79.95889251999344	68.31907404271618	56.24009385676843
0.029000000000000026	-57.24849498611739	63.32646469389385	55.96265270703483
0.031000000000000028	21.075749123022902	71.01145697807769	58.55565452276609
0.03300000000000003	41.67566851376314	68.89911657879256	55.50312234106541
0.03500000000000003	-18.707223596647893	59.57111750247922	58.15313387169278
0.03700000000000003	8.116029727389673	61.68065534696596	58.66280112328521
0.039000000000000035	20.989172002883194	59.903791316224684	54.67361936708692
0.041000000000000036	-46.16703984949844	70.95540745846698	58.91557761890846
0.04300000000000004	1.8676764228509057	56.597543667987175	54.32237987895426
0.04500000000000004	-14.201738833929944	61.82657188394607	58.902792091324805
0.04700000000000004	-6.800911603543902	54.36952872880893	57.81450885361263
0.049000000000000044	-5.553421367210376	65.9158842274506	55.78634006963635
0.051000000000000045	5.804802057918224	58.359404584724416	58.328099192360284
0.05300000000000005	55.66144664981287	64.4352381396484	57.24198232329393
0.05500000000000005	2.543863576009997	67.31920081522311	57.39771766983462
0.05700000000000005	19.55827199884297	64.00861660934959	54.916499985159774
0.05900000000000005	-0.4784969556137497	64.56362300835741	58.472268401456994
0.061000000000000054	-12.082357352394268	61.34454854743069	55.668944783771835
0.06300000000000006	-41.146450811102575	62.04401237599937	56.24988151845639
0.06500000000000006	-76.15472523403443	68.57179062256144	57.188981020647674
0.06700000000000006	74.57738527349989	69.19092704695632	55.997859426454646
0.06900000000000006	-3.0066460390276717	71.48932512530875	59.922985487403885
0.07100000000000006	-125.22653288127295	61.59490292719146	55.47720674558315
0.07300000000000006	68.60665037367042	66.24780037872965	57.11880380684073
0.07500000000000007	105.15037735969734	67.43424889230798	56.297969255970955
0.07700000000000001	-191.3736558031287	54.74384888618191	57.84245108500302
0.07899999999999996	-70.55749127715671	50.86375355732472	54.60589412287366
0.08099999999999996	29.019305027411235	55.19005807551242	56.07662607505628
0.08299999999999996	90.60271274274889	56.85773542159597	55.481392843011406
0.08499999999999996	-86.82750915378622	61.80042229948051	55.69927537422508
0.08699999999999997	64.05888493943301	67.02992498877978	59.54602345697009
0.08899999999999997	-95.49378037976285	64.8545189951112	56.04630724623807
0.09099999999999997	107.2008949685177	68.85689786834978	56.67633572407209
0.09299999999999997	-16.720677788684135	62.82656202358156	55.62998599801055
0.09499999999999997	151.93740501784347	61.269032421502956	56.598509277813896
0.09699999999999998	-31.76273595251189	57.64243358540485	56.07518730632048
0.09899999999999998	20.95612168462324	65.1906028368244	56.00885065468378
0.10099999999999998	59.095538478937115	63.21060732784407	54.949701194556226
0.10299999999999998	-43.94037451982413	64.78605605903279	57.02349668116698
0.10499999999999998	42.44397910979636	62.35251458557881	59.1705517316387
0.10699999999999998	25.152169758291265	58.99441498609215	55.17492656741267
0.10899999999999999	-26.744298662562116	70.04547245279198	58.184201160417196
0.11099999999999999	72.06712217566746	66.05362931282895	55.31353212167628
0.11299999999999999	36.750827824727494	58.14729991631405	56.40255239971757
0.11499999999999999	48.977709580011464	61.14699002959491	57.156838786900366
0.11699999999999999	18.132507884960347	59.4644571180522	54.35591432641473
0.119	79.45352536586903	55.21915822029051	56.840147941609125
0.121	-71.39273749268149	64.74725952419243	57.90643786170548
0.123	-62.02643595409896	73.80744006530186	57.71181737924472
0.125	23.276061873023224	52.80022474397255	54.82464689024334
0.127	-105.27988709374547	71.83962456891872	58.05187315178937
0.129	-24.18362202449842	66.65863562893708	56.19560386873603
0.131	59.490407461337824	62.93040113436641	56.09750871683026
0.133	66.32983067378362	70.97345279855229	57.691347287076205
0.135	2.6513939594963176	66.40175334831372	55.42294734428836
0.137	-2.683489558674701	74.62338468258915	59.89087057718153
0.139	84.20927731833672	65.52272754773317	56.42632109840864
0.14100000000000001	143.8825239430397	63.19770202782186	55.79456354425811
0.14300000000000002	42.57348784864057	64.83207172464694	57.29707199935139
0.14500000000000002	46.82917322518243	65.3300331052507	55.46091560074036
0.14700000000000002	3.785890468455122	61.746464504965374	56.364504217561034
0.14900000000000002	31.188036081264414	64.66282196230341	57.13947501434454
0.15100000000000002	110.90098783617108	57.28175132475916	55.93175377135633
0.15300000000000002	-46.92376896753281	67.68047877853991	55.265587361485714
0.15500000000000003	35.679958913181764	63.8327803770036	57.352841878864346
0.15700000000000003	-38.67286819403404	61.099832857764085	53.3292156207075
0.15900000000000003	-45.036426405187235	61.48682402723753	59.89208516995268
0.16100000000000003	91.2243423740744	66.792137160851	57.10565573968187
0.16300000000000003	0.7347917960753847	65.66870005774454	54.00224919313814
0.16500000000000004	-12.164443089046628	66.73013125619092	58.61743197056071
0.16700000000000004	-4.411947886695522	64.26344625958825	55.845939297861804
0.16900000000000004	40.299347382921624	62.64160537043339	56.01983917327307
0.17100000000000004	99.83817175762688	72.39512430601701	57.69088417279183
0.17300000000000004	68.230698723859	62.800916932958806	54.87517828946794
0.17500000000000004	25.361010412172647	65.67847749662415	55.45560275131139
0.17700000000000005	80.2044336543073	68.03330734134893	59.36762459083555
0.17900000000000005	32.35758815778311	68.81869383487624	55.339247014989525
0.18100000000000005	114.07541102381735	62.43908722128101	56.93578434603972
0.18300000000000005	97.39396007746315	62.16258369381392	57.83544810846004
0.18500000000000005	-3.901933126937429	66.57608221403284	53.55049494535945
0.18700000000000006	91.83016674518818	73.79694869315931	60.86181536706188
0.18900000000000006	10.500947599911825	73.82448562378019	55.93757879706611
0.19100000000000006	70.66276834910568	61.82545637103722	56.007229856643136
0.19300000000000006	8.546673849529896	62.299649987371296	57.23180068290936
0.19500000000000006	82.73408023184992	57.965466523282174	56.97950305636854
0.19700000000000006	71.12537876996505	64.12914517155853	54.82020758111003
0.19900000000000007	-60.728216559002846	63.519750219423436	56.78738022798203
0.20100000000000007	-16.283082659995785	55.75472106507791	56.145019331231005
0.203	11.534712649474699	72.53687109342854	55.76630358045043
0.20499999999999996	-23.744693664617955	76.29644261034369	58.1107735020632
0.20699999999999996	51.01162379483881	62.60725169020621	52.61604927756367
0.20899999999999996	84.01839191329863	63.25319708274281	58.8142482704441
0.21099999999999997	71.67125597251633	60.691604157035364	59.02370308226075
0.21299999999999997	-43.089908142834865	63.07541105843409	54.25982886912675
0.21499999999999997	14.192649220312603	69.96430582213708	61.01217135179841
0.21699999999999997	14.683167419704546	64.55349466859917	55.3605835190036
0.21899999999999997	20.535187404968624	62.22027882194985	56.849009643089715
0.22099999999999997	99.76187043014839	67.56502820565647	61.50753498219699
0.22299999999999998	-34.22554020116042	59.52943624264584	54.59615589195366
0.22499999999999998	25.832605173192746	64.96275844439455	57.77500727962557
0.22699999999999998	-26.999050751208564	59.3625625524473	59.16318596961191
0.22899999999999998	-25.49360808445922	61.8953473914023	55.874096854806105
0.23099999999999998	-23.817404187331803	68.10044625680207	57.16276104402197
0.23299999999999998	98.62162803520036	57.53423157151613	58.26236490046367
0.235	13.913051011060773	59.93253812849298	54.52933414914061
0.237	92.87070748031923	67.4899263973461	58.22909103690043
0.239	-103.24694609376017	69.90380494958035	56.926613622822245
0.241	97.67638515278954	61.25503465949716	54.53250563952891
0.243	159.01957476005535	61.41365354559155	58.60843268204377
0.245	121.22497840683089	67.616010624405	54.04885115419447
0.247	-19.393946579016053	56.228709414845	57.25852481564562
0.249	14.12264612432601	64.81423479154596	57.00407536080162
0.251	42.11525022701501	65.24974405650633	54.047849990540755
0.253	-34.924003098790735	57.67114346918137	55.54247235930118
0.255	-25.311902766333993	63.08573920273431	58.55468417101798
0.257	91.13792381687524	52.384585902218106	54.4633448375122
0.259	-23.34446564200565	57.53959189039395	57.22220429521495
0.261	67.73455469422096	61.37548624139619	57.020183216221845
0.263	-7.858639051172567	60.601103716431496	54.50097239715385
0.265	-21.010790409725644	69.1640901815747	58.18899359569003
0.267	54.12989670006141	64.72875331433684	54.174586598052095
0.269	-25.017445171693353	62.74410184896937	56.92272720620019
0.271	21.653322684000997	60.92577936011858	58.84514735024913
0.273	91.45301864688093	61.40129715513816	54.873249201586525
0.275	55.463907605801666	59.42032114934205	55.691532951197445
0.277	51.18292222672238	67.96732206093897	55.96532941490403
0.279	-4.3556742500561185	63.14317320026289	55.15823223387063
0.281	24.434340452517134	57.23678533004718	56.341281426664374
0.28300000000000003	46.76918535118091	69.25650965020947	58.241353507338765
0.28500000000000003	77.39105060555751	61.438548551579125	55.35602166208186
0.28700000000000003	56.91918543937469	66.84765845519544	58.362608257768535
0.28900000000000003	10.938504833912788	66.4239069017713	55.69511031942148
0.29100000000000004	38.66838811705797	67.77910342815441	56.36215882528126
0.29300000000000004	-9.608353062628971	61.368607579234386	57.70814821259174
0.29500000000000004	25.99416704684998	67.64320654031262	55.60746012893643
0.29700000000000004	-7.746341832204351	62.99140624719637	59.19282904766803
0.29900000000000004	29.00063048594248	70.01887639766612	55.827903517231135
0.30100000000000005	19.799406670850672	61.169534235124466	57.87314817914775
0.30300000000000005	95.76318481729906	68.42793642395974	55.28613536745464
0.30500000000000005	-85.87245234614738	52.151838961616306	57.25763394710354
0.30700000000000005	-5.732025488036641	61.547821871094335	56.292991225405544
0.30900000000000005	38.646821673982146	66.04239882270221	56.96423884137674
0.31100000000000005	-34.11781125151059	63.322869350203455	58.513750291288694
0.31300000000000006	-70.18589586693658	53.631972522199035	56.432770322685116
0.31500000000000006	-25.993071080088193	61.50473566707557	58.24611169827086
0.31700000000000006	90.47279100360406	57.67813090223226	55.3853976479058
0.31900000000000006	83.71041631582976	63.243926784073736	56.04285449378752
0.32100000000000006	35.57368439199848	60.58611913078928	56.044049186527154
0.32300000000000006	-95.21020952152348	59.23195481375568	56.18427649049306
0.32500000000000007	101.51789640522324	56.549709658562136	57.339521848529344
0.32700000000000007	-26.87944103119122	68.27319272696658	56.21579538982643
0.32900000000000007	42.01806117642981	62.865728509285326	56.79753474012115
0.33100000000000007	47.44269681689062	59.71896199770414	55.43890621386209
0.333	-56.79414102310876	59.332569659364886	58.569116148571894
0.33499999999999996	1.3842584394296864	65.2215266648293	53.61152147357007
0.33699999999999997	87.55987319686298	66.94165413407678	56.37832713586081
0.33899999999999997	35.77868984439014	60.55896082984433	55.331088314007474
0.34099999999999997	16.953611820857972	66.07616634173577	56.312756037176705
0.34299999999999997	5.73404833281721	61.96308018917693	57.34422942379336
0.345	-7.086684350454675	58.68620098279613	56.117536346416024
0.347	110.58893610371712	67.35551519077214	56.087716013161064
0.349	67.9974897737079	50.27162330405735	54.46212152120991
0.351	-32.3130247545933	68.35802476004082	55.32026734038572
0.353	64.16784912688378	56.39858007179381	55.16557244857131
0.355	-26.643224512068464	68.74287364915678	56.812131182870125
0.357	69.56541228064772	61.174919096151164	54.471978599188574
0.359	-40.96754830074101	73.7462364391913	55.549715539161234
0.361	104.92396328620757	62.43558737303592	58.499517512279915
0.363	34.14906699639175	57.721976875102236	54.8185098903643
0.365	2.8118781412178606	59.26476565799164	57.5825341823915
0.367	35.849740487092774	70.03016857488619	55.53760596239992
0.369	68.06443545959162	67.7903272975869	57.67758549890117
0.371	52.29428914299561	63.76475269420421	54.25862539048975
0.373	21.43225795125936	63.58737445717665	58.82279974253602
0.375	127.90093879466724	64.98259042001519	56.69598306941921
0.377	79.49428765874345	64.78027891285058	57.28281291497067
0.379	-65.27921634391643	70.02446496792086	57.124468968860874
0.381	52.19729908723103	56.62108372203913	55.1788462325768
0.383	45.46851429476639	70.00908621359754	57.96887945253577
0.385	173.57260744321758	58.37237554678379	55.89904796600557
0.387	42.30509670244409	69.89170196245037	56.59894686724406
0.389	-12.621579040805742	63.55410275591606	56.45316756124774
0.391	12.058805368697634	66.23292473066574	56.36144397752608
0.393	158.7597340799718	63.92946795864726	55.78254036264969
0.395	121.47631544934256	65.03042670573804	56.91086741659996
0.397	103.92781207335666	65.29025000598271	56.31103852996328
0.399	-9.703277170425295	68.425609139806	56.507193164533255
0.401	-96.94421822237231	63.26644991592782	59.085668767168364
0.403	31.162388530070473	61.05970341315245	54.93825009781372
0.405	-22.180045380570945	69.85326707252402	57.68950407936988
0.40700000000000003	27.36079540555103	60.10459134603728	56.993895257289296
0.40900000000000003	75.03798080965574	59.59880397623193	55.39026498544378
0.41100000000000003	17.54139799348131	61.34707834744844	59.760287962842746
0.41300000000000003	62.340777660985225	65.51136390852957	54.86287864823057
0.41500000000000004	138.77419545194059	67.56035362587846	54.107225524709584
0.41700000000000004	10.891860857675795	62.17309901406508	55.83838817499159
0.41900000000000004	-18.137789960737116	63.45764849292975	56.766052885497
0.42100000000000004	46.38581710048051	61.25853624053508	54.25340075656262
0.42300000000000004	45.71513419970863	69.73100886690028	59.180822362093544
0.42500000000000004	9.954827509872644	61.154211140666234	56.14319847687625
0.42700000000000005	131.81805746631525	69.37425767575463	57.07646281803249
0.42900000000000005	-15.060548787415584	60.80180120577838	57.801799735859866
0.43100000000000005	66.00637093345796	57.78213421190195	53.62775118207038
0.43300000000000005	-40.00316363161893	67.37837206123142	58.98942837052276
0.43500000000000005	50.27386551947899	58.28277853043794	54.87271088535318
0.43700000000000006	-24.66754395180626	65.3163764482737	57.47088440305597
0.43900000000000006	116.85064016830893	62.08041257933631	56.59035680126072
0.44100000000000006	-13.182171746284332	72.05768415948724	56.696059747963794
0.44300000000000006	111.54279901703923	51.55037221458166	54.48769753121634
0.44500000000000006	75.49641362269988	79.22387603851193	57.37242980571349
0.44700000000000006	-78.6264312409024	63.737181616759344	54.275009362012554
0.44900000000000007	16.64577532900502	63.414655824461335	56.09041874472485
0.45100000000000007	31.861273424471648	71.26718870238159	57.17034272122064
0.45300000000000007	20.991918846302582	56.08240145289359	52.93366413208006
0.45500000000000007	-49.46665217264723	66.08185803518627	58.41017534885856
0.4570000000000001	11.885492067209569	57.74089903357678	56.425825442211185
0.459	-21.76054977964803	53.580473017457685	54.16776458011789
0.46099999999999997	-53.22540272523213	55.819148700405705	59.206735706289656
0.46299999999999997	11.040051240973625	59.76320823815248	53.730076074623234
0.46499999999999997	-104.48548120300939	61.40332272718286	56.35087711190618
0.46699999999999997	74.68080079919837	69.14049719258182	56.029962256385886
0.469	-23.08081058255418	60.98482368967295	55.36205466980093
0.471	69.7244393312868	64.63290998032102	56.14319211339345
0.473	-163.34143180762874	65.17717074285964	60.190501316174135
0.475	87.80362089200189	65.36614441416317	53.40764032774479
0.477	-15.01801875081199	59.88347451382371	58.06384203340136
0.479	-113.10691330834732	58.30538278936382	57.45496419908909
0.481	5.257990051799055	61.976280832640946	54.15293677583264
0.483	56.88843971674018	62.73672997830551	59.80543812958175
0.485	23.943806080728436	58.35131152582713	55.60858434830207
0.487	-72.46736071886417	61.32112224972641	56.594059800997115
0.489	73.6870521540478	63.95951913029866	57.036078166870645
0.491	156.88818397374683	61.47272998048681	54.64927518689481
0.493	96.30706838015257	68.95139579228454	58.680482079204644
0.495	20.828553517038273	62.51878447323793	57.61569902331174
0.497	115.1536305192824	63.87505903436345	55.530098567589235
0.499	-56.594165495638116	64.7199276878357	57.531033240459266