-0.499	26.354570299202962	54.44467807494808	35.2407648890101
-0.497	-14.224899746229092	50.85790170350059	33.666125855523696
-0.495	67.11028458750157	51.42157082193136	32.942344384936824
-0.493	-7.855821703817156	46.46367828078043	33.84471016937945
-0.491	93.73052373140567	46.92331353435636	32.881374138526574
-0.489	-2.664290800313829	45.061133738838194	33.322062489784365
-0.487	4.954399079215577	43.76253225200562	33.73666716842144
-0.485	69.26183948152698	55.02515940369428	34.14163603383066
-0.483	3.6011646766809235	51.57352873297927	33.521350821663084
-0.481	10.24430601415105	54.516484634077536	34.50012550220301
-0.479	20.41708368927253	54.168136325750076	34.83989419230936
-0.477	34.19089996192781	44.78194173017995	33.670208060921375
-0.475	-41.09842928134988	42.33035938845734	33.70957790198608
-0.473	81.71726608163787	46.45408356566017	35.1228881385445
-0.471	-28.29175337937251	43.025252482200905	32.478913408777885
-0.469	17.692952124281902	51.085306812996265	35.002492082298104
-0.46699999999999997	42.00466872927855	50.80006511697116	34.74588231233072
-0.46499999999999997	20.928560568345134	46.358559423716116	33.57048693229389
-0.46299999999999997	14.170128523671721	43.963625415606025	34.477876922422205
-0.461	-18.152246944014294	45.183480994808264	35.06621697155149
-0.459	49.58683398603725	46.58067530198356	33.87501232405497
-0.457	28.799126541745323	48.005060138761564	33.4217122672933
-0.455	-39.44296066671349	44.16944794761857	34.95302343756564
-0.453	72.08412938175535	48.80146145959548	34.0226530408643
-0.451	29.314570975991217	44.37219194946571	34.49647936247335
-0.449	9.114627448569834	53.49337224437764	34.364351089673136
-0.447	48.08857211568984	48.178066792512226	33.63584952927113
-0.445	14.194317835558579	45.10375506314728	34.0083447806946
-0.443	13.898489307440087	49.54379589405917	34.3142972923814
-0.441	-1.4521456704885694	53.46113544795542	35.388974552751755
-0.439	23.919033219632624	43.09158051732541	33.799414970533526
-0.437	-5.384564017107962	46.85697696560173	33.815825881471056
-0.435	-35.686232340514934	44.6315380514947	33.977427640068
-0.433	5.404255104091149	56.22500843755291	34.28291442179908
-0.431	72.75651933280614	45.02424826673886	35.18355371300766
-0.429	31.332522694604847	48.319179314955335	34.19377579149705
-0.427	85.17879624769797	45.015749764555025	34.23066900611358
-0.425	92.14809399726853	48.593410541413824	35.67374036542176
-0.423	33.70719374062858	52.00573508053764	34.86649114278742
-0.421	-12.043246070403413	52.41129453805379	34.29697364073438
-0.419	38.68054329303483	51.01771456681331	34.31642718905614
-0.417	35.645964810093744	52.971276113579215	34.8241613959154
-0.415	45.39778432666175	47.404750180531636	34.609459899134
-0.41300000000000003	-15.18389304999701	40.52307508002796	34.737766327177965
-0.41100000000000003	25.26704108407607	51.313841715725985	35.24709926665672
-0.40900000000000003	-70.97044494674964	49.25177248545872	33.783002753428455
-0.40700000000000003	0.4287820460913139	47.912102318838784	33.64506101920093
-0.405	115.10760038935253	52.25449608347699	35.16830920392071
-0.403	22.657610478038492	44.80801025740569	35.12239229203325
-0.401	87.09813805252153	45.60419319048254	33.768947874307045
-0.399	4.243737099285383	52.04247460389489	34.75433138231879
-0.397	98.25261819940145	46.163650802295024	35.48379074264494
-0.395	13.507000747425835	45.40221126296669	33.31132423770384
-0.393	39.43372526027389	48.79690457382352	34.59351289547586
-0.391	5.485942763838736	46.00988186058177	34.577420709994676
-0.389	-0.6761494215634656	42.43473372824424	33.43304896148664
-0.387	93.9322154263067	46.98230131082874	35.093393346509366
-0.385	58.857025338809876	49.04165385113464	34.03316885184221
-0.383	58.403041979016024	48.91859680463537	32.866674151377985
-0.381	42.873991716874116	45.68323412386944	33.697420520468036
-0.379	7.262641142702364	53.60656131740516	34.903481136690054
-0.377	6.662273881685721	45.24606964367746	33.543135186228206
-0.375	34.60237063412919	49.16983397936472	33.885124757755484
-0.373	26.70707202789835	47.350922745889505	33.60371802652967
-0.371	-52.24609167098215	45.41161204536601	33.02480857084299
-0.369	88.4012934572187	47.99662450639513	33.60855007844193
-0.367	61.70560672380532	48.32351206309084	34.99646140311287
-0.365	113.01107796324317	45.97871843204364	32.84243747282484
-0.363	54.42084527240709	49.32695824428576	34.27993767722716
-0.361	14.610464908582088	45.2076634822198	33.92305978572264
-0.359	58.228308180696686	50.6485261320523	33.15619799343672
-0.357	154.18282563017806	46.800567342430504	33.59221508068069
-0.355	33.093510048098906	48.43986249787967	33.77227241869622
-0.353	-20.51677308334554	47.24593969166716	32.84046953050777
-0.351	55.45982428012408	50.59239075099963	34.15748171283133
-0.349	14.751802271284475	47.19277010363102	34.11377032578713
-0.347	67.83184117153951	47.84722772830986	34.36545766075941
-0.345	41.4593199347113	49.877810562457675	33.19707708423028
-0.34299999999999997	56.84439599273894	48.26695996891043	34.084307470873114
-0.34099999999999997	-32.68514524934485	45.881778505780865	33.26601267142637
-0.33899999999999997	68.77808670635588	43.35854564959244	34.086276547339594
-0.33699999999999997	-29.84246140969038	49.41240819444682	34.08383108982394
-0.33499999999999996	-22.713606549040755	48.0005657450001	33.035653011958274
-0.33299999999999996	101.11292268444316	45.60352021607392	34.60929586481729
-0.33099999999999996	74.5215639610386	42.37927464608888	33.93099144862445
-0.32899999999999996	24.157022459059263	42.83669943459108	32.765103014332894
-0.32699999999999996	23.206875092940393	46.44414457124093	34.24210489868545
-0.32499999999999996	20.113917381880952	52.59344802451473	33.97962941561757
-0.323	7.100805145876521	47.74889803995088	34.08911429704521
-0.321	142.76572397631247	41.90626030006756	34.17646943871403
-0.319	63.034923526883446	45.16380591047055	34.409647765224236
-0.317	37.67160250123247	42.91855948968472	33.343893922750894
-0.315	7.7005374712335595	46.53187871591325	34.55360981686631
-0.313	-14.063070226555396	41.41531379929049	33.97755321865617
-0.311	34.837628136497045	46.27308296118723	34.21832699312855
-0.309	75.5068971156625	45.70420285660485	33.850075413289915
-0.307	10.381719355523344	48.35469527056151	34.57310038093864
-0.305	21.361346576709295	42.01715339560717	34.28530881304705
-0.303	56.094893412961255	47.91422446822535	32.98791112837223
-0.301	85.21926529359014	49.32289882897175	34.69869041778751
-0.299	54.413118963259066	48.37861169843357	34.64597494074999
-0.297	122.80807413800332	45.117988055256994	33.38493379200964
-0.295	91.39289625159641	48.09315937952546	33.998238308422344
-0.293	-18.63217272068951	44.62441678929701	34.322902647449574
-0.29100000000000004	12.51372619459623	48.16708286003901	33.23840820516196
-0.28900000000000003	8.888393167039155	50.5575168120659	34.07787597959276
-0.28700000000000003	-0.6511811342369	50.6763777255377	34.00739800484108
-0.28500000000000003	98.49080145318823	45.61714818226887	33.44300043484578
-0.28300000000000003	2.368299196975343	44.29228900214199	33.33926154085711
-0.281	61.34462623319514	47.52963323577957	33.40120215744313
-0.279	75.22741176102521	51.668277407486784	33.94526156345766
-0.277	49.602261957826244	47.894977793536846	33.215271683716615
-0.275	19.96294699968537	45.497555457305836	33.21727729678116
-0.273	60.50800595458483	48.72576227753154	32.53842242376982
-0.271	41.4056701394383	51.397482393624	33.75301036804458
-0.269	15.85021834049627	47.853630485304244	32.78510815743953
-0.267	-60.5061413236907	46.9917843071557	33.09718390725395
-0.265	60.31877109435868	44.79712349861303	33.42601475457244
-0.263	29.417493509598103	44.638451583633014	33.33136942397517
-0.261	68.35706458074853	47.64057798631457	33.61349058885616
-0.259	39.59257592400789	47.76272367667471	32.60049584201544
-0.257	13.151725037463535	44.78236344351317	33.50446974198537
-0.255	59.53105550471349	47.16460399184041	33.480658795754536
-0.253	16.433850303254616	48.80636166815864	33.766110044166616
-0.251	39.41064829904306	48.75555892293706	33.52205710985924
-0.249	102.8446003938921	44.736126095201584	33.68140718225752
-0.247	-13.611220735620932	46.55308531382401	32.95816376539292
-0.245	54.630257568577534	51.71464631129017	34.4890737346226
-0.243	14.499528368405734	46.15270619952723	33.22219714742464
-0.241	-19.32213175814823	46.54207888237202	34.09229874615065
-0.239	63.6870655339461	40.354040391878264	33.6685242171606
-0.237	83.59120849799062	44.22904195735791	33.7667584169518
-0.235	1.4064528677248944	46.247525092837705	33.2917751592148
-0.23299999999999998	40.25122075623777	49.45972752561028	34.78189280152754
-0.23099999999999998	30.117492575643112	49.821086506536076	33.26537788013271
-0.22899999999999998	30.820309172341354	50.30598624670624	33.79049569420251
-0.22699999999999998	96.57602609336458	46.126597914330276	33.46072726671721
-0.22499999999999998	69.00827853217884	44.05293107327821	33.12211845794162
-0.22299999999999998	43.19957808807118	44.906244688393606	33.144588353803144
-0.22099999999999997	53.45018643443389	48.52482402134742	32.806845149673
-0.21899999999999997	-34.34882015140861	52.66608854805232	33.84997211363359
-0.21699999999999997	37.46041022090196	48.482044806087245	33.97548031624321
-0.21499999999999997	-42.095799156149916	49.36879024877163	33.60700799732665
-0.21299999999999997	63.980777547989476	45.237423508765026	33.4597070438367
-0.211	-13.296154418029893	44.43033604444869	32.965358197627005
-0.20900000000000002	68.80835675260322	45.94804012786057	32.78257215263754
-0.20700000000000002	58.099300753733374	50.3799195766254	33.18897869571231
-0.20500000000000002	-5.038114379130043	46.714179377191726	33.62326663479035
-0.203	49.25611433570509	50.48616017346196	34.16720278859051
-0.201	46.63028582507778	43.89733783492679	33.48500709628402
-0.199	42.244697917581675	47.55389137506687	33.766937816226324
-0.197	63.42865359365568	52.2354112660114	35.26069208543365
-0.195	100.9043533073406	46.90324843861657	33.617825953011504
-0.193	44.535064341433284	50.59402146738039	34.451259321132035
-0.191	6.306048040194412	42.181996501439784	33.63628246674526
-0.189	-4.355300997627154	46.68388646240107	33.622777833616354
-0.187	64.64091776670067	42.742359446189056	33.93068836022554
-0.185	42.851717872327555	45.50170659203592	33.977628186704166
-0.183	89.35351570293903	48.757191469778704	33.54099488488038
-0.181	-23.931009147215576	54.10700524665383	34.81952179286102
-0.179	11.115522273952294	48.190546288489955	34.24243457589233
-0.177	51.631005432595245	46.350672027048894	33.696651229617416
-0.175	19.849442452812838	52.302059811367116	33.59105055522032
-0.173	30.949057323148566	46.7897008976697	34.25428594094022
-0.17099999999999999	55.87964930087175	48.440552889211375	33.39532287375421
-0.16899999999999998	-8.686719941919385	49.57547949477217	35.72089221277366
-0.16699999999999998	19.391530998724704	48.37864825529559	34.58936629759163
-0.16499999999999998	55.068932976132245	43.44234367660596	33.5532709155537
-0.16299999999999998	20.518115883216836	40.348580213613175	34.3346680846577
-0.16099999999999998	88.15172037257568	47.17364800150446	34.47055882687347
-0.15899999999999997	22.992868094151575	46.383230609299446	33.436425154560844
-0.15699999999999997	-22.37627988899149	47.951709376095415	34.99937925520991
-0.15499999999999997	16.58440958918206	46.34227849251924	34.153675964846485
-0.15299999999999997	-3.1168414621474128	43.3460383909925	33.491179141683446
-0.15099999999999997	92.54698165728215	47.72233248309764	33.632189599704994
-0.149	61.145468125856084	50.698165683806714	35.032863901559516
-0.14700000000000002	11.698284617889243	41.300101469641255	33.453166229923966
-0.14500000000000002	-20.39331209457984	44.268812734885266	34.30099017681974
-0.14300000000000002	101.22654848654378	46.32904522852153	33.51557144325091
-0.14100000000000001	97.07295449357112	46.27849663292263	32.86357656524961
-0.139	40.57100701571059	47.42930764379878	33.15049143360863
-0.137	50.88818475251777	48.00779014959406	34.264473091627174
-0.135	102.19193122473769	45.331645807975484	33.161513909894055
-0.133	-37.19120758094441	43.556631050586894	35.011146529864156
-0.131	-17.400649627186127	48.47503566962403	34.67002898904965
-0.129	34.16746381179614	46.04515624350079	33.764278024076575
-0.127	1.673939227231358	53.286643942860564	32.39661623104625
-0.125	30.785651117026802	49.04122011411868	34.23889989253986
-0.123	-25.145726479158803	49.30013520971961	33.68304909618673
-0.121	-38.46382019934147	49.66790912394139	35.05814830833076
-0.119	12.473622854836108	45.22018994286941	33.764405091289674
-0.11699999999999999	52.27990018208395	44.58370562339056	34.32439452157678
-0.11499999999999999	1.2153764823441549	43.88390730406796	32.42280958036858
-0.11299999999999999	32.75138880565187	51.23673040027724	35.093821969791755
-0.11099999999999999	39.79773877671455	47.6095734466731	32.873421147392875
-0.10899999999999999	14.866456976125875	44.58257355772357	33.22865208955194
-0.10699999999999998	-13.732292007406777	49.751119392470734	34.02000966990453
-0.10499999999999998	38.58240701792859	40.96566810388012	33.94259193681866
-0.10299999999999998	52.920390962496455	48.95667921685652	33.573532458517626
-0.10099999999999998	-56.620191777545514	47.160552595378554	34.475884788175634
-0.09899999999999998	39.094941497230806	49.2597908128081	33.169163922812295
-0.09699999999999998	65.63738115406004	43.497843293468236	33.128699487914886
-0.09499999999999997	27.371796616826316	48.59105596038126	33.94207634344804
-0.09299999999999997	39.665494345975105	51.57181237141768	33.41787624017407
-0.09099999999999997	92.60898351937108	42.001442053284464	32.82463045285211
-0.08899999999999997	44.40766745461566	51.41284535972146	34.54872480638922
-0.08699999999999997	-6.097716890196558	45.67916981310968	33.10214343722059
-0.08499999999999996	0.09327404559833496	41.13287897114969	33.78221118629903
-0.08299999999999999	-23.732971522472113	50.86759524272679	34.32877903696802
-0.08100000000000002	117.39879684236065	45.20202206288183	33.56835031473599
-0.07900000000000001	64.54650626186442	48.67964282363071	32.41314786079112
-0.07700000000000001	-30.47945283862763	50.166829894648046	33.74536169407349
-0.07500000000000001	15.804977933742137	49.3623721629605	33.46469802819287
-0.07300000000000001	28.960315821668914	50.064824472400645	33.73577619043972
-0.07100000000000001	21.38675359519837	44.492986711262766	34.11951294353163
-0.069	67.19723890258322	47.12334661610549	33.90108430701189
-0.067	-3.707829738575086	46.1944126229344	32.52583024040343
-0.065	29.374022270989286	46.48587586939253	33.89918325371871
-0.063	-45.37995885700585	47.68302773853285	33.13170159436856
-0.061	33.489717281121045	44.12906222515786	32.99397692134252
-0.059	-43.97178147474978	42.24084326548707	33.34257688395573
-0.056999999999999995	-6.495122245486762	48.53063860579898	33.730813787609776
-0.05499999999999999	46.619343496034915	45.105083637597346	32.5308146630072
-0.05299999999999999	-13.048646638535999	50.45194140916893	34.21827054093796
-0.05099999999999999	33.63329127714643	49.50984155881023	32.992357590243984
-0.04899999999999999	15.340483824344275	45.42086967080018	33.46666972645526
-0.046999999999999986	21.90757738529392	43.62967127365424	33.81840280564992
-0.044999999999999984	-25.36112363227261	51.13113546188571	34.17646269693345
-0.04299999999999998	-21.286870562131632	44.9953116992882	32.84127364708857
-0.04099999999999998	-56.38232939897403	48.68130001329528	34.58956588229759
-0.03899999999999998	-30.396240448427037	51.91902625973585	33.50851059584064
-0.03699999999999998	-15.513318270654608	48.631469623067915	33.89015924882042
-0.034999999999999976	-3.2982969623285285	54.97628022639086	33.41369591974769
-0.032999999999999974	48.61166164560338	41.22195737756264	33.92858458829893
-0.030999999999999972	-22.930928077369295	44.438727902556494	32.31524506518662
-0.02899999999999997	21.039473898198935	51.50942837807803	34.343464461205386
-0.02699999999999997	-30.55682411445826	45.02610260755791	33.79358251254448
-0.024999999999999967	22.225147072951756	47.824446319142034	34.58376452928512
-0.022999999999999965	-2.436450415310709	44.38017506207734	33.510093532871124
-0.02099999999999999	68.7376208403645	47.956706283909945	33.62831879915793
-0.019000000000000017	4.015087835540498	48.86376964814385	33.695268974876896
-0.017000000000000015	-36.502928105086596	48.696371990301174	33.796030774391056
-0.015000000000000013	26.768933259591066	43.33078036800382	34.042269801720316
-0.013000000000000012	-22.628714895778224	49.744625776175745	33.932288018975896
-0.01100000000000001	-0.9694204857746413	47.9037543294333	33.72587425270035
-0.009000000000000008	35.70375186545682	48.138692365620095	33.58678037301228
-0.007000000000000006	-91.1909078503692	48.464047428800164	32.7169955855823
-0.0050000000000000044	-236.48178655943929	45.88808596280999	33.286235507300596
-0.0030000000000000027	-349.755437110022	44.93349649309891	33.434856528909776
-0.0010000000000000009	-281.05123426980236	48.418150643933245	34.28571733864019
0.0010000000000000009	-394.277817721278	48.766552375889006	33.22886487522482
0.0030000000000000027	-182.07941916215108	50.12075514452044	33.60458066041814
0.0050000000000000044	-206.11633934597418	50.21523516391709	33.322531942991574
0.007000000000000006	-100.28166532560778	48.763659445424096	33.83189312966504
0.009000000000000008	-47.53916231248212	51.710134181845845	33.84393875943516
0.01100000000000001	-20.879675563967304	49.11288089286546	33.195565346613094
0.013000000000000012	-62.38545583647781	49.814356450075735	34.60312884313147
0.015000000000000013	25.597688120937434	43.236259700637845	32.819575122082526
0.017000000000000015	14.870380603992928	46.29229180164644	34.26478365102109
0.019000000000000017	-27.2149860388593	45.014561896375525	33.83145457065725
0.02100000000000002	-49.69013866462646	49.03910483186911	33.4495643283457
0.02300000000000002	-94.41564745871212	50.07104990002289	33.68377787109076
0.025000000000000022	9.275998326341295	49.16859397449533	34.270040605641164
0.027000000000000024	-7.42839615330837	53.76086242801564	33.5357463526265
0.029000000000000026	7.958229039983777	44.77640205034987	33.181445407443455
0.031000000000000028	53.70394451498228	51.73062562501189	35.09257877595037
0.03300000000000003	-24.014330899824188	49.52848034328964	33.64806228957248
0.03500000000000003	-17.28707040249411	53.745180987244744	33.6702901210803
0.03700000000000003	-69.93239840791254	50.98114247489908	33.679928405433905
0.039000000000000035	6.890833591954859	54.517062025682456	32.61565975260463
0.041000000000000036	7.606500233459101	46.870911843360176	33.72221842529553
0.04300000000000004	-57.482298685629374	49.181312919698925	34.21234940149893
0.04500000000000004	-87.9251596428432	47.030446294901196	33.41113165298129
0.04700000000000004	-9.616164757142442	50.62760490747221	33.831058199733754
0.049000000000000044	-41.77615238087906	45.73351281430821	33.8554062513532
0.051000000000000045	-25.098323809147338	47.27992366172225	32.08339505409976
0.05300000000000005	-2.8438245537332207	49.03176738754138	33.254512894540355
0.05500000000000005	2.8979733386336193	51.60065914294218	33.15036295404411
0.05700000000000005	-17.84812549343595	48.46912288467344	33.57045689770592
0.05900000000000005	-43.424627070742794	44.13111669937839	32.26232153069906
0.061000000000000054	-66.17685722887234	49.59381025296142	34.385300079505555
0.06300000000000006	-18.673522406253973	52.66729707520319	33.275066196287355
0.06500000000000006	-38.94218857580789	51.452371150701815	33.534513204441545
0.06700000000000006	-68.55249205584002	48.69793346989167	34.17152851220915
0.06900000000000006	-20.165980189501553	54.73420610954182	33.707752139036
0.07100000000000006	-25.28766353071532	47.20423845005063	33.07028483261268
0.07300000000000006	23.358396380901425	46.3890866751443	33.659917878045455
0.07500000000000007	-38.69216987095747	48.58082493643352	33.42466013780987
0.07700000000000001	-11.364518875289775	45.9205594510174	32.295048139235355
0.07899999999999996	8.280068763966142	49.81692653055623	33.85187801784856
0.08099999999999996	-42.85909072854199	51.65159253811663	33.666403064131096
0.08299999999999996	-6.261636425586303	52.36817694908467	33.10065322892102
0.08499999999999996	-23.269530178948727	44.27817494754618	33.955941568178886
0.08699999999999997	-19.534514790087165	50.9458044236367	33.37824081248563
0.08899999999999997	-4.187459419768835	47.265281581870084	31.90123592208105
0.09099999999999997	-37.777299002894615	44.88588511598363	33.77796440776865
0.09299999999999997	-22.217897031051592	51.68613593277352	34.1660525433849
0.09499999999999997	-36.78610530699622	46.960426678683454	33.092008356209554
0.09699999999999998	27.172567000244285	54.07783884558962	33.81820617190002
0.09899999999999998	51.843812111096454	52.54832020757952	33.02697860922852
0.10099999999999998	28.195920254825424	46.65152696547678	32.20019065157049
0.10299999999999998	19.998883967531356	52.371583592649884	33.63118760533836
0.10499999999999998	-47.50479119419726	50.75478231429494	33.74627200390779
0.10699999999999998	13.680341367949822	47.71466911434799	32.84776680782944
0.10899999999999999	18.7580628441264	53.609220695736646	33.60569134126687
0.11099999999999999	-62.4417622419049	45.55378536023807	33.3288758481432
0.11299999999999999	34.41731873499165	50.49602434381172	33.058610531691706
0.11499999999999999	-30.295888441722596	54.73938470177306	35.03174807251604
0.11699999999999999	0.5273392509330677	52.763473471965746	33.530359702382256
0.119	1.6337378485609122	48.732359265462435	33.2695675123493
0.121	-50.09841453007535	49.82914738355133	33.53836677626115
0.123	-13.104621862769505	50.136504061322704	33.98901662655671
0.125	24.064317261762724	46.171378626634706	34.09286912657518
0.127	-8.713038424312813	52.35621611402675	33.90134642218294
0.129	-60.81528696166849	48.71038290889741	34.38784454915011
0.131	-64.36382924446261	43.81054024235397	33.903476274372444
0.133	-13.56254054352135	48.92248052362012	32.980650287152166
0.135	-115.8981107035606	54.0244094153003	34.32683431722462
0.137	-35.052065230023466	46.56568713292382	33.02699501673477
0.139	18.00081598068992	54.36970776695904	33.03639183594232
0.14100000000000001	-50.11188467352046	54.70384788092043	33.249684856690024
0.14300000000000002	14.54061516548144	49.77538043855395	32.518417843927566
0.14500000000000002	-90.18906004520932	50.007479694930915	32.54218946467304
0.14700000000000002	-22.05583775449771	52.456092518202816	34.136706398517944
0.14900000000000002	17.77374454503544	48.14196106658772	33.3101065780512
0.15100000000000002	-14.446079150465252	49.989036071633755	33.02968327178092
0.15300000000000002	-74.13609828932354	57.018528146605114	34.44602748567074
0.15500000000000003	-106.46154244520201	52.78726124477294	33.354537708859375
0.15700000000000003	-28.48287957590845	47.98562360242325	32.89901545357082
0.15900000000000003	-61.55847419564431	50.27336303110969	34.37937581646848
0.16100000000000003	61.52619175403551	53.14705426841403	33.758732016320934
0.16300000000000003	-55.66854343330707	46.61962755023607	33.563493513302355
0.16500000000000004	34.36925447375394	49.93583733226545	33.684533447902204
0.16700000000000004	-7.976845208035321	53.134524066274366	33.93041872573408
0.16900000000000004	11.906888217394496	52.20300433137983	34.35395197677381
0.17100000000000004	-51.21264424978733	49.51770262625604	33.724148756272676
0.17300000000000004	47.52000520324984	47.057043225979406	33.48181963967653
0.17500000000000004	-15.666417095605567	53.78320811506764	33.22298858969909
0.17700000000000005	3.9638398428021304	48.4334158314413	33.39616484690297
0.17900000000000005	-27.130703056377214	56.218018652168816	34.211392127317104
0.18100000000000005	-61.07839940161508	46.189497148174205	33.921059761137805
0.18300000000000005	-27.97277714372548	48.44599504241494	33.798996266572914
0.18500000000000005	38.84806389975459	51.27186438695503	33.678398540414264
0.18700000000000006	-39.487311328079144	52.114652898938544	32.63658784857366
0.18900000000000006	-19.447683835327467	51.04750299910888	33.663420719540056
0.19100000000000006	-31.41241085025115	49.65195810560612	33.50641983637377
0.19300000000000006	-32.34933876006263	48.99219610106596	33.03751551927545
0.19500000000000006	8.422648760886275	51.94033292009956	33.73709468518814
0.19700000000000006	4.766550162571548	48.094099104219374	33.250073609987254
0.19900000000000007	-3.2692995087790777	48.781182234664875	33.59232149213191
0.20100000000000007	-71.24938430735916	41.008010668603696	34.60504331981317
0.203	-21.499727184015605	46.1764197885152	33.73478762823526
0.20499999999999996	-17.82411009743079	45.029078216085885	32.210315043732095
0.20699999999999996	8.879873336864463	50.62478391796677	33.68840869595826
0.20899999999999996	41.52912773025541	50.00824344471983	33.16566156501975
0.21099999999999997	-19.398741977427747	49.21487469998365	33.68338238438625
0.21299999999999997	2.8091622321646526	50.742700402479436	32.8827200921504
0.21499999999999997	38.35114321160127	50.18599934690865	33.241431262818644
0.21699999999999997	-62.00858140492649	49.9171687689988	32.67639110811106
0.21899999999999997	2.833712367644736	52.3907146706583	33.332934001754516
0.22099999999999997	62.081389316404056	46.26832839152621	34.17484647797686
0.22299999999999998	52.16698363597061	57.92225532686627	33.40561019862145
0.22499999999999998	-46.791218015429514	46.65731680162552	32.58955296024028
0.22699999999999998	-25.120495978581125	52.553548923184614	34.87031404261717
0.22899999999999998	-3.607473149314089	56.604205810692875	34.01740808222249
0.23099999999999998	-67.67184237899127	52.92393677641265	32.716885940178635
0.23299999999999998	56.21371952058141	40.304156923687245	33.76516929409196
0.235	-107.93744199255606	50.24700921401699	33.54651323708917
0.237	23.565316985552087	52.55107733492445	32.61656924024763
0.239	-25.52100763042464	44.159911971728185	32.73743856182357
0.241	-72.245844356833	50.653651282921544	33.31925052406828
0.243	-20.57154428025676	52.41690456692787	32.974495760554895
0.245	36.7077635137214	49.31011624751613	32.90356211494816
0.247	-18.351013279738204	43.48804920754059	33.16667140795654
0.249	-66.71342619823939	51.33696830058384	33.21168113001944
0.251	-17.328668784122314	50.89232155590494	33.57962106431068
0.253	-69.83553871731107	49.32986938384361	34.17233613249457
0.255	7.746191875490638	49.86306911924738	33.22254954850313
0.257	99.3661349297792	45.63318821476607	33.46596789965473
0.259	7.988106166534337	47.45750002664159	33.26902416710815
0.261	43.453703724827264	55.11873628393097	33.37701150726455
0.263	22.35711517850625	51.455911704735556	33.53051628273632
0.265	-79.26782376821428	48.74261315104251	33.64865185485648
0.267	64.49618082138286	47.61555425396689	32.81014824213812
0.269	-54.16610390829302	51.365119506881676	34.10707144125389
0.271	-14.42405199103547	52.215946066406346	33.11882770953492
0.273	13.209838471528457	47.44974134876319	33.658400459664115
0.275	-64.465347842102	48.03737842477759	33.35794514098373
0.277	-50.61075371726176	48.292466457031146	32.81160919390865
0.279	-17.580963518115666	50.25426408201218	34.52965043949498
0.281	12.052444667842721	43.34751542858224	33.599813122652115
0.28300000000000003	-30.002631001613267	46.971968513080846	32.81510808082722
0.28500000000000003	46.49308351334369	43.58980261027959	32.81092313405295
0.28700000000000003	-20.08902017514025	47.37368080235539	33.45838486129585
0.28900000000000003	-66.18455904561227	48.44804349794674	33.137345069644674
0.29100000000000004	-21.892731047135072	50.71528760296863	32.930038427591626
0.29300000000000004	-46.58937867663138	42.633666816691	32.460153105042785
0.29500000000000004	-9.690558938513227	54.72062746482795	34.193867475881326
0.29700000000000004	-37.34778124431237	50.798372000495895	33.14748998017657
0.29900000000000004	-74.39353441562879	56.85676833349522	33.43688179143634
0.30100000000000005	-64.32008996704042	53.40321754591303	34.248990655165855
0.30300000000000005	-33.91466605828786	54.12051019627655	33.03351796379508
0.30500000000000005	63.2561385538466	46.671965462977845	33.21605645742344
0.30700000000000005	-75.95472798571646	50.410008538536495	33.20353406045797
0.30900000000000005	-61.54759554843903	46.64541305062324	33.36449949038435
0.31100000000000005	7.44289698939582	53.4142849740405	34.81101018661559
0.31300000000000006	-106.64551374639508	48.33669382564292	33.16027049968246
0.31500000000000006	13.480036674895501	52.59945940034541	33.5898449826072
0.31700000000000006	33.37029113792411	47.00080574744518	33.35413677808288
0.31900000000000006	37.971034656525404	49.708711231159285	32.92988652442503
0.32100000000000006	-42.08503732161528	44.21609947761409	33.64667698465291
0.32300000000000006	24.721036496977433	49.16332964700443	34.33355253014634
0.32500000000000007	-62.79511220486089	50.65128151817808	33.4605610813832
0.32700000000000007	-0.7683409655179219	50.495783504347244	34.40674212777399
0.32900000000000007	44.57806672597542	49.19343702412965	33.08475287286174
0.33100000000000007	10.089024339521302	54.90172901426513	33.59858742470721
0.333	-16.915480984480702	46.92294550131585	34.360033579925215
0.33499999999999996	-1.760549677598533	51.84639838276972	33.72956057322843
0.33699999999999997	-112.93812618651256	49.189288290321215	34.32040505679601
0.33899999999999997	-37.39124756430012	45.275312776928864	33.19187629123586
0.34099999999999997	74.77567752345315	46.42885301058462	34.53040957363583
0.34299999999999997	-10.59503612033108	48.97636210247042	33.3650187292158
0.345	-22.52962574533779	48.15731873310785	33.993627082861515
0.347	24.084042517413806	56.75551729539137	34.013431997923426
0.349	18.960266163992046	52.77914665977585	33.22846641708568
0.351	16.43142983809298	49.234768865534775	33.03892280642178
0.353	52.04287237625671	47.239308268594996	33.80653633315934
0.355	54.09738256512142	51.91466747323552	33.787985550462686
0.357	-57.607991466923636	49.56594171493448	33.17785881610432
0.359	31.079300979897084	48.38613875763631	33.55637904030564
0.361	-56.04277175597083	55.51370239244947	33.4535623954713
0.363	-20.56001843075972	53.63571448236143	33.713070711100265
0.365	-73.10377135594237	51.102368733012426	34.22181583237892
0.367	-9.333362171015658	49.930467651139985	33.27012108001033
0.369	-60.62262108574856	50.02398524175674	33.28075653813083
0.371	41.45039521930016	52.91353631764647	33.34556309907241
0.373	-57.09808429066321	50.14804410170199	34.15445655647265
0.375	-82.27899458246313	49.30035808284353	32.549279870430176
0.377	28.800937724726694	43.82353395757271	34.14145464883563
0.379	32.29078445587952	54.85911299949775	33.96247845215611
0.381	-58.18772314092335	54.69904114678887	33.60057636252629
0.383	10.700666862151209	51.71483406169841	33.202198100233346
0.385	-9.948364395384601	53.823131032780246	34.43314190844589
0.387	-18.40817622267288	47.580744738436245	33.0061533311268
0.389	25.947765406764134	54.5740640326287	34.05092569306158
0.391	47.82566402172783	56.22462651938549	33.52453246516904
0.393	-8.719659246425593	52.43011675784446	34.185642507663225
0.395	-9.641247983860346	51.037345882678714	34.010440439794195
0.397	11.201029290752729	53.09938199391752	33.79618526579268
0.399	73.03838884631375	49.99971819871452	33.23668548379543
0.401	26.994354903608908	55.63079758788106	34.31196335369911
0.403	39.71713754347128	45.428403939626676	33.100375643183256
0.405	-30.876436401205964	52.199836441548676	33.64473712260714
0.40700000000000003	40.89944715035543	50.78632120098277	34.11857997740722
0.40900000000000003	-84.71681252320008	51.00155747545164	33.9150226937491
0.41100000000000003	22.778594094496896	47.788531491034604	32.91161668496702
0.41300000000000003	16.150593266317514	47.614627216327726	33.82560417875883
0.41500000000000004	24.192689062729755	48.993525982275436	33.109180950348566
0.41700000000000004	63.23076153180729	49.271798872779094	33.0854939734325
0.41900000000000004	31.728571892486457	51.66651549778447	32.369941361920255
0.42100000000000004	-17.74214648975203	46.40740139595984	33.496177422386125
0.42300000000000004	40.865371510268034	55.04868420897632	33.046930723081275
0.42500000000000004	59.85640264083436	48.89664199537232	33.840778779461296
0.42700000000000005	64.05386893137965	46.96096549779167	32.928474683187304
0.42900000000000005	-7.281000577896712	49.72849313697494	33.89763695193839
0.43100000000000005	-6.00410963080833	49.53543419900231	32.92988814050236
0.43300000000000005	4.971736318193365	48.67057182663241	33.44696527903756
0.43500000000000005	18.126728310585705	48.70049642263035	32.68016997039742
0.43700000000000006	66.22174679993265	48.236002269228464	33.772058388333704
0.43900000000000006	47.39122344354918	55.86623884132158	33.29062005231598
0.44100000000000006	63.27539108608171	48.16918195272069	32.48974498408822
0.44300000000000006	50.409814455143476	48.08639563456503	32.83482903294459
0.44500000000000006	23.891771094408654	45.989361355305675	33.60262299262661
0.44700000000000006	59.51343275345522	44.444993429396106	33.13219867770645
0.44900000000000007	76.57796386784099	50.00611114853895	33.49434322910499
0.45100000000000007	70.72105239691595	50.38561860652449	33.48894760010144
0.45300000000000007	18.16121253339631	45.57355841783166	34.52492826541717
0.45500000000000007	79.48929132917115	50.79867930530743	32.88722474781713
0.4570000000000001	-9.319115246153586	46.46576544629253	34.17233107663515
0.459	0.6473183298272289	43.808464488101066	33.49146652196113
0.46099999999999997	-0.2618637124918166	50.483426367436905	33.88374913710049
0.46299999999999997	63.00379540546963	49.462285942475326	33.32882819529858
0.46499999999999997	25.588816301214123	53.171201797830676	33.31699477321828
0.46699999999999997	24.974647132136596	49.852754251777206	32.521448518684764
0.469	11.878910839202561	45.361593415021346	33.410718235524115
0.471	-38.33889629389908	51.05788347383349	33.540421613325016
0.473	46.12108306467633	50.98666438237062	33.12567939996567
0.475	4.625985612793926	48.79412006843638	33.69576750104
0.477	55.94445394918601	46.74966055033368	33.4676944246572
0.479	87.18128731488584	53.97079611578961	32.68806636796278
0.481	-46.86373043283343	49.08143749980067	33.952683396656205
0.483	-1.4109465585887548	52.2328726238994	33.71614104894869
0.485	13.373470251876185	52.94581103193811	34.45171189253331
0.487	-17.097159838108666	53.57769749749368	33.5845008945034
0.489	101.13739761918872	55.58898443594601	33.99365377040114
0.491	58.553701040908734	50.80099236222476	33.06589075777889
0.493	53.56619423646514	45.1402410239674	34.14604250666386
0.495	-8.024123816730011	44.50179648544809	33.660734461046665
0.497	54.62179304882575	54.13785018875868	33.985807835517726
0.499	44.47334286239446	50.08595349231182	33.909015488222316