-0.499	-15.457173384469947	9.818357154748279	10.764315441744984
-0.497	13.915299135858206	11.889736303489741	10.583134227512312
-0.495	15.776999618966059	10.372891800874195	9.750480214941266
-0.493	1.817476930732198	11.873652880240504	10.310001921970596
-0.491	8.152215850154576	10.925574384521976	9.97021392790092
-0.489	-1.3525206241649101	13.65633753875287	10.223101475223219
-0.487	6.6885275691319634	11.570334490555759	10.125389221121814
-0.485	6.555128276852784	11.784978591184162	10.018431046390903
-0.483	-4.705122859882671	11.177070368521582	10.412360832400207
-0.481	17.29070413181155	10.811835106630761	10.135654358928953
-0.479	7.288408542471814	10.371334497579511	10.008349406858207
-0.477	-22.717535144933798	11.009585086436594	10.208370246975717
-0.475	14.743454001653333	12.270605332631717	10.727235631854198
-0.473	-17.228901387777995	9.428017024998658	9.758775520153419
-0.471	16.90873951321059	11.392778443082088	10.763582396003901
-0.469	17.07022614816367	10.431458187046276	9.972617399517864
-0.46699999999999997	-0.5863738670175422	10.132934466774158	10.18679014643722
-0.46499999999999997	15.144581771320276	10.980770947064391	10.076314078206554
-0.46299999999999997	6.269115040424822	11.590866552368558	10.14782694587941
-0.461	-10.69098873884844	10.62741156696394	9.87860436383246
-0.459	-20.31543874947417	10.602526149107941	10.26643474097183
-0.457	6.088420429151142	12.388187482273189	10.054353238686204
-0.455	-23.414271994592895	10.398791504529658	9.791139041672528
-0.453	1.464431329756266	13.117722724235067	10.571938408269611
-0.451	7.900028022422845	12.226602221216028	9.688707942020697
-0.449	10.767328739502702	12.530530177075505	10.500945455752907
-0.447	21.19990434379382	12.292773212797716	10.186524523310064
-0.445	24.135677208159123	12.272286320278873	10.383751862988246
-0.443	-11.751835582995973	10.322618629979402	9.861930751672713
-0.441	-15.818417601676238	11.313133547756232	10.428863976933789
-0.439	-7.714620684495799	11.503915332150923	9.802838561845368
-0.437	-17.527925021298962	12.12127193694822	10.357581148120973
-0.435	29.435124413002	10.921380185610058	10.235993169627163
-0.433	4.422315689867062	11.287068654479645	9.91507464432523
-0.431	0.6200364954800364	11.976454993628828	10.367176515261406
-0.429	9.642716893187853	10.722423013571818	9.685666156548304
-0.427	9.39022450396898	11.306332836540712	10.504191609257042
-0.425	9.549244118334244	11.085686965179624	9.952654912645475
-0.423	9.134030009017025	10.953483327943236	10.338013011807014
-0.421	-11.154787785350173	10.228172944162901	9.70734211802013
-0.419	-4.0911224090667275	11.832615872102235	10.670473134648
-0.417	19.580992462353564	11.155701872620458	9.976582821581921
-0.415	3.7033336335312583	11.682162688786967	10.212934700717684
-0.41300000000000003	-6.90884664411584	12.417994183024653	10.57008385918122
-0.41100000000000003	-5.31991447239033	11.54844154855048	9.971901406436976
-0.40900000000000003	10.190894236039583	12.589477899725457	10.077932034131027
-0.40700000000000003	0.09437148817958985	11.333335569545763	10.096737725012039
-0.405	4.427956622699014	11.960453842171072	10.233187665401699
-0.403	-21.21606769422968	11.833120969864366	10.405342602676544
-0.401	6.0512577060301	13.86756364020717	10.680293060024404
-0.399	-6.090218815368864	11.859276715697968	9.55499292466386
-0.397	-6.997140758469023	12.315042137969915	10.612645401878977
-0.395	12.139380169751135	12.031239251717853	9.975315600536415
-0.393	12.79904397200049	12.203004734256984	10.360532269936774
-0.391	-16.932423134941033	12.6940016213242	10.173003336390083
-0.389	16.346787242715877	13.433261107637998	10.293533537998785
-0.387	-21.169216053884554	10.963356615288397	9.6673612995021
-0.385	3.2025473630792334	12.539126874476322	10.219735423642884
-0.383	3.6005885770684642	10.917889524084682	10.150921469718623
-0.381	18.287883728262955	12.9383181788656	10.561143785031025
-0.379	8.165972964047086	12.137699898532032	10.083590764805752
-0.377	3.989941417037457	10.609947517229902	9.841850623683579
-0.375	-11.140789238806015	11.795102230362968	10.407749732383918
-0.373	-12.31626369369021	12.38175228274232	10.152179183686561
-0.371	1.1045094656658705	12.021522707563665	10.473076410299907
-0.369	-4.607247699017769	9.971876214573852	10.079993232277104
-0.367	12.991292811959099	11.75595300756277	10.686432192542288
-0.365	-1.323714169054746	11.35090295693617	10.051430691335398
-0.363	7.562530064175732	12.543321194988883	10.942282481510258
-0.361	25.546243419549697	10.490793011955555	9.932118958386479
-0.359	-18.929035179304776	11.99365589092142	10.26476906880444
-0.357	-11.453507113845518	12.225868943692697	9.949928841833913
-0.355	3.223666831919658	10.402135482469314	10.021571367197105
-0.353	-11.714254150585468	11.285794071306196	10.225408748274216
-0.351	15.154779843928878	11.82829944244956	10.127922994137533
-0.349	-8.929665038515111	12.212416876146358	10.23763602024575
-0.347	21.449550266838813	11.586514393931193	10.31506818994975
-0.345	-3.9357632003467202	11.485384161423678	10.623234292953164
-0.34299999999999997	2.4609941087216924	11.813247401176557	9.566932962842241
-0.34099999999999997	-26.319542572039722	12.102991147707227	10.407083569454157
-0.33899999999999997	-18.093474599689685	10.385049690586902	9.922615726847361
-0.33699999999999997	16.879740359687645	10.610541813934022	10.277248981208327
-0.33499999999999996	-22.624888102340535	10.730227293265164	9.995973369567514
-0.33299999999999996	25.45894192218512	11.877467370951079	10.284859299614892
-0.33099999999999996	16.885846290781714	12.184416723495394	10.18949473988849
-0.32899999999999996	-1.2215326775644186	12.376227567608888	10.221549746346753
-0.32699999999999996	-5.935849246241354	12.052263446901792	10.09953927396307
-0.32499999999999996	-12.109838825269392	9.949251546096963	9.868479762623233
-0.323	-15.901098446069462	11.850091196108817	10.566119735469957
-0.321	-2.313980862256315	10.636794798047971	9.770021520983226
-0.319	6.7822224880664805	10.538679017580677	10.30898634979541
-0.317	-1.8253322279226936	10.226126901055977	10.129847741971572
-0.315	-1.0733522354255953	10.837970726721512	10.239398000598682
-0.313	-3.9110110727769154	11.409062957472408	9.780127698692755
-0.311	3.6771859819317854	11.336882152831832	10.32661343766793
-0.309	9.075564572968986	10.736767983450756	9.719053495265891
-0.307	-15.517617071303391	10.404134594140384	10.259735788604024
-0.305	1.063215650853877	11.754303137229178	9.872399499576057
-0.303	0.5806936644869864	11.909221003407557	10.04419690253664
-0.301	-17.114933152373446	12.036501484699237	10.454536486684818
-0.299	25.68830986304782	11.856089538974553	10.189774025762016
-0.297	-10.980245494951468	11.013944089744843	10.46705999966521
-0.295	-4.730443840528231	11.086668952360425	10.177961454698728
-0.293	6.405408746079644	11.674784779679934	10.197942948276548
-0.29100000000000004	2.2579841989500693	10.911920047619176	9.993176200449382
-0.28900000000000003	6.897529522209567	12.13959315274808	10.456960680309509
-0.28700000000000003	10.446299316013707	10.120070623010598	9.64603566477558
-0.28500000000000003	-4.783155761578506	12.418390675095539	10.410962943481636
-0.28300000000000003	-1.1043917598207997	11.648240494453683	9.951717491076899
-0.281	8.667045361399062	9.754508188697667	10.285319030875144
-0.279	-3.2431831821222445	12.037780528847376	9.908997547277188
-0.277	6.8616534718568545	10.61053514728999	9.916553226232102
-0.275	-13.114561488780652	11.333185730867573	10.429727433447693
-0.273	0.15902945205148455	11.350968295901268	10.12466873584408
-0.271	5.352862848084783	10.955620573159102	10.097599354519733
-0.269	2.086681858415318	12.346387267652345	9.95756395646374
-0.267	-7.790534656160197	10.175543454817817	10.509638895090488
-0.265	-1.1340534176174089	11.67239871210078	9.682134310028012
-0.263	6.7664462906069645	11.600116064651324	10.30728932293029
-0.261	11.010892472906875	10.726633488003888	9.87143727383526
-0.259	3.137744204906312	11.12920906505399	10.236101782899976
-0.257	13.097863192701453	10.98731614939578	10.077511549597565
-0.255	-8.30942838114801	12.518662354456415	10.36135199011609
-0.253	-2.329799217659634	10.993283323903661	9.927473539009133
-0.251	5.280439064891951	10.730813132104696	10.603411338542031
-0.249	8.195058613269524	11.425194086249789	9.869999206693217
-0.247	-13.399494625865316	11.41925555704843	10.012692222757765
-0.245	13.736370267247722	12.103614883582138	10.554126548041195
-0.243	12.543642611273498	11.246194672837698	9.676739099317972
-0.241	-13.0291980691144	11.603380078220038	10.5125310136842
-0.239	7.198390536755639	11.069792672521356	10.17373704815316
-0.237	17.344229044979897	11.229976046250043	10.187925141049803
-0.235	-13.995897598650942	11.723311008787933	9.83244864755443
-0.23299999999999998	-32.04899985465026	12.579978319047854	10.407233603043936
-0.23099999999999998	18.849398092823932	11.608741604481384	9.798985295582403
-0.22899999999999998	-5.872376368176724	12.512393641325078	10.607642442214031
-0.22699999999999998	-32.215419541459234	11.499878120815243	9.909646683880192
-0.22499999999999998	16.067937984365344	11.954137631467109	10.010021314545774
-0.22299999999999998	-21.44765647404956	11.67994933183117	10.402376364080343
-0.22099999999999997	-19.34721523488836	10.887906032667045	10.129817064757015
-0.21899999999999997	-3.2855264706643794	11.82253813356711	10.053032341883387
-0.21699999999999997	-14.269903158226072	12.376416095017332	10.308410724094646
-0.21499999999999997	15.004641291893606	12.263628277470358	10.618038147737916
-0.21299999999999997	0.03728752262510682	10.966431777911074	9.723893432390707
-0.211	13.46945815439149	11.378314622241497	10.65781732895115
-0.20900000000000002	11.242269805089578	11.54235561448361	9.677117058678904
-0.20700000000000002	-1.4167346759075272	11.659008403745563	10.46593822985201
-0.20500000000000002	-11.169470436667162	11.12086423921674	10.036157715777103
-0.203	6.1885166864339425	11.414827246664144	10.103704159957317
-0.201	-10.121073080626708	10.890968637974684	9.793407624874483
-0.199	1.3619923857621785	11.878224161426402	10.317298017833819
-0.197	18.274192109313248	11.660067611798418	9.969826707095114
-0.195	3.8184676913743942	11.05817314022197	10.172752644477486
-0.193	7.90731168742731	13.099127034106928	10.668730012876932
-0.191	11.725599758927174	11.461157448095223	9.642808852373776
-0.189	-1.7546793769085411	12.301992195876776	10.505301222901155
-0.187	-1.0007293913538717	10.732476736767897	10.046665227801078
-0.185	20.76231794045924	12.091035997682472	10.133881791214039
-0.183	-20.982171782146786	10.680470744259246	10.163221541192529
-0.181	-1.8150484476509021	12.849885755405719	10.277010402950367
-0.179	-7.784161267010425	9.04228994432086	9.845490258266143
-0.177	11.679884345472402	11.738195593818547	10.601637176038118
-0.175	5.657763553434947	11.908158326503102	9.753661783430411
-0.173	-10.646264133495897	11.740543897482082	10.321732121728367
-0.17099999999999999	-9.643071540166304	11.03331565191582	10.125651847003796
-0.16899999999999998	5.03234838800104	11.486838767349834	9.5342467071353
-0.16699999999999998	-2.2152044921730507	10.33394012938408	10.318405247210631
-0.16499999999999998	22.884638092079967	12.289901458569108	10.221115313379562
-0.16299999999999998	12.44023105173575	12.041536406840205	10.055846165832667
-0.16099999999999998	-13.506821797459878	11.931635543273648	9.779827970937298
-0.15899999999999997	-4.9517732293447025	13.911332300217737	11.00142096046296
-0.15699999999999997	18.32863787343264	10.60959163761206	9.42195977549706
-0.15499999999999997	-0.9864749029864228	11.566845992751608	10.354964920054298
-0.15299999999999997	-4.393064833241311	11.464451037726906	10.180428285035276
-0.15099999999999997	-11.133649346128927	9.458379546993367	10.15275880285505
-0.149	2.3061067535579127	11.05615553699786	9.988217049570743
-0.14700000000000002	-10.275493157574367	10.973882563318053	10.134148377464118
-0.14500000000000002	-13.918969050785712	10.865321561319925	10.051351203230979
-0.14300000000000002	8.426768549618657	13.281258969989784	10.40709832719663
-0.14100000000000001	-29.77500882672679	9.999856921556793	10.140329288624873
-0.139	-1.5570937691444797	11.23817715794444	9.87476131803427
-0.137	-1.1716435475150888	13.068912147040407	10.878470261908914
-0.135	12.814486073375875	12.232186924406767	9.801970652082614
-0.133	-2.9249351952698177	12.01059145881178	10.501520859939067
-0.131	-17.028943758656823	12.05301268313415	10.126852259065418
-0.129	13.944438485014032	10.55883466968953	10.279815551194359
-0.127	-9.91637186142924	11.97138796855002	9.78506297403022
-0.125	8.920766726427942	13.804994558392439	11.06005822380457
-0.123	16.12241740600595	10.390282205403617	9.80361902886943
-0.121	3.0544564502132943	11.936033793686533	10.60841350674068
-0.119	14.623831229299	10.3977031115376	10.00201577864567
-0.11699999999999999	26.140375933847437	11.793205588304508	9.97071735480625
-0.11499999999999999	14.679567881481503	12.210637631079816	10.459424312083648
-0.11299999999999999	-17.402697831236935	10.029452036331554	9.604760962806346
-0.11099999999999999	-9.857666430579393	11.428127565479262	10.31277302114449
-0.10899999999999999	1.6936039535231373	12.793977664971486	10.357099785243264
-0.10699999999999998	25.88556228211303	9.839770396870875	10.286070811082425
-0.10499999999999998	-12.883750048597875	8.977615646222576	9.714696486161671
-0.10299999999999998	18.394842179025872	10.751604616173761	10.76910243588821
-0.10099999999999998	16.784116619872336	10.202419949914283	9.722319043478322
-0.09899999999999998	3.360946406738563	10.46254798851076	10.362783815277165
-0.09699999999999998	-8.443152467729753	10.94656442444537	10.130406173941177
-0.09499999999999997	-0.7566461708297112	11.016047426611387	10.05894575284094
-0.09299999999999997	-3.2067809606628472	12.23314424050604	10.4165325461112
-0.09099999999999997	-7.572094668506502	11.641377649183799	10.133407968440295
-0.08899999999999997	1.807919419283266	11.995351443086705	10.28125903806452
-0.08699999999999997	-5.431710098813269	11.684977531178491	10.360180573202214
-0.08499999999999996	-0.33107583907732163	12.610580585148076	10.223754103765547
-0.08299999999999999	-5.490468640956259	10.250202280758124	9.926610541040215
-0.08100000000000002	-3.132934027316736	13.463234705736648	10.511662572653885
-0.07900000000000001	-9.903530719723719	11.173438821970812	9.642835501686635
-0.07700000000000001	0.59245414218978	12.27887392205508	10.720517981670401
-0.07500000000000001	11.38591108396092	11.145394954660592	10.21685627832007
-0.07300000000000001	4.16934948255232	12.38926614731313	10.331336890974326
-0.07100000000000001	-3.431519312369069	11.794332166272083	9.906854341974087
-0.069	8.2693260285982	12.335137528671602	10.618506255960238
-0.067	-17.83377775732564	10.913051067733598	10.482466558703715
-0.065	6.790751713836585	10.687314090601877	10.363564711996784
-0.063	-10.493832249491852	10.158798242132026	10.2218594123463
-0.061	0.7331933722376505	12.120011524838958	9.76581314864076
-0.059	5.438928082357464	10.999006850710774	10.659759403824554
-0.056999999999999995	9.892293766133875	11.027812828967726	10.091683949113389
-0.05499999999999999	0.7887951896101697	11.374301614525672	10.279468184260283
-0.05299999999999999	1.2519443417513543	12.441882471319031	10.125578875330733
-0.05099999999999999	-9.306920084273251	11.76729360319161	10.368921686554852
-0.04899999999999999	13.313216473687106	11.512003085105784	10.052652578965237
-0.046999999999999986	-2.5654633059035703	13.025157358522835	10.704695913907772
-0.044999999999999984	7.042562568670974	11.04646588522155	10.287784695403607
-0.04299999999999998	-18.57791610992976	12.68655776362253	10.413491591628025
-0.04099999999999998	-5.120815451897798	13.140856576402552	10.212039930196866
-0.03899999999999998	2.8633405095845887	9.439955849113616	9.753793162539278
-0.03699999999999998	6.770898669516967	11.211199375648995	10.219141941439311
-0.034999999999999976	-13.048531713910627	11.398044014632735	10.522817385179106
-0.032999999999999974	11.393227379530302	13.15546203801987	10.089435368758041
-0.030999999999999972	3.4023691606321904	11.479307848681161	9.992086411966635
-0.02899999999999997	2.7033503480211607	12.767828211776456	10.5634846076512
-0.02699999999999997	4.001674270392996	9.839734520011774	9.492150412965307
-0.024999999999999967	2.6791774556667036	10.045791011843482	10.55628435977432
-0.022999999999999965	11.810000495993123	12.442340822793689	9.919387714392938
-0.02099999999999999	-15.925757641976901	12.743199282562975	10.478469692632242
-0.019000000000000017	-20.9790198187898	11.372299598899419	10.08701037246774
-0.017000000000000015	-14.756328919784956	10.904731515654847	10.239126312847036
-0.015000000000000013	-25.590518511808824	10.392563888108437	10.142907604072105
-0.013000000000000012	-44.73109953628818	12.992841095677027	10.612408766256923
-0.01100000000000001	-55.066708843254375	11.637162236779433	10.230158331868093
-0.009000000000000008	-22.000879684958008	10.26390184170528	9.95705688988372
-0.007000000000000006	-51.05356571299957	13.63130441376515	10.615099691015503
-0.0050000000000000044	-42.85606690668242	10.269705220017379	9.850096748582075
-0.0030000000000000027	-38.09447624181228	11.234017816396396	10.307817092111282
-0.0010000000000000009	-33.421482088846766	12.645022213206365	10.229595088729589
0.0010000000000000009	-46.26548578190448	12.341243269765933	10.339238220452373
0.0030000000000000027	-39.483263985951034	10.549412647631513	9.706604897166935
0.0050000000000000044	-52.14350168514237	11.366147680036471	10.672613242740596
0.007000000000000006	-41.63778787569239	10.40684824651565	9.801823497179718
0.009000000000000008	-41.427844265529146	11.101467919133112	10.360485240460047
0.01100000000000001	-51.387096984045755	11.827114963029235	10.227765826954192
0.013000000000000012	-38.560996407088766	10.958741185734459	9.965096639163528
0.015000000000000013	-15.47962972625605	13.60775727545159	10.180124576587371
0.017000000000000015	-24.370428510778197	12.69036316184097	10.198610774892968
0.019000000000000017	12.158051297062045	11.56706175963769	10.41817321044624
0.02100000000000002	-11.744782567713052	12.722702244520077	10.082120876149693
0.02300000000000002	11.312067621283006	11.101999027058781	10.381628788149829
0.025000000000000022	16.72764489302203	11.722962754175114	9.913262819320737
0.027000000000000024	10.137757624928412	14.064274642836553	10.892354884439104
0.029000000000000026	12.196660856833574	10.455385788023644	9.92503785096957
0.031000000000000028	-11.45016423420575	11.143469596843882	10.171413394653543
0.03300000000000003	-5.0483176455839995	11.59639496562982	10.32068220836394
0.03500000000000003	15.803593561791729	12.228488737116928	10.332887924758891
0.03700000000000003	-5.346572470532607	11.503019214373214	9.785931247589588
0.039000000000000035	-0.15558799804082923	10.66185812317104	9.863540143344492
0.041000000000000036	11.396184364853568	12.344528225176118	10.011826079294108
0.04300000000000004	9.652673589988225	10.521728234862255	10.164103401340963
0.04500000000000004	-16.09999275820062	10.576128517695189	9.963159959128431
0.04700000000000004	-14.859673633571546	11.0046636724454	9.796423080784345
0.049000000000000044	1.3885321414885965	11.937686569542935	10.657403939971468
0.051000000000000045	11.916066144479487	9.956119864599607	10.05961551774829
0.05300000000000005	3.6740679938418452	11.964205561068068	10.224707198624273
0.05500000000000005	-5.1699190265486195	11.685101882898268	10.079365363032943
0.05700000000000005	2.1047794978024115	12.479134559858892	10.577662219603017
0.05900000000000005	-2.636190415294948	9.746938718607716	10.008767757473564
0.061000000000000054	3.2901079098923702	12.421146075336496	10.134868842942971
0.06300000000000006	2.0198248149583264	12.200089945397082	9.965625948197745
0.06500000000000006	10.557384521936442	11.35400612089233	10.36782270066308
0.06700000000000006	8.877637338366995	13.288481995389766	10.173290579861106
0.06900000000000006	11.404933844882947	10.280687136819438	9.844538299923027
0.07100000000000006	8.527977042760426	12.097120311920818	10.462132361485958
0.07300000000000006	25.197808156018908	10.110465959894565	9.873310814417115
0.07500000000000007	1.9838840723540585	10.75505689220553	9.999062221377162
0.07700000000000001	6.014610013593824	11.015618535506377	9.86071098301333
0.07899999999999996	11.263444768871977	12.242097439967809	10.320628089082907
0.08099999999999996	10.338503440454616	10.58321029600318	9.753251587566911
0.08299999999999996	1.4037593953908356	11.239002721606111	10.356051977839194
0.08499999999999996	7.094500925841629	10.745502550776417	9.999384774301971
0.08699999999999997	10.08158214377275	11.486081884821303	10.461559677058888
0.08899999999999997	6.960261473842877	10.754587622973396	9.949066860153309
0.09099999999999997	-6.181055315246375	10.775705081966073	9.837476638714005
0.09299999999999997	4.459464727935014	12.280833980318636	10.087255089941712
0.09499999999999997	-5.315603532896063	13.783007280793147	10.221197459698983
0.09699999999999998	13.719232889286559	10.319402694871957	10.184535938390765
0.09899999999999998	-6.331642393608838	11.638254737157324	9.95739248468618
0.10099999999999998	-1.7301841457317835	12.630572262785325	10.412492934095063
0.10299999999999998	13.942290102653132	10.480607217827194	9.416422096625814
0.10499999999999998	10.501340216517718	11.049427907007866	10.454407936454812
0.10699999999999998	10.418458253225182	11.494256724448617	9.878485182223917
0.10899999999999999	-7.185817904153957	12.173682795003382	10.321164879652459
0.11099999999999999	0.43430297114177563	11.858734848547305	9.90609741128847
0.11299999999999999	-0.006986893508198477	12.783154509112416	10.373285871131344
0.11499999999999999	15.945321928390044	11.421990486417902	9.87828286390449
0.11699999999999999	5.131951485326525	10.45675109150143	10.131613468826759
0.119	10.39321211360189	13.227363367221724	9.913099949358424
0.121	-8.652112300389092	10.941247074207215	9.751755036058128
0.123	-2.447169204500277	12.268197039271778	10.268492178293346
0.125	-13.082009709730613	11.765593176936255	9.528846293454167
0.127	-18.30641942424105	9.836548940056801	10.359653639198344
0.129	-3.4756324190921006	10.744340145500038	10.089701921789189
0.131	6.110018899052605	10.893917599920927	10.0093003196329
0.133	4.525895109352973	11.156251222590177	9.8713422362688
0.135	-10.298162222865948	12.126387769365056	10.416683148619827
0.137	-5.15848020266052	9.804750720932915	9.599145410257586
0.139	2.8251246739774416	11.267138940370439	10.07957301521008
0.14100000000000001	5.703227303976988	11.686603616105607	9.920179996460405
0.14300000000000002	-9.540211065472981	10.624076226412065	10.04470489226667
0.14500000000000002	6.130282773852969	12.269220111090485	10.127039740472476
0.14700000000000002	8.493799621200893	11.777194953603527	9.71979502684325
0.14900000000000002	-6.1350182731789715	13.17834470458733	10.467724879020594
0.15100000000000002	-3.270195226723338	11.593109159669964	10.225998295205857
0.15300000000000002	14.903486998285587	11.940671542241422	10.380877190848501
0.15500000000000003	22.3595917172581	10.615716455357614	9.590130227285902
0.15700000000000003	-19.314551924276557	13.041556834410688	10.41490025964344
0.15900000000000003	-5.434267148052285	11.340070912353621	9.71518200422311
0.16100000000000003	-22.051110017518027	11.946011226655763	10.214495046149512
0.16300000000000003	17.165030219867816	12.00235527306106	10.045472226790357
0.16500000000000004	-3.7835324958601646	11.181828013254684	9.972063425235877
0.16700000000000004	-17.723317211837397	11.37727458736578	10.131627377208286
0.16900000000000004	-8.993317236916099	12.139401704977088	10.18072167948236
0.17100000000000004	15.534696734320619	10.493068768681237	9.676120698784764
0.17300000000000004	4.717085338112881	9.939405192265827	10.312444253844594
0.17500000000000004	-10.561201673864318	10.079257640612738	10.177241397477736
0.17700000000000005	-4.2842090310912795	9.51376101962454	9.595650985517882
0.17900000000000005	13.646024432878434	12.191149828646916	10.715696687840923
0.18100000000000005	11.389326909139186	12.125262944407526	9.924345705141283
0.18300000000000005	-24.207441034040933	10.907818696169327	10.269696620242467
0.18500000000000005	-11.755761842979773	12.401342864034866	9.864022534084693
0.18700000000000006	2.7646519087376475	13.053382739474548	10.477838895853003
0.18900000000000006	-1.4790324448510361	12.268459863697938	9.745471003713734
0.19100000000000006	14.39516027446075	11.724985999022397	10.370129594737508
0.19300000000000006	24.921567554736512	11.229216958615327	9.677896799319777
0.19500000000000006	-4.699398471585958	11.818319243842083	10.17492534798523
0.19700000000000006	-0.8748874219532965	11.489354350553759	9.912790966588874
0.19900000000000007	3.5320821436535255	11.300155564120884	9.600321110308846
0.20100000000000007	-7.644189474298457	11.807275241992897	10.616603789757779
0.203	-8.239585472358257	13.066350667188232	10.051157888963253
0.20499999999999996	4.378158455997649	11.522994326975612	9.918421429680793
0.20699999999999996	7.110759671524747	11.094498087871175	10.300373471671982
0.20899999999999996	-21.763897940174637	12.410413471586075	10.23220642335778
0.21099999999999997	9.861996281834706	10.524350297633587	9.630240309706107
0.21299999999999997	3.7003204174101967	11.501990571112152	10.822724308140407
0.21499999999999997	-5.613349722932703	10.958288860940474	9.798815005107226
0.21699999999999997	-15.444304772294082	10.622537496854743	10.1261198888101
0.21899999999999997	-0.1424783546699615	10.05567212475171	10.175130121665367
0.22099999999999997	11.820708379906009	10.679280128425592	9.966833792665433
0.22299999999999998	-12.242961776487427	12.358060083988846	10.002293667760155
0.22499999999999998	-13.570429753140267	11.155615753109624	10.18391630495522
0.22699999999999998	16.838871993662963	10.791184804579611	10.17690640522875
0.22899999999999998	-13.22836519246362	12.299458227652066	9.996158527671266
0.23099999999999998	-25.679854005589142	11.203611559883543	10.613425917121255
0.23299999999999998	-10.912082735181627	10.376529347494362	9.600747397806394
0.235	-1.1809879847390903	13.428025598911885	10.76358479708231
0.237	-8.801822608095478	10.75308566815177	9.754925350616043
0.239	17.944940897463013	11.044431922279228	9.967926099881105
0.241	2.896650747041818	10.7678056477017	9.904737490054329
0.243	1.3053305183419184	13.095314688591634	10.375037499980557
0.245	25.056187382022088	9.724601637217043	9.725286090118779
0.247	16.362559670080046	11.473615185876408	10.316819278212376
0.249	2.3411477843016115	11.65494085103466	9.959992396969717
0.251	4.908632049493988	10.197068492774788	9.999345316565753
0.253	7.624087516866496	12.113720029735568	10.31897470206053
0.255	15.884374267471912	11.534294676554644	9.799496989111287
0.257	-2.0878181143935137	11.689543879878347	10.174893008959236
0.259	-19.090493608042713	11.01909673556011	10.134533656727678
0.261	6.901101061496107	12.323685102305285	10.3279365478389
0.263	-6.3182847513942875	12.107523592430608	9.825264741639145
0.265	-19.158809944075372	10.88888369908963	10.519498311408423
0.267	-29.24952039506934	11.711637452063593	9.525134681079754
0.269	3.476936431212607	11.748495542728312	10.710030359853503
0.271	7.5638325074400825	10.827023077881881	9.750990159364934
0.273	-10.359647306446007	11.38855546889833	10.145810527233193
0.275	16.13809051592696	11.778603461814946	10.172506523354413
0.277	-5.2766044841279225	10.100060815240182	10.096972167349577
0.279	-6.645296878438067	11.991565731765883	10.368940689033655
0.281	10.938983307839933	10.107878155200655	10.177719384347498
0.28300000000000003	-16.37855720448833	12.240026854397156	10.229725414543177
0.28500000000000003	2.107690406871754	11.609478755027101	9.872846099337869
0.28700000000000003	-21.67150180909516	12.818408893205175	11.12580040781591
0.28900000000000003	-4.073043594288173	11.983020851397203	9.680205407726437
0.29100000000000004	7.8902262543589785	11.618014892724956	10.356412558926358
0.29300000000000004	-13.045082849938439	12.058157172255589	10.179715653628742
0.29500000000000004	1.7091617645625945	11.288419698825459	10.274412536249953
0.29700000000000004	-1.9725020027339113	9.663610528088057	9.960032029940773
0.29900000000000004	14.004108124687775	12.370268897390543	10.001999922211184
0.30100000000000005	-3.3671022053871624	10.303270764986658	9.879482244484263
0.30300000000000005	14.822331950714585	11.087948505302636	10.454879452937858
0.30500000000000005	-14.430091234030051	12.482139156544878	9.994907945001739
0.30700000000000005	-2.0776611259210043	10.597024993788175	9.596467645662424
0.30900000000000005	-1.1921221721999942	12.261209588579852	10.784195654758932
0.31100000000000005	-13.27749714097326	10.81277782512537	9.678650966343632
0.31300000000000006	21.59078335606246	11.25173131039188	10.126002082316354
0.31500000000000006	32.12106971406392	11.413253160016007	10.367200680250217
0.31700000000000006	-0.3428218064982502	13.222628407519851	10.23530664075391
0.31900000000000006	8.369281664810657	11.854739059768791	9.787903807426314
0.32100000000000006	11.223192340592547	12.019032621626978	10.669975589359936
0.32300000000000006	12.711950457156007	10.631380955711908	9.795056137149704
0.32500000000000007	12.416234896894807	10.882419883399267	10.366321609149404
0.32700000000000007	0.4988691761909081	10.986245885371545	10.523811226813411
0.32900000000000007	0.6367551137476113	12.28686883721304	9.842436199636975
0.33100000000000007	-17.60905218550768	12.239058867209495	10.368789845410964
0.333	-7.68407914242264	11.88365746384736	9.795012516034621
0.33499999999999996	10.118771509581848	10.668122647513568	9.99595513103668
0.33699999999999997	-10.854313098884738	11.627898414134425	10.514253696461607
0.33899999999999997	0.2695155041365638	12.450066436397252	10.522003415994838
0.34099999999999997	22.93037301592804	10.4601091589564	9.708223124845727
0.34299999999999997	23.555926113472125	13.892184292925034	10.716640773478643
0.345	-13.735319294272408	11.032098730515553	9.76216237616945
0.347	14.411681114490094	11.793790096495371	10.455399035299862
0.349	1.5845241492229434	9.40550040048361	10.366827613722487
0.351	-8.51865894102577	11.839321648856805	10.094872928165119
0.353	2.012317728672386	12.12553813631547	10.130908264374542
0.355	-1.8724599150088395	12.490566295578953	10.778914979484352
0.357	1.3005631995799405	11.281680541033223	9.839225620381717
0.359	-20.484041952650855	12.885605830880936	10.311326770351327
0.361	-6.292861730594623	10.9665190555207	10.326301469570726
0.363	-11.416055274438008	11.183961945310614	9.643945435931144
0.365	1.2878194277643473	10.148857650299794	11.063353968554742
0.367	-0.3431898435435343	11.919000379064173	9.959359521452447
0.369	-10.691094119108513	11.233445254823446	10.181366913417948
0.371	10.00540655149429	11.578439725004118	10.313908467822593
0.373	-1.0880842152838355	12.125196008886311	10.048128085780387
0.375	3.7343201373385426	10.678398251324499	9.875987568240824
0.377	-0.6698358758772116	12.482639472983513	11.057382887233189
0.379	-7.573724571607876	11.9654245109864	10.062045792797205
0.381	5.273713308051597	11.49482324239183	10.317437392745488
0.383	-12.13665961974364	10.822101502716825	10.315534489085758
0.385	4.838518360417154	11.114310847711627	9.681124685118053
0.387	3.0177069898496	10.716584179801467	10.461384109333302
0.389	9.649793366595105	11.682107068341393	10.228019651549829
0.391	-2.464068009189191	11.54276024328464	10.33526790180033
0.393	-3.456099518794886	12.237884743351298	10.2110078287287
0.395	4.8988119938364605	13.099927215102518	10.52188807809931
0.397	2.820968429517734	11.12663697565281	9.802963978459147
0.399	17.002070051175266	14.897270247063716	10.658229359358979
0.401	14.747462401709655	10.548561278106282	9.95791744512331
0.403	11.48592993871489	12.484946699977137	10.426022320994823
0.405	10.63775491405572	11.013933026595407	10.034608618355428
0.40700000000000003	-11.266394365883059	9.728154953848867	9.882534335368353
0.40900000000000003	-5.695443975217707	10.300247272667974	10.269926723867828
0.41100000000000003	-1.6090996594053664	11.785017882982515	10.13400888102142
0.41300000000000003	3.3830475831830853	10.378289577533632	10.002607377480329
0.41500000000000004	10.97869203214863	10.539653807590193	10.082392751050174
0.41700000000000004	-1.6949369732177644	11.886632580221926	10.935017284743724
0.41900000000000004	23.300986895291587	10.174261255795583	9.764821983557525
0.42100000000000004	-14.93197755664255	11.220519925357532	10.209553181408635
0.42300000000000004	-12.802186873273058	12.220514997153334	10.224736248431572
0.42500000000000004	4.99859918168255	11.325572001398086	10.146726368713457
0.42700000000000005	-8.922082506024331	10.862957998524287	9.782153448166762
0.42900000000000005	6.05905650963301	10.867936228018989	10.32908086690169
0.43100000000000005	-0.4361083133508359	10.573299462831534	9.756302676086118
0.43300000000000005	35.951846118376096	12.480118939530831	10.56053141947181
0.43500000000000005	-6.181796968873776	11.616213868680184	10.178699793245636
0.43700000000000006	17.580976196640563	11.33900570558163	10.221341817427843
0.43900000000000006	-1.4719775983662586	12.50811597098968	10.61110704490543
0.44100000000000006	-13.993543766965821	11.240457506617838	10.016606530042804
0.44300000000000006	-8.440174161017389	10.535087016551826	10.36336681849168
0.44500000000000006	1.1625127405157087	11.103837133418136	10.221602731807252
0.44700000000000006	4.310025070841661	11.109826805296443	10.38408245833208
0.44900000000000007	-2.5001243528777195	10.339535919143607	9.668054746075104
0.45100000000000007	-4.5067042371282895	11.696223857528496	10.672882682295407
0.45300000000000007	-0.29957798242108424	10.800414352837127	9.880739116559804
0.45500000000000007	17.183585798496992	11.43157706724054	10.60651550109106
0.4570000000000001	2.2663640160125453	11.006116240428364	10.225460446878538
0.459	11.70029835062536	11.187317226905362	10.235403280009885
0.46099999999999997	2.315544140207848	10.8668487312905	10.355424924971718
0.46299999999999997	1.629192851737571	11.692679948880508	10.012097432604302
0.46499999999999997	-11.137837902630565	11.27292653555949	9.999889830503175
0.46699999999999997	-5.104853467607917	11.942089030756318	10.124491660843956
0.469	-18.322675294557556	11.472345673005178	10.474477771899634
0.471	11.69566776426656	10.558360882852224	9.634996648469777
0.473	15.203006692221521	12.532956726244146	10.61536217015037
0.475	1.4438507061065309	10.927956013425547	9.804150253151203
0.477	-7.0181427284099485	11.416520320299487	10.363288246401305
0.479	-12.107387509785461	10.530973901384169	10.04004990136782
0.481	1.25215162705139	11.485748864752109	10.194225076909046
0.483	6.902194269020612	10.75726460458764	9.997368026688711
0.485	-5.773071756309811	10.75816793043223	10.225214312046365
0.487	18.944990567648645	9.495378795797562	10.109668593038696
0.489	16.89923258352266	11.918657798799053	10.264928013711152
0.491	0.8325132896391807	11.888327952418217	10.317603258266596
0.493	22.140204955167775	11.081200758239527	9.603700604368296
0.495	-21.7348781079707	12.609808346389714	10.658409353357507
0.497	0.5365086055419965	13.020771356627472	9.923732389816987
0.499	1.4285420983917163	11.753683511796531	11.120423494391739