-0.499	30.99811642703898	23.238997558950434	22.515093276865425
-0.497	26.93047661761483	26.017609608097846	23.076825454394452
-0.495	50.44597190684286	24.329991817584194	22.32650411974867
-0.493	61.6282393079981	25.546452257372522	22.741699547767954
-0.491	28.3455521465914	24.183691238242584	23.264897685681802
-0.489	44.887116761982426	24.594524472535305	24.036296935333855
-0.487	12.1378484674306	26.71528554522361	22.91764277787712
-0.485	34.074543550977054	25.366820163669992	22.57843067285629
-0.483	11.966332418733572	22.01586937778235	23.124778025806123
-0.481	20.870056256727665	26.53336276835095	22.673641604832067
-0.479	45.082840257837375	22.28640443309238	23.309736055782885
-0.477	15.969606147914206	27.83525238570067	22.85819591201576
-0.475	14.459138564459906	25.716425804741185	23.547922776718792
-0.473	16.624466461889753	24.699476639444853	21.828103928321426
-0.471	32.85610986503151	25.44291533769783	22.983724392987835
-0.469	7.065069190792528	26.451758809364193	22.75233215589662
-0.46699999999999997	2.619554621885456	27.427794442106542	23.156567031151194
-0.46499999999999997	20.087861324347145	23.629024671749352	22.488028083736104
-0.46299999999999997	2.4339269621975745	23.776726604672678	22.938139181170012
-0.461	46.43818665139854	22.570987213920446	22.85161695573994
-0.459	14.596597909699582	29.622089126925033	23.359433348170317
-0.457	20.67214029022324	27.442932680179542	23.067929407463946
-0.455	-10.623902273798613	26.21319150373024	23.280787883997288
-0.453	-28.424203208810006	23.909247674749686	22.693778239715428
-0.451	22.124680979729305	24.680842995376423	22.587219294216354
-0.449	3.698208051350349	23.737406691533746	22.88343288177772
-0.447	21.988518138060797	24.78795914915616	22.53508802778142
-0.445	50.71552844349014	25.82621756956706	22.97482291858701
-0.443	30.686801434809396	22.4806976193567	22.155132469433276
-0.441	41.62880386204826	28.05192084068579	22.942267383524364
-0.439	0.8885169466843479	25.9975549638794	22.392760082859134
-0.437	34.45133648294352	24.84233190485512	23.299707253263502
-0.435	45.39621183186071	23.184035860019982	23.51471210560919
-0.433	28.566452770828477	22.576659646632333	23.098912931374876
-0.431	0.5636185165247554	24.58203399580453	22.918094291792507
-0.429	59.700786401606365	25.707413970285145	21.794572168588374
-0.427	31.33243948472142	26.756955095178366	22.83079899423589
-0.425	-14.419359386397268	23.478029652882693	22.701973113079998
-0.423	6.592494601331822	23.45140052022426	23.408876313827584
-0.421	34.059167254296696	25.26059758939829	22.658463279454168
-0.419	27.35127713338059	24.149653867523497	23.156127242847393
-0.417	10.584909440947143	26.085586451511823	22.668499395317337
-0.415	-1.955654286289743	26.114708336447478	23.33776073183174
-0.41300000000000003	6.682581137784638	24.235177705089683	22.675156578350904
-0.41100000000000003	11.77257759454875	30.02643370847709	23.605894453232505
-0.40900000000000003	36.42087427357943	24.966280282368928	22.54586042994855
-0.40700000000000003	-24.830349788840245	23.257396033585817	22.144378121782143
-0.405	64.37502715472831	25.866149602530655	23.29647974716262
-0.403	-22.109598738939695	25.07314689986355	23.03166167916424
-0.401	37.02187458598516	24.967853431043455	22.88885439557787
-0.399	27.534317156963084	27.734796286985294	22.83298533567365
-0.397	16.8069043000596	26.67214263889638	23.698385828299042
-0.395	31.935989246889562	24.404890841249305	22.87135023534754
-0.393	26.712064677969494	26.218636284627888	23.100340205197266
-0.391	54.2029435202096	23.31462920975525	22.10314162159043
-0.389	-23.604443073255155	22.943653926702133	23.270303793441066
-0.387	20.01639386484122	28.1329448001691	22.211136527529604
-0.385	28.754923155460688	28.360682797756997	23.024179866119333
-0.383	8.698046549460159	21.80284509895948	22.367682758338184
-0.381	-20.556517994818613	27.256137841418315	23.36068973187253
-0.379	28.101981510930685	23.825998257175968	22.67438014230252
-0.377	35.44884388140268	25.13687185687585	22.110722657649752
-0.375	34.120146161997766	26.5217820982362	22.857000155388274
-0.373	42.561237832083876	26.511592337800227	23.04628667152655
-0.371	38.96208178999494	25.96916332922656	23.557962939234642
-0.369	58.75713775971292	25.073018788614228	21.964306766034415
-0.367	-37.03137221267028	29.283698655655762	22.973103062164498
-0.365	33.14251059793882	22.649160282054034	22.472121071447805
-0.363	56.88735199371742	26.07558641747111	22.914750827253467
-0.361	17.399749651980656	26.72025841951221	22.546082437948275
-0.359	-6.881581766426947	28.588548905003183	23.143837923363893
-0.357	-32.033745455573026	24.693395501935488	23.098902873531884
-0.355	66.17745758430438	27.206783859673315	22.604829682534294
-0.353	68.9230559693943	28.84618946918226	22.75110518128501
-0.351	26.880485196167925	26.123235316653993	22.947974846965177
-0.349	18.524540029929426	24.60378587203444	23.22133744009179
-0.347	25.141313617194072	23.908982100871935	22.314464118839627
-0.345	30.303120132080252	24.6831883529	22.979884158613206
-0.34299999999999997	22.683552396873807	24.00263000168474	22.80375078053889
-0.34099999999999997	60.70301697835845	25.02981786995526	22.857312215251184
-0.33899999999999997	39.73558257319709	22.105157690500533	22.7987152384052
-0.33699999999999997	24.603521460608846	28.53594197361174	22.812187682307464
-0.33499999999999996	-6.603347044720209	24.831175455092346	22.80425773146248
-0.33299999999999996	77.45271259418374	29.65633710481801	22.832263681639436
-0.33099999999999996	66.58700859873967	29.672370088434285	23.00264835902029
-0.32899999999999996	0.21869836386301245	25.405110269451136	22.62945812253224
-0.32699999999999996	12.02834339153469	27.69648846575984	23.119660533198456
-0.32499999999999996	35.80230905586568	24.5013859615973	22.12082755957414
-0.323	0.7578393643736803	24.328734310273063	23.015560008050844
-0.321	0.42446914028104743	21.922501709904047	22.610169456532308
-0.319	37.20200587409295	26.447189725248908	23.094704730206715
-0.317	37.231773610590935	26.648515777324917	22.612592311286342
-0.315	21.00367087964905	28.19202462662844	23.419546781922847
-0.313	36.71755239764707	22.663233195270546	22.975791043875326
-0.311	43.458437936072514	24.244001116658637	22.575692191637653
-0.309	-13.453616966474513	26.879834333679906	22.7646598403581
-0.307	59.32372191108648	25.07585166956347	22.109459533842397
-0.305	2.6223531106595033	27.044691841776814	23.481899123462053
-0.303	65.23362455479464	23.50560858956724	21.797646095578813
-0.301	16.647123096014127	26.326715898942936	23.797829896769624
-0.299	13.35616232922554	27.162949556587204	22.296729759999494
-0.297	42.97144797438257	29.07271094822013	23.03292356921268
-0.295	36.10459461222959	24.451761996758496	22.726361143967694
-0.293	30.332493068607747	25.786321763070983	23.50683929479621
-0.29100000000000004	12.149806715600064	23.576036349452288	22.514544524663258
-0.28900000000000003	33.17926103307833	26.250878526167234	22.907188521507425
-0.28700000000000003	35.28724495938107	28.986171094037974	22.625828856850386
-0.28500000000000003	33.67706996182385	23.340417765741215	22.324756473339676
-0.28300000000000003	-19.462371489753494	29.654176904226826	23.492305875862154
-0.281	41.064927725820155	19.973257656203646	21.973710754749625
-0.279	37.86321774046364	25.325237407251446	23.31845605541943
-0.277	37.47647739937854	23.432664666068582	23.189800211568137
-0.275	28.83435159950487	27.765306386453517	23.22652672686428
-0.273	-14.37877503829288	28.346292135908353	22.906963671533493
-0.271	62.105656670752296	26.876710902672755	22.700340017524645
-0.269	6.5732219511893675	23.87837471745049	22.425269399425957
-0.267	-1.2329354336371168	25.977298619091645	23.32163536521862
-0.265	83.57821841431523	27.046494339017155	22.9419848806614
-0.263	16.29465713270939	23.28105050117469	22.542553075423804
-0.261	18.130780604197483	23.900949551218247	22.66278349785306
-0.259	24.226807711968945	20.012738526606274	22.118526085548183
-0.257	4.26595892455417	24.047986042226253	23.967315174258545
-0.255	9.472612556127302	23.775140500915352	21.98430576996352
-0.253	24.78255277327257	26.559630709429197	22.919401549309065
-0.251	-19.673156129718095	26.008523243703475	22.99756487002569
-0.249	37.071200862381914	27.81701681690286	23.15022420129031
-0.247	24.50691646305181	25.186962724809067	22.83764089671705
-0.245	6.7671592742790665	26.285236538246764	22.407254721815747
-0.243	26.00991367462946	25.300037399764957	22.831883684127487
-0.241	57.68347030188359	27.27946750535648	22.74795052865064
-0.239	15.24677034847599	25.030913104943572	23.39959524831053
-0.237	12.291185300217222	26.572086895627827	21.760947370274746
-0.235	30.036293127810865	24.639002150485254	23.08695103970484
-0.23299999999999998	4.173034205745552	25.9582217948515	22.413617030376106
-0.23099999999999998	24.866513951060654	26.120123823428223	22.735663366074732
-0.22899999999999998	6.763115443009227	23.446695641809754	22.747540419814143
-0.22699999999999998	29.987056646030297	24.19651648643963	23.29954426763924
-0.22499999999999998	25.717561004778844	23.65282698282069	22.306694006647593
-0.22299999999999998	-2.108470947059793	25.08794671410418	22.63223334931303
-0.22099999999999997	-20.35346655560044	27.992656355840833	22.860419386685646
-0.21899999999999997	13.42699614381715	24.895269282125664	22.71471348121031
-0.21699999999999997	5.363183713580355	25.804322122862715	23.5695034057034
-0.21499999999999997	28.318194638110583	24.70546861313538	21.86343252438747
-0.21299999999999997	29.989790145235062	27.251186372761374	23.97509710937287
-0.211	31.105058146296827	27.22492342312752	22.25264511343891
-0.20900000000000002	20.94571633137754	24.68402028058288	22.560242278093437
-0.20700000000000002	-23.954400261594344	25.802554224062106	22.36275924976613
-0.20500000000000002	32.74687624710282	26.56893047379864	23.719368714236232
-0.203	57.24719547139934	26.3491608340795	22.687293557523606
-0.201	-4.480648031379708	25.35452638301423	22.431850899746053
-0.199	59.688354213438544	24.105101668674028	22.986718504714336
-0.197	50.986084075832494	25.573697065817154	22.684040471291862
-0.195	-12.540339858757577	26.802479479962276	23.12855928986497
-0.193	56.97032425588944	25.068600548434638	21.875476879779225
-0.191	9.008763737883285	23.17242120438537	23.94713925361518
-0.189	-24.1394843373266	25.612809520307493	22.274478887098084
-0.187	76.84036696731233	28.462674851709277	23.061890647834666
-0.185	29.55577337582227	24.2573216095122	22.32366203394378
-0.183	22.94627214149969	24.371561520716575	23.32518109844023
-0.181	-17.324954734609932	26.821961526626556	22.87984244454508
-0.179	-14.901457701332887	24.317894574959514	22.437038837526874
-0.177	49.13888191748761	28.043976023118063	22.7111634489646
-0.175	55.707411984906585	25.548906203167967	22.973087556124092
-0.173	6.184281313048601	23.42340294779945	23.05945419653733
-0.17099999999999999	36.58215873114656	25.479124954062723	22.053736767771706
-0.16899999999999998	26.467658444717657	23.157294886617922	22.92383666986673
-0.16699999999999998	-4.147440900492683	24.791652871594824	22.369549711661424
-0.16499999999999998	12.893832120219884	24.36118258200976	23.377347186828498
-0.16299999999999998	26.53594491852651	21.793396580670866	22.04903894855997
-0.16099999999999998	34.553743728293895	23.027494323625042	23.542899463186284
-0.15899999999999997	-3.7038651784504495	26.963023209792585	22.671554922163608
-0.15699999999999997	-14.584657727190198	26.56370224997989	22.76130409773284
-0.15499999999999997	-10.740583928137148	24.288800098886597	22.593321571904283
-0.15299999999999997	95.88016269534982	25.362729174387532	22.80167047420842
-0.15099999999999997	27.66741775150905	23.01539354252274	23.13147751908405
-0.149	75.71405635564687	26.372391493108793	22.35812224880386
-0.14700000000000002	-28.71327752884678	24.25104028937087	22.92312928634878
-0.14500000000000002	54.545140475426024	27.650987951568833	22.544045055198485
-0.14300000000000002	34.503301319599444	25.68898114760575	23.23862498607036
-0.14100000000000001	12.435888101736126	23.456823930834183	22.327353320929543
-0.139	-4.670622496538712	25.100122985090547	23.14051661394307
-0.137	49.99578119746495	22.37732608938011	22.74455771994327
-0.135	10.984211269660094	27.476293553230906	22.92997794143747
-0.133	11.913877918878768	27.207660076821696	22.7126929595514
-0.131	20.23177714272073	23.06422028947477	22.587862126724193
-0.129	-40.135794468487695	24.17749669255491	23.041768947220284
-0.127	3.7020008063493037	25.002014702851106	22.14048231401648
-0.125	32.987623275637645	24.369153304547186	23.156028328263947
-0.123	-19.778887363264275	28.924872487366233	22.624057525429915
-0.121	14.492539269994609	24.560747868208246	23.249809305197317
-0.119	-6.2512278556914325	25.68721725385092	22.24138959285648
-0.11699999999999999	-42.9637260616067	21.37723756116175	23.756053312629792
-0.11499999999999999	-22.360806582355508	25.17568471123633	22.976235937402283
-0.11299999999999999	15.86307218448546	26.013504158946738	22.403433506009783
-0.11099999999999999	56.54385501463466	27.38468218410562	22.69893511900673
-0.10899999999999999	26.80848556835258	27.306437650998223	22.60171920023532
-0.10699999999999998	5.0674091518487785	23.984573184260853	23.24776292262108
-0.10499999999999998	20.13494548314121	21.912907995901776	22.328753052643968
-0.10299999999999998	21.391848955998327	28.498035580776975	23.22732263070787
-0.10099999999999998	43.62042671623989	24.980182277095754	22.569369277007773
-0.09899999999999998	66.8918043267297	26.12329431238069	22.437118719866685
-0.09699999999999998	18.24295987296054	25.655037179443877	22.44104574891785
-0.09499999999999997	-25.781783868694674	26.15218539118148	23.657029397810078
-0.09299999999999997	-19.896494248272667	22.438490476941414	22.813325881776414
-0.09099999999999997	-22.109834633687875	25.636517765463857	22.312039036693704
-0.08899999999999997	17.11151056205118	28.086521862109628	22.52360211789856
-0.08699999999999997	51.782700933644676	24.196828976136093	22.361951945352523
-0.08499999999999996	61.586465283092195	24.178592418273446	23.130286869590396
-0.08299999999999999	11.591122119014585	24.377668492816227	22.60949063736512
-0.08100000000000002	46.071293391847234	26.266245896078917	22.9279980927937
-0.07900000000000001	28.381100288799033	22.577479492602077	22.38093720914515
-0.07700000000000001	48.67438239708477	26.687757265305965	22.36576180547658
-0.07500000000000001	15.312791728394615	24.51642487713585	23.263510802635388
-0.07300000000000001	53.62740308489933	26.11350580016782	23.429379192071295
-0.07100000000000001	-8.343369014340851	25.820670450585418	23.060076881538162
-0.069	-23.49531257928028	23.524470378460485	22.437835966177467
-0.067	1.4494163189660014	23.063673337670767	22.566901747195963
-0.065	30.026804000549134	25.38694292240501	22.928767649114505
-0.063	-7.065498776048784	25.2101597189944	22.818422405574694
-0.061	55.60836887785747	21.541597633259318	22.282472969901495
-0.059	22.150517923646973	24.324194655453667	23.200641300183594
-0.056999999999999995	51.851803159808085	32.370099702469176	22.839254298204175
-0.05499999999999999	20.314758236272823	25.21237118864728	22.537979193562634
-0.05299999999999999	-26.8247290066137	24.726996203863255	22.600310794499286
-0.05099999999999999	1.6828634548105015	25.98949191655407	23.722683297291667
-0.04899999999999999	3.2038097264042165	23.38064255217869	22.486680612814908
-0.046999999999999986	55.16266436500494	24.44792448077741	22.415126629750272
-0.044999999999999984	37.7903920047995	23.718908427769264	22.74223379241135
-0.04299999999999998	39.835492797068994	23.68903260929594	22.801116280294025
-0.04099999999999998	58.39618045544448	22.41579702584996	22.75496631947256
-0.03899999999999998	-22.124767531828127	24.934038256861573	22.57488930187131
-0.03699999999999998	-40.86656700275082	27.320619761457564	22.627214281668632
-0.034999999999999976	-99.15466763688042	24.121826924031435	22.905826149917043
-0.032999999999999974	-106.37718497663596	24.814523868887854	22.699059574932424
-0.030999999999999972	-105.9892210980573	29.588672232166292	22.484508117499033
-0.02899999999999997	-205.77228556317718	27.455977939910596	23.321799909138722
-0.02699999999999997	-234.06617157817334	28.154350650858913	23.085871381069413
-0.024999999999999967	-225.3863142690493	24.097027424557226	23.19264862397619
-0.022999999999999965	-332.3786476084889	28.232214067971817	22.579811537412965
-0.02099999999999999	-334.91669828111804	24.145688791789603	22.603895186058566
-0.019000000000000017	-385.2487040999497	23.064969987650116	23.370826164163727
-0.017000000000000015	-430.6931294063565	25.05908228743892	23.074880454311565
-0.015000000000000013	-453.0305059404771	24.097356922694324	22.438178100763594
-0.013000000000000012	-396.21247426824266	27.414469021808916	22.567380325842972
-0.01100000000000001	-480.12747016734636	24.440203734234903	23.07977864886224
-0.009000000000000008	-483.4110941621672	23.276862427666174	22.79114734802653
-0.007000000000000006	-444.7038945846193	30.70883314460433	23.003682389870473
-0.0050000000000000044	-495.2680879182214	23.787243546771627	23.210209015113534
-0.0030000000000000027	-440.9636766296021	26.74960682115065	22.237853115109964
-0.0010000000000000009	-467.5125286361936	22.609964099370256	22.638284391264786
0.0010000000000000009	-479.039754328614	24.981467039735822	22.20452406525451
0.0030000000000000027	-461.39305250136874	29.124600905340223	23.024887535686855
0.0050000000000000044	-471.07864849771363	24.698821114792704	22.5548832577759
0.007000000000000006	-474.8173942088485	27.930571017657567	23.09264340831924
0.009000000000000008	-476.27417568196773	21.968722122702786	22.23193994430786
0.01100000000000001	-439.25020695767535	26.250858309740934	22.78901177934117
0.013000000000000012	-455.0369618271377	23.276612759007275	22.394857020837406
0.015000000000000013	-454.22935075711825	25.237758640690608	22.707548284363327
0.017000000000000015	-406.44029397918223	26.21781745022622	22.81782274811078
0.019000000000000017	-418.98673124041164	25.286500863341992	23.397479745888365
0.02100000000000002	-328.13948279908357	24.97233724048121	22.165237303917745
0.02300000000000002	-287.93794400794326	26.70359946072706	23.206870039317305
0.025000000000000022	-257.315533989888	24.739906943272036	23.18484922178152
0.027000000000000024	-267.6770802126915	24.93913098497743	22.721247875597413
0.029000000000000026	-178.5205070354845	26.324970391695107	22.605072149157532
0.031000000000000028	-129.24715856132974	27.287976155360077	22.732130259169708
0.03300000000000003	-62.63771457348799	25.560548113708197	22.61288041171921
0.03500000000000003	-73.1155090051283	25.918073131470475	22.708611893023864
0.03700000000000003	-59.14120325634098	26.435725179420817	22.919453081705907
0.039000000000000035	-15.829461423533253	23.004316931649047	22.82340653796117
0.041000000000000036	22.17983281282976	26.613057206047003	22.869558443555903
0.04300000000000004	9.350553999531996	28.44394853488057	22.80455750500791
0.04500000000000004	33.87143823241345	25.12614613424813	22.298655805567744
0.04700000000000004	42.032532278080126	27.67957091571646	24.02164770178013
0.049000000000000044	39.46540674504284	20.752587371782866	22.31169294553507
0.051000000000000045	28.166951994146316	28.035288027434	22.728244875163075
0.05300000000000005	58.15332530900719	25.311138149439646	22.494850253464552
0.05500000000000005	2.1503405236433792	24.076191029406214	22.97065097147452
0.05700000000000005	14.221693104943256	25.22373252057373	22.748519113818542
0.05900000000000005	16.669102596456042	23.65019413533129	22.96489629842202
0.061000000000000054	15.114312363673221	23.83164554470686	22.868653134688454
0.06300000000000006	36.33970825589472	26.776977176128305	22.84894775001241
0.06500000000000006	22.865267155891544	25.359407022304506	22.17008344921334
0.06700000000000006	19.080467650312016	23.670651143860415	22.583135487739344
0.06900000000000006	22.490589976831288	25.424180737909897	23.661831506307184
0.07100000000000006	-2.178993164458909	26.570293658092556	23.251664627095504
0.07300000000000006	24.002890759877715	25.512342300967816	22.53300546642348
0.07500000000000007	-6.115673065854033	26.990314790016924	23.25957919373925
0.07700000000000001	-22.519170532642185	26.995793739121716	22.909869218553293
0.07899999999999996	63.93839540663748	25.078901404247222	23.053003618138607
0.08099999999999996	21.78828144594469	24.418424725158975	23.087706801260698
0.08299999999999996	2.1956439189008137	23.70152895072741	22.969356358852213
0.08499999999999996	54.023274052461545	24.772603893680472	22.817735905185174
0.08699999999999997	25.84256933535478	25.736001018399065	22.378330396349607
0.08899999999999997	45.186323738510836	24.300372542423872	22.04021737615816
0.09099999999999997	0.3611004273373908	25.27625217539491	23.12688678716978
0.09299999999999997	9.51766642431906	23.749800929907853	22.35245239349987
0.09499999999999997	1.309293588658278	23.45038234754234	22.53658396285532
0.09699999999999998	28.20826827409917	24.875395220573655	22.13259141647597
0.09899999999999998	25.551795257650056	22.061950623279902	23.332768414206654
0.10099999999999998	0.8012494645548429	25.715750093928055	23.39183329418716
0.10299999999999998	35.901564886309245	25.429474877967635	23.61103871822229
0.10499999999999998	5.113159205372142	22.13497426936979	22.95925808811648
0.10699999999999998	15.295489956379527	24.851825190411773	22.81130592509427
0.10899999999999999	31.44792680775943	23.26006888043331	22.719932417506694
0.11099999999999999	35.80799905344989	24.609893883551685	22.230688342607312
0.11299999999999999	54.44284387956522	22.507846127010346	22.637961381955378
0.11499999999999999	36.59357847274336	23.885600729017657	22.440152236271878
0.11699999999999999	-4.006566700853753	23.806711572679994	23.232759952575496
0.119	30.68898717062396	25.875849544073798	22.559302506922723
0.121	66.63218638625068	24.504260391289627	23.218193151014205
0.123	33.96468130900665	22.749891047054902	22.589898507531483
0.125	62.51977215088189	26.799792587631732	23.21234812716363
0.127	12.459015262811235	25.270647850434592	23.095298519327475
0.129	38.742377469480616	23.003059991196494	22.602420792467672
0.131	35.24726065440298	23.778530849392233	22.658203665408845
0.133	60.11123607008173	29.861817163490795	21.952524062212
0.135	0.13522519082265205	25.761842946243764	23.21086350600057
0.137	50.62014550705207	22.424166620207675	22.973262867794094
0.139	-3.766350812228758	23.983400163432503	22.88356938955007
0.14100000000000001	19.57448739675627	26.908003253167173	22.59045368686859
0.14300000000000002	21.94303345870452	24.99754991023085	22.44297911496273
0.14500000000000002	19.385466985433197	23.847351585143365	22.59001989448153
0.14700000000000002	40.41285739275757	28.51978176148313	23.389453746648016
0.14900000000000002	-19.89194785378956	25.823433743470645	22.74542032667685
0.15100000000000002	-6.38967839627913	24.108292473955796	23.365745825898962
0.15300000000000002	44.58972050169763	24.49282675311584	22.833484134640006
0.15500000000000003	66.10873060997058	23.32237187912646	21.91364171092556
0.15700000000000003	32.599274194078376	25.974466783587065	23.354710727693444
0.15900000000000003	-12.758903171317115	22.71282889591837	22.67588096429934
0.16100000000000003	28.33939773316807	22.257184861927122	23.020345589181044
0.16300000000000003	22.66322856736558	28.011404011392703	22.98500585716933
0.16500000000000004	35.343985747449125	27.916611511482895	23.109341724458396
0.16700000000000004	43.097484169640765	26.557966628022687	22.670955283296696
0.16900000000000004	40.196003273873515	26.312804678035338	22.907885634520838
0.17100000000000004	27.26082982840161	23.740654543371964	23.032182461570162
0.17300000000000004	-4.109969485743825	25.760740436853872	22.5798809137081
0.17500000000000004	27.121395023144146	25.74332039539519	22.892588003267573
0.17700000000000005	11.606816993081637	23.923622521366852	21.916245132102915
0.17900000000000005	6.592801637506085	24.90294706424774	23.003191460047162
0.18100000000000005	-1.8463603069784895	23.09493248279034	22.578417392003978
0.18300000000000005	27.482973083525764	28.75436394831649	23.131356862295018
0.18500000000000005	4.906508680235788	27.831182437848785	22.34780372002603
0.18700000000000006	17.402837696689488	25.321356058295507	22.867472590984846
0.18900000000000006	30.19104792789662	26.112349765583783	22.451063915514066
0.19100000000000006	12.194026778322709	25.42933599881836	22.933691441287483
0.19300000000000006	-13.88204742047705	25.87416495112619	23.298614181861133
0.19500000000000006	10.030673732286388	24.719690719336064	22.50555628910565
0.19700000000000006	19.1466277204011	26.207726912037653	22.371805011065355
0.19900000000000007	30.168665966723296	20.535865249051014	21.86259882296026
0.20100000000000007	51.431042655814	25.15751556086907	23.151642374634076
0.203	16.60103949752134	26.482680246724627	23.070149046988693
0.20499999999999996	28.327079840240188	23.103442271630232	22.788856763146832
0.20699999999999996	4.016933841999304	22.563727505880653	22.61965684661123
0.20899999999999996	49.598350079227416	22.837286683773257	22.946151929580875
0.21099999999999997	40.27382684168579	23.711353866449446	22.779133053609634
0.21299999999999997	2.7012824950212178	23.941633356343186	22.999977617124305
0.21499999999999997	9.174924668675644	20.13290008473202	22.757446426607846
0.21699999999999997	-0.32814466155439703	25.075404768773616	22.86466785772482
0.21899999999999997	40.13315317585864	24.464129096945413	22.300920125256688
0.22099999999999997	14.206897164470433	25.992606305470865	21.996091954735032
0.22299999999999998	51.84503270583285	26.791490170163343	23.222908974035267
0.22499999999999998	36.44291194526694	20.782211809888366	22.292738730895792
0.22699999999999998	11.297928457443263	28.37143899887492	23.238504235769604
0.22899999999999998	15.421130152404317	23.318804623981894	22.89254449807258
0.23099999999999998	3.0711451350917685	25.46795212873361	23.21601421440182
0.23299999999999998	22.540471779075588	23.865495139198305	22.293524932928648
0.235	-22.46219357449064	22.205250628191767	22.90757459492573
0.237	22.34230463904474	24.14073614101245	23.376328797373347
0.239	34.279291129424294	26.140068700077208	22.77914281939484
0.241	52.75170633312065	22.817270311474957	22.555029197383245
0.243	16.379138946032157	24.28580355500219	22.425642542523338
0.245	23.083355192632382	24.599114926567918	23.165040592979103
0.247	27.94591869448304	19.782420732548243	22.20618799129623
0.249	55.27917081504796	28.4597513983021	23.186899333128867
0.251	46.47416307168584	21.927372264498185	22.29348953651789
0.253	8.15410620491619	25.579958015866556	23.032154855547727
0.255	15.204468508223101	23.645207402317318	22.781022331168156
0.257	22.056821405103122	24.654151973853832	22.629989759400733
0.259	9.168018402450073	27.45039608978655	23.195721361750387
0.261	38.9626844439217	23.12845293084728	22.813935793536118
0.263	39.635079959632336	25.68944645212431	22.63149815475224
0.265	19.296399288215582	23.750953073810393	22.493911715231004
0.267	65.36959085989835	26.806599481869796	23.186468918749235
0.269	21.705446655362337	24.08453500828181	22.28958995850067
0.271	-10.6671909251288	26.608506914024307	23.13024663110115
0.273	-18.702547384341628	24.973238709895053	22.617553241045233
0.275	13.08173886238606	27.514407501772638	23.8993763568255
0.277	26.780805241877204	20.75302384895916	22.856591406685883
0.279	48.66496241873186	23.48472425547252	22.989541315215245
0.281	53.14067204342798	23.94340602785402	22.65436124679128
0.28300000000000003	24.584586183262758	23.278916781568544	23.106099183887558
0.28500000000000003	45.298834984164316	26.01336282397003	22.447000166942534
0.28700000000000003	13.823929401191037	23.567185620781267	22.48964858600497
0.28900000000000003	8.706136833902534	26.057107005335773	23.687696876385992
0.29100000000000004	12.418800563906984	23.833038296401845	23.010611414592233
0.29300000000000004	-5.413662068631808	24.03293224655592	23.629215582546777
0.29500000000000004	3.7170961482146936	24.7721873208947	23.30435128482371
0.29700000000000004	22.877963595790973	24.4440829229902	23.60575954634119
0.29900000000000004	28.032802791067013	26.814249742868473	22.894578834353783
0.30100000000000005	-3.104195805181398	23.332196064747595	22.840575260427716
0.30300000000000005	32.47928855620863	25.49882003884556	22.982705507342306
0.30500000000000005	-2.697708688437217	27.562735591377134	23.118565944797005
0.30700000000000005	17.626278889126823	28.71977195359921	22.524151082077132
0.30900000000000005	16.58599132858818	26.062091224823686	22.508226666217578
0.31100000000000005	-16.297539947252027	26.612738726720284	23.361756230309236
0.31300000000000006	13.039439117790153	25.497297497215822	22.85082198035024
0.31500000000000006	29.3897598304671	24.309296939771475	23.626613769661226
0.31700000000000006	38.2822769611213	26.568859077786975	22.444364531508192
0.31900000000000006	9.027145209117293	24.435611817500003	23.510198695657213
0.32100000000000006	32.046876199176566	22.58937415975835	22.71598889372765
0.32300000000000006	-30.443167339466726	24.726224630653128	23.226546031160414
0.32500000000000007	50.677542136279286	25.901849172629536	22.607229975185536
0.32700000000000007	45.87821402268766	23.348545089217584	22.972560291427385
0.32900000000000007	39.09022780668181	24.988274978728843	22.45665740073957
0.33100000000000007	-17.5492377860742	29.189361002131946	22.938042837261488
0.333	-31.917395409752913	23.09995641119116	23.088908589085243
0.33499999999999996	31.553847338994245	26.06857740137482	22.868952305836274
0.33699999999999997	-12.938214005608906	24.18475493301248	23.31224137562223
0.33899999999999997	48.20155526252812	26.404836375814153	22.566737690523723
0.34099999999999997	26.44835297660464	26.99637340254333	23.61438472496076
0.34299999999999997	-26.805116918771077	24.172517622719184	22.78187934718093
0.345	22.451659660305268	25.03859848349105	23.208632854688982
0.347	37.827668631251754	25.450493064660247	22.284760305858523
0.349	12.521100629658832	26.13344779863662	23.069943770835444
0.351	1.5536081161560134	26.12430645866905	22.43782214089014
0.353	35.87780628122594	25.61398284704595	22.306693345526945
0.355	-3.272462936854126	27.770848369000614	23.07622042784541
0.357	32.35036429782845	26.906281823965497	22.391375929749437
0.359	7.853890641396077	23.000525168251	23.504943789769197
0.361	8.215751191809062	23.178519458091632	22.66776434095605
0.363	19.478085053314942	28.052955566917436	22.9174295502638
0.365	13.10484867911299	25.31901674190113	22.530464863691357
0.367	69.8002936059261	24.789240262724366	23.30574509963295
0.369	18.659404056764473	25.875796804260265	22.806513266363794
0.371	18.404200018640182	23.96694338803082	23.185031197694936
0.373	29.81936996770962	24.42385366044054	22.695528591217936
0.375	9.063983337664894	25.762660180404264	22.434163288868106
0.377	17.91455202404535	25.502270454551358	23.661094341848038
0.379	40.639811632381395	26.037881805832487	22.584757561668244
0.381	29.57288355487364	22.40626716114841	23.404246600023733
0.383	44.56055333168507	23.581240385369995	22.978265130671087
0.385	9.434259061302797	27.744003960044555	23.471343431229773
0.387	4.604950743836156	23.679105130313	22.41417467002022
0.389	-1.9655159014808632	25.44334542223159	23.646469277923906
0.391	-8.325816055032575	26.0371000265015	23.01139412175351
0.393	-9.047114184479454	25.588597751731804	22.77492513693829
0.395	7.973430715679797	21.8059553531875	22.158382017718
0.397	29.352906882218477	22.714370443323414	23.26234743931308
0.399	9.756290246576427	26.791129541184603	23.204244342651847
0.401	10.662489303259193	26.99283223472545	22.553343011174768
0.403	-12.4470038922464	24.97595313812031	23.29028942590173
0.405	5.783593526098585	22.09442861540648	22.334510265714854
0.40700000000000003	41.735840132339774	26.853127858991684	23.284283643107244
0.40900000000000003	16.010525845322476	23.594140940671338	22.28001736411705
0.41100000000000003	17.15317047801257	26.169399279325	23.095115027370404
0.41300000000000003	28.389851655763465	24.419478019162096	22.95668540320168
0.41500000000000004	-6.272700479592608	28.10081165489061	23.231431539389558
0.41700000000000004	22.061566973485824	24.343137047153203	22.511590454692403
0.41900000000000004	44.59761488706526	24.96734930413466	22.523291252079513
0.42100000000000004	-30.720916075033244	30.50064777099848	23.325485614362222
0.42300000000000004	46.132458845660196	25.91205324555063	22.47375809976602
0.42500000000000004	23.469317826485536	25.699165663811378	23.2973974994636
0.42700000000000005	30.51604715920142	27.3201997960694	22.5394619537016
0.42900000000000005	23.53662546594748	25.759945913442746	23.151154247039965
0.43100000000000005	-22.50583738883094	23.01033346267645	22.889601697209066
0.43300000000000005	25.38486637759796	23.38393193818788	22.61619651169479
0.43500000000000005	-6.327375307813021	25.650097504386533	23.186140598657214
0.43700000000000006	56.0189650788967	29.14195988033366	23.630721397270996
0.43900000000000006	65.76471545227669	23.429246493397134	22.18089207367823
0.44100000000000006	-5.393873366954516	26.978605989396197	23.009600344287293
0.44300000000000006	41.23616349560599	25.456043119117812	23.00836750504552
0.44500000000000006	23.068537590598126	21.842017091519374	23.229253109462963
0.44700000000000006	26.81127693815455	25.634237476231267	23.474744528004056
0.44900000000000007	21.241438013852587	23.401080081265977	22.56888797283664
0.45100000000000007	10.411801918408514	27.463508458042636	22.715777125171837
0.45300000000000007	30.122341928118246	24.85415204370077	22.98999506215688
0.45500000000000007	9.750330330682289	24.007219093636472	22.861989160313154
0.4570000000000001	-1.9783497516856485	28.440023087454993	22.853733849454624
0.459	14.118648069549877	26.118172066369656	23.417341373429913
0.46099999999999997	58.82354040709359	25.3746373257871	22.104521184338864
0.46299999999999997	36.317422058340654	21.983324431331273	22.824758669152992
0.46499999999999997	0.11825352208560957	23.61874091829541	23.13074424459189
0.46699999999999997	-0.3805161650216604	25.500732435247652	23.25203124149737
0.469	25.219453928748692	25.762774149959835	22.94561719527353
0.471	71.99599796314793	25.78156675164248	22.981577179062743
0.473	3.5152228285983966	27.281583580400863	23.489905177357638
0.475	29.209108290073615	26.896973869909917	22.746827802946985
0.477	4.677198720548503	23.31815218571587	22.911284573596266
0.479	2.966440941332138	27.413283832496752	22.82538180364313
0.481	51.83067591074675	25.48033010822739	22.990447297636777
0.483	31.95484632700918	25.40592078622111	22.016066414741253
0.485	20.058173052506234	25.465675823880215	22.535079152272942
0.487	20.687756686843528	24.824819561003192	23.06680409440711
0.489	-13.472558469507234	23.331340791066	22.95851804965685
0.491	13.257002508648696	24.719952085456416	23.03115629545339
0.493	-32.20064697473379	25.553076732377626	22.546281560298812
0.495	42.967737368559966	24.88021080558491	22.967144308773936
0.497	42.253364295641305	24.58896857647431	22.953224606808345
0.499	11.330716973789734	28.30013999676879	27.484799768919203