-0.499	-10.189622485778926	7.016151667304954	4.700963867098373
-0.497	-9.105355137206672	7.336734403743275	4.615851220300063
-0.495	-7.152354271844352	8.231054469149331	4.7600579503069795
-0.493	-11.283214389701257	7.448390748316061	4.592490441752809
-0.491	0.23668346260663498	7.243845448880422	4.735137811286327
-0.489	-0.8937208779702388	7.177261618985375	4.850782275969558
-0.487	-6.099989696584096	6.953285634651757	4.410750508338134
-0.485	-2.9613390671867634	5.630925610705637	4.828477164595058
-0.483	8.902808075417212	8.796172408432742	4.70267272388321
-0.481	4.53791486432209	7.400221805531331	4.56401297225703
-0.479	0.8823293038418001	6.012744258009116	4.565086699544807
-0.477	-11.10114919999905	7.602768827300848	4.764414587463061
-0.475	5.570855192926771	7.324236006032336	4.736062116412572
-0.473	9.002947679137563	7.820751226757614	4.595323693709419
-0.471	-4.7515846879342405	6.3422273986065285	4.611195968305933
-0.469	11.30478606770069	6.034688966554492	4.735605825240049
-0.46699999999999997	-3.3460563634291063	7.6600545250373235	4.677289505687105
-0.46499999999999997	-0.483842266585377	7.299710989439471	4.824646514477053
-0.46299999999999997	13.907632719245555	7.297959329458904	4.6729852681225434
-0.461	-4.237786443983538	6.604835452790094	4.5633714455167524
-0.459	2.3067146066590993	6.9979885683243035	4.795393131002217
-0.457	4.384743576668626	7.1198243760571955	4.616147427073157
-0.455	11.368517184529026	6.110393299753776	4.675901674350925
-0.453	-1.3229370009470998	6.420998201184021	4.536073888698956
-0.451	-3.6167923901375687	6.9277023909258375	4.863035618500087
-0.449	-6.490541619719181	9.019640992086261	4.652061228115059
-0.447	8.93768474075074	7.346228700416228	4.613200232034357
-0.445	4.542372399329864	7.233691878070573	4.651185456071479
-0.443	-0.1680242139867616	7.731269688042568	4.769288315210878
-0.441	-5.487660518888049	6.945775769796408	4.537268200297305
-0.439	10.133017947833167	6.433593231932375	4.730964478344318
-0.437	-1.0740696649857995	8.246539395971325	4.510793503914229
-0.435	9.237731306788177	6.54736286474667	4.564695996198367
-0.433	1.8364756584343667	6.744207047461165	4.647324445901614
-0.431	2.0634156243648505	6.380263884918629	4.957877237311718
-0.429	4.347729429587943	6.98884321838238	4.563157160783504
-0.427	15.423640013834117	7.823896510441081	4.798350945909758
-0.425	4.61953907726631	6.87369385787469	4.593629697284186
-0.423	2.4791947923485935	8.415309866713542	4.8926143790485135
-0.421	9.898979147049403	5.747548993982643	4.670798665775383
-0.419	1.6199440435737955	7.567789305013589	4.484278670098792
-0.417	-0.28324081924324673	7.589669254432506	4.597227027164288
-0.415	-15.505470623011774	7.116055519307035	4.648892611639942
-0.41300000000000003	1.4809643433810749	6.125211019046189	4.756535087395914
-0.41100000000000003	11.162168077616386	6.673701642081903	4.536772877362599
-0.40900000000000003	-1.4159697424576123	8.834745448165087	4.831542841643907
-0.40700000000000003	0.37033240474215745	7.53699140989926	4.485709636178014
-0.405	13.530822914553653	6.136771389597865	4.562856205140154
-0.403	0.04932675601310166	7.071333774318452	4.620392912648864
-0.401	0.8340085115854379	8.47603121002611	4.568794454498881
-0.399	-11.851729630807384	8.712932324561425	4.62036476513317
-0.397	12.002262337551528	6.1134414820657295	4.514547873188842
-0.395	-12.169411425233534	7.560345269640794	4.644182749553401
-0.393	-1.1285051002563051	6.535024663846988	4.6844660551138135
-0.391	-3.7256089819859284	7.300268204400977	4.731691536908917
-0.389	9.545872142302514	7.240691176130703	4.5905665045691775
-0.387	7.460064006314937	7.0622795579144135	4.706441226878425
-0.385	5.794705046024973	8.600003756718738	4.710316294305299
-0.383	-3.6013071504914507	7.001753348035063	4.7328731175260685
-0.381	16.18853621021543	6.485349541538594	4.616545171162787
-0.379	2.7686513872637875	5.87874992951218	4.704030157007013
-0.377	2.267029149072286	7.583483631564022	4.678110541253423
-0.375	-13.956826218408658	7.928192620505425	4.706085788779068
-0.373	-0.47239295064560594	6.361833718309783	4.625660025061733
-0.371	1.1206069401303864	8.100891794257398	4.646522894695125
-0.369	5.217289548609116	7.845454932256245	4.674737250437842
-0.367	-4.748942317722715	7.44734102782942	4.681560536644423
-0.365	10.258042165922632	7.14329674140279	4.7330919683815145
-0.363	4.343634767423055	8.464315719308892	4.565166111696684
-0.361	0.35671377562884743	5.9724117618472246	4.64515400238518
-0.359	7.464946630397762	6.396831943925881	4.619871214142634
-0.357	3.780032932665378	7.499789851480209	4.651363234743462
-0.355	5.9698944725461445	6.800395741182652	4.559698973253499
-0.353	-9.750681913112125	6.9787379023029334	4.433975600576029
-0.351	5.470542483898555	7.385460255729229	4.705389519329564
-0.349	1.236494529655019	6.605678324109375	4.649524015854897
-0.347	20.709834655407988	6.976847782169887	4.638523248988395
-0.345	-7.110646414454358	7.972968457349879	4.615851647907019
-0.34299999999999997	4.352401516083404	8.128457609056689	4.86291526136914
-0.34099999999999997	2.258029293100705	7.318498147623333	4.823284397242095
-0.33899999999999997	-1.421447169636103	7.5241342884435705	4.675488448141296
-0.33699999999999997	4.427314993282749	6.322174380454869	4.561772990713594
-0.33499999999999996	17.588365737619682	6.836533176914878	4.962739850332921
-0.33299999999999996	-17.22653643809746	8.251458418150095	4.677309176357975
-0.33099999999999996	15.226221594666356	6.946435924631723	4.6432241829999965
-0.32899999999999996	0.06995354184802238	7.193173393462259	4.670410542982949
-0.32699999999999996	-1.250969735355767	6.762173963560089	4.712144745982395
-0.32499999999999996	-6.738048494048243	7.661852531835093	4.645233561929366
-0.323	9.75860416851937	6.272396133957294	4.67283206033929
-0.321	-1.1729079512079466	6.884424337452962	4.730803179521878
-0.319	12.91319718155215	7.5304862264531485	4.48548260426539
-0.317	2.678839999825655	7.09062123287693	4.564489010178937
-0.315	4.98909773449796	8.64410858210614	4.59302184824091
-0.313	-6.369683840157236	7.31560319004556	4.648866104725694
-0.311	-1.2964813198568237	7.342876876530119	4.489528150117453
-0.309	-8.418432702717027	8.042419031500502	4.793601229856181
-0.307	13.046211643663597	6.417544839782053	4.79202325605023
-0.305	-2.9195923594294015	6.634834675377098	4.645603612807309
-0.303	-11.49329788441289	8.492042152074436	4.8669547140669245
-0.301	10.534099917913764	6.96144501227217	4.6781575992804205
-0.299	9.264281360499282	6.546270702013097	4.620316930132335
-0.297	10.282120018745289	6.813163236016985	4.617507082241208
-0.295	-1.76672324481153	8.02802505104307	4.9226017938110465
-0.293	4.853081378541901	8.254841502900826	4.5702064755732055
-0.29100000000000004	5.218795029682255	7.141160394609729	4.7046340844262495
-0.28900000000000003	10.788750970824879	6.901400253310363	4.670394909745358
-0.28700000000000003	-8.72530626327972	7.811764690861264	4.592876334387069
-0.28500000000000003	6.1602651466596825	8.386730685447695	4.9651504252860885
-0.28300000000000003	-1.7923322996882263	6.214528341848507	4.643605083606555
-0.281	25.887679247382778	7.9499398749519985	4.646585534831299
-0.279	4.11348307527426	6.000818984237463	4.677575385464974
-0.277	6.565622922227732	7.872885895673778	4.8661993179725735
-0.275	13.733672086457815	6.385083673947374	4.735019176423923
-0.273	21.336995475129683	7.159061371943879	4.960419916149022
-0.271	1.7673138699159097	6.417218365808966	4.533185164581141
-0.269	10.625190870694468	6.200767167373713	4.708965281001107
-0.267	11.9153667728078	6.7648824601251025	4.767733307530917
-0.265	8.721790903498672	6.669619605439937	4.731426441918887
-0.263	1.3462209556003302	6.2591667160892195	4.64580513773496
-0.261	11.274401324756766	8.030978911679309	4.571100832105087
-0.259	-14.124388658331988	6.690850330144662	4.729041373033592
-0.257	-9.3053452965286	7.576485324019239	4.595602704664248
-0.255	-0.5871572831273042	7.269198113633517	4.5630827711106186
-0.253	5.895522712462409	6.824228332402508	4.590272609399324
-0.251	-4.833707637708073	6.133174925292636	4.7057695112086275
-0.249	3.150225209136437	7.946965468012574	4.7721033350692
-0.247	-6.393802400306292	6.165447038567393	4.482778956964263
-0.245	2.0071581485758827	7.601063147259386	4.764026704702741
-0.243	-1.4133891422796196	7.075308121739149	4.566442421779824
-0.241	10.55617117518004	6.804351203014687	4.796153751270345
-0.239	2.095793555145775	7.002483562410529	4.539399246920712
-0.237	7.154188390146032	6.238567074065476	4.615274843677509
-0.235	4.537688136574403	7.08400811750077	4.676555562457988
-0.23299999999999998	-10.922383678391157	7.74225908114682	4.862340622532944
-0.23099999999999998	-7.985916320008002	6.709261258678987	4.8547892815812395
-0.22899999999999998	10.253980473828861	6.825119134343102	4.513912036831845
-0.22699999999999998	5.47380626314542	7.357413394559129	4.739987480567356
-0.22499999999999998	7.03467807161573	6.984913339957351	4.538457033701666
-0.22299999999999998	2.0750721314577447	6.706733230572794	4.676089774153222
-0.22099999999999997	4.464929261871475	7.307399148971935	4.647304096747983
-0.21899999999999997	7.284133631824119	8.382464316838012	4.7096922922426465
-0.21699999999999997	-3.970091698834999	6.293536635391689	4.511112981102448
-0.21499999999999997	-2.0374700300251902	6.694402587044922	4.708616350790445
-0.21299999999999997	4.940028206501523	8.093270216376881	4.458401841672013
-0.211	9.65551522780217	7.511702208015764	4.650338497470842
-0.20900000000000002	-2.9487873735023484	7.347867295043498	4.620684632218327
-0.20700000000000002	12.344521388651941	6.216347896133997	4.6163451650827305
-0.20500000000000002	10.247026629217615	7.140849638371918	4.537944195594177
-0.203	1.633703908154871	7.434035945435167	4.8949038238560245
-0.201	-6.876534910382759	6.7447057916212	4.763896437414196
-0.199	9.717961227062588	6.7149145424600825	4.741245258510036
-0.197	3.5686214898689173	6.960919402201568	4.484388803416618
-0.195	10.762579741196987	7.65658281253612	4.8636886882472785
-0.193	4.916847099911692	7.904856749408488	4.8596830016346955
-0.191	5.074778700375759	7.214977538874925	4.8288342501218615
-0.189	6.1214551811961115	6.632788487953825	4.5052207235424495
-0.187	6.308493992301933	7.928336996961928	4.766347593717956
-0.185	-1.9707486432762877	6.837688886501903	4.858278219966896
-0.183	-2.8739942917743733	7.31235487204552	4.8249420833819885
-0.181	-0.7860737706311127	7.359847564446418	4.512939575638779
-0.179	8.80134283942624	6.179472892862967	4.539671866350403
-0.177	16.657943779474493	7.146028643133087	4.734385352198315
-0.175	2.6614663548585327	7.359537196078895	4.7127844843123485
-0.173	2.3988453656809128	7.427239382635743	4.794074771097861
-0.17099999999999999	6.643517138416044	7.97830476557466	4.736079654320032
-0.16899999999999998	6.508602089505544	7.284591130081991	4.682652874379821
-0.16699999999999998	7.09334501758363	7.531924385626718	4.796337584588458
-0.16499999999999998	7.392327908251062	6.6172256456710725	4.641873770718176
-0.16299999999999998	-0.9347519662750159	7.731988952974945	4.567360957924276
-0.16099999999999998	4.181148318904704	6.839307061415962	4.714663388141678
-0.15899999999999997	-0.16204616437587305	7.200196368002029	4.697972078918782
-0.15699999999999997	5.650703470250207	6.351115808933157	4.595767880525138
-0.15499999999999997	10.013719752510752	7.8291033673729995	4.620340449887103
-0.15299999999999997	-5.098232312650275	8.243409207657272	4.9286734708582465
-0.15099999999999997	-1.3075583047417183	7.972723523482003	4.761540820043569
-0.149	4.233423811283998	7.244653474116849	4.739811091706064
-0.14700000000000002	11.331267802727751	7.7478315788862995	4.588021806404994
-0.14500000000000002	0.550120084819028	7.218798530966782	4.735702391694387
-0.14300000000000002	0.41552382490372963	7.321685518065757	4.621634539913739
-0.14100000000000001	2.9293574146382895	7.482307980019176	4.764035208571489
-0.139	0.8115881366954625	7.10899248839724	4.51166310096355
-0.137	-1.2019118835748799	7.214759563762894	4.7656378076783765
-0.135	-1.861113638534917	7.594509924131907	4.703775645272738
-0.133	6.817387396162999	7.264052826957149	4.568534924454015
-0.131	4.939785354318715	7.451266648120103	4.590007681679283
-0.129	1.5104960293665926	8.307798034354454	4.832199962154791
-0.127	-8.531175338610808	6.16440906789714	4.8013151136666625
-0.125	-0.7354591220476436	7.566100430608335	4.863052899007
-0.123	5.668094496869003	6.669740383120378	4.562311357262839
-0.121	2.438090457523856	7.566853136914641	4.765798806765457
-0.119	1.8337559510861468	6.231563673994411	4.620237587950331
-0.11699999999999999	7.262577675692938	6.194228213466316	4.892814099302618
-0.11499999999999999	-1.2309169211688342	7.021940749830883	4.671710640370404
-0.11299999999999999	5.215698130722757	7.226491814219229	4.617279437516168
-0.11099999999999999	-3.0146666152308654	6.291267821602028	4.572012317008635
-0.10899999999999999	-0.41382346549490023	7.214731736638032	4.593366434518585
-0.10699999999999998	8.673486874943848	6.526147005281442	4.6691281989995135
-0.10499999999999998	9.960776294892781	7.11540648923413	4.732242498448514
-0.10299999999999998	3.8412319938174733	6.116054597519653	4.806347692288875
-0.10099999999999998	-4.3966684174501225	8.230467474326002	4.735074828227395
-0.09899999999999998	5.690793875023914	6.96091258872234	4.761870599712073
-0.09699999999999998	-14.843652742513314	7.676431476167835	4.648259941706563
-0.09499999999999997	10.407280793600648	6.254742854602203	4.708436975633602
-0.09299999999999997	1.6385162380228024	7.614080219259439	4.6973045554737505
-0.09099999999999997	7.7268853460044085	6.581759711064638	4.889533148924419
-0.08899999999999997	-1.2590765965381223	7.854819911769277	4.822532983364284
-0.08699999999999997	4.167549935374382	6.760383895812813	4.520014785968288
-0.08499999999999996	-15.841428234741883	7.843905087739227	4.823781637743982
-0.08299999999999999	15.161152326914618	6.659212505242016	4.823338839113967
-0.08100000000000002	3.4375369573069747	7.143574109625902	4.509480121317084
-0.07900000000000001	3.877213753611386	7.2819099996331245	4.652304580021008
-0.07700000000000001	6.676939455552144	7.316911593425375	4.639121381378704
-0.07500000000000001	5.057854722823052	7.569629469308475	4.5651286038939585
-0.07300000000000001	7.214767188346016	6.1523228902795815	4.616502983246812
-0.07100000000000001	8.076581944571615	6.839539944055902	4.711652511746799
-0.069	0.4211369903917017	7.884919678060654	4.64071990502374
-0.067	8.470281679162639	6.005928999718067	4.796397654957771
-0.065	4.45948795047002	8.225814128079369	4.558883740586061
-0.063	4.027294991493235	7.563124258345201	4.869715099260394
-0.061	-11.098246335161654	7.685528930059102	4.76683402077866
-0.059	-8.0449121663273	6.264431742161809	4.732369596142886
-0.056999999999999995	-2.2715123974004214	6.501733703503866	4.487114027387546
-0.05499999999999999	-9.141705616055873	6.591259697624652	4.740949457067056
-0.05299999999999999	7.471831817040808	7.098565324110496	4.733985181768136
-0.05099999999999999	0.5880939815128272	7.940213263637101	4.890398918904288
-0.04899999999999999	-3.088116310889788	6.921049069301574	4.67978104432856
-0.046999999999999986	-17.406760618676742	6.706121976151231	4.741047265772906
-0.044999999999999984	12.293346375757963	7.498636699708482	4.966795095441604
-0.04299999999999998	4.3656270072300885	7.085125724391137	4.7042339829317585
-0.04099999999999998	-13.43717367841002	7.638236633497146	4.704761200446314
-0.03899999999999998	3.440440448310156	7.891841680482141	4.803319429470067
-0.03699999999999998	-1.5326156423967063	6.407393338945154	4.965787173900159
-0.034999999999999976	-0.7110360328299592	7.824607103758555	4.565735949211364
-0.032999999999999974	-14.043610229275139	6.541514975432507	4.650374685069197
-0.030999999999999972	2.9963753347406197	7.024091850183127	4.798217080758137
-0.02899999999999997	-4.616181512040463	6.791665492944028	5.235880187773734
-0.02699999999999997	-5.930685339494701	7.295482092781971	4.758953910973138
-0.024999999999999967	1.3585950995320673	6.72926060780738	4.892631960869928
-0.022999999999999965	-6.2297332913408	8.167400881163829	5.953125815437175
-0.02099999999999999	-1.884116858641427	9.338098567687044	6.9540536929156715
-0.019000000000000017	-5.07749186395845	10.379731630228479	5.477423460580082
-0.017000000000000015	-279.23293945508743	18.715231725964088	4.539142290886899
-0.015000000000000013	-1272.379917888089	48.40426074522515	4.827803878808039
-0.013000000000000012	-3024.597731553391	76.09282120613713	4.642996186720019
-0.01100000000000001	-5668.428426852334	94.03912143607926	4.634579135631161
-0.009000000000000008	-8461.170446961929	92.19503272116972	4.68926910755489
-0.007000000000000006	-10952.32775017274	67.44956149460364	4.593587474440607
-0.0050000000000000044	-12706.460854105428	46.487395445756285	4.631323602057253
-0.0030000000000000027	-13774.922364269582	23.35591384545079	4.435127064856527
-0.0010000000000000009	-14161.890124720467	8.553039963098431	4.505978451597098
0.0010000000000000009	-14161.093570699722	9.602434405404335	4.360678471523891
0.0030000000000000027	-13773.418812696447	21.6685053343328	4.620877591415068
0.0050000000000000044	-12757.96823837938	44.22757446241569	4.485736955649812
0.007000000000000006	-11013.88221279953	68.28428258314375	4.566564586725245
0.009000000000000008	-8447.104605935674	87.93095366997439	4.627092889237628
0.01100000000000001	-5715.651343892958	91.58374768550112	4.552555589429991
0.013000000000000012	-3041.889453479163	73.33268292800996	4.566116224153388
0.015000000000000013	-1211.3363062110639	44.885385928645945	4.763088768284606
0.017000000000000015	-294.91323046226813	21.28076991456524	4.821791233142355
0.019000000000000017	-17.749919660969837	7.784043032625577	4.830268766791102
0.02100000000000002	-0.008105231041888317	6.678431381098977	4.712045170340168
0.02300000000000002	-10.07722233337116	7.542820969356687	4.7036471776904145
0.025000000000000022	-10.318514920615307	6.915511959974493	4.561092745077678
0.027000000000000024	8.17967619348714	7.11648436047753	4.596793189967482
0.029000000000000026	-5.670126143497711	6.790980446233137	4.894428712980284
0.031000000000000028	10.187531835459396	7.2192513061124535	4.591786554893936
0.03300000000000003	4.808063887473679	6.022663192826078	4.6499885656714275
0.03500000000000003	0.6340814582284082	7.997109458287869	4.645778204690914
0.03700000000000003	6.363424626565362	6.369131483402549	4.709878630397693
0.039000000000000035	4.057205447161039	6.4280461369912105	4.6768534705003315
0.041000000000000036	2.321207716704521	6.657525107134968	4.6177449898253915
0.04300000000000004	-6.024811365024085	6.975354828658903	4.5140202186527025
0.04500000000000004	13.69109632332055	6.684528042389836	4.8012881182338285
0.04700000000000004	-3.660339365829657	6.126254656374903	4.761232254604624
0.049000000000000044	-0.5553663532387176	7.347086091063588	4.650823689351108
0.051000000000000045	2.9851595717556023	6.3291940246333995	4.647503269384144
0.05300000000000005	-8.798006124965951	8.147896073034964	4.860212273343377
0.05500000000000005	3.567906952772759	7.267569550118208	4.487455841630704
0.05700000000000005	13.849104004259871	6.7613773876808825	4.621264643415969
0.05900000000000005	10.003163148031291	6.540026090316275	4.481905778688063
0.061000000000000054	1.0442769975416155	7.619293231051555	4.743134552979985
0.06300000000000006	10.062988397674388	6.292888547322965	4.619420324538647
0.06500000000000006	0.682423996867243	7.547471595661751	4.735441406472832
0.06700000000000006	0.7414948981487868	8.288323448102444	4.620168336538795
0.06900000000000006	7.425747848621711	6.748324815243561	4.652932935243681
0.07100000000000006	-13.096458656103316	6.1608244573758455	4.70842801120807
0.07300000000000006	4.961596501429355	7.829410842246822	4.461777502760943
0.07500000000000007	13.931589822213652	7.180214303113737	4.732988013026688
0.07700000000000001	10.039242081649746	6.965307529688005	4.654385117101332
0.07899999999999996	1.564208442106363	6.256764977225389	4.654478745217422
0.08099999999999996	-0.4073817490013454	6.724162593720524	4.537822433811686
0.08299999999999996	4.599605510469118	8.271848961975577	4.673097397913693
0.08499999999999996	-2.2072738405931602	7.664173981347476	4.6486398369808635
0.08699999999999997	2.0631727846165404	6.529009228098719	4.774902256115811
0.08899999999999997	-9.773924478650997	7.3936813636845065	4.825256945329685
0.09099999999999997	11.515813454821	7.092725145309379	4.890707117624968
0.09299999999999997	7.936489432092131	8.033989144187325	4.797825412233235
0.09499999999999997	6.42210809997934	6.475889611041267	4.543127373084411
0.09699999999999998	-9.827721789368304	7.1408024996656945	4.64819268453794
0.09899999999999998	3.9215635410094762	6.8596676748145	4.762336992236244
0.10099999999999998	-3.9612305008374094	7.638308318733432	4.796984712472733
0.10299999999999998	5.837536580788338	6.943931429355345	4.739126081582134
0.10499999999999998	2.748534189578322	6.911087721990956	4.702680207968996
0.10699999999999998	-3.1235721477118616	8.144650955437971	4.861039883031518
0.10899999999999999	3.785822840995934	8.06403390773867	4.593066247637908
0.11099999999999999	10.285913908836264	7.903426883265187	4.680708217572571
0.11299999999999999	-0.25631823741267823	7.664815141465584	4.514156239045244
0.11499999999999999	1.3130490665869132	7.578412697869865	4.769505809484795
0.11699999999999999	6.250303620225495	8.269852269132057	4.612015119240307
0.119	7.643441166660381	7.232409574526463	4.599600734276283
0.121	17.697370356062336	7.6358613183943005	4.739661496011562
0.123	2.083371960726055	6.9702878624346845	4.860270427402708
0.125	-13.382484819413065	7.32444728433058	4.560594607842469
0.127	0.8821018611104847	7.970943519582485	4.83933050387683
0.129	2.0037398382743987	7.371266314791499	4.736013634802313
0.131	5.185178054922801	7.026979008607851	4.621623119452302
0.133	-3.4786585018098393	7.311982281158444	4.621475084674293
0.135	4.928831999428951	7.132971319588343	4.679490905925644
0.137	-4.073512508639965	7.7164048267034	4.569263371356728
0.139	9.645733884955376	7.115421527115025	4.77045247583879
0.14100000000000001	6.789902969206452	7.5365467885346265	4.561952397377083
0.14300000000000002	12.086939947142383	7.864915373061412	4.737536921740265
0.14500000000000002	4.7783016128288835	6.586801068692863	4.683904913480812
0.14700000000000002	9.710483096281308	6.538704482812946	4.7005208979938224
0.14900000000000002	-4.796788430683208	6.888708420587975	4.618137355211705
0.15100000000000002	8.819025419048998	6.930977135185688	4.568041625139301
0.15300000000000002	16.299468977187814	7.119399672802096	4.649212557139148
0.15500000000000003	9.53171259632235	7.049121790111644	4.56345348309608
0.15700000000000003	-6.6855492398820715	6.013995923846109	4.6480657628272075
0.15900000000000003	11.313662491074794	8.027148765786466	4.615625438500768
0.16100000000000003	3.9955261461610547	5.950660684114403	4.647864015815758
0.16300000000000003	0.8594907945358443	8.43679625931967	4.650370102054736
0.16500000000000004	9.806012835511524	7.33914940246583	4.592771665412549
0.16700000000000004	4.175213249579812	7.722258855402367	4.566632144402681
0.16900000000000004	8.271545989257945	9.115258253757291	4.771280300618881
0.17100000000000004	5.750095520840048	6.497340523055435	4.5905874231232415
0.17300000000000004	15.796126134004496	7.345694593189738	4.7400291271816055
0.17500000000000004	8.181065374257557	7.448450660926527	4.673065846450421
0.17700000000000005	9.684468663451185	7.835067227392117	4.866266637000854
0.17900000000000005	-0.8482472227955284	7.350269331766981	4.677789933201369
0.18100000000000005	7.955957988858842	6.353867513593769	4.825916910131224
0.18300000000000005	-4.8173418681907165	7.757648521826209	4.758233493451596
0.18500000000000005	-0.01180259123767513	8.003192195457325	4.83220174854228
0.18700000000000006	15.455660846930286	6.772467389365806	4.568483692852457
0.18900000000000006	10.26807364334914	6.451533918501983	4.700337746690086
0.19100000000000006	9.72685445121968	6.245996137420483	4.537514059638058
0.19300000000000006	4.307429193106671	8.464649395833186	4.830162828602168
0.19500000000000006	3.9461886607305985	6.242819818642084	4.4889126384049485
0.19700000000000006	15.335991113696323	7.584524563923344	4.678703683102592
0.19900000000000007	6.999293549636576	6.1271224597608756	4.534640816912526
0.20100000000000007	3.0785183227077795	7.5485416900263616	4.650205858660807
0.203	4.22062252702915	7.790451785926361	4.8059843082979095
0.20499999999999996	16.82694700599896	7.210776096034701	4.729799844826343
0.20699999999999996	10.86442383679831	6.8152193036095525	4.485251792046595
0.20899999999999996	5.032145266259391	8.915986393396393	4.859567023797905
0.21099999999999997	17.239993664208697	6.076107928054668	4.618364151801194
0.21299999999999997	6.783901779883195	7.011283890745561	4.700168979221329
0.21499999999999997	8.420102920236872	6.577629352057443	4.64875912755598
0.21699999999999997	-3.609123783610002	6.864603636824856	4.669964783335147
0.21899999999999997	1.6012355925631994	7.10102729690503	4.6456391060437
0.22099999999999997	5.761940321757919	6.323593655161398	4.73171308301912
0.22299999999999998	7.3485217717550455	8.869389399572258	4.762092501850732
0.22499999999999998	-7.016636865531112	6.637991595598816	4.508536854933861
0.22699999999999998	7.41791047609297	6.668885537594422	4.681689913615212
0.22899999999999998	2.068577346303613	7.664781243693601	4.759789818429961
0.23099999999999998	16.010146998146624	7.141353170061237	4.568643943977667
0.23299999999999998	-8.429926566577706	7.394854101529181	4.563405681971657
0.235	6.392017925627158	6.550989733383966	4.709146477150496
0.237	8.039402647153082	7.665502317372819	4.759863093637378
0.239	12.934654778140597	7.207170998285555	4.412049729320993
0.241	-1.591406484258151	7.431938403019835	4.363413250456985
0.243	2.032786576622314	6.8721361540643064	4.770386628861523
0.245	16.384355170595555	7.921827927038678	4.57152813654797
0.247	20.034244561095704	6.677253324415125	4.642887030667552
0.249	3.302604174582058	6.354113739633582	4.453690687354112
0.251	17.034278601668618	6.863872688266437	4.709073125933738
0.253	11.219474089108061	5.688829574674395	4.623324971908349
0.255	19.211524730833318	7.876151769806477	4.738773644732783
0.257	7.4636887921197825	6.303475953746848	4.58531086067559
0.259	10.682949115992102	7.193526688320715	4.649779781321101
0.261	9.804238481292415	7.275089151170834	4.681079529186539
0.263	25.270581627490074	7.4900619431838455	4.485229410137541
0.265	11.161214746646664	7.452091811168727	4.532932382982659
0.267	9.543060526251423	6.977229293984531	4.622262665562214
0.269	6.072868867113002	6.309768480511311	4.5950458357827975
0.271	13.8755624643494	6.923748394692531	4.558907121031628
0.273	-1.0748810531646669	6.877039196888739	4.560496068585717
0.275	3.651677124905106	7.033416065931519	4.642019850244503
0.277	1.6225963086480277	6.287781787916275	4.678601768989271
0.279	5.995927583102301	7.073626521451669	4.7269392609731575
0.281	10.428289043629135	6.851843515697158	4.672600729400196
0.28300000000000003	1.9815009009160889	6.911790782231985	4.51230324243025
0.28500000000000003	11.897176903197249	5.931737025346201	4.6240596235522435
0.28700000000000003	6.255961690015965	7.247203950328023	4.616593125667749
0.28900000000000003	6.608322365098118	6.600785425611587	4.585396526768129
0.29100000000000004	2.0280770054448283	6.455233532298171	4.673925237160186
0.29300000000000004	3.948312824464395	7.429685101062197	4.828238513599632
0.29500000000000004	5.55123770085153	7.424178652992538	4.589611049529379
0.29700000000000004	23.249724028229224	7.168262830463797	4.789209246390035
0.29900000000000004	10.61401846813581	6.499655895103891	4.668933551268287
0.30100000000000005	13.309075853840113	6.633399262940009	4.570088822554237
0.30300000000000005	1.468521168890291	8.101284061180476	4.707886146247222
0.30500000000000005	17.354220667398224	7.401586651638142	4.727771490389299
0.30700000000000005	4.156924782172666	5.825567087387102	4.504087836376847
0.30900000000000005	16.572001320769303	6.706893805084033	4.801445198002834
0.31100000000000005	13.94096561457836	7.201556424625846	4.6172674342082525
0.31300000000000006	9.168610115795062	7.685076731014717	4.726706983398303
0.31500000000000006	1.1536805417655671	7.152225117532999	4.793962872608368
0.31700000000000006	9.253687456745041	7.074974782549769	4.708764588447861
0.31900000000000006	11.709584516017557	9.08164389319057	4.653407332133156
0.32100000000000006	9.781267952257977	6.688914752260105	4.535517766407774
0.32300000000000006	17.162291995997947	7.9468395316952884	4.641058741522401
0.32500000000000007	12.694343067609637	7.468122176654209	4.678791364345271
0.32700000000000007	5.648463407004201	8.477364991326658	4.767777548487527
0.32900000000000007	14.526633528522126	6.89763477602223	4.957847717270163
0.33100000000000007	8.268001586042573	7.0892077038660135	4.670766635136078
0.333	5.142468585406235	7.90583917233712	4.707459557925757
0.33499999999999996	-3.6001858341183635	7.621376582203242	4.615442677502188
0.33699999999999997	-8.455302880183702	8.172954768566925	4.701872977738919
0.33899999999999997	12.938511677385023	7.180240537140594	4.589123372995547
0.34099999999999997	4.310628902715052	7.1928387768720965	4.619127691846505
0.34299999999999997	3.9750053630882576	6.849350479884781	4.799149786934131
0.345	7.709790107890413	7.659632799448437	4.5885194322492175
0.347	7.488778548614405	7.7785614261956795	4.700215635535564
0.349	-3.596065012545502	6.883354890668699	4.56482037925455
0.351	9.57179922611573	7.881364530604032	4.709051917210854
0.353	6.8755414208698795	6.971482172376497	4.734701150584856
0.355	17.504804287860054	6.884638736710212	4.5114341244104255
0.357	-0.9643736094133715	7.868110290683617	4.669298983082365
0.359	12.131159827344362	8.0277642783007	4.741846363241059
0.361	6.095597206545733	6.985943151608732	4.6991712100641605
0.363	14.748711931744651	7.465494214515325	4.648800713438987
0.365	-0.04694924982118209	8.42220142439767	4.794071958356918
0.367	18.02736416323114	8.647976209150539	4.968027161917616
0.369	4.562935863150486	7.827275194396977	4.4878163636199515
0.371	13.957780173656786	6.72454677746571	4.645482436772875
0.373	-15.821444858010736	7.832440867925197	4.856560675224403
0.375	2.982475204138524	6.7087256167300415	4.763775412607215
0.377	8.439354739264715	7.7716711316311216	4.570313812706147
0.379	13.656110468662774	6.675378854764222	4.5617516466031685
0.381	-6.164364861449556	6.353465983010728	4.731174776221006
0.383	15.088943342345118	6.231533263537605	4.62118691555667
0.385	10.500422054526837	7.065447045761777	4.646642341613639
0.387	8.335956690030955	5.592931169521442	4.409558854890767
0.389	13.03220318482623	7.814873829265489	4.702047900111729
0.391	4.768479988204177	6.843231382806266	4.767799250160339
0.393	16.402536800796952	7.259321426078308	4.543484098123166
0.395	-0.5341323821017596	7.136786430289337	4.737628968653216
0.397	13.561840487952281	7.117578373053522	4.61804271517005
0.399	-1.8755048498686477	6.696080565640739	4.617372863641395
0.401	4.616354489783703	7.108512254708939	4.6539812828263685
0.403	-1.3667919310789145	7.6801099844525496	4.5620399600060955
0.405	4.860400268036358	6.907541708455226	4.695926811336271
0.40700000000000003	-3.5840173669976494	6.478428177253055	4.649886474882418
0.40900000000000003	6.279471693959593	7.0943157212353976	4.867847896728539
0.41100000000000003	6.067486933103439	6.468574268248352	4.642537523162434
0.41300000000000003	-6.649204790876162	6.2712879526267855	4.728938690760868
0.41500000000000004	-1.3427518030795227	7.858491475851768	4.731674530659714
0.41700000000000004	2.8837869019415763	7.368299554814369	4.597136175644234
0.41900000000000004	-1.1035466626063695	7.361244263180681	4.730100587895508
0.42100000000000004	11.009780563897564	7.805550678288243	4.6199075238323
0.42300000000000004	-8.562648488474878	6.982644674111416	4.644453828885781
0.42500000000000004	1.9266584516675067	7.6075923904003835	4.59878594456336
0.42700000000000005	0.40341706508684183	7.796477308667749	4.540059143104201
0.42900000000000005	-0.3242909958345308	6.98482937218548	4.824259523925074
0.43100000000000005	1.080986421930774	7.272083544889916	4.589240496677818
0.43300000000000005	3.293121212610828	7.506162519103689	4.857139752200311
0.43500000000000005	8.377042182594607	8.267255617210628	4.592453019224037
0.43700000000000006	-2.216402347432478	7.413672630694702	4.89120700269665
0.43900000000000006	9.228754752843571	8.084912639108959	4.618539415355853
0.44100000000000006	4.459171673465434	7.870439561597606	4.764264384997689
0.44300000000000006	-6.738906962788782	8.03711255261171	4.561959548170283
0.44500000000000006	14.519674909951874	7.687061735504722	4.7915414026068905
0.44700000000000006	4.604626189674832	7.837449116018201	4.733447554514023
0.44900000000000007	3.608176310176958	7.782777125826815	4.764792971234281
0.45100000000000007	9.617505451586794	6.610013198117431	4.646864820730713
0.45300000000000007	13.77827503890039	7.792798972583429	4.729614185041025
0.45500000000000007	-10.200750156008631	6.5773388312117405	4.647343298494701
0.4570000000000001	-0.3797673041594507	7.33036114724124	4.646287269116989
0.459	1.4922295012986808	7.602695500574324	4.591585848301738
0.46099999999999997	2.92833551451821	8.01894815673751	4.819719586420882
0.46299999999999997	6.127020653501347	6.9148585459306595	4.539394797513788
0.46499999999999997	6.668655326835804	6.773584707892668	4.5926337082273605
0.46699999999999997	-7.194551131517457	8.289524242494595	4.764021939090155
0.469	-4.662087158435746	7.544710290522804	4.642678984594971
0.471	12.190109750287448	8.34842374131604	4.6159527770184345
0.473	-6.9676868199586295	7.1572599569032285	4.540716286066815
0.475	4.224870649993662	7.226530841671235	4.565929290015029
0.477	15.80890108088262	6.984612683632848	4.789489401230151
0.479	8.997047944658831	7.3000298834418365	4.462341907750978
0.481	3.286379783862259	6.757551597340691	4.644600309900391
0.483	-3.9758864414096706	7.22031475199246	4.706634578563545
0.485	-2.2531081684817877	7.21687684876411	4.48312809223143
0.487	7.899612935569067	7.449152384895065	4.616928245885632
0.489	0.3417954510531729	7.319019352591415	4.619127019849963
0.491	-4.24861503756091	8.11043558217942	4.734636422015597
0.493	-0.6695261581812773	7.580565316655162	4.7011461627438536
0.495	-0.2230322431184817	7.271187287029249	4.56203720510721
0.497	-5.483405973949473	5.990873178758882	4.593631563496019
0.499	-7.648031549178924	7.863574354559824	5.182582274794736