-0.499	8.027093124640672	21.876148418723574	16.268977767684444
-0.497	7.145310549461215	25.655544280060226	16.222428201903142
-0.495	-6.85968938496373	23.789143894987305	15.784255314058253
-0.493	-5.1215767656875855	25.832505742454583	16.133466873280863
-0.491	-10.31399717543735	22.062971654784754	15.910087050334075
-0.489	41.94930467660285	21.764939098215994	16.579494040442423
-0.487	3.5056326483928757	24.416117115554428	16.064100765841932
-0.485	-22.43843048033156	26.448156597860248	16.354296032980162
-0.483	24.157363977428403	24.59205863905759	15.986809582359673
-0.481	1.765440197587509	23.16237611873693	15.670284372283176
-0.479	-22.251090252556338	23.371160602203055	16.450566818879246
-0.477	15.430349080025607	24.001813728597625	15.652756092398368
-0.475	9.623495879518273	23.899817440928548	15.840186542372452
-0.473	28.01450269007688	26.856405531561677	15.898084630163888
-0.471	-15.577418745249538	24.42946753561576	15.744657592427092
-0.469	-16.053172041119446	25.08134403796736	16.43767569826521
-0.46699999999999997	2.2422612246941753	23.29688280485091	15.586338438956227
-0.46499999999999997	10.301677164203937	26.142970681691775	15.978728947942933
-0.46299999999999997	-10.859713769462154	27.399440394090497	15.985979201533066
-0.461	-25.175073631089617	26.548015007503814	16.08633678085969
-0.459	11.037374193945126	24.492936261515094	16.106676189353657
-0.457	36.11889780241739	25.08552864300361	15.797307060998278
-0.455	-51.767615729780836	23.87856319282986	15.676088321326155
-0.453	4.1587354853156455	22.235583776088745	16.577441869981428
-0.451	-44.48635943266055	24.539851206619613	16.719610769568373
-0.449	16.328944391741373	20.095159866807773	15.726700487704473
-0.447	21.592769646305854	27.03696383476265	16.302353565542166
-0.445	-16.71877837883251	20.43269519441368	15.530578797903102
-0.443	3.196823390450021	24.80848179120577	16.51224207888821
-0.441	-30.81762420653611	24.619071128427212	15.867203119205525
-0.439	-40.7383281256779	22.03391700478901	16.035980939942483
-0.437	17.102076625086227	25.07157832061445	16.103245287809532
-0.435	-37.41240500321208	21.994362662407642	15.654383144291605
-0.433	-36.86703941496727	24.962460759195775	16.51592418631456
-0.431	-26.126649006807945	25.661065540901596	15.711823119810381
-0.429	1.2859928240072094	23.96802215190802	16.039424598716895
-0.427	5.586009873104203	27.391718009263997	16.569364017859602
-0.425	-12.00957446989559	22.683987104615145	15.78016504861756
-0.423	17.756715052108518	20.890589575765606	16.420075895107452
-0.421	18.297181063831047	25.836295569431627	15.777920336446451
-0.419	-21.408234303965656	24.42695320319414	15.985648711066164
-0.417	8.450463598874691	22.818908267460692	15.779780503161064
-0.415	-46.793319892990404	26.206131484543015	16.25525149095074
-0.41300000000000003	-15.709704147437442	25.524681619766408	16.01670766928875
-0.41100000000000003	22.950583301151184	27.881994703086743	16.396396211132718
-0.40900000000000003	-25.50059703898544	23.493065964226968	15.746741569672146
-0.40700000000000003	15.07233099706795	26.47458490952824	16.481644581700206
-0.405	10.703532378641967	26.412528157605376	16.02889060550665
-0.403	-16.31451410855078	22.06996709951143	16.16712734105298
-0.401	16.849816308894816	25.997110801824398	16.410826141775203
-0.399	-13.887759383712783	23.64632534306763	16.041065392501793
-0.397	10.064757487437959	23.8954833519147	16.384915500635845
-0.395	8.587161900219797	29.134385924184254	16.593171694185635
-0.393	-25.681313047254406	24.17848209473594	15.78709946757131
-0.391	-11.839194389406948	28.782857104538323	16.082501292436344
-0.389	-28.81955477862519	24.902357158807984	16.050696224606522
-0.387	-13.187581783813407	23.21703790901161	16.65414404379691
-0.385	4.405899662218715	25.195745355456044	15.909236175967969
-0.383	23.09329122840431	22.782719281771158	16.357023639143648
-0.381	-0.28390671003020174	25.812204366658133	15.990547600864058
-0.379	6.388147259395183	26.312270740691034	16.167793786773423
-0.377	21.570619774813338	23.73723248007045	15.921701222861874
-0.375	-21.265754226451605	24.73584833136643	15.92238319672478
-0.373	-10.6627983985641	23.00331685359585	16.17839279124126
-0.371	19.06008659413594	24.95584964859846	16.5546959768608
-0.369	-4.746704322822204	25.118976312861562	16.09508402693943
-0.367	-5.405795174828754	21.80590202643994	16.158782788197634
-0.365	6.766766438071059	25.631352122436414	16.001340925642147
-0.363	-6.050676963909041	22.036498109044455	15.892899470660476
-0.361	23.319533747345744	23.942426656588033	16.296125202310513
-0.359	10.109775399724796	26.563779242488366	16.039763134363547
-0.357	14.738322189344899	20.526886295947694	16.24690677120867
-0.355	11.458663770280708	24.63079466559516	16.04944531270814
-0.353	15.916280817096506	24.71472679611601	15.993976651375744
-0.351	7.124176237605084	25.115635629084235	16.420335720628085
-0.349	-19.621467066688325	24.760242069829093	15.850344221224724
-0.347	41.49759234572947	21.543169360735906	15.572167629462495
-0.345	32.233354669841674	22.965140589753126	16.235923512243257
-0.34299999999999997	-31.10458759658652	22.781213511753894	15.586302089354975
-0.34099999999999997	-3.4564817671389747	22.50420736779862	16.069797440117693
-0.33899999999999997	-24.311450182668004	27.33380863871515	16.151805110192033
-0.33699999999999997	-1.9775047446213279	23.898753828953275	16.02506538696635
-0.33499999999999996	-12.949815329732495	27.172718941088032	16.123198119049004
-0.33299999999999996	-16.864285180551164	25.476389047564687	16.082382438843702
-0.33099999999999996	-15.876317501883896	22.527882865898903	15.867474667122934
-0.32899999999999996	8.291616059086238	22.44010788836121	15.773211793388498
-0.32699999999999996	21.63777095964825	22.429805525200763	15.883942694995952
-0.32499999999999996	-1.159429890651431	27.33354604301685	16.045719915788975
-0.323	-43.244470781966804	24.3525289020051	16.10108150614547
-0.321	-4.039774630260062	25.535332892719612	15.951213793963266
-0.319	-3.8745115996663415	23.643121785485185	15.930062579034539
-0.317	-15.632497708084614	24.635190951413822	16.961636716459086
-0.315	-0.036435913175481005	25.088056862720904	16.322805016298084
-0.313	-37.63025776237772	29.056912777440697	16.417079409789267
-0.311	30.727932936569502	22.49654992024239	15.789943443533241
-0.309	0.35519304497633186	25.278051996771953	15.865086464213869
-0.307	6.375212990183954	24.250700583608218	15.58309709549785
-0.305	-1.8092839070282807	25.35871454614812	16.000078336968038
-0.303	3.4419815475583704	26.02428554220312	16.164869007309658
-0.301	2.3036881209304028	19.576727189011052	16.02162928492939
-0.299	-11.433202128152686	22.978424936878103	16.083309032559715
-0.297	-9.039272630406714	22.56340849618752	15.651727941495585
-0.295	36.776189606291254	24.376867723375817	16.566755275213087
-0.293	-45.78299145285847	26.76709463056013	15.85547055656584
-0.29100000000000004	31.482230797408306	23.23336363285678	16.036452779918886
-0.28900000000000003	-19.074760100656896	23.48599041229569	16.0576098236902
-0.28700000000000003	-44.304973512043766	23.879995824939147	15.811917150387437
-0.28500000000000003	-0.12381124225857576	22.139394369159163	16.33770039851581
-0.28300000000000003	-66.97516718745521	23.321077194142234	15.780770941813046
-0.281	-9.030283573019382	22.653645420979437	15.890151137304443
-0.279	-11.117430274376616	24.614943494091428	15.84690175535774
-0.277	20.350278763903162	27.79851371437137	16.778861918480082
-0.275	32.00567175265512	22.03137293233863	16.250014060541318
-0.273	-8.870406983163548	26.12028148621806	16.035092853931516
-0.271	7.084410410751474	22.106052942986267	16.526244326783083
-0.269	31.814089060944184	23.645814164785953	16.027692270706247
-0.267	14.699783718929993	24.129559795362734	16.528770777962226
-0.265	11.071197312251257	23.384015923860403	15.8018792907204
-0.263	-13.045291344715437	26.698917528961836	16.35282449061343
-0.261	-15.784154767106706	23.155178456635124	16.21637990567065
-0.259	7.1862516060061665	21.194746289489967	16.028993430142553
-0.257	-37.3788624677962	26.268247688161043	16.222400019077828
-0.255	22.86716530686128	20.728182852187732	15.936612291491047
-0.253	-24.5496689065261	24.456330416746916	16.116660273532357
-0.251	12.38045240503638	23.702036426008146	16.25083151910423
-0.249	19.188753852983353	22.43916489989021	16.394880421600796
-0.247	-4.540900160776573	22.956771584523807	16.12744969335614
-0.245	33.35510595525726	23.19938511405763	16.34990551713939
-0.243	-54.25297667882578	26.06812226244241	16.018932551837
-0.241	-23.05776201882992	24.90835755246398	16.260346653808536
-0.239	57.29084446359778	24.254504470929476	16.173743781413588
-0.237	-41.436929394733646	27.406504273271675	15.783688801264752
-0.235	-3.1177384367531147	23.44046786729878	16.070116580606054
-0.23299999999999998	13.29767928548442	23.763635874236133	16.03593790725785
-0.23099999999999998	-6.012917538322782	28.94244092198045	16.873965785347306
-0.22899999999999998	4.794866078849935	23.87408420423434	15.943753449046419
-0.22699999999999998	-15.974711357169546	24.461983259411518	16.606970669395817
-0.22499999999999998	-18.033665050487535	24.032865389123142	15.88202550141048
-0.22299999999999998	2.1322154826197703	25.43074632842462	16.020564646096247
-0.22099999999999997	1.5596205538148666	28.241691384153356	16.50781727967026
-0.21899999999999997	26.210238580848255	24.6699035557625	15.86447070036011
-0.21699999999999997	-48.44323306163467	25.578909235701534	16.61724152266365
-0.21499999999999997	31.71765163889617	25.022059372913628	16.354686180701787
-0.21299999999999997	-12.629431701105531	25.6730241676437	16.404749641209214
-0.211	-47.61739060432646	25.989082117606596	16.03435004046606
-0.20900000000000002	21.6166611410884	24.10518505756242	16.068514274538387
-0.20700000000000002	-64.28304689176656	26.498739131393073	16.125977056868233
-0.20500000000000002	-6.880410457266173	25.59264939388708	15.720818745438216
-0.203	3.8962375028539498	22.97151844813084	16.60833854138725
-0.201	-29.579949618940837	27.042639209292986	16.095519664815807
-0.199	-0.427182073381438	26.42188700490391	16.183065313279727
-0.197	-7.762068141903278	25.31062433079914	16.187503012848662
-0.195	-1.471897413951595	28.289782065927536	17.069295849042607
-0.193	42.60176321446707	25.72095463485155	16.146005775788232
-0.191	-8.15037463763879	27.784117646143734	16.34209764151772
-0.189	14.336604576614675	25.98679083176149	16.467882895853357
-0.187	-4.080692765140448	24.055213151292335	16.092711327115612
-0.185	9.087216701342271	25.56037441952533	16.449007801327145
-0.183	46.09911802400113	22.709056433373203	16.004558418168852
-0.181	-51.91460083031618	28.47503840851201	16.3582619359888
-0.179	4.928029719852844	23.7634328656672	15.889691820552542
-0.177	-28.056182352798054	26.201961342400462	16.718522720185746
-0.175	-4.687353504895242	27.895432067497563	16.514739184482124
-0.173	3.0752427302438434	24.302439168062275	15.798655846125726
-0.17099999999999999	-26.84943149344754	25.806699223555878	16.8328014886556
-0.16899999999999998	11.025205954418027	21.273381093085423	16.037869157279577
-0.16699999999999998	6.03802155052513	24.089772237850813	16.444411808439202
-0.16499999999999998	14.455269417235073	24.449126037476848	15.733725479733451
-0.16299999999999998	59.23992776968312	22.4069413449668	15.786763955350496
-0.16099999999999998	-4.815915588207709	27.63633228959373	16.539491177446923
-0.15899999999999997	6.561214703548757	24.09835064065528	16.018372550670442
-0.15699999999999997	19.137662517154652	24.191184853137933	15.981585356431927
-0.15499999999999997	12.270031257921588	24.778371605929053	16.0829929062182
-0.15299999999999997	19.311415734524218	23.900535446369705	15.905828209715484
-0.15099999999999997	-27.112559561115468	27.962712126361737	16.337598578590033
-0.149	-12.987128733432662	28.21936600041075	15.984596602038593
-0.14700000000000002	-16.530157106342536	27.759334540393922	16.193832868615115
-0.14500000000000002	-12.962794616711015	25.674555005999817	16.11835188954141
-0.14300000000000002	34.12779115663511	22.793339845296376	15.689519189265942
-0.14100000000000001	22.419093839598503	27.93999644590258	16.10364672293383
-0.139	-9.21280307197847	29.790406959482038	16.542585504626274
-0.137	11.106265962679274	24.682914839541773	15.659459640490704
-0.135	-41.48117973845622	27.137770174936882	16.290042784489852
-0.133	-10.15546440419346	26.22652242416434	15.821957012333637
-0.131	18.498197811744888	28.470368936163048	16.607714090713692
-0.129	-8.687842205312712	28.423299993424504	16.212442871196355
-0.127	34.252708137616494	22.600323431231104	15.519750368904269
-0.125	-3.422363487937119	25.814915840068636	16.03716563981084
-0.123	21.77170275441398	25.155901623227095	15.963171394689693
-0.121	-14.120355906643844	26.47059912145276	16.773385013958254
-0.119	-27.199344784456514	25.736758351117345	16.098242354300677
-0.11699999999999999	10.77697815698997	22.30861623431147	15.821607468065633
-0.11499999999999999	10.83071160956628	29.75056565505946	16.219122242776915
-0.11299999999999999	6.302918639899957	24.931546124265246	15.649562428141026
-0.11099999999999999	0.014903454470527322	22.772609248595852	16.110586993473344
-0.10899999999999999	-16.27628368505718	23.92801024223299	16.663899000633673
-0.10699999999999998	35.21612502654925	27.28746388511266	15.975661299298466
-0.10499999999999998	-2.2236719313672992	25.67301889223692	15.897691926479384
-0.10299999999999998	53.66123941819012	27.503789171339978	16.53608954567841
-0.10099999999999998	14.024504737752963	25.973732787782428	16.26294782018595
-0.09899999999999998	-15.73676004740232	27.199568589036623	16.52743738266357
-0.09699999999999998	61.96615425491103	23.898234106941835	15.752165498325237
-0.09499999999999997	9.715664696097193	28.805527780541073	15.96276379743302
-0.09299999999999997	18.000019716080118	25.11308959884592	16.048261127880107
-0.09099999999999997	26.788050741854974	19.786005224256215	15.527132588937986
-0.08899999999999997	-36.07552552886695	26.98841343719874	16.45141022818682
-0.08699999999999997	6.370968271607325	23.9519169455421	15.4721576778945
-0.08499999999999996	-35.53095883646051	24.7613962335271	16.336225554078965
-0.08299999999999999	20.40797911484482	25.285302603953156	16.107621888760818
-0.08100000000000002	72.59197509257298	22.7915086798665	15.574847680958495
-0.07900000000000001	-5.559890073891793	26.307667656869093	16.212892477002697
-0.07700000000000001	49.825464311092915	22.974747508712635	15.450677111871496
-0.07500000000000001	13.365552866462238	25.061727400267934	16.44258894346203
-0.07300000000000001	-11.620375035104047	25.572786125330023	16.257494457429107
-0.07100000000000001	9.236413845759017	22.020688334250753	15.748292091622355
-0.069	21.002701801720036	23.048662548622247	16.19418174991547
-0.067	-6.925492867404515	27.379356522797114	16.014897265519046
-0.065	9.198412347588558	25.62902653845616	16.053176435942465
-0.063	-7.338786133792574	25.53378428488579	16.181438039416673
-0.061	12.70096820116251	24.498440065139693	15.445953365642984
-0.059	1.2880286641703265	27.014205440954353	16.188829655626023
-0.056999999999999995	24.892714377333647	27.095656712030156	16.194762147129687
-0.05499999999999999	30.683997543023978	24.997681659590867	16.412870691202226
-0.05299999999999999	-1.3926570068267807	24.796495132903782	16.355324139694005
-0.05099999999999999	21.498855551582707	22.58030549396666	15.296733613522907
-0.04899999999999999	-5.11132816960469	27.91585181094294	16.521388788533166
-0.046999999999999986	35.05068851539228	28.384062766398745	16.286953953435937
-0.044999999999999984	29.015447576163922	22.98743824160757	15.878536082933435
-0.04299999999999998	2.9716217548880763	27.845442303758343	16.517264551216563
-0.04099999999999998	16.86290236824206	26.609509392202245	15.707719733479003
-0.03899999999999998	-33.69223657734288	24.045769559153115	16.330293753925975
-0.03699999999999998	5.746256270811045	27.791163085919326	16.263393323684085
-0.034999999999999976	25.308547337177245	23.392830853081026	15.984765576542598
-0.032999999999999974	-13.847961428781197	26.209379284353616	16.035629731386898
-0.030999999999999972	33.1343905406456	24.42045559798986	15.640100412303225
-0.02899999999999997	5.09306250573438	24.668841606544074	16.274891374018296
-0.02699999999999997	3.567464478271276	26.278774112225918	16.681137883024824
-0.024999999999999967	27.08071665358247	21.70361592207518	15.447465459432072
-0.022999999999999965	2.5467224724629034	27.211444699095257	16.012632498257446
-0.02099999999999999	0.04564540523332994	22.91496489358922	16.01635902432094
-0.019000000000000017	29.795546911959292	21.66066858829009	15.88067310863178
-0.017000000000000015	-8.984094530095632	23.192053486301184	16.02102168526507
-0.015000000000000013	36.270959848927475	24.01932468523742	15.741206453728612
-0.013000000000000012	-6.363220862448671	25.84735169248582	16.140258123202354
-0.01100000000000001	-52.30723567284379	26.016558538863343	16.336290616268478
-0.009000000000000008	-133.68538839841904	24.905359872308985	15.748495826685952
-0.007000000000000006	-169.5609362749595	24.094135207072835	15.955264919095097
-0.0050000000000000044	-100.08446015086214	26.45088651821033	15.819414559495106
-0.0030000000000000027	-159.01965702402876	24.107466196675365	15.955265312375529
-0.0010000000000000009	-138.9855481597202	23.4108375920808	16.09496932618051
0.0010000000000000009	-159.09549072323782	25.022469674453905	15.858536793753219
0.0030000000000000027	-145.40803947915572	22.645020920079418	16.445567927070563
0.0050000000000000044	-154.34871743336132	24.66245661189193	16.006929340402714
0.007000000000000006	-159.67413484996308	23.59505473892795	15.684666335421083
0.009000000000000008	-122.76642027386764	23.764502880418632	15.86811121799507
0.01100000000000001	-14.858095693459639	24.480109320722303	15.517621161825682
0.013000000000000012	-10.434063764330759	26.640158550865323	16.33525167451413
0.015000000000000013	17.55221376642524	23.488274392003007	15.851727507675895
0.017000000000000015	2.3706405838375133	23.05038863399972	16.203879254091532
0.019000000000000017	-31.610858815978027	24.055576338914452	15.644529338319039
0.02100000000000002	42.867651357303416	24.34980691646606	15.496573354574815
0.02300000000000002	-41.3781746196884	24.226312141386206	15.808921358521506
0.025000000000000022	-11.81233304370366	26.43502645939789	16.21257990552682
0.027000000000000024	-3.566032633517402	23.469225032944788	15.952531188837842
0.029000000000000026	-14.286191078571875	21.911559377523584	15.876814079881328
0.031000000000000028	5.6207366063709685	24.03262781305155	15.594634848920304
0.03300000000000003	-0.3185884900336333	23.095906970597998	15.712032217756141
0.03500000000000003	-0.07985321037740079	28.242333662806423	16.712003376408738
0.03700000000000003	13.13289230986392	22.125055505722216	15.662057530384747
0.039000000000000035	14.65791690735685	21.342745563550597	15.976534081947156
0.041000000000000036	44.92678113621196	24.13680125326088	15.655528154925511
0.04300000000000004	-32.88557754033139	23.69497171754283	16.14198096527954
0.04500000000000004	8.827244956322033	24.592873322379663	16.27413224953049
0.04700000000000004	42.58902881693061	24.17203413757272	15.57107000411744
0.049000000000000044	12.692598991170811	23.265984626327224	15.821084617160714
0.051000000000000045	25.115913713458227	24.146207703573356	15.572109231482003
0.05300000000000005	19.78643957301074	22.59041454735004	16.207948244191996
0.05500000000000005	7.842198039620385	24.693852130289912	15.868250680154594
0.05700000000000005	46.615124864368696	24.53083961057602	15.74912023352188
0.05900000000000005	-21.057055420659054	21.923736472935722	16.208218656157
0.061000000000000054	20.1891709858959	26.4445497413703	15.595763836495061
0.06300000000000006	9.29302594987469	23.546212285515022	16.028483654504505
0.06500000000000006	-30.073855797452254	25.0453981707968	15.961404866635858
0.06700000000000006	17.038167429150874	22.55536590902446	15.541355556320404
0.06900000000000006	-27.63351958201543	22.056078461128088	16.038586318806736
0.07100000000000006	2.6184055896827374	27.8988284155128	15.803265789222664
0.07300000000000006	26.788000227817577	27.899935486692264	16.23644016472477
0.07500000000000007	1.6862890737101566	24.371428992023883	15.800245325232044
0.07700000000000001	7.244850307452921	24.98061468082512	15.905082377698468
0.07899999999999996	30.650404507115425	24.14497941289081	15.72320624792953
0.08099999999999996	12.492981816381032	26.83867357398433	16.52632032330731
0.08299999999999996	6.233525262411277	24.22452885848389	15.51561452101426
0.08499999999999996	-17.13349235499262	22.750807137387408	15.672729385514925
0.08699999999999997	55.15520166188281	22.858698578921956	15.516258551516742
0.08899999999999997	-7.458293043605124	24.454150072075024	15.878764816759478
0.09099999999999997	-4.585093008713237	24.7006918943118	15.803679030704007
0.09299999999999997	37.35478584809826	25.61051968810691	15.64951860335409
0.09499999999999997	-7.256393785737281	25.859914101782728	15.74641965704623
0.09699999999999998	0.4835887628118485	24.38095936729755	15.609759216988962
0.09899999999999998	-15.711355776493185	24.011828899557393	15.804220912940393
0.10099999999999998	-9.113133326410505	25.542246875816776	16.030908120677367
0.10299999999999998	43.04521386089277	24.234046648809024	15.262782704223515
0.10499999999999998	0.12571618746015645	22.608262871459797	15.986234841287292
0.10699999999999998	21.582532462094406	25.386293383553507	15.305886979880745
0.10899999999999999	1.087897157692197	25.609935502514052	15.866246618830615
0.11099999999999999	-13.072176885731146	23.440835961460188	15.453456555955368
0.11299999999999999	30.84735075509215	25.298909745703103	15.683049380527267
0.11499999999999999	-20.570271181519217	24.062182009550117	16.20056312416271
0.11699999999999999	21.575951556940254	25.81713826549073	15.83348985738557
0.119	-16.843387768528117	24.709330719913087	15.870634628357523
0.121	-6.794509475049892	27.31669957477689	15.873103708281644
0.123	45.160490506734874	24.005697095219265	15.930104436454654
0.125	14.399258620789723	24.025635771252016	15.881289239847648
0.127	19.344256536379945	25.492837003681483	16.651392435266153
0.129	27.938887156020442	24.39204928524761	15.5729659012385
0.131	-5.631057002242201	24.40198677332227	16.13849084091326
0.133	45.164414160581146	24.209453095927994	15.336356090617425
0.135	20.332677320267223	25.73378425862726	16.24223679988563
0.137	13.427578159586062	23.4304622259948	15.976710452247024
0.139	38.4301573763679	25.261128790131465	15.585151255180623
0.14100000000000001	-26.24001886331051	23.386721506828778	16.28754872936784
0.14300000000000002	-1.238394329527992	26.51385681311948	15.230009661835176
0.14500000000000002	11.931316215241239	24.612705291389638	15.891070412625808
0.14700000000000002	-1.3875601942991977	24.130387941756364	16.175103288661514
0.14900000000000002	37.38573555245317	26.151233196669427	15.568301268121097
0.15100000000000002	11.055525106717923	24.480365665688822	15.969404970683776
0.15300000000000002	-1.4195108111181298	28.15048971082228	16.107795220081787
0.15500000000000003	0.3593310473615219	22.626602102305647	16.45491269516953
0.15700000000000003	37.468993989486776	23.029264799720366	15.30140038161729
0.15900000000000003	27.170447312041546	26.886344413648267	15.847686775627006
0.16100000000000003	1.0908278753607448	24.17890004689407	15.882384233221643
0.16300000000000003	-0.16340611064258326	25.9818663631508	15.98360767703233
0.16500000000000004	12.241666475398816	24.732840006145555	16.177549967714903
0.16700000000000004	-6.765869972169547	27.72236369641563	16.186739728705096
0.16900000000000004	24.931208375988945	24.891052612345494	15.471425791915932
0.17100000000000004	-14.62727356837945	27.046148695829284	15.375828139409517
0.17300000000000004	3.2378936560828464	24.96427679781984	15.979839733675188
0.17500000000000004	34.50970481644333	25.84165858008384	15.642994998818768
0.17700000000000005	-7.4317087043196395	25.702213328888803	15.936680023280442
0.17900000000000005	42.68267695262118	25.26997701666836	15.567310145068362
0.18100000000000005	26.76890651232	23.802566604689307	15.93663246222016
0.18300000000000005	-28.578270917734017	25.37741931282808	16.043454951298074
0.18500000000000005	24.00681752590117	22.583097800832753	15.15596811351429
0.18700000000000006	-19.574709963054993	30.146334537320392	16.165023241702855
0.18900000000000006	-0.20184308613391266	25.479312203874617	15.357448608599295
0.19100000000000006	-14.60010454568117	25.28897727531275	15.814209526387494
0.19300000000000006	-18.601536400764118	22.069757212710456	15.374992515225072
0.19500000000000006	65.03908924915258	25.61186033494658	15.6570683224998
0.19700000000000006	4.694233661783898	26.022986512612132	15.749718869198809
0.19900000000000007	-12.489852153074743	24.09596496426072	15.704273341594183
0.20100000000000007	9.683215002942447	26.651916002939636	16.373560841658517
0.203	-32.839824294583764	24.86137982187366	15.747009207965045
0.20499999999999996	11.395844633721453	22.423213419535795	16.054293100298867
0.20699999999999996	12.12872639522189	26.396158099163664	15.807363736585138
0.20899999999999996	-5.395341419855981	25.54492160944464	16.358875454587963
0.21099999999999997	30.132190464327024	23.428986393891105	16.15852635691665
0.21299999999999997	-17.363892131139202	22.199477866604116	15.538393733158307
0.21499999999999997	41.9939633131694	25.384725168564753	15.377296467340907
0.21699999999999997	-8.807752570838545	23.756602558813476	15.737597231690861
0.21899999999999997	16.197324450573092	27.3584184462324	15.86117303902507
0.22099999999999997	44.38191808286973	20.95975633715878	15.174728499066196
0.22299999999999998	-19.611883190218116	28.022801668260406	16.027670876197785
0.22499999999999998	-13.534898133604756	27.788987930048997	15.656258835912912
0.22699999999999998	19.415717914750275	25.74558052226729	16.109323342120618
0.22899999999999998	10.409041932168961	23.424486004217478	15.332015121174344
0.23099999999999998	22.627638445182896	24.047693559524035	15.52167239894004
0.23299999999999998	13.756316273427771	25.099114186910732	16.10405601849045
0.235	18.712530100772895	27.13692612645006	16.192995443173064
0.237	20.480389978372315	26.28414570582747	16.372160955766432
0.239	2.4889850198661634	26.67860005963009	15.10595396736536
0.241	42.83973259022744	23.633100109085156	15.532813832817878
0.243	-27.828231439097628	25.72587597814687	15.880889979959727
0.245	8.014671901257486	27.950404090351025	15.576738082084299
0.247	11.18926558696387	24.046720476134002	16.098130867280442
0.249	-21.038626050517983	27.726879816564736	16.02148675327208
0.251	54.22025686230292	25.05264811315598	15.889741415434573
0.253	8.116968487126286	22.27835519713543	16.117226034529338
0.255	-4.259314229759781	25.693544871308596	15.857612695682764
0.257	1.524790013363031	25.00111154887024	15.701386836057745
0.259	1.5870074023816017	24.744771282411914	16.120454461684027
0.261	36.04737547702186	27.69817601022569	16.029202286517467
0.263	-7.906882558916806	25.449354943848206	15.936088840803164
0.265	-4.096237887663001	27.38231228247344	15.909715074359358
0.267	35.21106007631225	24.10733970408635	15.680219492311434
0.269	-28.15307767456421	24.590568099125473	16.23492464698073
0.271	15.360350900550657	22.914406672375794	15.588598346472606
0.273	22.438579336814257	26.028156582277127	15.965792798516462
0.275	-23.538767732977917	26.720721497748993	16.05766632731498
0.277	71.1461689910653	21.683589024992788	15.522691016530013
0.279	-21.803338119186222	29.03487622134926	16.11973242422929
0.281	19.75806484644238	25.73504534235741	15.728113718400598
0.28300000000000003	18.84281586495007	25.936442156090067	15.752463431973617
0.28500000000000003	-26.272641532654184	27.070300198044674	15.876009150131155
0.28700000000000003	34.42815435761304	24.99631260471661	15.819924208597103
0.28900000000000003	16.540703182688077	25.42476387712021	15.868888144318198
0.29100000000000004	-13.244361082742628	27.567419723590202	16.752795578276576
0.29300000000000004	23.096607283168424	27.934251038179998	16.433982955943858
0.29500000000000004	-41.50547076142708	26.75772201594852	16.185531240855997
0.29700000000000004	10.983020182653291	24.683049568999028	15.985436763536095
0.29900000000000004	-6.757976754534489	27.10503762113543	16.12927044200348
0.30100000000000005	-2.287590308402976	26.203466876781953	16.539057288005548
0.30300000000000005	-4.424786024581628	25.02478013594084	15.859682020437821
0.30500000000000005	21.190174939400563	24.21629998777515	16.428693219720074
0.30700000000000005	33.48843633887988	23.03978107606423	15.747970718628395
0.30900000000000005	-32.53808937730973	23.681573560228998	15.9450850176532
0.31100000000000005	-35.80701278016463	28.25163047835374	16.482546073445334
0.31300000000000006	22.96913376809151	21.845483327663818	15.505981959763131
0.31500000000000006	-13.106356104630734	25.54385196434876	16.07215240738872
0.31700000000000006	24.276619855267967	24.399373844282728	16.267524972398167
0.31900000000000006	25.23915067720317	25.857691615374485	16.110346762106875
0.32100000000000006	-36.938002017650184	26.460451687356755	16.364156460899107
0.32300000000000006	-1.9014466137168284	24.55507263238016	16.015806204094908
0.32500000000000007	-40.14907698002279	23.867005259920077	16.110195136289853
0.32700000000000007	1.9887230495729824	27.72218539224948	16.2648228551604
0.32900000000000007	-1.0696481599348218	30.21667988406522	16.499461379802064
0.33100000000000007	-56.63218156282124	26.64399796592517	16.445616842213827
0.333	-9.989609979887959	23.554125615295696	16.275577793297376
0.33499999999999996	-9.61676147748225	26.614884809204277	16.01826833257413
0.33699999999999997	12.887341733325286	27.97288506751014	16.252727252569507
0.33899999999999997	4.854755170091707	26.27688831689974	16.354255165871198
0.34099999999999997	-33.20351376678854	27.354912010510976	16.16747290245832
0.34299999999999997	8.10873400869383	26.614869273859366	15.82327706398019
0.345	-17.464748376050387	25.378755749137365	15.9098427674354
0.347	-39.045753162825214	26.770479728228675	16.516279548873257
0.349	42.05561636938526	27.07008049195976	16.109242969554145
0.351	-33.93033823539948	25.206068939318587	15.627935759932107
0.353	27.25407340298247	24.980244040142136	15.664732364397473
0.355	-33.84592866240155	27.785895601399286	15.96018369449877
0.357	-9.210631267908553	29.915641587035562	16.28042886152405
0.359	37.49012451792488	22.98656578255282	16.083446824398482
0.361	-20.070555519335898	25.233147311094033	15.616402437981883
0.363	16.405812798270247	26.129170819792886	16.13854937825238
0.365	6.238754389542578	26.948577299741093	16.172065647753918
0.367	-25.98091576122563	26.109394885161453	15.807828686725491
0.369	9.840402773741985	24.745144061227364	16.203374466532146
0.371	-6.966354101800576	28.2808154288496	16.30147561495362
0.373	-11.965604530317364	24.798197430414856	15.814816333688803
0.375	5.840653666711049	28.576435778066738	15.838085327575198
0.377	-0.6324018524406227	23.51499246590241	15.398430931842322
0.379	17.79321823991431	27.3816282523463	16.389288341900784
0.381	-34.95379194873305	26.323482051302594	15.966320732151008
0.383	-8.4840953631371	22.976173614064383	16.603259656602244
0.385	-7.3483161072696035	25.577008307610658	15.977947790303142
0.387	-27.739122314796028	24.24211929393818	16.435700045600377
0.389	15.632240853546975	26.163683655037417	16.15890240303021
0.391	-22.461536697604423	27.261651410572238	15.740260492114894
0.393	4.998778457832032	26.489474780016128	16.537765144408542
0.395	4.947219734985353	26.5778243549435	15.611158708483458
0.397	20.846068413016283	25.12406460351374	16.125956301636528
0.399	7.993454544941159	22.72795766444765	16.26312258053173
0.401	-17.033781264608194	25.435168858543747	15.700026903495829
0.403	-27.962622650368196	25.374630797494692	16.17155223427991
0.405	-26.34475828910965	23.597389916075116	15.30789720024865
0.40700000000000003	-55.440378814219926	24.24369784747815	15.85490087438468
0.40900000000000003	0.5371144027321861	23.45688792661151	15.836247282824191
0.41100000000000003	21.54948958144054	29.270827221713883	16.04152860534633
0.41300000000000003	-57.529072376549806	24.76603918975492	16.34654900749808
0.41500000000000004	-14.697778485617263	23.766360120726777	15.866718306801044
0.41700000000000004	-1.4439744588923276	24.15510995289884	15.901120404790158
0.41900000000000004	6.793353847234229	23.09553057933793	15.720549749030372
0.42100000000000004	-25.284396077740467	26.20514354068954	16.513444922096127
0.42300000000000004	-2.441893625748648	22.18144818065998	15.803946602147372
0.42500000000000004	44.97363261601883	25.74647383436033	16.04361539702961
0.42700000000000005	-19.807773253055494	27.017156964383286	16.209631394285292
0.42900000000000005	4.769573731078225	26.172419588571483	16.188992891411242
0.43100000000000005	-17.953857121000283	24.50417377234401	15.809727188898314
0.43300000000000005	-21.97763679556708	21.86973380593528	15.65908153483183
0.43500000000000005	20.14445050346758	24.265539777985282	15.954480180362351
0.43700000000000006	-12.759523858152377	25.018017118341383	15.883008121481033
0.43900000000000006	-15.816113189126568	24.36531895580223	16.316091843325115
0.44100000000000006	-14.734406148519952	27.02690240804145	15.659943303222576
0.44300000000000006	-17.044235088525816	23.128643554842427	15.738868003928673
0.44500000000000006	-3.8758080233014525	23.553534640745294	15.883929543530957
0.44700000000000006	-50.212813853534044	21.865242711460585	15.831856472409337
0.44900000000000007	20.20070774921834	26.05007181972833	16.112506712648216
0.45100000000000007	32.50081650807424	23.705657332992914	15.721593119402288
0.45300000000000007	-20.930014420716958	24.10973243530453	16.143549566026607
0.45500000000000007	2.673370016914589	24.02526178357633	15.653940805617303
0.4570000000000001	7.892311643775685	24.603741896110165	16.22782969277875
0.459	-16.546783653703656	25.812987870275663	15.963312875539208
0.46099999999999997	16.628272967000868	23.585593340802827	15.890230815506866
0.46299999999999997	-9.579510174662076	22.77012768915947	15.617827482448496
0.46499999999999997	13.925589184893283	25.38402973777641	16.39528744034679
0.46699999999999997	-2.7698771473128048	25.464691102443336	16.03823910746639
0.469	-15.353138933749122	25.249465958560727	15.673871292307679
0.471	-0.97522613917711	24.91257434216012	15.753666795814754
0.473	21.10425910317737	27.38809930842541	15.8739769717187
0.475	-13.324618013732525	22.781761863895106	16.281828038499146
0.477	7.924734385378329	25.78193769356246	15.654309860812536
0.479	-3.076340399865707	22.71822864026962	16.166085099054524
0.481	10.175924350930288	24.375522444031265	15.809843863814347
0.483	5.274880963801465	23.23911905864633	15.969244399366843
0.485	18.00342238644781	24.279211498233924	16.12414741545948
0.487	-3.6479361597008264	22.424913890236695	15.447444682323468
0.489	15.856753009080293	23.481156269942904	16.213137337300015
0.491	-24.42488265630427	25.542998993985904	15.966882068058558
0.493	6.2429274325648265	23.76148511046763	16.12724719555706
0.495	-18.147030246828955	23.52364075601404	16.11958733715229
0.497	15.866520500340542	22.975817200971694	15.674398620665759
0.499	17.46588892426182	24.16053418431241	16.31494194639175