-0.499	-16.671307623172815	30.048942158482962	32.024355252242266
-0.497	-17.673997615874626	28.082966783498083	29.006599240215976
-0.495	38.19248037895129	33.94345466317113	29.014345360118764
-0.493	20.543708778575365	32.601887629104176	30.377050439861694
-0.491	5.670018631054319	31.553054652704596	29.725477406906325
-0.489	67.41912042063092	33.067983077536056	29.639329462134587
-0.487	-20.070616208678338	26.853696673408663	30.0327600458709
-0.485	12.402488132945422	27.422022972338457	29.358587082084167
-0.483	24.69459103271454	30.592661233009395	30.191106673239887
-0.481	-19.951911697124736	28.20389363390188	29.325020459127742
-0.479	-42.193827560099706	27.724862907123754	28.495160587933352
-0.477	36.57534575696175	31.955147537870992	30.39844014157641
-0.475	36.40217911216048	29.759098097716453	28.397338695831984
-0.473	43.23570472752891	32.636718273066315	29.2138436222176
-0.471	30.761426347947207	34.33485447156228	29.10287270458694
-0.469	38.59963969921054	27.851595049199563	29.036995514409124
-0.46699999999999997	47.00305201876809	30.535830132160527	29.65078604058381
-0.46499999999999997	50.827520510665636	33.35820874485186	29.002592607655828
-0.46299999999999997	59.19630024497913	30.0200999259771	29.002674376161266
-0.461	-37.00909967163657	29.679704481271177	29.651164691258188
-0.459	24.199136001934463	28.3183485145582	29.1220758774646
-0.457	-18.810463364937746	29.98906564339769	29.339959428815533
-0.455	17.359488940771328	31.56815642716356	29.48655469216238
-0.453	14.152309964376997	29.47691579942511	29.34855404997214
-0.451	4.721165768772906	29.817184167182415	28.078124551656153
-0.449	68.7689604612629	36.86424902987229	30.780151339616953
-0.447	-35.21882464019299	33.438126440295	29.050010831607967
-0.445	60.57694236361044	33.90062198424406	29.47640674867551
-0.443	18.64758888525664	30.499822973486218	29.862092759894473
-0.441	51.48711079105972	29.3217493284326	28.217153284960553
-0.439	79.54462788850591	32.86107403845323	30.073404527490524
-0.437	17.065675034677596	28.33119004788097	28.477059470939434
-0.435	66.08115858819374	28.361972475739137	30.625863804131
-0.433	-67.93507101998664	27.9361474452449	29.43970844676542
-0.431	-49.28362356837468	24.537224976772023	28.836675902789125
-0.429	3.987546259409669	29.348693460485975	29.343664127148124
-0.427	45.320693213612984	31.441908094739276	30.1831739187901
-0.425	-20.00413910852039	30.201010039577767	28.22819649767003
-0.423	-60.89787379903733	31.55686307060544	29.837936557218562
-0.421	-8.442931022534239	30.307688207671777	29.514728387095666
-0.419	16.20384521983098	32.97275616191616	29.488216823053413
-0.417	-6.244921242237744	31.886194864698407	29.00395255733369
-0.415	7.4375425000994255	28.405921347193214	28.63325249529709
-0.41300000000000003	55.708646560015396	27.58609404548054	28.562638588695666
-0.41100000000000003	3.777366955670658	23.99358067028846	29.794456589819003
-0.40900000000000003	-17.711188799007793	31.437580052807	30.082708029195715
-0.40700000000000003	-7.150902036401341	29.588832426990248	29.517556083192403
-0.405	-14.270465439114588	28.891657861087715	30.40078740282325
-0.403	-10.376370954912062	33.63288120937476	28.82286204791583
-0.401	23.083652529676257	33.707394506965194	29.877247006761255
-0.399	19.420440959150298	28.99719289749973	29.63873782912954
-0.397	-26.578957050937824	25.26032554515797	29.337317923979217
-0.395	11.006969362181707	32.68908443987591	29.116560479499654
-0.393	-5.211874208987943	30.443809018090302	28.967853143497774
-0.391	-1.164799112607362	25.464649316306573	28.251531920334443
-0.389	8.523872787158382	33.23000310917457	30.939061659687667
-0.387	21.318157440441965	27.344950169567632	28.287200987722976
-0.385	69.36992397421626	36.00722961991397	30.016890241530646
-0.383	-27.807334987417498	27.542796345915374	28.67883818039173
-0.381	32.36838511866402	31.037223648904646	28.507633371375988
-0.379	-21.63044723890728	33.58695810063127	30.590130919977867
-0.377	35.73669272483038	33.009306494101146	29.66021275453973
-0.375	26.190029181583085	33.658198201816624	30.246063981851407
-0.373	-18.052301475446342	35.61395689803717	29.99342645837932
-0.371	-13.777734305997491	30.63951932279778	29.499954892139076
-0.369	11.146593341226918	26.88064470190521	28.78877180205196
-0.367	16.281464316536542	31.26251721393539	29.80363475757475
-0.365	-29.001029821507096	30.13111040065929	28.52116433178898
-0.363	36.905550270693865	32.774613776936086	29.655643678836608
-0.361	18.74621715503011	29.87569283084482	29.270449440408882
-0.359	5.7129974770919745	26.926857858100764	28.85327694102345
-0.357	21.613449823432163	31.634711698878732	29.856284705441404
-0.355	-9.681853954779385	28.080051617817734	29.153828510598203
-0.353	-21.390111186625482	29.608334216093795	28.740522949460725
-0.351	-17.72355959173133	35.59138753747883	30.383574861351747
-0.349	-33.135128179928586	28.478940287278768	29.320616730897317
-0.347	-9.67267825813245	30.190523668802523	28.043089350511814
-0.345	40.619551032961	30.131950714404162	29.352965820483703
-0.34299999999999997	15.353753108016122	27.270971461134636	28.22155920852513
-0.34099999999999997	2.611614999148415	31.296066776939703	28.71227791021105
-0.33899999999999997	-8.39013701192659	31.086409681000863	28.896803685443405
-0.33699999999999997	-1.177189579704141	29.707037213428293	29.538031433699157
-0.33499999999999996	-8.632154082865995	30.885982717922722	28.63856162772048
-0.33299999999999996	31.662234356355512	30.940995802243837	28.82911066849492
-0.33099999999999996	26.846981534101033	31.047493804659148	28.09653978250291
-0.32899999999999996	29.242611899960025	33.78648728356463	29.12393548678109
-0.32699999999999996	2.1536318428605483	24.962938100533886	28.961146782054424
-0.32499999999999996	57.74521134616073	28.885755715606482	29.669794831061154
-0.323	-36.688045132349245	30.1935680712166	29.80083841372463
-0.321	-24.43307752886259	30.01424683829162	30.02696254363084
-0.319	18.498215993423273	28.649717373625933	28.07985770792119
-0.317	18.848855582564994	32.17094152313589	30.744020350463767
-0.315	19.765204556598803	29.922720642541556	28.404506128953617
-0.313	-19.8556937607286	33.50333761022733	29.85612840864079
-0.311	49.01501786003237	29.049252170607424	29.512441061774986
-0.309	18.603188330024167	33.18260903447606	29.314904531350432
-0.307	51.51360325839072	31.45784113555412	30.042778647006198
-0.305	-9.934137291223166	28.82892942137561	29.31685964673655
-0.303	23.874705163740018	30.9800088262332	29.022727599560966
-0.301	-18.99486900824865	27.728155487641924	29.138448612468792
-0.299	18.503833940863856	32.593707151416794	29.17724756815893
-0.297	35.98451860553631	26.179286083599028	28.986735479765002
-0.295	-13.60871349864734	32.25051831488828	29.501564380223307
-0.293	-33.51768746007178	31.37232545595793	29.83045735370719
-0.29100000000000004	-26.876053137891986	26.86540150237315	28.662725762396605
-0.28900000000000003	40.253361582420766	29.55796571866338	29.19040533650303
-0.28700000000000003	-0.6230408443608226	31.845487882053785	30.778601293422135
-0.28500000000000003	12.873372748911649	31.335954122329806	29.837144863375975
-0.28300000000000003	49.30061580199485	30.60050169777846	29.120702706602874
-0.281	-24.80790154057999	29.457601326123118	29.033840216145755
-0.279	1.833362763825619	31.325476324043173	29.99680580866734
-0.277	-16.713968691517422	29.457872094699468	29.711530518051525
-0.275	-28.948747665458185	30.784679586955885	30.23231827946237
-0.273	-3.611412907056355	30.16747250784396	30.195028812965504
-0.271	2.256747551054872	27.870313482274273	28.953691801703826
-0.269	13.776948872612493	33.32505298448375	29.87329426921738
-0.267	39.80085863974914	27.459854616446076	29.162349352531418
-0.265	35.469119282538486	30.98950902006317	29.047914000230794
-0.263	-1.3470167050666504	33.958336603477335	29.26807401596804
-0.261	-9.786151382251695	32.08454396090211	29.1686338355663
-0.259	-41.657380684290146	28.135595606220548	28.679422265095003
-0.257	-37.899445713973634	31.52498889015833	30.368665421129297
-0.255	-12.065933133187379	31.784059185276327	28.220956238575702
-0.253	1.7387247375211246	31.82780048256492	29.653151914404365
-0.251	-52.06664031698338	32.81389586119402	29.165273113498056
-0.249	32.25918244087467	32.175644229027654	29.677497860507337
-0.247	11.47257325229134	32.063355598132674	29.507246610053848
-0.245	15.142163542369858	31.936717697103205	29.68497892234356
-0.243	-2.5323697991908034	30.463834986393383	29.374344927917424
-0.241	80.33486270320189	35.013822654480144	30.160536872686823
-0.239	40.11074851639762	35.50769041828297	30.624158972100428
-0.237	8.623814164554489	25.42658065035363	28.85096120576051
-0.235	-10.725959859847478	30.61743728698381	29.301884501504436
-0.23299999999999998	-14.326445313073144	29.43518750339579	29.01031516039282
-0.23099999999999998	-10.573575589756246	33.811880380674594	29.68840612360227
-0.22899999999999998	21.377098396779814	29.80250652783166	29.470782250370892
-0.22699999999999998	-9.403531649909702	31.07849262745906	28.884967933868083
-0.22499999999999998	44.8078395383078	27.09153497506633	29.29998920094189
-0.22299999999999998	-2.416948114869477	33.72595456150871	30.013395302891904
-0.22099999999999997	36.62258398784424	31.315080217175947	29.333421629025857
-0.21899999999999997	-34.22119724516559	32.297315464222144	29.65116594527303
-0.21699999999999997	-42.54631479316817	28.192747258186383	28.855729962038367
-0.21499999999999997	17.042162223646073	31.348567192857214	29.652765464272328
-0.21299999999999997	43.49151315441446	32.85041027985278	30.043825296318477
-0.211	-1.0378822178358504	30.864939430731287	28.862702345334963
-0.20900000000000002	30.61214045563254	30.132427652984468	30.242458509542402
-0.20700000000000002	2.667357929198033	33.59812930262342	29.273093312403685
-0.20500000000000002	47.777516362312866	31.980818486688232	28.88495781386159
-0.203	11.409869362877245	28.349040585087053	29.645103984504633
-0.201	-4.199458614406737	33.50143005967493	29.520184446481583
-0.199	-4.089379241012381	29.578233932564718	28.681834125748722
-0.197	87.09542492102429	27.548328611075746	30.022580970084825
-0.195	38.59638027559065	27.936832707997343	28.811619631504445
-0.193	51.53190573570221	33.57865482329004	29.40694265436537
-0.191	59.478263864543024	27.738394159670175	29.158728782286214
-0.189	1.7191641734637386	31.17603075065923	30.22333847186454
-0.187	24.666673817286267	30.198377978034962	28.20489486806619
-0.185	10.382609260561892	29.946130576683156	29.842029830298294
-0.183	24.155556872962336	33.328199705830386	28.707335035001314
-0.181	22.369430169755233	33.694023406921325	29.13576772983394
-0.179	27.4630809420362	28.0796310469884	30.21514962878876
-0.177	44.609170734677406	32.64522119869447	29.0176102864725
-0.175	58.50223383974118	34.25044956300772	31.172077636939004
-0.173	-8.391672275065432	30.578756703889983	29.013560717381655
-0.17099999999999999	-31.114646925511913	34.387964722998845	29.88360519067871
-0.16899999999999998	21.681718191945976	31.362616780249034	29.461662998185666
-0.16699999999999998	17.683129686307808	29.871233290924987	28.7174691740341
-0.16499999999999998	-47.446335961875974	29.30397831909105	29.185656067643475
-0.16299999999999998	4.097445202910777	30.306038919919335	30.032763376939414
-0.16099999999999998	-18.657809314870377	29.108771850826045	29.12541660128775
-0.15899999999999997	9.703619137768627	29.40198639772831	28.53849694255691
-0.15699999999999997	13.437970768803709	29.99384159761576	28.205205726772167
-0.15499999999999997	11.810559183089708	31.505005423974445	29.22059444977057
-0.15299999999999997	17.12400107001244	28.112921349904084	30.000123890113095
-0.15099999999999997	-15.525706566266173	31.69313080661605	28.685709940353703
-0.149	31.33623599382851	30.850979411503246	28.69192246780525
-0.14700000000000002	-10.297807345849286	24.016009287144517	28.66902412832247
-0.14500000000000002	-4.9842574061376155	31.33273691392613	29.722293406619276
-0.14300000000000002	6.439650505507544	27.011315187422728	28.52910489569671
-0.14100000000000001	-4.552923821288246	33.50983362848771	29.481032759332013
-0.139	42.27471873297084	32.3681961414084	29.669139261578565
-0.137	56.382687768197215	32.207271639711266	30.811045953817683
-0.135	84.71946059884772	30.49888719146432	30.059139361275165
-0.133	21.678439291905605	29.701562439446576	29.52335935056652
-0.131	8.526318841184377	30.05921742379677	29.106533309346354
-0.129	-7.01254361168413	31.00099070786486	29.042257824911147
-0.127	-30.030327973440407	28.339315546820703	29.320792353123434
-0.125	31.106692797155944	31.645651026572203	29.478383722556394
-0.123	-7.058116492375532	33.512419721329266	28.26818694442162
-0.121	43.01937572614989	30.85871559979484	29.651786967855283
-0.119	44.01716453994453	30.209342118277046	29.493028854715575
-0.11699999999999999	-10.046674714825343	32.65150688744366	29.172498049596616
-0.11499999999999999	82.16413845318904	33.45085791584624	31.403583687613818
-0.11299999999999999	45.571496858354266	33.420483401898196	28.995948346136654
-0.11099999999999999	80.54083651920507	29.30897330918864	29.212067666289908
-0.10899999999999999	-0.2272743185871562	29.084722559635978	29.660681991641923
-0.10699999999999998	50.94741892075483	28.771165024267646	29.39790725988527
-0.10499999999999998	-19.045049718169338	29.4626553377462	29.734581530254736
-0.10299999999999998	41.70802075464941	27.94738564619682	29.833309793454635
-0.10099999999999998	-52.61226176522804	30.912950401489365	29.871011873889156
-0.09899999999999998	70.49469546061005	29.0701272253442	30.065247763883978
-0.09699999999999998	14.794537947615538	29.391040671775688	29.50553540960275
-0.09499999999999997	38.25391280565249	35.413928669013806	29.058040236464155
-0.09299999999999997	-6.967675184932354	25.860378060816803	29.495983690080443
-0.09099999999999997	42.8381355661589	32.277973159892575	29.353495945534224
-0.08899999999999997	12.059497307648215	30.892035401944472	29.385728026479736
-0.08699999999999997	14.86023878194409	32.65365136979156	30.994328088901508
-0.08499999999999996	10.477103672412724	30.409645414150884	30.384729083526242
-0.08299999999999999	-4.7624700459936165	28.678087048130976	29.00276222188782
-0.08100000000000002	14.77559948304119	36.79498406329498	31.801491417166933
-0.07900000000000001	38.90117136484683	27.24848010506332	28.550923181696138
-0.07700000000000001	60.903209564644456	35.35597949524089	31.010062418733508
-0.07500000000000001	70.10901085791055	27.469169454324266	28.80847601140472
-0.07300000000000001	77.77410849962862	34.559325263374454	29.346571265193294
-0.07100000000000001	10.979071081163028	28.448563562426834	29.156490794806984
-0.069	31.42842224601594	30.17058975491563	30.637291992817957
-0.067	14.57928124315444	27.660184381225825	29.560989344180637
-0.065	-20.456521894307578	35.58130261471229	30.572471779338215
-0.063	2.264093924564392	29.413555336612188	28.820257557685625
-0.061	25.653904311973008	33.93667537153849	29.710286341308727
-0.059	40.31368894152898	30.667138052601114	30.213775259109212
-0.056999999999999995	45.2351946895746	32.49827115201054	29.5365673951641
-0.05499999999999999	56.9337468290243	27.36603158849699	28.844800259978527
-0.05299999999999999	33.49862807100479	31.900689039098175	29.6771962607484
-0.05099999999999999	22.48360924284043	34.35539074187713	29.879403082507164
-0.04899999999999999	-25.06324150830519	32.03358363871033	29.646289167968693
-0.046999999999999986	74.08819755783114	40.10673684775154	30.42602542821351
-0.044999999999999984	18.052475078134123	33.44605709986571	28.39835775116919
-0.04299999999999998	0.028959044495735498	38.588224534045544	31.441614348401497
-0.04099999999999998	27.147013303308043	29.61264154694087	28.66591402717357
-0.03899999999999998	28.923750284404193	33.47676309367162	29.879593428579067
-0.03699999999999998	2.0436144518853894	33.48499903241512	29.47945517884747
-0.034999999999999976	57.26754851376192	27.05322177979272	29.720434074308372
-0.032999999999999974	-2.3283934833528974	32.803789576034035	29.28950223954916
-0.030999999999999972	15.90126602657449	32.65162630837516	30.048639422597162
-0.02899999999999997	53.97503234960688	29.606528718229523	28.841144040417063
-0.02699999999999997	2.742476807426897	28.078919545149002	29.65299771676504
-0.024999999999999967	64.1464317152618	30.281301057660183	29.846361423548192
-0.022999999999999965	18.55731852695719	30.44552083050938	29.685377956482334
-0.02099999999999999	-81.33578110491868	32.70029081293221	31.191298827008005
-0.019000000000000017	-28.66725128514158	36.97172456129888	30.195027605158206
-0.017000000000000015	6.721703077472441	30.352068313392827	29.708025037039565
-0.015000000000000013	7.920953636109118	30.317334554942384	29.66017601401838
-0.013000000000000012	-168.84531317862272	30.618684150463853	30.444476138119054
-0.01100000000000001	-516.8115359157621	28.337807850089543	29.459473514908588
-0.009000000000000008	-610.9009060077941	30.33201923890424	30.044925818197616
-0.007000000000000006	-759.9505125795991	32.85643807901064	28.818318857556562
-0.0050000000000000044	-768.7516392678173	31.110908051524543	29.709072628743147
-0.0030000000000000027	-783.2428687630788	30.318176223028907	29.342380170156385
-0.0010000000000000009	-801.2569856918894	34.64458783171959	29.729552595667283
0.0010000000000000009	-832.7642725158846	36.43102997580124	29.819891383124745
0.0030000000000000027	-812.3440863933018	34.92201402216212	29.51227490515678
0.0050000000000000044	-757.7458743723842	26.183333906359763	29.355167834823867
0.007000000000000006	-745.5210020297365	31.269496498620175	29.827816948512368
0.009000000000000008	-624.8309226106752	32.455680516941165	29.341794041003194
0.01100000000000001	-549.7663844667989	29.6051685910514	29.476411519068307
0.013000000000000012	-168.22386280623823	30.883850484927887	29.841172380348976
0.015000000000000013	37.55031446139867	30.17657897228646	28.858881737272608
0.017000000000000015	5.873797554789562	31.145049212760426	30.421612276401763
0.019000000000000017	26.223784922452253	23.67938495362125	28.678820121229215
0.02100000000000002	44.697921995240364	33.34597136556135	30.491140260478993
0.02300000000000002	17.80857792721413	33.08095731979939	30.35456477429846
0.025000000000000022	43.03599710242523	26.07473785119975	29.904648607658174
0.027000000000000024	-54.08215779567627	25.58538429575877	29.875419394497158
0.029000000000000026	-6.654051272203532	35.45319515483158	30.60600657836683
0.031000000000000028	-4.074582788282655	28.910295104921207	28.23868554190004
0.03300000000000003	-13.881155990880245	31.357197375605097	31.002092611030434
0.03500000000000003	12.919208843609198	30.687863594823927	30.562067617290424
0.03700000000000003	-30.62293844546815	30.616573063616876	29.201219299522897
0.039000000000000035	0.2227990099079591	29.377692838589525	30.02829668568142
0.041000000000000036	7.264602423173727	28.377259476550247	29.153378172701593
0.04300000000000004	31.117260465896024	32.2020635244654	30.456925108914323
0.04500000000000004	63.08544572952712	35.12392593953353	30.77604240950079
0.04700000000000004	-38.585899757137554	38.046321743953364	30.258411350341756
0.049000000000000044	62.27137494430046	30.179269220855595	28.54907708612702
0.051000000000000045	-17.126695000868608	37.48241849266653	32.51463790617586
0.05300000000000005	-5.873071578510469	33.0733347838646	29.182445426797155
0.05500000000000005	36.562122505579	30.812230018153155	30.795611641210225
0.05700000000000005	-8.93747152286295	30.935496726540606	30.14186874412476
0.05900000000000005	35.613608400097974	28.897393251912202	29.030760667454892
0.061000000000000054	15.775069634349492	36.72607457866604	30.38972546566768
0.06300000000000006	21.01645553609366	32.393082635125786	29.880284643020637
0.06500000000000006	-27.87957732086621	34.33082042103504	28.866700483623024
0.06700000000000006	12.40169823235604	27.637246218448908	30.030457423308075
0.06900000000000006	31.335055443060256	31.694169976541115	30.182536233520725
0.07100000000000006	2.978270233322533	31.1606898881367	30.424925066467342
0.07300000000000006	-1.2688198396393346	30.410375560034055	30.56457755555136
0.07500000000000007	51.79270881283671	33.0768169522324	29.883509846206902
0.07700000000000001	0.4053275273196988	35.840978567017565	29.357280781551605
0.07899999999999996	-28.076790176578825	28.21638293427635	29.861782914708872
0.08099999999999996	-22.905758146563038	31.792519255406308	29.71150946692682
0.08299999999999996	18.3957268311552	32.37820970764332	29.48488995272857
0.08499999999999996	-5.463725760157523	28.28786795695768	30.085565849929502
0.08699999999999997	59.024365400173195	32.56339612623529	29.49989423504445
0.08899999999999997	8.50440159472221	31.84475331705743	29.884112202163845
0.09099999999999997	-3.007390400711074	33.87766748841739	29.814828996234006
0.09299999999999997	-28.150187015518746	33.34039907555019	29.727154366616787
0.09499999999999997	33.21429858282876	30.73258791077672	29.979203787654757
0.09699999999999998	-12.92941636177325	27.69379264994141	29.89870136120507
0.09899999999999998	-10.239810790291237	30.10145822859483	29.331960791120633
0.10099999999999998	41.856959964281515	33.88664564852743	29.494356542766347
0.10299999999999998	21.151328018165216	28.170938813337532	29.51784600353958
0.10499999999999998	10.474739411403533	27.765227723287033	29.505888472646777
0.10699999999999998	59.3285187477921	28.226346565096772	29.667186658556613
0.10899999999999999	-6.947753179775695	32.925583881955895	30.446799964909378
0.11099999999999999	-29.46228964706421	31.163879574478376	30.35318765731484
0.11299999999999999	27.377260838346018	28.072837443898607	29.503221641777195
0.11499999999999999	18.26401293536506	26.333576562281028	29.870584707590368
0.11699999999999999	70.18610800546554	31.257329899742604	30.1691769529876
0.119	60.795395228963045	34.45932976396197	29.758537209468646
0.121	-37.006478503798235	28.94421889236208	29.487837725322414
0.123	2.0330267733736918	31.03130932027883	29.679477121319554
0.125	-44.37093904297029	30.93640292078991	28.977012493399737
0.127	38.287859091212795	32.492360558410546	30.061322634996525
0.129	-5.779138701034192	30.385570355408344	30.046878961051657
0.131	-70.74455835853755	29.621576122347363	29.88863459733359
0.133	-4.795961028203344	33.88692308749289	30.17489259802625
0.135	-30.870724297749064	30.79419233935421	28.891837523324153
0.137	-57.242382799693736	29.560091367549187	29.324991030085116
0.139	15.161472611824323	34.841548055196355	30.0432255427654
0.14100000000000001	21.647297753446537	31.846202479911593	29.383604417525213
0.14300000000000002	13.167355528143077	34.26763277382935	28.9743307328009
0.14500000000000002	-28.0647888591945	28.456550529753898	30.023080069896636
0.14700000000000002	44.39527614819028	27.702442212439955	29.515990118501104
0.14900000000000002	53.336034705919744	30.177925856075987	30.079274857407757
0.15100000000000002	-26.66509855719923	34.344407349115684	30.13444429891939
0.15300000000000002	14.134944910093594	30.98774124144196	29.233144628026167
0.15500000000000003	5.607900369630769	27.22390213085831	30.5488227103669
0.15700000000000003	45.55915096404739	30.34580658244577	29.572519391770417
0.15900000000000003	1.2443085082303185	30.974123704201137	28.842789813306943
0.16100000000000003	64.23798164423289	38.53118282619872	31.81272309637063
0.16300000000000003	41.324680850607365	27.845301871862343	28.502629222572487
0.16500000000000004	5.124724488103638	39.259752438827164	31.024699910372235
0.16700000000000004	-45.90998316311712	32.89846824137199	28.643046736148218
0.16900000000000004	28.635178325187027	33.36854682846284	29.933753001781177
0.17100000000000004	5.395527522544796	31.31966916665545	29.130893239005946
0.17300000000000004	6.560353008833175	34.124177056691465	29.347229785355687
0.17500000000000004	-8.756784180663502	27.784654047485482	28.417542118249848
0.17700000000000005	21.542268169083556	28.071396824888325	30.013912706255372
0.17900000000000005	68.20733656653921	28.192230335753784	29.008548097059457
0.18100000000000005	-40.72870340776635	31.547312207031077	28.538420417840328
0.18300000000000005	-26.10556117876861	34.05241716596436	31.393429549911215
0.18500000000000005	-4.664208624549637	30.959488669580114	28.526720451390204
0.18700000000000006	-5.9820790578868355	30.65993544527689	30.26774048281102
0.18900000000000006	46.85860430009292	34.96306018362341	28.645864729900943
0.19100000000000006	-10.808980997811801	27.329609095126965	29.372446123617248
0.19300000000000006	-22.767777515642074	33.260019216259074	29.321579145083593
0.19500000000000006	21.47064597446402	29.155971615806134	30.043996889694103
0.19700000000000006	29.757612120207	29.490255206287795	28.57367939328238
0.19900000000000007	40.77705261362752	32.51418804985786	31.149095661233222
0.20100000000000007	-17.95009882665788	32.286403054687646	29.16621041933177
0.203	8.246929592337082	35.10641958707146	29.86797918037954
0.20499999999999996	2.0128479691905454	31.416859263706762	30.03139984348259
0.20699999999999996	-2.327043835292919	32.63544524260095	29.028492866848445
0.20899999999999996	3.090558654994524	30.10258069942353	29.652801126527116
0.21099999999999997	5.98205832202936	26.991767871675922	29.821576830120144
0.21299999999999997	-22.241521346000326	30.30430923586481	29.51875917434918
0.21499999999999997	34.37073342049679	35.92074165991306	29.340808970896852
0.21699999999999997	-38.65187917462265	31.049864410210137	29.173042175196837
0.21899999999999997	49.11103642468717	34.5531405686136	28.22469161958722
0.22099999999999997	-3.297135153457198	27.627773616299173	30.37217341644147
0.22299999999999998	3.074211459397347	28.69887619588809	28.338096472070077
0.22499999999999998	37.39255254942009	29.958530788582593	30.222983469750343
0.22699999999999998	30.872432580153486	35.24416553017735	28.984081049117023
0.22899999999999998	84.29596058512345	32.46633265055036	29.69706181568566
0.23099999999999998	10.52296514703066	28.013401874153175	28.18551444685867
0.23299999999999998	6.905756896991022	28.77532299284871	30.79170018905894
0.235	73.54103146384183	31.137320547858213	28.99721586613112
0.237	31.329635783006182	30.394403788410145	29.68725077361664
0.239	13.110651415626506	34.02334619678735	28.528294966465992
0.241	42.91773620046513	30.30930462331596	29.354864603757232
0.243	48.104615538946405	28.454286942432066	29.479787578001254
0.245	36.65098224314711	31.032812212146474	28.857831987284197
0.247	10.1557015681486	31.644173847750334	29.330102797267603
0.249	26.33989059575015	28.514767737155708	28.64347557167005
0.251	59.59178352132888	37.624540244942686	30.033435978616435
0.253	17.68453752037935	33.20760009976241	29.640887124319864
0.255	13.742182470410924	29.465053362681246	29.473603322407463
0.257	11.898075713778766	30.766975948906254	28.500526080090665
0.259	0.26646228468152344	29.4256454408313	30.052901195452606
0.261	-51.14833244901362	32.620643706063795	28.51391735058577
0.263	20.016830559521637	34.73479352436203	30.819872071078603
0.265	-27.273098684110764	34.38633449359058	29.589933689183738
0.267	62.87410446925712	31.579286487641284	28.88184550381991
0.269	40.363809466814615	32.99182157141717	29.16973007728024
0.271	1.0829056840133688	28.24767658381305	30.21812256674134
0.273	-6.2054821688972694	28.168048671239944	30.05697479275857
0.275	12.939366080599868	30.40757301948353	30.366874606170708
0.277	-10.505882431899316	30.70912031358655	29.67673007263405
0.279	11.220238592457576	31.259635260485958	28.692628392922224
0.281	66.51938913604383	31.916782550219907	30.384720748691954
0.28300000000000003	-17.97856152441213	30.6716721295529	28.86321669345399
0.28500000000000003	-8.121874807698326	31.371888518278446	29.0433066201002
0.28700000000000003	-19.160049088418063	24.94168671471854	29.11447642913231
0.28900000000000003	-28.35099048925649	29.2613737871332	28.884814150188067
0.29100000000000004	-17.807967600314	29.26229615908807	28.694411965052787
0.29300000000000004	17.512723181178913	27.41191979515899	30.4059412060305
0.29500000000000004	-31.787798678961643	31.120513934728933	27.370329448607635
0.29700000000000004	-12.336935138468341	36.08987817494936	30.996719742360707
0.29900000000000004	44.89899627735383	29.821023405407974	28.48153530131219
0.30100000000000005	69.01344588494673	31.1884627258212	29.54119903695143
0.30300000000000005	-16.41490689541225	29.476662671368985	29.12407686167258
0.30500000000000005	50.81696122699597	32.018283361113646	29.666844810200327
0.30700000000000005	-26.207374907105674	27.615840508121025	28.54140207664333
0.30900000000000005	24.273054418877393	30.948410047974654	30.56815853322822
0.31100000000000005	-42.47436956505979	29.925436894117755	28.68926767238074
0.31300000000000006	-14.320770070241906	27.505807336224244	28.34216920970853
0.31500000000000006	91.12327987348401	33.53798335063913	30.582662318180795
0.31700000000000006	-18.441880919484177	30.25336838855066	29.354596743126372
0.31900000000000006	48.385758919300415	37.436821341492305	30.203207515432304
0.32100000000000006	67.46437173132946	27.5934200703068	29.808624153050737
0.32300000000000006	12.527933516803813	29.8991130125074	29.356856436490055
0.32500000000000007	-3.609046400399052	28.454884116008877	28.35132178399235
0.32700000000000007	30.20186103253053	29.3690990204617	30.232525954830084
0.32900000000000007	-13.608685631716355	30.840647615670676	28.523479110268305
0.33100000000000007	60.07752991177284	30.67531640602941	30.947448503403546
0.333	-22.724291028564103	30.17971864652968	28.323269350077638
0.33499999999999996	-3.605502318704268	27.503881681881413	28.884623913712506
0.33699999999999997	12.732143619187397	30.178492721445732	29.797812914401003
0.33899999999999997	30.459303576257923	30.714472098590598	30.824021507308448
0.34099999999999997	46.86154974131718	30.258081436684	28.644979244484094
0.34299999999999997	11.391066362387292	30.91859853703863	28.839365405487694
0.345	20.58729065979037	27.639983979679084	29.163186986829814
0.347	22.20417094256355	29.227032768427694	29.98034309750822
0.349	50.301210431591414	30.3102031024707	28.840934771028966
0.351	1.8747155998699583	31.19478838836226	28.642691698536968
0.353	39.15297163614717	32.348938846586044	30.3910351451857
0.355	9.851484713996328	33.48721209260649	28.21172848756369
0.357	9.62930283709973	31.787130052583468	30.40879249754032
0.359	-5.846923508689983	28.800641282678075	28.188742789816022
0.361	81.06139814434421	37.52017631188177	30.02308274900426
0.363	-33.56644518992535	32.3026004825639	28.96329220617311
0.365	36.058369488722875	32.946884360442695	30.426820497486702
0.367	13.046306042818756	28.556398787718845	28.491656477682497
0.369	23.66165949774235	30.65742219663762	29.68858288195997
0.371	27.777028672959503	32.24117205403572	28.508846693595864
0.373	-10.207575091070176	28.902586028044862	29.53061532301798
0.375	10.011659478781354	34.09610141245999	30.505263554954478
0.377	43.44635389874618	29.429761552865813	28.978168039825015
0.379	-36.092355170880275	30.79074767196982	29.335987777091564
0.381	30.98479510965646	31.0516186098463	28.834308238658657
0.383	-12.454472159029173	32.16086444383048	29.014081220046542
0.385	14.079680739520484	30.582118112123034	29.829801827467026
0.387	24.85405045948852	31.91088266800408	29.78832189007286
0.389	35.55593819015712	32.68764077331995	27.924088545054406
0.391	18.302074242804167	34.356607125130395	30.558044185049283
0.393	-10.161257641083665	29.25134019146345	28.722239296855257
0.395	-21.747782475989297	33.63556054703082	29.183621558432215
0.397	2.555169018148007	34.477873067700905	29.959992904718092
0.399	38.138579854907206	34.241986097744956	29.7143000474181
0.401	59.37320498272669	33.04491816596782	29.574767684060216
0.403	24.90137391863989	29.1995487144468	28.994792194208998
0.405	21.036987660094653	31.65873258519745	29.338528260365596
0.40700000000000003	14.132532785149365	31.42962473300763	29.829499091158194
0.40900000000000003	-10.758607603134074	30.14940968020858	29.13778510002311
0.41100000000000003	11.834897108764508	34.12959072834083	28.53900726460097
0.41300000000000003	-19.849179066722122	31.590737998181474	29.966655875964772
0.41500000000000004	-13.042961307663248	27.203547204497582	28.24413044308352
0.41700000000000004	-8.170244181426867	30.635604414065558	28.34194918372537
0.41900000000000004	30.88920037730425	31.44807207822274	29.814218840785905
0.42100000000000004	-28.3860822073434	30.36058593363151	28.528097494113226
0.42300000000000004	2.481617851879392	27.1943403905171	28.50537791698514
0.42500000000000004	20.106804865083205	35.61635214248066	30.220641948096937
0.42700000000000005	-0.00427361102062207	31.218740129127735	28.352802132946614
0.42900000000000005	-43.11107572396722	29.41568006548135	29.88338125495502
0.43100000000000005	-14.383708884402324	31.224991623253743	29.436355734587384
0.43300000000000005	17.168272238965443	32.214030802470695	29.39940133471096
0.43500000000000005	38.53061767178367	31.21095051098112	28.928618269590228
0.43700000000000006	10.541422653886912	29.68082479337085	29.00680395055153
0.43900000000000006	7.107616557089358	29.38018693890255	28.65824356633136
0.44100000000000006	30.48275743933182	27.811045682588006	29.659476492813855
0.44300000000000006	5.930993907332649	26.067762314159268	28.652146607992123
0.44500000000000006	8.636220031110753	31.951874544296945	28.516279956578714
0.44700000000000006	63.63524403352194	34.07980605941477	30.17690132627808
0.44900000000000007	3.5811295595600257	31.200912312389377	29.172109963174965
0.45100000000000007	32.784342538505484	32.811333302938365	29.854168623794134
0.45300000000000007	30.857981744292218	31.678057209105134	28.331976561306988
0.45500000000000007	48.866788158186125	32.46576070022683	29.209520479958435
0.4570000000000001	11.983502867574103	27.778322796514736	28.212225495245494
0.459	37.77579429109501	33.53426994311395	30.051665941118987
0.46099999999999997	52.910286252538796	30.437753257454535	28.500945470958968
0.46299999999999997	10.099335827851164	31.068009384883172	29.670452724562733
0.46499999999999997	-0.9794769635362854	30.43599195929007	29.30661148911002
0.46699999999999997	31.64693828860976	33.08904642876496	30.069204951096744
0.469	-38.670441862120875	31.855078631317664	28.82040871950994
0.471	-31.91119201106929	29.97696955267465	29.91333801390343
0.473	108.42219565199152	26.418801838722246	29.6464541568892
0.475	-0.8196785905578707	29.66195254702479	29.325101361166336
0.477	68.26125002290517	29.692791554279726	28.855496754221953
0.479	7.560246529036974	32.36924050939459	29.842557424410685
0.481	34.80642290765168	31.96598224701165	29.337890218905336
0.483	79.52134493538487	30.04017826260109	29.15601397499595
0.485	25.04637969025225	31.03991670209289	30.378572327477524
0.487	-28.11731559559938	30.898017366378728	28.860109218637714
0.489	4.009834972507065	30.525886660507194	30.826217849152556
0.491	26.629060598137855	32.92426780570028	29.681699933668614
0.493	4.4129640386358915	31.40189400494262	29.35653345058809
0.495	14.24306459196778	29.540223534404007	29.64775409668213
0.497	-43.13711800352227	29.514966683398086	29.54389130211824
0.499	-27.04354794136332	31.44235001102733	30.148509739626242