-0.499	22.174498152782718	28.758805972817907	32.49700741556059
-0.497	4.135206392863466	30.944749919899074	31.245129248763416
-0.495	63.60166691821156	28.262848763112892	30.769698272370633
-0.493	26.899302820959647	35.136773306377975	31.215759249811185
-0.491	19.844539579150222	35.10774135227116	32.05691201490824
-0.489	-27.8343188350183	30.154928844727714	32.26276788782235
-0.487	-27.523753881930624	27.75532720459818	31.711518547930513
-0.485	-4.478234022275984	34.127685610153996	32.85733045660834
-0.483	47.06482607463869	32.60985144556263	30.49829359068409
-0.481	14.332066057276549	28.05113539501637	32.02799791235887
-0.479	-32.02154022952097	33.47271331191727	32.8651905682573
-0.477	49.74856902628666	36.656725918988904	32.35989259075334
-0.475	20.85129800377672	30.226367066880293	31.15080355701565
-0.473	-9.67433022747155	37.074128725776454	31.231031409113562
-0.471	-39.83956436470759	32.3247722878996	32.46250081718181
-0.469	-26.68119279791714	33.85431830489297	31.94115815421268
-0.46699999999999997	32.17970792435132	30.18780812842789	31.379838631373545
-0.46499999999999997	22.83203469866102	30.315062122949673	31.87058859370859
-0.46299999999999997	12.208474722941176	33.16665309405704	31.199354818400895
-0.461	17.778323722295042	39.18356830578283	31.85318133270985
-0.459	-19.492764807838014	32.699761133062914	31.401658899028817
-0.457	25.88081752441518	32.80515540603421	31.88035215705529
-0.455	26.49756484718324	32.71310640015608	31.842126959905368
-0.453	78.29372015932812	34.38434732067049	31.70246936032007
-0.451	44.7806640146986	36.693884420793694	31.608910781831362
-0.449	54.713275860152066	33.68600980743555	31.183083389643432
-0.447	-26.843932138143067	30.60976707504213	30.767007246653158
-0.445	21.430252160836716	35.061755111611696	33.101487897018096
-0.443	27.956286624331028	36.43465461564843	30.515157123717337
-0.441	46.49688274915853	35.94541604909336	32.23286934203975
-0.439	-77.81845398169284	31.40953474113285	31.334367783503495
-0.437	1.2818575114703634	28.20493328533617	30.503779738850653
-0.435	24.64724712103461	33.18337510102273	32.61906976439425
-0.433	1.5186415049939228	31.95117392245081	31.497583248613605
-0.431	-39.361542563565166	33.24051405803667	32.00719147392079
-0.429	28.889790811392757	28.068913060115438	30.53511503711096
-0.427	-19.005121827841975	31.359499788609725	31.337119409395786
-0.425	40.72802767973727	38.200124658172236	32.668944535068945
-0.423	-36.79039217774349	38.41330068047628	30.625625719798037
-0.421	16.61036932376625	30.138463113402448	32.44497443836219
-0.419	-4.274296723449922	32.41778962194905	31.397943400050682
-0.417	-1.3918402104184935	33.23924092877827	31.63190312030688
-0.415	6.049176400013678	37.56259241412595	32.42105895513758
-0.41300000000000003	-35.13268622878929	29.53169164902644	30.775361775409422
-0.41100000000000003	54.30859845301228	33.603085508068276	31.475382231800648
-0.40900000000000003	21.400213787714506	36.21943148156025	31.389621517160588
-0.40700000000000003	2.115423510584691	34.791304795017396	31.634498780769796
-0.405	18.55626654445608	35.10231112851685	32.30015387507233
-0.403	14.329761180098544	29.459916176005855	31.74443202790222
-0.401	11.38094935160261	35.77920718921639	31.926418971472714
-0.399	65.32069520970296	30.463356548527546	31.52625213452189
-0.397	43.17408819454194	34.570880597495815	31.66581109663427
-0.395	1.6353148546421892	36.766221872327826	32.27005743880915
-0.393	-7.3940022674579	31.915730808263415	31.025868356045038
-0.391	47.318943274587966	35.46997439611048	32.09167537904156
-0.389	30.729911619342687	34.4247995002476	32.33359019679152
-0.387	44.77089991006267	35.47083371438869	32.021713495428415
-0.385	26.56871500206215	35.68598136937109	32.45987515011649
-0.383	-18.773490745971344	35.11790862971216	31.92885369479803
-0.381	13.425926502330654	28.111033770049414	31.82707356194865
-0.379	-18.175573084366903	34.73437461745494	31.545668368426405
-0.377	98.60390861882173	34.82948594456232	31.992788723013774
-0.375	18.987313651797066	32.629357483399666	32.60780312264963
-0.373	-22.50337577580641	37.26288416744931	31.393811907176897
-0.371	-14.18541558639852	37.7166812907458	32.03174021620724
-0.369	48.220852946201376	35.505334219706135	31.337703191565023
-0.367	35.78961036332373	30.613698409791752	32.376936992413036
-0.365	-106.42459239951219	33.361175768474	32.49277070804662
-0.363	33.3152041562812	37.613657039377806	30.990983515010853
-0.361	18.946147011256187	32.18221074582169	32.62705446949794
-0.359	7.74313855056441	31.823621005284192	30.652140388647368
-0.357	29.71003232254965	34.94752491624145	32.03650240055434
-0.355	-28.980353483976096	36.3441398761622	32.67939375393263
-0.353	-21.97713108353927	30.23980325548883	31.137890305503255
-0.351	2.131907282043599	32.8466899705647	32.56380082512951
-0.349	22.60532987263808	34.26573305726005	31.134788226477596
-0.347	-19.612449117634156	34.55460967382576	32.57693802095426
-0.345	13.791884176050928	29.277878446997242	31.569070965667827
-0.34299999999999997	71.82797374061245	34.43313330620905	31.3470839515492
-0.34099999999999997	41.18935224295406	36.91367725791728	32.12778848817744
-0.33899999999999997	-14.039499847906534	32.91111639185244	30.841225885245063
-0.33699999999999997	0.6022646461545378	32.43787653584369	32.45268957074994
-0.33499999999999996	-37.25375119689733	36.0834553328005	31.201358118073394
-0.33299999999999996	20.8523335556432	33.50368694844293	31.6293563976208
-0.33099999999999996	-6.576264817481636	36.54549334213314	32.72830634913472
-0.32899999999999996	29.91015760289706	31.086427673799452	31.0198943630674
-0.32699999999999996	52.637548506817566	39.497099846811786	31.82214447614676
-0.32499999999999996	-62.34558557327574	34.363741576137286	30.826869402177575
-0.323	8.141675288175776	32.158615820432644	31.70246684921648
-0.321	-17.91524176908421	29.18023115242707	31.87920667016505
-0.319	37.97711137454307	36.5886140798755	31.199096660362017
-0.317	-41.61674611580235	34.70991425828995	31.156878931123437
-0.315	56.801303288889216	33.268062125231985	31.012745415064405
-0.313	-2.762086668273156	33.74580196624459	32.074193185493606
-0.311	25.491249074027778	35.86554475463824	32.63884133634506
-0.309	15.141374834826138	34.67012712982079	30.8322552669401
-0.307	-9.559829207028692	29.66505567983227	31.169577139530663
-0.305	-29.15112107171325	31.61312461334476	31.178597666797696
-0.303	32.27524318716313	27.600247753787585	31.69460829172598
-0.301	9.105870384829018	30.285554610428303	32.24617785842717
-0.299	-33.814418030408966	36.520843720833824	31.35354037147452
-0.297	39.72983592115398	35.52733970766696	31.630221711294404
-0.295	-18.500038159174892	32.22557473198251	31.099305943660653
-0.293	53.34668903245188	36.104713648786344	32.23349119761414
-0.29100000000000004	22.524875576745984	38.89755039439178	32.082687722355075
-0.28900000000000003	20.824958461895804	35.220267941089055	32.0223624591613
-0.28700000000000003	47.63063751833663	31.762657737550235	32.79269109423085
-0.28500000000000003	-23.361620694495322	37.325895872428134	31.56787449811763
-0.28300000000000003	-22.837358533700503	30.892448770930642	33.855588887021696
-0.281	20.947053308795205	33.77961682807585	31.87852552289468
-0.279	-6.095711703513196	33.65008618058267	31.34508708524083
-0.277	-5.072002040806822	35.683035808957	32.2089326584721
-0.275	-1.462801728524532	33.69187821224015	30.48760592681928
-0.273	25.63061163463054	27.24644019019201	31.750834584495777
-0.271	-7.421989709155419	30.475580331572854	33.102604554915764
-0.269	35.14253992942251	32.112252062957154	31.71070280403832
-0.267	-48.589116000030685	31.553471845208698	31.844235997908758
-0.265	43.99328210236142	32.035948583384794	31.378009359261565
-0.263	7.181439662273803	33.43674077427716	31.45816925721399
-0.261	17.557268089607447	37.70622480592127	30.97424831657882
-0.259	20.645383245643245	30.305654479214798	31.0475634458028
-0.257	2.1477742127018473	34.15831140831125	30.989739832627194
-0.255	6.7326510018173025	32.21593840561451	31.038905535691974
-0.253	-36.65982779466059	30.84341703617743	31.303102124919484
-0.251	20.549519137880168	38.8831527988212	32.22989101038493
-0.249	-1.616683337091196	31.14523220071062	31.00752219246708
-0.247	-19.57656722106904	37.23685524389222	32.65963302579235
-0.245	26.254713411999475	30.731933878855724	31.134615088200896
-0.243	-2.294467905561426	38.28307995064226	31.726230073482952
-0.241	-5.171563332906359	34.67628508498142	31.194945189926244
-0.239	-23.280151781324143	34.26261465084046	31.5017156162716
-0.237	48.9459865271602	38.58539052473696	32.38004146335674
-0.235	7.124838222294372	29.407765843707175	32.49968368391522
-0.23299999999999998	-3.169908927458387	30.5477064725261	31.44432586341022
-0.23099999999999998	24.607379885521752	32.61039581411576	31.899178125947554
-0.22899999999999998	30.59995434506746	31.107012432084577	30.6363663357901
-0.22699999999999998	62.12335095256982	33.765637983785204	32.4233938673621
-0.22499999999999998	18.009354496140162	34.74980819688252	30.834031408440516
-0.22299999999999998	17.56308756717395	28.60149881904644	31.14150642829198
-0.22099999999999997	-32.498217181653466	36.23802889277512	31.79099872148488
-0.21899999999999997	18.461414950765587	30.729183658430543	31.334375182730597
-0.21699999999999997	0.891180224282806	37.64872743989975	32.8943658924722
-0.21499999999999997	-42.488630432213625	33.26128304549635	30.65319634060513
-0.21299999999999997	5.784920276807881	31.398102749109555	31.130533782741715
-0.211	21.77991993979056	36.992029474683385	31.855633263789166
-0.20900000000000002	0.5458320393447735	31.564357710510436	31.05893201230663
-0.20700000000000002	-66.49025047988921	39.26743509038594	33.28239999037459
-0.20500000000000002	15.243956752453158	29.50083077614721	30.336309616922467
-0.203	-3.490721243948336	32.18862448205677	31.467650754828558
-0.201	-16.24499894248288	31.41230609708716	31.22745517427849
-0.199	-14.107114729711157	34.57003812027611	31.805959671458773
-0.197	-21.234349316001655	35.214570456917365	32.318116866419935
-0.195	-41.308548032858994	37.148992744261705	31.555822261880177
-0.193	-1.059752269827463	34.373089101043355	32.091465858188606
-0.191	-17.251218373703914	34.67230690189114	31.928108549603465
-0.189	50.198157418357425	37.9991302742022	32.07072834110357
-0.187	3.611139813397557	36.86980865099752	32.11855469088422
-0.185	41.086758700625836	34.95019495364734	30.985941995395493
-0.183	55.15405120881667	34.62225014946791	32.43782695638165
-0.181	10.228931037081779	33.19450660942072	31.370665182050846
-0.179	0.7139587254734181	33.553707581059406	31.467797872678762
-0.177	25.164208315775483	34.535385679308355	31.66126977487767
-0.175	-16.20610832175906	30.031157807273114	31.29173100306529
-0.173	22.47066041483059	32.592789674965175	32.69694492729053
-0.17099999999999999	13.572346752477316	29.785868733626383	32.052382778371765
-0.16899999999999998	49.191572660811644	32.07915267689843	31.136802604164696
-0.16699999999999998	-12.987470657255251	27.99305854590569	32.05845905517643
-0.16499999999999998	-0.2225294886137874	32.513036571810055	31.26683814342277
-0.16299999999999998	-31.120308475185432	36.776639788883855	33.08434467971638
-0.16099999999999998	-66.25762407008739	34.36447638449942	31.870451615358512
-0.15899999999999997	58.02229382823043	35.32521842601174	31.635146276976688
-0.15699999999999997	30.228278649069296	31.588600575414247	31.115778791271065
-0.15499999999999997	16.918826594158887	30.87662540461224	31.280730173909582
-0.15299999999999997	29.92777258992163	34.535426729011	32.99729635588034
-0.15099999999999997	29.029432978555647	35.47881861534314	30.784486971702385
-0.149	11.441937679101954	30.79370933027816	30.93654529713856
-0.14700000000000002	46.734308258855606	31.523395625054096	31.61235132557019
-0.14500000000000002	-9.171765164572854	32.601504029372016	31.114997383598435
-0.14300000000000002	-21.08616701679278	36.039668709613885	33.04548888172783
-0.14100000000000001	15.728813599125147	32.19609734230178	31.65320762483985
-0.139	-7.074295258924224	31.1730396474861	30.94518895083891
-0.137	-23.382046791309286	34.92432151930827	31.842688105392412
-0.135	34.73143344145946	32.52761629735648	31.089500374015678
-0.133	-40.10433748569131	30.44719987205559	33.2819956545591
-0.131	51.37421268641695	33.69518430823925	31.399342339299245
-0.129	9.176139287969676	32.38146966477831	31.000643201810906
-0.127	-15.659873174755923	30.019510305947996	31.89618746777372
-0.125	-78.80812865035392	36.29363454335854	31.396985456527798
-0.123	-12.031143113100384	37.00362103865715	33.853160973858444
-0.121	42.56329679463988	30.307180001951387	30.79997466396463
-0.119	31.88466147863167	35.78912223096388	31.734575334607996
-0.11699999999999999	18.66487463475508	32.36332813910833	31.17764452457281
-0.11499999999999999	-18.814974019676356	33.35986387979758	31.41698039702253
-0.11299999999999999	38.420474714362385	37.80205976353324	32.678462320406716
-0.11099999999999999	-25.490280597062487	35.56361810780623	30.979533440502994
-0.10899999999999999	34.3728202545357	33.760649369768544	32.05001404385013
-0.10699999999999998	-16.074413459632453	33.9428312445531	32.48049008863078
-0.10499999999999998	0.8765485539630191	32.11059433355497	30.943824887478456
-0.10299999999999998	9.421028467127002	28.06818323484488	32.29798702237677
-0.10099999999999998	2.009891099996608	36.612219233952096	30.94513709215943
-0.09899999999999998	-7.205041698488124	35.860858883177336	32.26944237058728
-0.09699999999999998	3.6158005609632227	30.171269251584327	31.36562710543043
-0.09499999999999997	34.22525971630286	33.68567351574856	31.66460975872498
-0.09299999999999997	22.926599987815877	36.64475770150398	31.372807749368643
-0.09099999999999997	57.253985008554054	30.12937104964021	30.782684468836674
-0.08899999999999997	0.48430341981209324	38.679725165741374	32.24602012857301
-0.08699999999999997	-12.330212904032578	32.31736514327146	31.198623881798785
-0.08499999999999996	37.77812339667008	34.58360334789943	31.130828752527474
-0.08299999999999999	10.92187986584392	36.79384887190551	32.03412291960674
-0.08100000000000002	19.07464538808412	35.9601538018699	32.068213606417494
-0.07900000000000001	-7.225884788852888	35.96807317881261	32.0551348743393
-0.07700000000000001	60.71197183410426	34.47127940531491	30.857804715231104
-0.07500000000000001	-41.24564483976023	34.28929856328837	31.242393000649354
-0.07300000000000001	-28.496916122833227	33.07756779930581	31.82401870599787
-0.07100000000000001	5.123583954436128	34.423095171554586	31.13487631784691
-0.069	24.333255381536745	40.30429840376059	33.25646304603111
-0.067	63.21483146032314	31.018435591315995	31.13439976791766
-0.065	6.368848016968798	31.826316636784618	30.47959781466216
-0.063	0.6540340427019231	37.330136433014765	31.84525604461262
-0.061	64.79258271729904	29.279661620012575	30.657594532180717
-0.059	62.491101881390065	34.40475980259697	31.692434687095854
-0.056999999999999995	25.457873697343203	35.37010017112344	31.39311202746051
-0.05499999999999999	37.198786912107096	29.57265913710363	30.361270025054495
-0.05299999999999999	10.515135093092098	35.55849461609302	32.32116229648346
-0.05099999999999999	15.917566058343269	31.478916547700337	30.791079723518195
-0.04899999999999999	10.721641259481274	38.46575716504062	33.049878139236675
-0.046999999999999986	11.510334031683556	32.134993689461645	31.615263553928017
-0.044999999999999984	9.064525588575734	30.45568154131462	30.468169073401885
-0.04299999999999998	28.205123778102248	35.64890005716183	31.755668938305718
-0.04099999999999998	33.427927993434636	33.527614730355204	30.90870180314752
-0.03899999999999998	41.110053789372714	33.96151216095596	32.61216293819912
-0.03699999999999998	10.745449064542	30.39528946453623	30.32717782594349
-0.034999999999999976	-5.258797499352319	32.23681986112144	31.11183452477568
-0.032999999999999974	-12.12587276899768	34.51624555857905	31.741623284713473
-0.030999999999999972	53.72104257239663	30.852738136855475	31.66321722806169
-0.02899999999999997	29.588033980232353	33.20125675294767	32.4726130321226
-0.02699999999999997	4.447142320618269	30.2194706218322	29.85638637934713
-0.024999999999999967	-17.913509062106314	31.978434145832455	31.14200749375986
-0.022999999999999965	5.9905628861933735	35.83366319525728	32.355730637812925
-0.02099999999999999	59.506682319465654	35.178998554841876	30.95138949111019
-0.019000000000000017	42.20960445122657	32.186715732894136	31.50433983994397
-0.017000000000000015	26.74269548719188	31.69218054738046	30.895197663686595
-0.015000000000000013	-24.514617713244924	28.98434695007726	31.52805108772477
-0.013000000000000012	-31.76492580803103	37.31104199367239	31.88211777696495
-0.01100000000000001	-79.05072652070189	31.560203081423804	31.29327589784339
-0.009000000000000008	-63.726364492366905	34.644819254580405	31.205798844281006
-0.007000000000000006	-143.82673293067415	32.33155388175314	31.254908448323853
-0.0050000000000000044	-154.11770873718922	34.33887382206341	31.557296220694305
-0.0030000000000000027	-169.99582025245542	32.99380276959209	31.228973319407054
-0.0010000000000000009	-177.47102180243334	36.20329398998791	31.319308967212425
0.0010000000000000009	-135.45233712453086	34.27284083594584	31.746692378348946
0.0030000000000000027	-108.06807095309345	35.49876430303432	31.84267380934976
0.0050000000000000044	-226.72121725075823	34.07158659762493	31.902850209388685
0.007000000000000006	-121.64590191965362	33.529772786179294	31.383235787323592
0.009000000000000008	-76.6803230071167	34.06552112982291	30.42085877492384
0.01100000000000001	-104.15627151028062	35.83336288382642	31.76341144238022
0.013000000000000012	-17.013344749350345	31.60081364193789	31.026733988585686
0.015000000000000013	-32.363860335338224	35.74693991454207	31.689939246821496
0.017000000000000015	30.762900245173697	33.43071581994707	31.95138292962935
0.019000000000000017	33.84490884061897	30.488360931376242	30.511045377363534
0.02100000000000002	11.098942744425244	33.93247274776047	31.397449466788853
0.02300000000000002	57.8629371725814	35.14613625279272	31.176532139936942
0.025000000000000022	-13.767020900390392	37.12314414731854	32.70517997115166
0.027000000000000024	-27.899933932151733	32.23105701111091	31.698622298712554
0.029000000000000026	-9.690258291006337	33.46557874930468	30.410962231628236
0.031000000000000028	-29.465960490471232	32.8808488572854	31.70506967422612
0.03300000000000003	9.288340803159656	28.23799766350738	30.3622309452548
0.03500000000000003	2.20283166396662	33.49959612057317	32.080056005810256
0.03700000000000003	-19.34937720537988	31.135091632426832	30.866990348683775
0.039000000000000035	-6.378530297723728	30.089737000203527	29.880880112671868
0.041000000000000036	8.683609349136034	31.195992768844864	32.06308193141341
0.04300000000000004	-26.724040511960645	34.10425378256251	31.40607331489003
0.04500000000000004	-12.59231662897875	31.5808575232711	31.827786018960477
0.04700000000000004	-6.4882411765498915	34.48752236210794	31.284542236625956
0.049000000000000044	0.02559449696626359	28.609888182001168	30.802974212965413
0.051000000000000045	21.330898933413778	29.98770004126163	31.602236306190516
0.05300000000000005	-24.298168754488536	32.85221713289502	31.74896375836098
0.05500000000000005	23.80170222071598	31.76737348354516	31.62922814427169
0.05700000000000005	38.628545535379644	34.685164841647314	31.75334218009732
0.05900000000000005	-32.93977540919091	35.30772686459811	31.33837948479653
0.061000000000000054	64.35250659708736	31.88888541369555	31.43075677584156
0.06300000000000006	-26.01759963538619	32.80269918032717	31.17655815446943
0.06500000000000006	24.91939250148789	36.56443741462739	31.36034020714409
0.06700000000000006	-26.846830919913245	33.59308249504499	31.188349602119423
0.06900000000000006	32.105074529775735	34.777549170928545	31.1950536499473
0.07100000000000006	36.47269566164901	32.24739598853054	31.945207376205353
0.07300000000000006	-2.3172545027261293	33.789043294606074	30.823124990447834
0.07500000000000007	-3.000106015838	30.481694999512065	31.35236751324737
0.07700000000000001	33.73282967333857	32.45902125872032	31.72717965700408
0.07899999999999996	-3.282294247175521	32.187393269145176	30.97936449998608
0.08099999999999996	8.506023404297736	30.801472668041363	32.457454803680896
0.08299999999999996	-23.126788018301703	35.133153859361386	31.676054073017045
0.08499999999999996	-46.11764289574882	26.985391190494852	31.15667501909143
0.08699999999999997	-30.049836074019787	33.628386903428115	32.076818613322835
0.08899999999999997	-12.205369971485247	33.177752498220286	31.83413753925915
0.09099999999999997	46.88333001823253	35.5526890793941	33.097897358685735
0.09299999999999997	-10.08831479676342	27.89796309072101	31.348910658091125
0.09499999999999997	14.289853444537925	32.417794422124935	31.194267353543477
0.09699999999999998	37.12217777240845	34.390337485443986	32.64338202522053
0.09899999999999998	-40.987820619342585	35.98284887287492	31.849199916473886
0.10099999999999998	-17.72314400472208	31.953780049840297	32.32899679244046
0.10299999999999998	13.598765177702532	33.06871633959629	31.10604895594666
0.10499999999999998	-24.17185467573635	27.19606889276669	31.567159598767198
0.10699999999999998	-1.9363839189878718	31.194543398340134	32.546495147985176
0.10899999999999999	1.4764312228354726	30.623139567361182	31.090122460451525
0.11099999999999999	33.754496858717786	33.632984531184725	31.957491805948735
0.11299999999999999	-44.11961194883407	31.29411584916401	30.31561149798982
0.11499999999999999	-42.34531792424168	35.190397988959795	32.364603020398334
0.11699999999999999	19.815264793665577	31.37489382943166	31.69349948516368
0.119	-12.840821348891751	35.58132928152125	31.442337426503123
0.121	24.888946678292	33.56605291141618	31.546685145786228
0.123	45.609650568323445	32.37069532081807	30.589202287169154
0.125	-41.290417793771184	34.66204109186351	31.754691847988962
0.127	6.222671737443619	32.8198561094341	30.921562932360114
0.129	11.311520608625614	35.25924615071323	31.702647199276495
0.131	-1.0005662955947514	32.17132418127259	32.243458753877015
0.133	31.94122735217242	30.16286005293174	30.626728852595384
0.135	-34.8237215411773	36.26351027341815	31.536623737337194
0.137	57.46302895381916	34.77389356830475	31.441465571033113
0.139	0.99797936625734	29.21495874952568	31.279245375115345
0.14100000000000001	-3.710384141708545	33.361183686541935	31.38410712275094
0.14300000000000002	1.146475727020757	29.030352895652435	30.878182275103438
0.14500000000000002	15.889763757437336	36.53098625137674	31.916113862885283
0.14700000000000002	-17.428106252159736	34.86225634296378	31.80296410469034
0.14900000000000002	35.69269676195752	33.589750040143535	30.64968771687788
0.15100000000000002	46.105095360848836	34.06849595859367	30.7741983558776
0.15300000000000002	-15.658083022285219	30.457503185705413	31.125064312104996
0.15500000000000003	50.21794416104619	32.450352479002035	32.2364387882599
0.15700000000000003	-33.03832809309348	37.04163979862487	32.95553709897267
0.15900000000000003	2.452874489966561	31.519173248964627	31.787794755732058
0.16100000000000003	49.89100970154148	32.82443859226088	31.642651686410137
0.16300000000000003	-4.36688379590322	29.885430239107368	31.005429202336273
0.16500000000000004	20.32431145848612	28.695259846314666	31.737148336023846
0.16700000000000004	2.689384267506867	32.765373639720124	31.512673528775462
0.16900000000000004	-29.044025714464183	33.00076435586785	30.8586363908555
0.17100000000000004	25.547045653828704	35.43771429265812	32.6768980511491
0.17300000000000004	-52.9559047299788	33.88097103546957	32.69600716014007
0.17500000000000004	-22.832955453577775	31.521971474987694	31.53244436601734
0.17700000000000005	30.2274155350446	36.60177982141972	31.104357214616805
0.17900000000000005	-11.438250427486807	34.79491973913224	31.601222711018583
0.18100000000000005	-9.915937032478617	32.76923043730072	31.728299559621586
0.18300000000000005	-26.87153898495165	35.696633163312256	31.30376361702964
0.18500000000000005	-20.60788847324524	34.14814086919616	31.729380633539545
0.18700000000000006	-46.56319772344819	33.952280432570326	30.278191686161506
0.18900000000000006	11.033011539041127	31.460066173533157	30.379585482800262
0.19100000000000006	-9.973626508008593	32.21933785413884	30.955407235219692
0.19300000000000006	16.47965430562337	35.5465714422605	31.13852872011485
0.19500000000000006	19.698775415966097	31.595705296670673	31.380987432422398
0.19700000000000006	-6.905538417534274	33.28979435871983	30.642905471783607
0.19900000000000007	32.919656134389186	32.885256812056205	30.483060253694145
0.20100000000000007	86.17571485536324	29.126295225022858	30.84740574932773
0.203	-34.61669444115856	32.88842456550332	31.26512361722148
0.20499999999999996	19.493064378206526	35.3570095714501	32.05446783852051
0.20699999999999996	-35.571764240072135	29.591507989043375	31.861989787982633
0.20899999999999996	-14.102824574924178	28.688914892738712	32.2507252809902
0.21099999999999997	18.182428685120655	36.378498505555754	31.333240321489765
0.21299999999999997	29.48866642382697	32.8042625160773	31.16881802768829
0.21499999999999997	27.378135855293806	29.8619170931673	30.610500321312653
0.21699999999999997	-14.854248653661806	34.006196815142346	30.683143495668112
0.21899999999999997	-50.47675145408714	30.13524153045303	30.861327101335025
0.22099999999999997	31.480298180897037	28.403420716062755	30.96907749121775
0.22299999999999998	-42.581667837326975	35.01630647769153	31.51049473012731
0.22499999999999998	3.880570435432773	30.100744906080376	30.82998057401487
0.22699999999999998	-14.245378460842062	32.92051821778743	31.327477813796573
0.22899999999999998	-28.260292756487893	34.393006778200984	32.07284221557943
0.23099999999999998	-35.41461831046977	29.542860462938954	31.51238776596828
0.23299999999999998	82.11432164251242	31.625672832095212	30.64316931681833
0.235	-20.989036394469807	32.392766094403655	31.035077036951265
0.237	9.154002496236657	34.89938360148052	31.872895401375953
0.239	-44.641097182607226	30.70295641298626	30.97727829766118
0.241	28.26161210278677	34.06473830749455	30.996635096208987
0.243	52.0577824707491	27.942574959266725	30.85289331817536
0.245	6.395025955896472	32.819964965538276	31.365945101807885
0.247	20.15168470226314	31.942821971756636	31.025184175033502
0.249	-35.61050239664354	35.17306186830974	31.28229986783044
0.251	-28.615146996369134	32.7091729598265	30.825917917953362
0.253	48.73116447434711	32.21421618053467	31.36159223131187
0.255	77.83544906847517	30.87433199699065	31.55352530160029
0.257	6.283727271849671	36.591642253714134	31.5889970592912
0.259	9.0029709745032	33.05926984776666	32.67444815868751
0.261	3.885214586718533	32.46449202605996	30.494338771549764
0.263	-11.220459803951144	34.18320011499383	30.810616328436453
0.265	-29.158091256920038	32.66297181269838	31.212056950916224
0.267	17.76844839396219	33.14558448005861	31.848254523265275
0.269	-7.899151600709864	36.38227744508203	32.53299020274926
0.271	-4.964349474390062	31.3845040550924	30.649397116854054
0.273	0.21580346021288221	34.793115301137085	31.505282252879798
0.275	43.587679617873576	31.4752360980032	32.33999987503104
0.277	14.660548623091074	30.26255872933232	31.1268174129322
0.279	20.513481808093204	35.133188089411995	32.325421396150354
0.281	-17.041736082967773	25.896541558486373	30.91736745905359
0.28300000000000003	-4.042798859238417	32.381595377845265	30.500502880285183
0.28500000000000003	-5.841742494405722	33.15884132401475	31.18809000552882
0.28700000000000003	-23.14490770016775	34.70035941996796	31.61633363205913
0.28900000000000003	42.30010140005014	32.998899197760885	32.322865067155185
0.29100000000000004	-14.337542642461898	31.49035192771387	31.14729117339262
0.29300000000000004	20.7175999633602	28.885109452088606	30.342034604804464
0.29500000000000004	-38.19548506822645	30.802663143652236	32.40871904528108
0.29700000000000004	-9.484539958415361	30.078020376765256	31.0957246755359
0.29900000000000004	30.969621377385792	35.26862418307543	31.484914602947885
0.30100000000000005	49.57037771391448	37.203525385988904	31.187274558512446
0.30300000000000005	-36.728373180472396	33.15219914607855	31.397305234573555
0.30500000000000005	25.541277942853213	32.7980687388038	31.01084820923978
0.30700000000000005	4.919659485791428	31.38274068757107	31.129089277241732
0.30900000000000005	54.141503061044816	32.80823768618198	31.867961156620282
0.31100000000000005	-20.541882980951165	31.979593620854633	30.88205937238952
0.31300000000000006	22.528542313660083	33.61456377039765	31.174764545168923
0.31500000000000006	-24.493579241058328	33.72843735263436	31.529932979672125
0.31700000000000006	1.1932375938439321	34.395107754708384	30.814809467755722
0.31900000000000006	-0.258505860273317	35.98220346203207	32.02885333900092
0.32100000000000006	35.33300409386264	29.684601686007113	30.694500865341446
0.32300000000000006	4.835279003856385	33.84079418053301	31.203663927517834
0.32500000000000007	-51.02540443069348	37.48943240197597	31.477288070010015
0.32700000000000007	-20.69501918111616	29.42350765100404	31.157698194999767
0.32900000000000007	12.876410822926232	32.26358063199182	30.840128711128916
0.33100000000000007	28.505112745547123	28.818867799595505	31.186834322483282
0.333	37.88526234305145	32.154884197992764	31.688802746997766
0.33499999999999996	68.63338295848287	39.99261088465147	31.52995409976957
0.33699999999999997	-14.921340678042405	34.179987641860855	32.10360306652666
0.33899999999999997	4.314274196559609	34.48679113982729	30.833579689190383
0.34099999999999997	56.01332919846769	32.523542747319865	30.768012671273443
0.34299999999999997	50.21983076947123	28.727877352407948	31.533043884480065
0.345	-18.44175327969655	33.43253014880292	31.20578041588719
0.347	-23.204875366777955	34.01027489943769	31.914833318666965
0.349	43.91662874203561	32.00513081159264	31.18530136271486
0.351	-22.93444373835385	30.315514322102935	31.67170127767364
0.353	-16.925128768163766	29.843465027830074	31.969035781978995
0.355	-1.843842106219462	32.200851545884376	30.826237160342885
0.357	23.981515228088668	31.239967484267257	31.024645103589457
0.359	1.8729076285417534	32.05140004402653	30.510462089774958
0.361	-29.652972613258832	34.43640929747751	32.03494218312649
0.363	33.24411477412248	34.898576859450685	31.5558307607496
0.365	-49.675719172692645	33.520005897873375	31.168955212446896
0.367	-8.972846262222944	32.96688939478778	31.48091055313367
0.369	-2.563730673088571	36.38128857654749	32.11370907472872
0.371	16.015745107678114	34.32099060337387	31.676109737029638
0.373	16.40698085503267	32.01092427675143	31.37466673763394
0.375	26.569637695761372	33.83170521968676	32.180920150974856
0.377	42.597163685265116	31.7984125160598	31.2035301672217
0.379	24.75503020593628	36.26198113241543	31.7913839299675
0.381	12.153399014946942	34.05681945684806	31.454264327768055
0.383	24.534289045252677	35.16112352141345	32.177326027210235
0.385	-3.593972785265187	34.15591321739565	31.225111443853496
0.387	-2.069666103166057	32.91773856578225	30.625509924613038
0.389	87.61355166431173	35.35960807034455	31.91797334330522
0.391	10.282267703054515	36.66685003977833	31.890411029152975
0.393	38.8416580014983	29.428658904224655	31.900991814976496
0.395	-39.33610822437483	31.047212583700166	31.39223157457013
0.397	61.0427351321885	34.13065539814472	31.911595232714653
0.399	29.55422730832602	30.31985617562459	31.1776995029477
0.401	10.535824379598324	32.65663714611512	32.33727382914091
0.403	-5.824687882349799	30.006635867391733	31.559183588131305
0.405	30.24800149442619	39.72813320257184	31.56164050213548
0.40700000000000003	-25.700220521729378	35.68287292392038	32.329962889686264
0.40900000000000003	46.426688744105604	31.270680483104982	30.69271149878276
0.41100000000000003	-48.09505860736696	33.70312869606124	31.62522554549333
0.41300000000000003	-3.2701851154781636	33.37869934562285	32.47006933963817
0.41500000000000004	-38.286280360622094	32.201043071958466	31.887758629845433
0.41700000000000004	29.15365640054901	32.345726026760595	31.017842631754228
0.41900000000000004	-7.560904820347325	31.00926557336991	31.946184634515916
0.42100000000000004	5.600730913712937	32.21236247341237	31.32388109200533
0.42300000000000004	21.05673910857142	36.48878949915362	32.65089975652805
0.42500000000000004	-18.04301423213861	35.128797263434045	31.324074435623036
0.42700000000000005	24.89664352767207	35.915739562946776	33.79298309537747
0.42900000000000005	15.347358567785463	35.226193135566135	32.096665337604605
0.43100000000000005	23.883569392202375	34.292260394838856	31.376945208476197
0.43300000000000005	47.82280202797473	33.20809575048309	31.17376848343821
0.43500000000000005	-41.389056932183976	33.39489190892397	31.19083583919559
0.43700000000000006	-69.96805344217094	32.656698720609384	32.96190669710106
0.43900000000000006	35.9975372810073	30.817431136904023	30.896564922549967
0.44100000000000006	-36.41689311240093	32.13790499616613	31.16603098949975
0.44300000000000006	32.246103818911465	34.10651830605106	31.542776601401687
0.44500000000000006	18.511968686407698	41.696295464621066	31.483109209121025
0.44700000000000006	57.63674097658544	38.565238054340405	31.385138132042822
0.44900000000000007	7.534680607657052	29.746439623709776	32.131402469423655
0.45100000000000007	73.61837829766849	28.639528055183856	31.897638779493633
0.45300000000000007	-28.929898390206432	33.56234312483975	31.23782529664044
0.45500000000000007	47.99215353123998	31.987131671999073	32.20076619829796
0.4570000000000001	-11.265948120953162	30.05781211971592	31.720783413851674
0.459	-2.0360603468772	28.630228731929186	31.054111590985915
0.46099999999999997	63.267750629814046	39.24660203983513	31.555151761577914
0.46299999999999997	4.533821291508033	35.13207373549834	31.76318564937289
0.46499999999999997	23.103916256594914	31.467917963442066	31.59928582745748
0.46699999999999997	20.20158591409249	32.54124784743399	31.94124768748963
0.469	56.75453202469427	29.62201207160901	31.52760713687153
0.471	22.097904325057982	32.45183522744341	31.9736669242798
0.473	-16.334845147403243	32.38084842988452	32.1150383390922
0.475	24.220899094151704	35.533535232544686	32.06655071302724
0.477	32.78926014838035	34.150605230406995	32.9693082343811
0.479	-17.072727801603627	34.81563418021376	30.65777986052984
0.481	24.436610178479867	33.66296580790009	32.74666204441536
0.483	57.48259702476055	34.87359073774329	31.287508671623506
0.485	20.42644129796045	34.0127574554653	32.50827345068654
0.487	27.251952988249784	38.61385147067271	32.18380893877996
0.489	63.478597485122634	37.168858950695984	31.57418920896834
0.491	17.356915309685306	34.135979899974075	31.861490630112133
0.493	-13.322625879608196	35.914331592719286	31.411393053892088
0.495	66.67788404857156	31.121375396510327	31.87747310060619
0.497	73.22430475453778	34.85744224499865	31.551877663486927
0.499	3.6698722560846164	31.760063076520964	32.20297177611161