-0.499	-19.010239467820433	34.45352133894913	33.70207343478524
-0.497	23.499338430266192	30.432762585466296	34.41237618764864
-0.495	-33.41812404211719	34.231314952330436	32.68146321898968
-0.493	-13.030368837263495	36.31196241707339	33.67278138944631
-0.491	35.16881996890042	35.60020931254184	32.20743923033823
-0.489	-46.770044364707886	43.66060784229164	34.12564476710035
-0.487	48.07440306331401	36.730346343847415	32.42986302045588
-0.485	36.13278412717413	37.419370774438995	34.61893161107987
-0.483	6.056572342538757	30.151365550585176	32.47646670457821
-0.481	66.18915024314553	37.30617464765075	34.00555930423163
-0.479	-4.737347741312625	35.547152498031515	32.55832513251674
-0.477	2.908638015997056	40.65754121865969	34.6214351418862
-0.475	71.2363791284254	36.2156402866272	32.06927777331414
-0.473	45.82935172381397	38.25029566691188	34.8491153682431
-0.471	3.640956893313785	35.909723088216225	32.695512536826904
-0.469	-11.681675446850726	35.8686761209785	35.29606208807827
-0.46699999999999997	-7.857038110126169	32.88734442768914	32.433057573884795
-0.46499999999999997	-10.566329464833935	35.49497847165092	33.145869112665494
-0.46299999999999997	65.99402200335724	33.05931745674111	32.900084271070725
-0.461	63.12961853005561	36.49790696470996	34.08337484088919
-0.459	21.935828193431206	31.87195295129145	31.94711474818783
-0.457	-16.1861040471889	35.29000614436695	32.98547713454637
-0.455	-21.650074269019548	38.4711662279985	33.856374372084595
-0.453	73.22316699043263	34.6267016844252	33.47305554702857
-0.451	-20.723951911993943	31.92921899436382	31.641475595221596
-0.449	-13.577294204925039	35.491995036401335	33.84732533356888
-0.447	4.084989757124902	35.75126928523006	35.18453930132311
-0.445	15.601266059039887	38.9790227861221	33.45260585557267
-0.443	32.26043861759287	33.35691136977492	31.451999857738183
-0.441	-40.50020807155885	36.38707377948415	33.78521775603583
-0.439	2.1064601458675725	36.88776242738506	34.08854066507425
-0.437	-33.818763160109455	35.29376800790405	33.04092022494637
-0.435	-49.21203471164315	32.76473974428336	32.12270071386048
-0.433	-20.37454262326932	32.648082185232546	33.32618314183969
-0.431	-3.291495712987036	35.88724017968934	34.29885645906861
-0.429	-22.716887733698066	33.82910490586875	32.730122422136965
-0.427	69.81024723451412	33.49314327608394	32.24311006379012
-0.425	-16.73592774920074	34.27054743842067	33.26233341774987
-0.423	2.943934538368609	38.644195703172215	34.69921299526645
-0.421	11.52121755398916	33.41340454387278	32.603444365189034
-0.419	-11.71580438819042	30.444913596143998	32.02862630802833
-0.417	45.71723089963342	35.16793049926935	33.13961110599245
-0.415	20.91285262295628	32.462865809048076	34.272779126486185
-0.41300000000000003	-9.805731176371069	33.20049190479743	32.490787000197614
-0.41100000000000003	58.108198005113465	34.452191618835684	33.47681259013316
-0.40900000000000003	60.85800266153463	35.02071698439516	32.54218198668784
-0.40700000000000003	-39.29170792382752	34.80141371460413	33.98978096739682
-0.405	-4.27900375554735	34.33949823627248	31.972173881133394
-0.403	43.43231818482174	33.28511013656757	33.48410314709924
-0.401	-14.794619024538491	31.500250108686455	32.44335750296138
-0.399	-23.58273814784262	39.71844299242446	34.95125409104297
-0.397	55.66099708098626	37.3227611480931	31.68941731957641
-0.395	41.02617253298746	35.124451635903505	32.64696627888608
-0.393	49.28607912813021	32.72273101121727	32.12691445496967
-0.391	24.149533415451785	42.34809457456458	34.327549224879526
-0.389	9.647808699941862	34.32710077265139	31.84508870607036
-0.387	-22.542980431139448	32.49069774555121	33.383473981569594
-0.385	-2.991683766162545	35.92803187451649	32.93183852474492
-0.383	-33.09420965069698	34.78029872708193	35.11987531131233
-0.381	34.28546034478508	32.6517177317163	31.48299090988823
-0.379	-38.439839775472606	38.560022506354166	33.098595493031794
-0.377	23.64312090596954	31.738747886209538	32.68569762132128
-0.375	11.442463739852471	38.30633824446853	34.69721749296353
-0.373	49.54021919600926	34.485447464872216	31.84012521881666
-0.371	-40.64657512536929	35.71539545922342	32.83028773273706
-0.369	-77.87129863390251	35.07947146300438	34.07212525850141
-0.367	-54.88221026372919	36.6324917697987	33.77955442538036
-0.365	35.71485278786035	33.87259721798947	31.976444729774226
-0.363	8.065612137730938	37.288966881195535	33.581239202268684
-0.361	28.192688473094307	39.48067158708828	33.412453093131816
-0.359	-14.822826678639878	34.29984645720026	33.49078767145193
-0.357	5.988402980605656	35.17939323045693	32.29778821091307
-0.355	-69.51032962010385	37.19231737049263	34.311048020862266
-0.353	47.38629627154545	32.68813319496065	32.815875639411466
-0.351	8.007926598052606	34.04276813193706	33.04478875983387
-0.349	5.7034096658803435	32.68321568878513	32.42189798802504
-0.347	45.387027711729644	34.927801229329916	33.27929423371837
-0.345	-8.427330750349071	33.25481763781993	32.920826525571634
-0.34299999999999997	13.247734766075325	38.080646843316565	33.42519325869477
-0.34099999999999997	-49.849277720226404	31.70550958769598	32.843763288124045
-0.33899999999999997	-7.701687748773445	34.8973296771563	32.5531286634912
-0.33699999999999997	-10.388473626554706	36.55874699614645	33.794779526430446
-0.33499999999999996	-18.387272597397697	29.290746934782625	32.07925704555263
-0.33299999999999996	-20.880268388978607	32.10826673027671	32.845619095237296
-0.33099999999999996	-13.49984199117138	37.15788303460588	32.990398927483575
-0.32899999999999996	-19.200867064195215	39.75854746799198	33.92493539225018
-0.32699999999999996	-0.38261894974578325	35.75108165559683	32.97623809930721
-0.32499999999999996	11.469548921949624	33.6164747129778	32.994081905570674
-0.323	4.395309232352318	32.88309700429314	33.173034901265204
-0.321	-7.539059497130296	34.22281654807389	34.745924872851525
-0.319	-1.8182005629974185	35.90355882758065	31.826390479182194
-0.317	-31.733954068191572	36.96521387396136	32.46986490193379
-0.315	11.426994443120009	31.834666635708494	32.240324329514856
-0.313	24.312869698173145	34.910642814323666	33.93142996664746
-0.311	0.2026703824764553	37.21323069914811	32.12142329050748
-0.309	24.579381309619563	32.08396885273574	32.49788717252242
-0.307	22.683130235456872	37.367931456066955	32.24016439385187
-0.305	7.465734778611122	37.17084671749316	33.93473485003885
-0.303	-50.01293781037308	32.39233488530135	32.26922844442287
-0.301	31.042083390886432	35.71527887901972	32.52090403762608
-0.299	-1.5005596623041129	33.49891471915494	31.91192167329134
-0.297	-0.532840201072915	36.282496561837206	34.58768364936475
-0.295	-9.574905939446765	33.45704715273523	32.35949027646795
-0.293	19.480245901926097	33.12592545091731	33.50106024935907
-0.29100000000000004	27.244212041255267	34.817406823523186	32.92673494064893
-0.28900000000000003	-15.2661255231612	33.05858628807859	33.77382650049547
-0.28700000000000003	-2.0882948983391714	34.058169249739045	32.26276677832749
-0.28500000000000003	-32.60913047342662	37.90467875428197	33.098928445588456
-0.28300000000000003	-62.08274868801933	36.246233155527726	33.652651511915536
-0.281	-61.58666546185465	35.43753076548925	33.140529441296756
-0.279	-32.13271878876878	31.68683587092619	31.48948175777184
-0.277	-11.229787184041662	31.479850650338907	34.00095012789879
-0.275	-32.003353630738474	32.48717040761492	34.380269059968555
-0.273	67.3251141931619	35.07731274690599	32.86485742201374
-0.271	4.677887941895165	34.40742177862415	31.86681016902432
-0.269	21.113164272668072	39.38790063450655	33.94838151997745
-0.267	-3.58488526552847	33.635439534239424	32.49393128534113
-0.265	16.457964808980208	36.061794797789695	33.18914888566219
-0.263	69.37222326941495	30.13648673645906	32.567879856580944
-0.261	42.384141896167904	32.665027297271905	33.461480309723925
-0.259	48.56491374738425	40.38896466686941	33.11771968587152
-0.257	-13.579050939793724	29.871776545654185	33.065047038510876
-0.255	-74.12642808535264	35.83095821593581	33.12728409096261
-0.253	9.647806238577417	36.77005775273461	32.450592343629864
-0.251	-55.96683357922405	37.0357623204714	33.019192294339035
-0.249	39.98081058509406	34.57291045622209	32.94856434441981
-0.247	4.427160121167617	33.32196574109743	33.28468216381308
-0.245	-11.053410100214656	35.58293960816969	32.840264078329085
-0.243	10.891850531047353	34.184025051634265	33.62464695589357
-0.241	14.999409495342064	37.39767005464073	32.50637972068775
-0.239	52.301366297857754	37.46975157857617	33.022216453465425
-0.237	36.79278219470561	32.021600096713065	31.51403880039593
-0.235	12.184380163926534	39.50222833624312	34.22791136651075
-0.23299999999999998	-16.336375141756676	34.033188046825636	33.228986679826626
-0.23099999999999998	27.753948995679067	31.772822501120775	33.297504789368716
-0.22899999999999998	18.156204846242474	35.20120506973826	31.641334957874157
-0.22699999999999998	23.755913097112114	38.41947862712855	34.92864173519495
-0.22499999999999998	-30.762906417569624	36.28234603154793	32.48859556693008
-0.22299999999999998	0.19566394904302342	32.590810191086995	33.5398227101019
-0.22099999999999997	10.167961262075309	34.22128333886695	32.34958232610126
-0.21899999999999997	18.04802799898475	34.2344244886762	34.77840206214924
-0.21699999999999997	30.769026487798	30.649177268538388	32.02955957106197
-0.21499999999999997	-15.698040298994798	37.69202092620858	33.65227800424532
-0.21299999999999997	41.661496453793134	36.022961807851814	31.85866935242141
-0.211	46.23365167399918	38.19659035871709	34.220790860650915
-0.20900000000000002	53.60314035574021	34.199557791459895	31.819148679132585
-0.20700000000000002	19.850520447395326	35.74121885913426	33.53388678380516
-0.20500000000000002	39.1229470901866	36.16193646126989	33.18141634133871
-0.203	-44.440093793229885	34.92888359991602	33.429693873859165
-0.201	-5.230076758233615	37.35049798280611	31.359735229015794
-0.199	43.22460087147206	32.452387739510954	33.70176551187908
-0.197	6.50571607097028	36.85896953083993	33.60604072778255
-0.195	-0.35929440977966465	38.239623462614944	33.483392306186644
-0.193	39.94681169805503	33.69374873308637	32.171026031471875
-0.191	-3.4248353659727115	31.22440358076711	33.87626836793268
-0.189	-23.23593169606397	35.6745278966416	33.22709219527803
-0.187	6.476935229038361	36.71165204692933	32.70028409876682
-0.185	22.50722350005674	30.485250712378907	32.599803574975205
-0.183	-2.044715116444884	35.970180043819184	33.142231016343324
-0.181	25.368746071174897	30.878608481098187	32.26693832600248
-0.179	64.30627133302558	35.94447861855891	33.025619821849595
-0.177	51.056714099884104	35.85640874473201	32.06186149608593
-0.175	24.467126390037564	39.41458073041737	32.85751001280196
-0.173	-22.76488972219326	32.72117857772836	32.672856684200426
-0.17099999999999999	14.448586203252844	40.27867620610379	33.813707638953794
-0.16899999999999998	-5.541825671029343	32.436219063206885	32.73227306760414
-0.16699999999999998	29.698509334652456	33.56985612199894	32.05093355426328
-0.16499999999999998	-1.671529554214679	33.315947716376115	32.773024856660015
-0.16299999999999998	19.426502599229067	35.11627493996288	32.64799131923758
-0.16099999999999998	11.812999880733699	34.15998737719687	32.97412762185466
-0.15899999999999997	77.71413879176237	35.44122673981675	31.952576446656586
-0.15699999999999997	-21.6488074211707	34.20878397498192	33.582811460780064
-0.15499999999999997	21.125149018530465	35.880925000205245	32.958528651340934
-0.15299999999999997	72.9651616335758	35.390214624813474	33.16189323828745
-0.15099999999999997	21.523095767861378	32.86149152952075	31.869816652764857
-0.149	20.694857022940383	39.19891245892343	33.95623654551112
-0.14700000000000002	35.31378422949594	37.30638809220865	33.205052631836736
-0.14500000000000002	45.761787347275984	36.40382880585381	32.877041930375505
-0.14300000000000002	39.224392451409074	30.59617044708501	31.468189189036167
-0.14100000000000001	8.244392600165185	40.36360613455238	34.8056816550633
-0.139	-22.265106464858242	34.135728062567665	32.921242221370456
-0.137	-22.322507849281692	33.83413480774117	32.373544333091004
-0.135	30.160824003200304	28.104447917082755	30.92868508682173
-0.133	24.481649370189373	38.25927584228477	34.75862998578885
-0.131	26.55366598469655	33.628177152170544	32.58393291071734
-0.129	9.316832751959936	37.531995169085654	33.382851631647384
-0.127	-5.4904483710593865	33.87944566358609	32.67409865718455
-0.125	79.60283865049433	32.287175874763804	34.283916898383836
-0.123	-11.02575454725585	32.56261929173176	32.614392164729374
-0.121	-4.4100200644603404	34.77726573509013	32.81035343698249
-0.119	14.80042131851711	36.598918757562856	32.771729302248346
-0.11699999999999999	38.880714813283035	35.37577397466993	32.69672408027573
-0.11499999999999999	29.504912181677057	36.07781586664713	32.43682322032069
-0.11299999999999999	35.2694278773491	35.75188928197407	32.98914800936033
-0.11099999999999999	14.825830854769961	31.166464162740382	32.18186963987734
-0.10899999999999999	59.61051289427033	38.13635576240797	33.543044879087226
-0.10699999999999998	25.092933987336252	31.84743215484965	31.40449880096382
-0.10499999999999998	37.4248753738371	33.7578258733676	33.41605052551241
-0.10299999999999998	3.228065009075465	36.91600381765667	32.58676067493131
-0.10099999999999998	-49.3276975168655	33.67315458577792	33.161338210543654
-0.09899999999999998	58.99282634280745	31.92303740173164	32.071542962124546
-0.09699999999999998	41.063325916246285	29.659146369995273	32.54064842685025
-0.09499999999999997	12.582351571976957	32.68752918638018	32.61579568237021
-0.09299999999999997	9.376540711425463	33.00427744492291	32.9972978686521
-0.09099999999999997	17.59622436980912	36.18110336785879	32.55816142438457
-0.08899999999999997	4.037830471315118	32.52278639626047	32.61437621043196
-0.08699999999999997	40.09842860908108	38.559248691751215	32.6524105240144
-0.08499999999999996	30.27083562412436	31.14730245801752	33.20428439923436
-0.08299999999999999	22.321944457948106	36.74536612403281	32.84068688389509
-0.08100000000000002	1.3535367144879018	35.937005399176776	32.35167075610424
-0.07900000000000001	-13.751406599871174	35.54372754088627	33.261575381582745
-0.07700000000000001	8.320286772445229	34.65408846578993	32.768057443530175
-0.07500000000000001	-34.76079828479417	32.19265703177145	33.7513035025515
-0.07300000000000001	-0.43706190311354476	31.996698559476098	31.37764350954923
-0.07100000000000001	-8.770811513292287	36.318091610669455	33.19691394852148
-0.069	-2.754854508957294	33.991433136755234	32.53817978222475
-0.067	36.49328197430357	36.268559308642565	32.48882680460594
-0.065	44.40651865111889	33.27945759815222	31.65427429884543
-0.063	-8.957827678512942	36.998157027475614	33.63328198644501
-0.061	6.989136975832366	34.19527018498247	33.52577423304772
-0.059	-0.8910214649437975	42.0227696339314	32.49415347055932
-0.056999999999999995	-59.10993739777215	33.15146376554643	31.546910348625083
-0.05499999999999999	-43.274443067731205	35.170185877974546	33.965103341445904
-0.05299999999999999	-8.099258799298958	32.44837023261887	32.129907234561536
-0.05099999999999999	24.361366896430425	36.92958183664503	33.37166437575905
-0.04899999999999999	14.748582946921829	34.052843786238945	30.93329359869525
-0.046999999999999986	52.90231100341103	38.2306064919035	34.90570597160139
-0.044999999999999984	93.78625667189056	32.095638621957164	32.054605241891906
-0.04299999999999998	-6.026488745036751	40.05177845131524	33.098043180805774
-0.04099999999999998	25.7599800221886	34.859956281317324	32.2612649657882
-0.03899999999999998	-7.6770734698250465	36.82501981157321	33.29765186031691
-0.03699999999999998	11.187073423180038	33.59945070873827	31.62254273199281
-0.034999999999999976	51.99797036881115	33.99165009955731	32.77440437289612
-0.032999999999999974	22.489650890245017	34.342895835088505	32.789615859029844
-0.030999999999999972	15.380718366708734	35.51916175765506	33.870601896450076
-0.02899999999999997	41.32122446276476	32.6646805541823	31.57105398542165
-0.02699999999999997	32.536204408017966	36.6197221277006	32.27227380758554
-0.024999999999999967	-26.471737797240102	32.55427528442182	32.26073883331016
-0.022999999999999965	1.6073095492341594	33.47654001730107	33.92081678971392
-0.02099999999999999	-18.813579482412912	33.60178542802843	31.639230337659182
-0.019000000000000017	-54.89670739322605	33.61122311421521	33.28753951043692
-0.017000000000000015	-99.43416491475787	33.762802307785094	31.84835224671568
-0.015000000000000013	-102.64085361966212	33.91786764602124	33.049858908991155
-0.013000000000000012	-87.45115908437296	35.801095587174494	32.15553784040436
-0.01100000000000001	-110.65521848918624	37.900670284319034	33.11584415475017
-0.009000000000000008	-103.96314135996398	35.26779040406288	32.6454289355575
-0.007000000000000006	-82.43641608651764	32.56232069462152	32.730991931094984
-0.0050000000000000044	-114.6781506182748	28.6868463184882	32.19219047683324
-0.0030000000000000027	-135.0350540779699	33.684475658211184	32.4390290544796
-0.0010000000000000009	-110.25101073114385	33.017679677693366	32.72675084856853
0.0010000000000000009	-139.5830532252562	36.28598877789414	32.648463378505106
0.0030000000000000027	-101.75888720787007	36.99205505552269	32.1441531280594
0.0050000000000000044	-82.81485777594798	37.391966182479784	32.113912670760655
0.007000000000000006	-79.90665116930361	34.09027358566149	34.21161531527662
0.009000000000000008	-118.0657461486989	37.078721796026954	33.07976684967194
0.01100000000000001	-102.39062720307501	40.9542695235291	33.4607946247123
0.013000000000000012	-133.5258992589683	33.129073875534424	31.8462572322362
0.015000000000000013	-76.19449410356526	40.419278083439195	34.21358482771961
0.017000000000000015	-86.99886087337738	30.385904246888575	32.514134806395475
0.019000000000000017	-56.53197278088218	35.82612472790321	33.29282354657901
0.02100000000000002	-56.13950732319406	34.9296476200764	31.940213672862114
0.02300000000000002	-5.971119540482128	35.25965740528935	33.497727286801336
0.025000000000000022	53.67590509974818	37.94909326045198	33.20258962809406
0.027000000000000024	-3.202638805710478	35.04961844134546	33.65534138380249
0.029000000000000026	2.54188526827015	34.75630660535568	31.969935199391966
0.031000000000000028	5.2532566003904435	35.3432136467755	34.59385235097231
0.03300000000000003	14.109158706032687	35.70646742885577	33.321881434308
0.03500000000000003	-53.5487060081552	32.61642884449698	32.22922348140475
0.03700000000000003	6.283614558455497	34.578557959126584	32.2637858733185
0.039000000000000035	-71.58174961441333	36.28193985194628	34.217589560118114
0.041000000000000036	9.861796296695147	31.0523226414536	32.09004891131882
0.04300000000000004	7.877989338211933	36.0016528543707	32.22974828756663
0.04500000000000004	26.72386516011649	33.75796564856707	32.25034173845479
0.04700000000000004	-16.115289612650407	35.238306180796734	34.02385977642067
0.049000000000000044	-38.775613377950435	30.743497430709194	31.968189932451125
0.051000000000000045	36.185790357246006	31.45600943903145	32.70279912206465
0.05300000000000005	54.824355406379865	33.7428616326157	32.60457959229942
0.05500000000000005	55.59670927146598	33.36837476694964	33.14133372773652
0.05700000000000005	30.68483752288742	34.68314194968214	32.727526237399246
0.05900000000000005	42.49480699791697	33.82386394068647	32.53493673734921
0.061000000000000054	-34.15375652870978	37.094225595731245	32.543905818284436
0.06300000000000006	2.1159028169570604	35.216024212425864	33.41873759867423
0.06500000000000006	21.27695652753836	36.84554354578492	32.702330350027346
0.06700000000000006	36.5542025890786	33.79211157370785	32.978543877643716
0.06900000000000006	12.02645805165048	35.26969914211195	31.710104370691436
0.07100000000000006	23.504194956114333	32.37966099542029	33.17517344191299
0.07300000000000006	43.62770147303685	34.500786937720214	32.723603199000245
0.07500000000000007	3.6474584546031252	34.62161037827931	32.17451651305326
0.07700000000000001	34.96711341077763	35.04736501672209	32.9015533567165
0.07899999999999996	40.07582525034081	40.058689749990975	33.36405775635424
0.08099999999999996	-40.742647806513155	33.00047465790248	32.31735594730993
0.08299999999999996	-2.3518301052183332	34.995050471792176	32.41066850398411
0.08499999999999996	-31.705194728171016	36.39102307369973	33.284895215202226
0.08699999999999997	5.4132529516692784	33.04799081000122	32.36031229725531
0.08899999999999997	-58.77137847920544	34.77325136663182	32.78149816031483
0.09099999999999997	8.598060612596825	36.4113255507866	32.28527579968083
0.09299999999999997	-32.76699377774417	32.58381447974454	32.71784622784421
0.09499999999999997	-68.76647833298222	33.23582127731002	32.77582891821347
0.09699999999999998	-32.45607151503016	34.478562596840256	33.229355322954376
0.09899999999999998	35.669162383955566	30.413179872709836	31.374434784825617
0.10099999999999998	13.173571967284303	42.65892105062146	33.45451091163846
0.10299999999999998	33.77489945455281	30.910962895740294	32.079474161042604
0.10499999999999998	33.112489834952186	33.431207188041604	32.95758737675132
0.10699999999999998	74.95931925727284	34.05838665238389	31.684738759550132
0.10899999999999999	-45.07351499938306	33.99765159705839	33.6256055036088
0.11099999999999999	-66.07032593153318	30.435199987299672	32.22359448909827
0.11299999999999999	132.3181572572274	38.63477075961121	32.39840523068962
0.11499999999999999	36.18681596617712	30.371399355839184	31.31258540050755
0.11699999999999999	32.38549677164748	35.00724194166581	34.873123408682766
0.119	-45.15179964525995	34.561752776139784	31.905422526130355
0.121	-9.656983090411408	35.87703558315237	32.010902012495016
0.123	-20.247589167188274	33.43884734954824	32.862685512145845
0.125	41.798023906469695	34.91502018102023	34.23526021726279
0.127	16.658125008062186	34.82667032958354	31.811139227190164
0.129	14.815077371554963	36.87646468587972	32.712358235769095
0.131	1.4443978710865224	42.19875247987825	33.436893846783136
0.133	61.202676343352636	29.606448534549305	34.057578879443824
0.135	10.507517626878737	30.722067846327903	30.890033148968552
0.137	-29.626925813652782	34.531271956651224	32.667564813723864
0.139	41.61984832484755	34.65085229095633	33.07540808856506
0.14100000000000001	10.562329065821885	29.52289329321365	33.15936009222273
0.14300000000000002	-7.061524275098208	35.58235991458684	31.821910435856065
0.14500000000000002	3.95633542882301	32.035256088701715	32.97173730465229
0.14700000000000002	23.349226558444514	35.50020407795923	33.119202555266085
0.14900000000000002	101.93974117278515	34.20784161182142	33.62726069395217
0.15100000000000002	12.403634872981684	33.17216172144924	31.37896719933836
0.15300000000000002	-13.292917922291814	39.178140334132436	32.595417821248176
0.15500000000000003	42.52337366050796	36.951850247481	33.58059133321737
0.15700000000000003	-32.32554220977679	33.103659077079996	33.06171661894934
0.15900000000000003	34.934015114673755	34.800056780594915	32.5562066665
0.16100000000000003	26.040257923076737	32.81936980663647	32.05470616184069
0.16300000000000003	42.549860214791124	34.62931038166502	34.1479630042153
0.16500000000000004	-12.812970240139165	31.217277482416257	32.781869820597514
0.16700000000000004	19.29831662161874	34.462712532947776	32.143213468062264
0.16900000000000004	-7.350895318558592	31.257089823284304	32.42680776605394
0.17100000000000004	-19.01768310119678	32.02314662326181	33.27235755955942
0.17300000000000004	-35.90778618678403	32.54699275892486	32.7638675703881
0.17500000000000004	0.8124791299746192	33.38180274945756	33.405907591846365
0.17700000000000005	-14.492903808394075	33.44133985959258	31.883339083804003
0.17900000000000005	-7.866869747297223	39.05054201014896	33.80029404100545
0.18100000000000005	-26.663742897947706	33.324992463347236	32.79665876639332
0.18300000000000005	27.09278910573154	41.035621853611	33.33242985981076
0.18500000000000005	-49.22829313380728	34.19169365133181	32.04222939169279
0.18700000000000006	-7.3109801581594525	31.911142768695264	34.218343449234524
0.18900000000000006	15.583780632599797	38.429730811141496	33.04891978376465
0.19100000000000006	75.27809195995161	33.711010519492156	32.206818861084756
0.19300000000000006	23.042532223627177	33.134973719576365	32.46526222329619
0.19500000000000006	-12.069855850671551	38.78269718861198	33.6705810330901
0.19700000000000006	28.444554341700012	35.19583679804946	33.04111148944975
0.19900000000000007	30.14596463635222	32.85719393897147	33.2630259067577
0.20100000000000007	-1.0132446762733949	37.655096429342876	31.870788273940573
0.203	33.34633180851476	35.70981674532998	34.67290774659384
0.20499999999999996	53.91821490152715	33.91012452321329	32.705371505659855
0.20699999999999996	31.27983156248071	33.78682149920429	33.13497144244017
0.20899999999999996	-43.01472299006459	37.83228743557714	33.07753376408944
0.21099999999999997	40.83042040270435	39.4257064040819	34.0052282849412
0.21299999999999997	-2.8944389617313604	35.60324217586517	32.231646008461176
0.21499999999999997	46.73671633326215	36.30569084697696	32.401065968881056
0.21699999999999997	55.89109507275758	31.415295719468364	33.50739478425355
0.21899999999999997	-8.177744223236694	32.9268941230986	33.270874853684056
0.22099999999999997	-28.150185149344864	31.419571227514066	32.20432648162764
0.22299999999999998	10.806770962323853	36.42887295554428	32.30498213598098
0.22499999999999998	-9.862607936450551	33.627562982552355	34.02790684858518
0.22699999999999998	78.98086956559247	34.09436019568102	33.92535697292399
0.22899999999999998	27.140766758693147	34.402473591094676	31.747767402961603
0.23099999999999998	-47.19766574279305	34.2553949052018	33.71591485514283
0.23299999999999998	-8.100635736973949	34.48509268585947	34.13663151659719
0.235	-12.398012371406253	31.91599108824354	33.33494453903043
0.237	-15.503463723587352	29.404490325102742	32.14286787827862
0.239	14.815409612678465	32.86913593831372	32.44960698969112
0.241	37.36114313879213	31.948905665215424	33.083899177461646
0.243	14.832432545075491	34.057934558575894	32.87834534898746
0.245	28.700550419813453	36.03092957173172	32.29341440674445
0.247	-6.041015583546638	36.64915564282752	33.26433307170483
0.249	-34.13917581795989	37.22482526826067	33.8926097737335
0.251	-57.72403234838297	37.15215435196238	33.35810114903214
0.253	-13.54377043716326	35.672212878946205	33.25313136080725
0.255	43.433546234705744	37.15526392788184	32.95004750453117
0.257	24.76945320362134	39.64309624312187	34.241917237587295
0.259	-10.373827351584097	35.0206663040943	32.48766167420283
0.261	-5.781613270139374	33.84314214053711	32.73413437212854
0.263	14.889531757544816	30.18421695297018	33.08107959359124
0.265	36.18018332596229	32.670666738210556	32.98334440063059
0.267	-17.180400926464223	37.26433288786392	33.01790756020254
0.269	72.86726731137172	33.38493759084232	32.42473712320102
0.271	37.29689216802612	40.55323870016852	33.21714397071885
0.273	19.550769974507887	31.254728398632725	33.92627951460046
0.275	45.08968461602869	36.75673340388392	32.42632537381397
0.277	27.0658512793176	34.159260986031214	32.774341227880235
0.279	52.97623824640496	33.47795001593563	32.137526671954085
0.281	-18.324993357521357	34.2307561643436	34.693854493
0.28300000000000003	29.86360043211178	37.61396793223696	32.26504889387088
0.28500000000000003	21.17869133000383	32.61184733124681	32.56306721545539
0.28700000000000003	-2.892596526082869	36.82513537108181	33.425003425889564
0.28900000000000003	15.79231788428892	36.6435591003524	34.52929882682471
0.29100000000000004	-24.54329996182114	34.0820542329103	32.04959110403145
0.29300000000000004	-12.593498294077854	31.108590872366335	33.13153144021717
0.29500000000000004	53.196966450785865	37.783833279478095	34.494223082142746
0.29700000000000004	43.79567494239289	35.53078617315115	32.9661069429908
0.29900000000000004	19.045822834407033	35.138284213563956	32.09877920403522
0.30100000000000005	34.67961335301695	37.653173057516774	33.08816054701587
0.30300000000000005	-8.792220744902046	36.62191933631663	35.09143459704523
0.30500000000000005	-10.398946893031003	32.300234551683964	32.95654358908202
0.30700000000000005	-45.08307473716222	32.05175617462112	31.113260109115565
0.30900000000000005	12.04503357676856	32.858153534750535	33.47223999992195
0.31100000000000005	43.89749885080896	32.603949045013714	33.42849587767756
0.31300000000000006	2.4079266398580046	33.34509517101826	33.29313289692403
0.31500000000000006	-31.15639986150942	34.39469226290973	31.75246257829688
0.31700000000000006	-53.56235434150758	31.932158988278623	33.15264031113208
0.31900000000000006	19.894501873007897	32.56018795477736	33.22802073343321
0.32100000000000006	62.009567056264814	34.958909022589296	33.002992297154755
0.32300000000000006	28.304888344043988	37.96343915307536	32.1824431968635
0.32500000000000007	32.35856842009888	32.370162753489886	33.01478656914118
0.32700000000000007	47.97000878853375	35.60962447770734	33.103164008639865
0.32900000000000007	-86.21507498707271	33.82543984213301	32.721305253193385
0.33100000000000007	-7.8881336081915165	36.08959942863775	32.339258683161916
0.333	-19.93072234407478	30.245079028194333	32.55960558763582
0.33499999999999996	-17.09991217779816	30.827930580711815	33.00871228775274
0.33699999999999997	-0.5642707706643435	31.50757608840959	32.346542253834954
0.33899999999999997	7.006543329524106	33.20475929306291	32.99780100392258
0.34099999999999997	23.129587061410106	37.53959490866555	32.16430653267851
0.34299999999999997	3.3253863527260563	36.169062529071745	33.34021830086446
0.345	57.057595400866745	36.576653265755276	32.423069544597446
0.347	-22.578913406179346	36.05257436165042	33.007515170955784
0.349	22.347047465176573	32.068815400126425	32.52026371927422
0.351	30.139536388862354	34.42988895542954	33.78089435721583
0.353	15.2334343430649	33.31783357845993	32.28694268838734
0.355	44.50008040302045	35.849476808977016	32.39821837990281
0.357	15.382808459252217	32.46660875024403	32.11096940532079
0.359	-15.295337818965749	35.23793681295915	34.75805195386007
0.361	-34.442788776845035	32.69735408088015	32.302953996570416
0.363	-1.9653614334869118	35.79673281563502	32.28127074780704
0.365	27.788059312472413	32.368350895811794	31.936653616900518
0.367	4.417261517231097	40.434304000230995	35.47056959880433
0.369	10.71653011530671	37.648857136968154	31.847277811084517
0.371	0.534119304562708	36.25276204106624	33.33824593805635
0.373	46.57927431872544	31.745927046450937	33.741535652000856
0.375	2.407289383388189	34.37330232803211	35.07972990643159
0.377	27.282372752068795	31.32319556351811	31.81385636972888
0.379	44.58719741684547	38.9053497122539	32.97008534981887
0.381	5.012733697462579	37.69782557463757	33.8049398910975
0.383	-1.1115483325996323	33.2580418516664	33.4338388113834
0.385	50.44357338657157	30.521314111835075	32.01429435726772
0.387	-26.931616625591737	31.760695727742018	33.05843677519661
0.389	-22.807379065459266	37.37831325241277	35.40345335055789
0.391	22.084649285103453	35.24542772958735	32.9984230856253
0.393	-17.264508583081373	30.96740712950148	31.344627100433968
0.395	-31.951410526365187	31.243029067900963	32.632326304890775
0.397	6.453310346321572	37.99170204190063	33.9966063943876
0.399	-11.56866277451929	32.82078670648569	32.32048921042284
0.401	23.06962876463814	29.96212448540504	31.48619438157937
0.403	-53.93777822193524	32.00049021446326	32.752620223348345
0.405	-31.765214293488775	38.451127151085586	32.91066694972218
0.40700000000000003	12.407879029341373	37.12331570571608	33.45547759810765
0.40900000000000003	-25.66455117936073	30.102152398356584	31.900361373755434
0.41100000000000003	-22.146594826022437	36.02622325592358	33.152327063367444
0.41300000000000003	9.160625445536752	38.173635766101164	33.958843469452994
0.41500000000000004	32.41066983572516	33.767333943974286	32.46332408157841
0.41700000000000004	5.80528735150132	29.44144110499103	32.726373165206084
0.41900000000000004	5.074483069966718	35.978947804026085	32.83805981111184
0.42100000000000004	-2.047512939196139	38.734967877818455	33.34861287548482
0.42300000000000004	22.259800077639724	36.4733409803211	31.917864164649377
0.42500000000000004	8.42427614067276	34.2732463642784	33.18327479221263
0.42700000000000005	43.686204890480695	32.51258454179042	31.79544871678194
0.42900000000000005	-48.16232216975358	34.05604780683198	33.92037386343307
0.43100000000000005	-12.286077812340146	34.615402299658385	32.19750947880251
0.43300000000000005	-17.046227537620418	34.95586022820853	33.25406275739237
0.43500000000000005	29.828636326501012	33.032240692445654	32.40474040056107
0.43700000000000006	25.484975371137253	37.41530631234227	34.75625416837534
0.43900000000000006	31.486793054646967	34.89914935126555	32.31593106762539
0.44100000000000006	-48.12309999036035	32.345741374857504	33.414982310847925
0.44300000000000006	19.81134581008348	37.20882254546473	32.25670200162353
0.44500000000000006	-19.758417832527186	36.142200593053	35.27966119520876
0.44700000000000006	-55.393904128564486	31.276210883290002	32.19435829618872
0.44900000000000007	13.071532371400352	33.23911485167704	33.88383088039087
0.45100000000000007	11.714289357200869	35.13562897379063	32.33617756920086
0.45300000000000007	12.607885926607665	37.10578357793594	34.73144571433543
0.45500000000000007	-18.59605500342809	34.592151006302615	31.64496699356125
0.4570000000000001	34.01258229129844	33.93547898844605	33.00395443990549
0.459	66.05751324295639	39.89348824769457	33.38965400007146
0.46099999999999997	-7.0071863101928145	33.52049978004488	34.24545209270478
0.46299999999999997	-5.920273003390264	33.89857683087319	31.58355214706183
0.46499999999999997	7.462972841265625	34.892643098899846	32.848224894394825
0.46699999999999997	-11.651559616798757	38.652910303164326	33.94983581328509
0.469	35.241487596815446	34.879684506593016	32.99802184499494
0.471	64.47510908480503	34.55834397911734	32.14652155021646
0.473	-6.593575599511681	35.32230429405128	32.45331237450466
0.475	-23.826026341988715	35.5669097567638	34.41928710089841
0.477	-64.8841802585176	33.55321432732637	32.415768885463706
0.479	0.6659942091147286	37.22706691795985	32.44400033567477
0.481	35.887155150682304	34.57854837178343	33.27550450303522
0.483	34.80849035741862	38.26912608410806	34.32346286281158
0.485	-14.913055466858616	41.5581971986561	33.14447326378896
0.487	-57.22034729049863	33.29316527784255	33.26840050353643
0.489	24.970066126339674	34.80532453605227	33.16544610682411
0.491	16.022734206755374	34.49745991941334	33.71336153752091
0.493	36.832832290834006	35.54376617817431	32.91441755364905
0.495	-15.47605351981396	31.2119824858923	32.70442235313374
0.497	-6.169447175463638	34.901014816606725	33.136939834881446
0.499	-113.2202174275454	42.77450016886542	39.95781665976976