-0.499	8.186625035877526	16.627645408724973	11.32334767463485
-0.497	19.41933484617131	13.843468600994864	8.503578807376952
-0.495	16.73219229725298	12.71738358932989	8.194833619466817
-0.493	-11.509607916182496	13.110283236428536	8.920105686751917
-0.491	17.811785281152126	11.960318019241223	8.773037522212942
-0.489	8.985408942896456	11.700167216447596	8.463289699529808
-0.487	11.721329486125143	12.796832811197792	8.717878911172205
-0.485	28.443774126918342	11.402651661531252	8.808242255055287
-0.483	-4.899198893126844	12.573592021867329	8.577839789871515
-0.481	-5.873517559429331	10.883552399745504	8.502057804592468
-0.479	22.399129683270402	10.896011486627662	9.033438560662978
-0.477	25.58413559405892	13.28612456868812	8.576787866884375
-0.475	-0.3493493199169251	13.093842395078841	8.459660793773406
-0.473	-6.513617260450744	12.185049782308619	8.727170652546613
-0.471	-1.603616966106003	14.925206969494345	8.915239653963653
-0.469	10.168122004161617	11.962953151878532	8.443313944069274
-0.46699999999999997	-3.796768415553764	11.88330939602834	8.88821649320023
-0.46499999999999997	9.576105533648516	11.957822847999125	8.283768619542506
-0.46299999999999997	25.88635428746322	13.503875029813942	8.965427999754379
-0.461	8.373807900863284	13.24304800297008	8.954805304737686
-0.459	27.03658783520524	11.769592605515093	8.649141344548172
-0.457	27.50053917099926	11.556142073095334	8.503267840485448
-0.455	-8.03389501602414	11.496770774110544	9.003328861468885
-0.453	-2.5439024109452646	13.106664902426886	8.572120890662369
-0.451	6.8053390365196975	12.210580821468286	8.497899160117885
-0.449	1.703863301560915	12.805156923425942	8.545800652766742
-0.447	33.133213867220235	12.27204991358464	8.864676052885905
-0.445	6.064986280751583	13.801623498585752	8.369818696316006
-0.443	3.757822737870953	13.014035231563252	8.601833804459865
-0.441	17.12327833125471	13.111174754365123	8.669967078861754
-0.439	-11.649134911917436	11.608753243772892	8.40091127363966
-0.437	35.56061431719826	12.430848228570845	8.640659798245107
-0.435	32.4684389729768	12.427551630494053	8.823322146041843
-0.433	-10.94973774906638	13.207349770694254	8.621188550166314
-0.431	8.779525905833196	12.325022245029443	8.52989843704852
-0.429	53.90803013161083	15.137457292056428	8.78481761065863
-0.427	12.566694614468688	12.472203632035862	8.328866208970133
-0.425	15.066953376718928	14.179842382386584	8.91431878816073
-0.423	16.301008111785364	11.51481783846462	8.630756907867909
-0.421	9.317477266845842	12.72683952983928	8.734486508157659
-0.419	23.040985089872734	10.888244332576217	8.1695544431173
-0.417	19.04986073064663	12.060264155746577	9.13236234161071
-0.415	24.16129716542592	11.619869903519847	8.632006899215106
-0.41300000000000003	21.654269384052682	12.26475244566255	8.332814791823285
-0.41100000000000003	21.62437131691952	12.020511828281533	8.71514984594845
-0.40900000000000003	21.28598117479008	14.086804271777858	8.966892609158243
-0.40700000000000003	12.303689317372246	12.685179751137849	8.633337872139101
-0.405	24.754445601793407	12.921824709101793	8.644562848091963
-0.403	-6.018664098217386	13.2207697926937	8.77328979122005
-0.401	8.882331764104023	11.761632003626941	8.756892453802909
-0.399	22.102806064960845	12.291362569816378	8.594676940908325
-0.397	1.059110531276275	12.995139587228902	8.68093057462347
-0.395	19.6380690133946	13.304807777287648	8.818602826007892
-0.393	26.861594046190262	14.106236560831526	8.435498537072498
-0.391	22.63018413439788	11.723488634463205	8.777186753900933
-0.389	21.038508525750288	13.695206636826736	8.459876244681872
-0.387	23.82567190406526	12.40901609031777	9.078865711201196
-0.385	-2.5552596150113516	14.808530724815098	8.574960050995278
-0.383	16.073859978593674	12.168108586536128	8.645255004979099
-0.381	9.733117308785566	12.649829850349722	8.207607791707877
-0.379	4.144033504571709	13.47999379415576	9.014667675516337
-0.377	-1.0416873135188354	12.62266101078495	8.631007186093068
-0.375	14.693188439052207	12.406510338140178	8.722199541307047
-0.373	30.979953411947037	12.752364525025362	8.625422301183848
-0.371	9.57518504152155	13.213297130177574	8.929071568685483
-0.369	17.11007341920201	12.981460778631345	8.86466452993012
-0.367	13.805326047000577	13.040512764122674	8.556099063944268
-0.365	14.70345528775674	13.334727846231761	8.784327718404544
-0.363	20.332531825983935	12.289441691531795	8.525702821014278
-0.361	-17.126559841207367	12.351120010329232	8.52541615174239
-0.359	25.67327255653673	12.509161402392126	8.694745628878652
-0.357	24.531857894416476	12.419751603642386	8.62083413007738
-0.355	16.98926721149796	13.781984420581427	8.665285586239673
-0.353	22.32438334037745	14.112406580794106	8.692916731620787
-0.351	18.54499485220984	12.914442482310506	8.321686775624299
-0.349	31.194243612198136	12.122522179999553	8.573740489389674
-0.347	17.260003500219057	12.451990163565148	8.447590525325989
-0.345	44.92705759417959	12.113136331379179	8.450202621667474
-0.34299999999999997	2.804647176501973	10.677232152998092	8.239331022294854
-0.34099999999999997	10.963676000175226	11.591123872541527	8.963507402012397
-0.33899999999999997	17.909972668705976	13.822434132738955	9.029594043637617
-0.33699999999999997	15.007794368804284	12.67762280627149	8.6265739708941
-0.33499999999999996	20.45346145274074	13.048714760980182	8.362274940512927
-0.33299999999999996	17.007656406775595	10.930809429406736	8.863685026506937
-0.33099999999999996	17.692606045560666	13.236721726400484	8.581688999666266
-0.32899999999999996	-1.2386580068302067	11.798291178142167	8.375324199219165
-0.32699999999999996	24.674481815312177	13.002996714522787	9.081942367172704
-0.32499999999999996	22.672461946537936	13.037560118099599	8.772140296015042
-0.323	-13.493837526024066	12.920705890556281	8.626105696969763
-0.321	23.01141798732864	12.359676542429014	8.887855404477477
-0.319	-4.3875397390813475	11.824916075154237	8.611954707897416
-0.317	13.583556353502502	11.796282132028171	8.360941237279102
-0.315	30.861926753500413	13.487575820037062	8.682538498651097
-0.313	8.939490391934868	10.825388169939618	8.407447067189423
-0.311	-8.87980152475265	12.645440572632223	8.533190046887999
-0.309	-6.205532672720615	13.184961470231945	8.570439697198402
-0.307	16.575972587418164	12.781742001891004	8.413002023242855
-0.305	23.091295028976333	12.121254749246402	8.49905084879241
-0.303	5.914474324297814	11.530505289366102	8.713686492616944
-0.301	0.7762087725904365	13.325371073571166	8.829291653136558
-0.299	16.28752854254678	11.489196023139655	8.447612863949509
-0.297	1.440737781743806	11.165423831723102	8.403455870173607
-0.295	25.13952957183818	11.790842412271008	9.079282393625498
-0.293	20.804236146254595	12.936618740226995	8.405375193505305
-0.29100000000000004	-2.036394272986186	11.546946775756746	8.375845247678948
-0.28900000000000003	7.46726597578018	13.25362364177101	8.915325539439172
-0.28700000000000003	14.314283671490458	12.300987010951713	8.582214544786494
-0.28500000000000003	29.12820165623664	12.585454325933137	8.484410070640617
-0.28300000000000003	23.267974194052243	12.21612505017629	8.891399113428124
-0.281	5.675854156006466	11.451311326401296	8.623382531480225
-0.279	8.97201645599921	12.510740548266105	8.758913510558946
-0.277	24.418896232836218	15.1110321843725	8.73137177523664
-0.275	0.907651680703836	13.513891567817897	8.72679433219374
-0.273	32.87641782789841	13.222495461150732	8.400136029163205
-0.271	15.35066758662218	13.403150133340747	8.574981006771402
-0.269	23.24161448563622	12.340975172368514	8.825606014617984
-0.267	3.149125840540279	11.834246355876612	8.367220629165642
-0.265	17.273397423300807	10.642660831493712	8.66676819860174
-0.263	7.075744597573319	12.78021139244954	8.82371982478685
-0.261	14.94171124694077	11.518416032272604	8.593817573258724
-0.259	18.14417432077775	11.342192200818374	8.198083936428933
-0.257	12.178638509441342	14.12606499414399	9.128186038279589
-0.255	-1.392221099183466	12.6600913199479	8.403711961410188
-0.253	15.328346685938854	12.14777302467442	8.403511939453349
-0.251	-4.321135850027247	12.782680044858516	8.689322125698908
-0.249	6.128958440321242	13.278133502955647	8.76269056627613
-0.247	14.588882881749754	12.813101209045895	8.473224175146543
-0.245	16.518496230411017	13.612397164330963	9.037441544544691
-0.243	2.1298842411976437	13.967621629701123	8.530633603178723
-0.241	5.54180334066956	12.464965556532146	8.71102785570672
-0.239	15.303857200166249	12.951212723427235	8.534249642617045
-0.237	2.2582750991428924	12.166607113751729	9.197605163645514
-0.235	16.29064606190056	11.292648582675893	8.626589379246388
-0.23299999999999998	12.871351785737062	14.051140598158007	8.666997899107548
-0.23099999999999998	-10.643004774935072	12.216682871186869	8.834001373242515
-0.22899999999999998	9.313613546835242	13.358916006738815	8.728786483956132
-0.22699999999999998	14.846144274827111	13.914267363028813	8.617320991811619
-0.22499999999999998	11.11631630368315	12.89266648114588	8.829048113347037
-0.22299999999999998	29.428668377518008	12.167615410396932	8.406330754682907
-0.22099999999999997	15.81325822530566	11.829705164049662	8.20607863684667
-0.21899999999999997	-21.838798976658857	13.208910260937516	8.876702529423023
-0.21699999999999997	15.352141344404657	10.759041689696907	8.485322312553327
-0.21499999999999997	21.082351731926963	11.910003848657349	8.495796683278229
-0.21299999999999997	19.186302724572002	11.743314206986897	8.687191099975712
-0.211	22.300740212255477	13.130305303180519	8.966828790429991
-0.20900000000000002	12.885106305926541	12.340965612854829	8.400086441653983
-0.20700000000000002	3.6014861279909383	13.153425159272246	8.786707914053551
-0.20500000000000002	14.655792990536654	9.90550849910516	8.528627702638405
-0.203	23.714637400473748	12.900867505153432	8.767938608341934
-0.201	8.157499180594385	12.687510666389896	8.41391340091021
-0.199	3.259242986386468	14.073052595619876	8.683659972256343
-0.197	6.950932452731706	12.279824224439997	8.53208709930726
-0.195	7.39725334897301	12.556458182596261	8.613035353418438
-0.193	13.831837220923404	14.373555196146926	8.67481469964555
-0.191	1.2233651167647963	11.952629216211585	8.501669425317443
-0.189	-8.764000458572063	12.593391522120145	8.355018596322406
-0.187	11.884941953477224	12.254875155889957	8.974842934958446
-0.185	0.5080827916170705	11.438797779341943	8.538607042422559
-0.183	21.508661790958783	11.646185785634557	8.321393753832755
-0.181	15.139931930807649	14.996731002857953	9.18298151695058
-0.179	21.879492760890074	11.588696375948865	8.674865966814558
-0.177	31.65293840079464	12.073373204647979	8.680375322124307
-0.175	29.90754585741051	12.561028057771837	8.736531398806514
-0.173	27.907711145802594	10.953009713914303	8.92819126101116
-0.17099999999999999	21.78015861731275	13.371378143768199	8.49004256062039
-0.16899999999999998	-1.641315215072936	13.642870957147748	8.883145897428342
-0.16699999999999998	13.780815166120064	12.928610441683906	8.361232657569396
-0.16499999999999998	-1.6794408481679568	12.330132546594669	8.445613357316999
-0.16299999999999998	-4.98322265440887	13.029811929039857	8.442283583105512
-0.16099999999999998	13.493138059317289	12.539299428548313	8.881420640351621
-0.15899999999999997	3.5885320892603545	11.141919157988658	8.196881046649601
-0.15699999999999997	-10.756578620707558	13.380991483102	8.780778550940768
-0.15499999999999997	7.622380477245727	14.842662199451567	8.814266107917621
-0.15299999999999997	19.000737772278953	11.50053796715744	8.777708858190358
-0.15099999999999997	13.61004786182285	15.117104440968706	8.921470737686986
-0.149	-2.1022841507623014	12.518416556262187	8.616332698664344
-0.14700000000000002	7.576327738068045	12.757157761586104	8.499020642410981
-0.14500000000000002	9.46822164960004	11.564888329040654	8.32697432005121
-0.14300000000000002	23.13203319581625	12.199778419930619	9.224617375155065
-0.14100000000000001	9.550645690969972	13.217259960439216	8.582998658173214
-0.139	-3.2712614780328053	13.041638206729175	8.59705339610547
-0.137	3.513802557808532	12.420909628671602	8.58103366071021
-0.135	-13.861041095908355	12.673105913861955	8.868047053983135
-0.133	-7.906772789390004	10.382569966868433	8.581613571055719
-0.131	13.804385214699622	11.68967987038599	8.632433839360724
-0.129	-2.0131750102514445	10.4694781378994	8.62582030898369
-0.127	3.658436482423255	13.213648759334294	8.538327999284975
-0.125	30.608213402505413	12.735888737360215	8.526219709885693
-0.123	14.557891183430982	13.224548548313718	8.941068884157458
-0.121	20.804277978569985	13.376873721778848	8.327111551768073
-0.119	5.837044137813052	12.989289191146822	8.721571518325842
-0.11699999999999999	-0.18415521940706725	13.841339944029691	9.07022266286045
-0.11499999999999999	18.37706766294467	13.415106165015231	8.554607921022136
-0.11299999999999999	-1.9115359454202618	13.778742895596718	8.721400631491049
-0.11099999999999999	12.847812867811115	13.351944944187096	8.963663306282
-0.10899999999999999	6.4778152217837	11.761121787359734	8.55000462771296
-0.10699999999999998	3.7657433118454264	12.238208209628567	8.636577225476518
-0.10499999999999998	2.6407285831364646	12.460989483045323	8.760237772770095
-0.10299999999999998	18.449534281206326	9.93094076645601	8.682333769004916
-0.10099999999999998	14.139658399692223	14.096135989053295	8.356767521182123
-0.09899999999999998	26.632159823680723	11.80038994721272	8.501137326463269
-0.09699999999999998	6.730029461055054	12.237635608664002	8.824602023049112
-0.09499999999999997	15.69280548174845	12.481087244328268	8.47773387865615
-0.09299999999999997	6.0843684159817	12.32246964292209	8.55340740347597
-0.09099999999999997	-8.48569308464775	12.389008163064357	9.028712717318733
-0.08899999999999997	11.686673902167044	12.542045846530726	8.575437749788874
-0.08699999999999997	19.826990279137036	11.73746394795562	8.439079891878105
-0.08499999999999996	25.830240597324305	13.921737940301472	8.792369545566778
-0.08299999999999999	-2.0539966077981475	11.04016168116848	8.540963517060263
-0.08100000000000002	33.29689262665525	12.410812053745754	8.819884159929574
-0.07900000000000001	0.38791289225237335	13.176130120575134	8.827283308384647
-0.07700000000000001	3.6252066220043844	10.85487489556666	8.552296084965556
-0.07500000000000001	3.9812100915970206	12.104040630643679	8.439064855594276
-0.07300000000000001	5.971770087320749	12.387018516368311	8.769460904228685
-0.07100000000000001	8.68438844214836	14.051780388768295	8.58376257226119
-0.069	24.580554413677902	11.508354635739028	8.596326970016158
-0.067	11.163794141344496	10.875768909168894	8.719925087350722
-0.065	22.58613817462951	12.421048592253861	8.979364448575454
-0.063	-5.720313464574467	13.040835246071445	8.52791114545604
-0.061	2.1427628316139646	12.734130712399356	8.780983090290993
-0.059	11.424012163807618	13.250118138694639	9.083114005185193
-0.056999999999999995	-22.28063715814521	11.515754474277063	8.438456511808827
-0.05499999999999999	-15.759102800716462	13.775995492861396	8.639611624951671
-0.05299999999999999	-25.554820438533632	12.019548672826653	9.136246940420124
-0.05099999999999999	-30.112519333602705	12.747854849545153	8.823275505686661
-0.04899999999999999	-26.647845599026	11.984650257849117	8.57528668566141
-0.046999999999999986	-55.64613421127351	13.654835602751064	8.643751186822042
-0.044999999999999984	-41.54608349082878	11.85379536243292	8.405330292418055
-0.04299999999999998	-54.2155419132051	11.927131992373456	8.574077746957828
-0.04099999999999998	-62.34405513105834	13.79755229369689	8.869156410581011
-0.03899999999999998	-89.79026744770913	12.490311556087592	8.548910000262346
-0.03699999999999998	-91.10918595378604	11.343254245723703	8.447682826906735
-0.034999999999999976	-92.11431548761252	12.051780988837708	8.825806552905131
-0.032999999999999974	-80.0129341924638	13.866887581602775	8.817646035025495
-0.030999999999999972	-107.05002816180365	11.669308823769043	8.498609620876135
-0.02899999999999997	-106.07931186235042	13.159040596543218	8.624673720143232
-0.02699999999999997	-106.67047160162201	13.081021861708557	9.01696100189887
-0.024999999999999967	-104.98426665195294	12.252750223130029	8.533724086799577
-0.022999999999999965	-98.09302040120204	12.895120097142604	8.552471657017232
-0.02099999999999999	-90.22092850596852	13.856171126853738	9.253859898004087
-0.019000000000000017	-93.25840422691468	12.398407689596873	8.485750316620646
-0.017000000000000015	-121.89880556401356	12.848200576388527	8.506321504729488
-0.015000000000000013	-137.33091713286072	12.117475312122721	9.03956973714794
-0.013000000000000012	-125.95633084089286	12.197128884619502	8.667491277859835
-0.01100000000000001	-132.09925517831954	12.228364352105066	8.580558342174513
-0.009000000000000008	-96.30622205059058	12.894272488479672	8.849105614361786
-0.007000000000000006	-109.86446848604281	12.299769188238669	8.540041284265827
-0.0050000000000000044	-130.6635172348969	12.686563848722361	8.582192074778318
-0.0030000000000000027	-114.0162165528258	13.28474639492067	8.615559422042013
-0.0010000000000000009	-125.47684189667675	11.804555932470405	8.733606275657838
0.0010000000000000009	-128.87891665569472	12.195351399876364	8.336937900756624
0.0030000000000000027	-109.7008484076678	11.98212376287598	8.960532833276984
0.0050000000000000044	-123.95811599430485	13.124147847925304	8.67391251887302
0.007000000000000006	-95.669725062697	12.33654869097706	8.643228885371464
0.009000000000000008	-114.90770955957518	12.457132005350749	8.445894031781986
0.01100000000000001	-134.21500714372314	11.347525790581678	8.910727759432906
0.013000000000000012	-102.20441824071446	13.2682663230712	8.365798990412143
0.015000000000000013	-136.19364533379309	13.333740990538725	8.67759177814345
0.017000000000000015	-110.19180499705072	13.212763744959469	8.724729010285936
0.019000000000000017	-117.70439234926044	11.909663944037378	8.815681709783103
0.02100000000000002	-103.089946409618	13.376306459022782	8.4951015523736
0.02300000000000002	-98.75068817766231	13.075691534684575	8.548129597541624
0.025000000000000022	-101.96027185804812	12.566673493263574	8.71479675528661
0.027000000000000024	-96.09833053925155	12.343289278108488	8.265126980301314
0.029000000000000026	-79.39083630470466	12.703054869036587	8.642412916788468
0.031000000000000028	-102.23547647458808	12.090363194849472	8.405380429400418
0.03300000000000003	-107.34424764236027	12.738521295333333	8.931487620811678
0.03500000000000003	-93.82430057702784	11.81066033165467	8.482671122325941
0.03700000000000003	-74.05176246988444	14.34573853762643	8.878443214447115
0.039000000000000035	-66.93336874930012	12.122334006065417	8.122362923907234
0.041000000000000036	-57.6300728564183	12.846548176000086	9.181956232924305
0.04300000000000004	-66.76584982545641	10.929563559398678	8.666611394804768
0.04500000000000004	-74.81077816684501	14.120584194025051	8.73912038726481
0.04700000000000004	-27.070407320972656	11.220936571839278	8.438612839057757
0.049000000000000044	-41.39892586274563	10.499971439941074	9.246168607877337
0.051000000000000045	-47.98971927089113	11.420312446046784	8.2820248895901
0.05300000000000005	-16.001484143490785	11.14397570503564	8.454441803925972
0.05500000000000005	-33.06723699370018	12.477565502972805	8.921318969066295
0.05700000000000005	-9.046464716333524	14.481143312622427	9.013406035598114
0.05900000000000005	0.5915734710981724	12.270380795459278	8.233083008180643
0.061000000000000054	-15.720990384604505	13.043942739120215	8.788335736500901
0.06300000000000006	20.303424878909127	12.158916539999494	9.023718326418312
0.06500000000000006	13.047031195201342	11.789603629214263	8.31024845055745
0.06700000000000006	-7.910735141725134	14.641369403024028	8.89370393819487
0.06900000000000006	9.915403429205938	10.023461089896001	8.410453210706772
0.07100000000000006	18.858196102478075	13.101712675021751	8.817484703856286
0.07300000000000006	10.348906789969803	13.308355634277753	8.582513863220651
0.07500000000000007	3.931859323236253	12.83995660809008	8.686133050368387
0.07700000000000001	16.188726971400058	11.695388467238049	8.281066190016864
0.07899999999999996	-8.624101647036753	10.63892445354717	8.814031257315825
0.08099999999999996	-1.0569186744691095	12.076905123646583	8.62802802572474
0.08299999999999996	24.641432677441344	11.236920789561651	8.246772937477253
0.08499999999999996	14.25772111396384	13.21098035900219	8.32455201543218
0.08699999999999997	-5.5703516897986916	13.279841126519184	9.300804457849647
0.08899999999999997	-1.3682512091106602	13.238121803570621	8.526464091298434
0.09099999999999997	-0.49641801147526365	11.549463155761451	8.37358223387245
0.09299999999999997	37.261979404235035	11.28603785489364	8.928463116227832
0.09499999999999997	4.246355915782374	12.609428302333516	8.968128661229331
0.09699999999999998	-7.842154229664722	12.348982730748569	8.325049244243461
0.09899999999999998	21.493770760994124	12.077762510934992	8.836598086609253
0.10099999999999998	19.274592496953957	12.224736609780509	8.859470533558593
0.10299999999999998	-11.197807918139624	11.945308799870796	8.70016320763571
0.10499999999999998	-8.455824501374387	13.837107603506995	8.891222875518476
0.10699999999999998	13.600214716857906	11.564619300226395	8.543276137008837
0.10899999999999999	0.4887408051601483	11.819195689864983	8.668854993721231
0.11099999999999999	19.556937569387145	11.75165109143868	8.72377393048176
0.11299999999999999	34.09917748808944	11.366229166197748	8.640021962470438
0.11499999999999999	12.51406210744932	10.664739728054123	8.049354710199381
0.11699999999999999	-2.193475737155559	13.308214507649831	8.864803548875695
0.119	22.460506761357024	13.378649408792484	8.911227369888877
0.121	-11.355784647837375	13.400832893091906	8.360065667891085
0.123	19.390302062438636	11.390762460424929	8.322287056048516
0.125	-2.133633606016261	10.774078777304629	9.246028285234704
0.127	2.950804797619	12.075872817566456	8.443412408192613
0.129	-10.203391087815206	14.270403117781797	8.595664269911218
0.131	18.299024445278533	12.41960007774489	8.409813198894657
0.133	24.530452878313014	11.96606000144185	9.124078976140307
0.135	-2.3704141840497073	12.547898048069534	8.491148637257098
0.137	5.624180598351458	12.303811965652425	8.594219743630575
0.139	13.227501074242198	12.780823278662814	8.863134608909434
0.14100000000000001	8.391962888376625	12.064548958383986	8.399895842285524
0.14300000000000002	17.624083553657854	11.291950100719541	8.542144047108266
0.14500000000000002	6.6795619335646705	12.175732314401174	8.371156588707608
0.14700000000000002	10.077122249985138	11.853036000519182	8.713086788697673
0.14900000000000002	-5.531037792660953	11.86896008310628	8.716209451444694
0.15100000000000002	14.354267575678037	12.54712829062618	8.591373951802705
0.15300000000000002	6.985408707027574	11.37276198633712	8.449856090878955
0.15500000000000003	12.594208636418358	12.135400760303689	8.715019495687468
0.15700000000000003	6.0389385811987495	14.059702687626535	8.816748580899644
0.15900000000000003	22.332383651235688	13.564768808808264	8.68569073324715
0.16100000000000003	12.867448534459314	11.99212252405564	8.290262113771805
0.16300000000000003	20.403178785155518	12.487374266175271	9.080202854200897
0.16500000000000004	15.519433577804165	12.479811257675372	8.403736015117259
0.16700000000000004	23.358344492852012	12.572837351094824	8.33176984104831
0.16900000000000004	27.825625921629182	13.111607793761069	8.912188636300703
0.17100000000000004	1.4441280231647369	13.389470724997127	8.969222862710128
0.17300000000000004	12.778089051312946	11.284074751681445	8.440347647089425
0.17500000000000004	3.253749683684859	14.841634079744864	8.693619189266697
0.17700000000000005	2.01836597568672	12.945554188137573	8.532977207158764
0.17900000000000005	-3.7170174392864297	11.732810692874535	8.48006360062481
0.18100000000000005	11.259777818128924	11.798442358668218	8.364120772356431
0.18300000000000005	0.7440952793924538	13.667771255000062	8.875893568041015
0.18500000000000005	11.113691609221377	12.534894980038096	8.664811687054488
0.18700000000000006	5.758939206401692	13.266482483372506	8.667018850646647
0.18900000000000006	10.078314060857352	12.995839608231481	8.68254615861549
0.19100000000000006	21.747475003941474	12.43070080736495	8.634931292364545
0.19300000000000006	25.750708382954457	13.478221513281861	8.722370472309931
0.19500000000000006	16.56756993728692	11.622865700350534	8.713260281997124
0.19700000000000006	11.244167822610507	12.588072188948102	8.420608266397451
0.19900000000000007	10.293826771867742	11.140529401904294	8.197283514743207
0.20100000000000007	1.9197933438519499	13.24667611358877	9.082853461714627
0.203	-5.086841920687313	11.070750604555116	8.716471871420733
0.20499999999999996	48.455530765378896	11.828206958368476	8.206545133069826
0.20699999999999996	-7.566436206141169	13.752796796599881	8.366382827397459
0.20899999999999996	11.264744779193592	13.713164822645497	8.973724721636119
0.21099999999999997	21.68972690586024	12.302778065880833	8.229123674745844
0.21299999999999997	8.814865148698559	12.32892722895573	8.458617890296276
0.21499999999999997	16.11156651604162	11.583001137794536	8.671425460979021
0.21699999999999997	17.209984038979442	12.627387785434783	8.776467750666164
0.21899999999999997	4.967827055724072	12.494039208692461	8.541435301082796
0.22099999999999997	15.992244275508938	12.535148407459628	8.930052329046225
0.22299999999999998	29.669660906117556	12.914230892466502	8.491396768843458
0.22499999999999998	21.96759913553059	13.821583662981675	8.264792180099626
0.22699999999999998	22.820010759039278	12.609042330972004	8.547116273294728
0.22899999999999998	23.757975815774657	11.991547265869114	8.733223767772708
0.23099999999999998	15.056105117317031	11.961765130240138	8.856410346059336
0.23299999999999998	-11.797653076461856	12.420510361824652	8.724231662246268
0.235	25.717960383087046	12.022158823772154	8.36749492738135
0.237	7.5489271469386665	11.95622069934222	8.544223838575622
0.239	20.699428433079703	12.917887952175613	9.237215870918359
0.241	36.74308401180326	14.140891730704347	8.868880079837462
0.243	17.94577998737168	11.201514208806898	8.201234848570886
0.245	1.8635278205003658	12.56863367323814	8.49389832375471
0.247	-20.250058638593416	12.761130479443475	9.200218510390515
0.249	17.829732991359037	11.869705261507296	8.589434395914676
0.251	23.455709887931775	12.262647047017913	8.499930699400648
0.253	16.47439005592055	14.314326250569623	8.775356715110147
0.255	15.575370353237972	16.452433741676437	8.970679044842221
0.257	0.4088699629978265	10.099018545950925	8.449918856560172
0.259	23.11645601715817	13.120591331215467	8.87938840949518
0.261	21.509887334403288	12.927263508434612	8.761913360177768
0.263	-3.222787012147066	12.326779643059794	8.717249092040763
0.265	20.816908631093867	10.49695752814861	8.631146689936017
0.267	31.189060254455114	11.78531869677564	8.59815355540793
0.269	5.0800050628296844	10.01404305535626	8.488956834748842
0.271	21.07451722199727	13.314609460939213	8.626917400512383
0.273	9.261591607856445	12.349454102414285	8.324782361838832
0.275	4.188043654096418	12.125167451462975	8.499131120615482
0.277	28.40783582880313	11.557905469252747	8.92147728598742
0.279	19.834956706654694	13.787260010320658	8.875695285087666
0.281	-2.2103359712533077	11.973540345768772	8.414647967898285
0.28300000000000003	4.800123067250084	11.506925457325647	8.451957967534891
0.28500000000000003	26.534208206641097	13.108300061424032	9.035849368389872
0.28700000000000003	3.0226845919578693	12.137464614114426	8.537313274300583
0.28900000000000003	1.2788614929259978	12.929410481399946	8.503241856196341
0.29100000000000004	12.904540783953422	11.41183291110636	8.493635806946413
0.29300000000000004	10.426537793817303	13.274741969092688	8.763616100977522
0.29500000000000004	7.761795332905663	10.698984576370073	8.622744594512605
0.29700000000000004	33.66229695567213	16.349249563177896	8.88149482876588
0.29900000000000004	15.063350755850635	11.437998901596766	8.53911808086539
0.30100000000000005	25.088809922246824	11.699266140680185	8.480608802203777
0.30300000000000005	-0.6450391174528392	12.585914175884476	8.718825339141572
0.30500000000000005	-1.2549950438867086	12.094312935475823	8.828088933541835
0.30700000000000005	-5.994045151558325	11.383679544166762	8.732136624633865
0.30900000000000005	-9.129375130534356	12.267110910650352	8.76764662003467
0.31100000000000005	14.651431909262769	12.446011325732059	8.502999378062082
0.31300000000000006	15.799217596867976	13.73526043000592	8.63800001094225
0.31500000000000006	1.4518407212005258	12.030406851467566	8.964515429120011
0.31700000000000006	-4.103298912538911	13.17520569201824	9.251685825012913
0.31900000000000006	19.499302151837483	13.089409376279093	8.454550941788955
0.32100000000000006	6.788402797885951	12.154347187108028	8.205359487029545
0.32300000000000006	29.67284731747455	14.072492654695488	9.413900011414166
0.32500000000000007	11.577003444340761	12.378281623960154	8.150609627659358
0.32700000000000007	19.472470534465103	11.954051847825705	8.407675681079148
0.32900000000000007	13.741780118925462	11.286901040756035	8.690193329945147
0.33100000000000007	-4.570087404398571	11.998516452689797	8.813865316326593
0.333	31.824315708917084	12.6286518098247	8.311776573853225
0.33499999999999996	0.4692159267793983	12.139846685515346	9.03453698828405
0.33699999999999997	5.413105366391946	11.781660534686237	8.370264407714602
0.33899999999999997	15.959098221385304	12.525435179690916	8.813168226766368
0.34099999999999997	1.426483027922032	13.071518199572871	8.76772915518595
0.34299999999999997	7.2624159364043095	13.313186754299872	8.594321545370699
0.345	29.777452305923546	14.174306758740448	8.445742376280041
0.347	5.455338229376494	10.10957837304948	8.625018567447581
0.349	6.454875881356514	13.575758442922051	8.864018514630775
0.351	20.857321331835266	11.583751336097206	8.370840544848123
0.353	14.525272745924411	14.682941178712523	8.962413081164785
0.355	19.487486739189208	13.87744790232089	8.770631086878636
0.357	23.39204610835033	13.176582568997206	8.72355964820866
0.359	5.520855025809013	11.135344367694874	8.246426364924744
0.361	-7.074822510388934	12.96230329518236	8.972786786052522
0.363	46.008390444773895	12.332726277328224	8.35095972522038
0.365	9.417226316754679	11.318044051146027	8.582765190838577
0.367	24.12503319093595	11.66738720472955	8.508053504641872
0.369	9.20090987754918	12.583239675785157	9.252593151825701
0.371	18.051425557219503	13.091709385510915	8.576166647996
0.373	10.139191817026827	12.480227116084627	9.315294408304831
0.375	33.3488225838785	13.710441142163248	8.403338490058688
0.377	8.587287210870542	12.468296165370994	8.271611015383455
0.379	7.883848620604539	14.124865579299252	8.873653509368111
0.381	29.409969667826275	11.949002069763209	8.737819367670093
0.383	6.195194879543564	12.628672750083052	8.526365048778766
0.385	4.347519750647066	13.294156174399188	8.67294533133939
0.387	28.33419814596283	12.745797319478221	8.581914570214709
0.389	27.607628950709895	12.192150131860647	8.5053998541009
0.391	13.068466618415542	12.173213636155236	8.962062862146041
0.393	12.000202421091899	11.586606547099375	8.716952934640172
0.395	22.819312620381282	12.808506957742237	8.77665653066416
0.397	-6.550162596430376	11.154598806132489	8.50856887393502
0.399	22.436051977159366	11.265656856792294	9.139496570641525
0.401	22.71102502193756	13.18757086581898	8.811867794132349
0.403	19.78532700208646	13.482598629906011	8.459763770264141
0.405	24.89842602226844	12.657542195477422	8.50755743518559
0.40700000000000003	9.546964367279642	13.755254845738449	8.675096515251235
0.40900000000000003	11.667624360223172	12.762137025463215	8.437513050110853
0.41100000000000003	-3.7532121175409827	13.242408922265076	8.745272096333402
0.41300000000000003	16.112635577547607	12.212135495285944	8.403023186315078
0.41500000000000004	21.731523793366847	14.842178149442987	8.860937250466083
0.41700000000000004	3.5998481651144942	12.211193420305403	8.756578597480452
0.41900000000000004	29.360823257551516	14.118275523943778	8.741833080498177
0.42100000000000004	-0.3058237739717029	10.405917610019777	8.72857842880712
0.42300000000000004	28.846941220184164	11.739722124759131	8.920564477533318
0.42500000000000004	24.363669058447	11.143260279224295	8.532594448929153
0.42700000000000005	6.44741829547435	12.23027272130033	8.458525538304226
0.42900000000000005	11.579507196657346	12.028875158135943	8.81913612219885
0.43100000000000005	6.700576125062696	11.603331024159184	8.977918079474659
0.43300000000000005	15.10802228388286	12.039731868196732	8.534172190576495
0.43500000000000005	-7.001493528724367	11.630743158787428	8.456427148522664
0.43700000000000006	17.370379226333554	11.53045136085799	9.03072590440657
0.43900000000000006	4.026326956507731	12.995703719640746	8.671115094165565
0.44100000000000006	5.213988504060296	11.504174148522178	8.498495453673463
0.44300000000000006	22.76386831345789	11.510703772367663	8.680747660681039
0.44500000000000006	12.478871041610162	12.420616882132354	8.968633806171216
0.44700000000000006	-1.2772754440781853	12.148217583853565	8.618623080978226
0.44900000000000007	2.5530637430826175	12.70496604002952	8.562436813248034
0.45100000000000007	13.061444674278277	11.473830939148954	8.636402013176681
0.45300000000000007	-1.7255397712911957	11.438715162974342	8.491520359637333
0.45500000000000007	18.117372378556595	12.674434891293384	8.319757205699961
0.4570000000000001	25.025934675459993	12.37221902438934	8.729640703162305
0.459	7.673777641103996	10.874074556725287	8.285743303239984
0.46099999999999997	14.823593262436319	10.54479672059128	8.820840713792686
0.46299999999999997	5.316986925185674	14.463679821981964	8.766587722870423
0.46499999999999997	-3.944038336256561	12.405729469351435	8.645724402757445
0.46699999999999997	4.576487313556754	13.367230267998	8.355290045595643
0.469	10.52765771492048	13.662595213674406	8.814519406158437
0.471	26.62197282976564	12.26523397530002	8.421458399338503
0.473	32.59549179368548	13.079928436279316	8.454848619152882
0.475	19.250691374095297	11.901399762077467	8.674359013518336
0.477	-13.04116224942753	13.654184087156093	8.861121506772285
0.479	5.646729754227309	11.472201902054444	8.325499539559562
0.481	2.5420999094638574	11.346413814348285	8.548037616544697
0.483	11.60256701782103	12.834578981185302	9.019108178931294
0.485	18.90270888593726	13.647962324551159	8.19274430829613
0.487	20.07079936072742	11.420892970086141	8.420271085716887
0.489	-1.5705633588103396	12.73912893422145	8.634827764381502
0.491	13.667869637856711	11.161209969902202	8.778104217503135
0.493	15.186171461012421	12.81358205437866	8.82602143155464
0.495	19.553668972216443	14.430237427513454	8.942692435358968
0.497	11.8464448279898	12.513323175913142	8.403555769878754
0.499	17.73101502533514	16.30113666157629	10.020089834349994