-0.499	-4.143794994804217	29.386890412677396	34.67645701000167
-0.497	47.2745851685108	35.25040952546302	31.377381678593363
-0.495	2.2776054335871265	35.529257877937674	32.119416935058666
-0.493	12.113135939628705	37.38875873844578	31.349682148303373
-0.491	30.935446822422108	34.35456809460498	31.3736717284746
-0.489	76.53681666308643	33.847544983323246	31.331206215754232
-0.487	14.385810489736528	32.99136699029091	32.009708988224965
-0.485	9.328559374521816	32.96073667518828	31.912727174387122
-0.483	-24.80004231564248	29.87048789191511	31.64940523232036
-0.481	52.93418414908935	34.0631595115184	31.736860580185144
-0.479	-7.245628132479531	32.55458361371944	32.571164648655305
-0.477	36.60495884960646	34.817455737929414	31.888275527666096
-0.475	36.84441993878629	34.73721852835628	31.21702943210178
-0.473	26.22822763309607	31.063999392776264	31.311809226410773
-0.471	12.22281704382766	30.263752175096506	31.764535621164015
-0.469	38.783986128221315	35.338409815798	30.651354610967843
-0.46699999999999997	63.444629640141414	32.32794211730736	31.543737719567094
-0.46499999999999997	35.867042049497755	33.00801142845864	31.612478088648913
-0.46299999999999997	8.871280850586416	34.73587679085784	32.17388392227892
-0.461	21.443722807878984	33.671456923568996	32.465912467367374
-0.459	51.419345917347314	32.724759216828225	31.14050492666491
-0.457	-30.727855217294042	29.823556083064997	30.96099766804622
-0.455	-52.785989371528785	32.58648673606697	31.933170105112627
-0.453	65.15475023660677	36.34361912769625	31.049944860660965
-0.451	25.032618515608007	32.44343802184313	31.219501257542223
-0.449	9.051967904794012	33.16409265681457	33.104072143633715
-0.447	38.24571234511964	35.19149204456468	31.413163913847725
-0.445	-32.36766493919241	36.1479937547437	32.01766140638474
-0.443	35.50419074338507	37.93287604371055	31.457358855258192
-0.441	29.322319055724577	29.741164858728297	31.13096534465256
-0.439	55.348434688129444	34.33531929788248	31.445739888994346
-0.437	77.86473179804965	29.19649210310917	31.383011494692095
-0.435	0.5968613148166213	38.509396566997886	32.3770025862135
-0.433	-7.410563953147431	38.46811243567943	31.84631711546509
-0.431	20.09879007225379	32.02890779892201	32.20287284237212
-0.429	2.583342640694042	36.860431134982605	31.83033107968793
-0.427	107.68237837721628	33.64986656630412	32.35087587941026
-0.425	-15.32969234763204	34.36775301902512	30.905726411028546
-0.423	-20.49929261760397	33.31677872986805	31.06816666799258
-0.421	42.295791033097885	37.34335800259815	31.68783006425184
-0.419	7.937202129548737	28.174928668436664	31.122101443916193
-0.417	-38.50486569911826	31.649382563534157	31.893758584115528
-0.415	-1.1815055649400108	34.97138162586707	31.30782609202386
-0.41300000000000003	16.89911760061058	28.603934391853283	32.287057644229364
-0.41100000000000003	53.98337808193432	33.75887209344573	31.325957918119226
-0.40900000000000003	20.930498895399552	35.30487807016869	31.967588347816296
-0.40700000000000003	52.65323948888678	34.53905970088316	31.302389852496862
-0.405	14.511416294604729	34.78247639729641	31.270996806066297
-0.403	-4.220315806713337	32.687830410655025	31.09025592112344
-0.401	-4.497000200109902	35.22988631457263	32.125150332585164
-0.399	53.31440938105558	38.181750430690116	31.816565767349285
-0.397	43.2414762476796	34.75550119709735	32.600381425516154
-0.395	28.0085020964993	38.64792900120076	31.966096521692275
-0.393	44.01560811317928	35.71503389758675	32.35720675787308
-0.391	70.63353318814691	32.38037342473337	31.05953470297418
-0.389	2.3733600098552188	31.16172845096207	30.821417359374
-0.387	43.9624073740319	31.920624968887587	31.90791676875529
-0.385	48.40071274592184	33.36944478655815	31.283042436947664
-0.383	10.811731829596383	33.09172137635623	32.19989998503249
-0.381	2.186939005222044	36.5851264995989	32.214944330673084
-0.379	29.390317188182635	31.56881505791979	31.35219408936295
-0.377	56.933946297466065	31.820831418819427	31.36457087111027
-0.375	8.268563903568449	33.51481898399282	31.520220966935852
-0.373	24.0753535103444	31.38492955030672	31.03843600050016
-0.371	58.70076162683979	33.595801950119096	31.919560091734592
-0.369	7.261282235049293	29.644994548885123	31.015129543502912
-0.367	-17.531339413290326	35.89182060746615	32.75016504330907
-0.365	69.60727084059926	30.683877392162035	32.55585377059315
-0.363	58.40012901381364	33.30860984138244	32.16451496747998
-0.361	99.01495359043722	32.190124556136695	31.90020135730478
-0.359	-16.649094600085235	30.972601881533507	30.927146547238554
-0.357	-73.78098426036317	29.506941665573237	31.220442115477415
-0.355	48.77972904204775	32.975404550674845	31.27639093210465
-0.353	16.281415590402304	29.398152350131312	31.136244505462408
-0.351	103.47429956181209	33.665054292690186	32.06937988812637
-0.349	34.675989346588665	33.42728676783114	31.819475258438672
-0.347	17.46338061892061	34.023855415008434	31.624579613592434
-0.345	-26.526139378924007	33.296785285492646	31.731141393625798
-0.34299999999999997	21.889928993434893	32.367641637553035	33.09684948129118
-0.34099999999999997	-26.855725258290164	32.22979636714906	31.47914361960239
-0.33899999999999997	29.186127259883676	28.889632049481943	30.639771065853232
-0.33699999999999997	83.36064306502244	33.71791821249619	32.26502516917376
-0.33499999999999996	71.56225012439066	35.33586914022572	31.335989402680745
-0.33299999999999996	51.42434923843808	34.868924387178076	32.620623032879294
-0.33099999999999996	41.176211010185426	33.65171132227218	31.459242741150536
-0.32899999999999996	12.460149665383113	30.71709000846302	31.646507297830595
-0.32699999999999996	74.22384263411352	32.03564155076102	31.77526102629656
-0.32499999999999996	31.138752146109283	32.627234191175496	31.20742844734178
-0.323	19.922300499519707	32.39422397496346	31.330609732183063
-0.321	26.65246115318709	32.746151945231546	31.27964984593383
-0.319	25.21211716910443	30.438357459011193	31.791073611399394
-0.317	18.852948483916165	33.624120298825765	31.045500057064675
-0.315	0.3960068544195394	32.259717272734896	32.06767187250875
-0.313	-16.485811466737665	30.651927864906646	30.864297851971827
-0.311	-13.914147033777802	31.022574307221518	31.804996177851745
-0.309	39.36025721307246	31.472483547624357	30.917802464419935
-0.307	18.678858294984835	36.10361101350984	32.4399568744459
-0.305	15.12949047333123	30.710632507969105	31.18366352880835
-0.303	34.33002477937208	32.730955497762736	31.305554105149582
-0.301	35.0883099045074	32.161431706424345	31.456242133648214
-0.299	-77.43964371642598	35.00304540186896	31.960967129286267
-0.297	24.762648092480077	32.4113240192358	31.828186735799736
-0.295	46.30212836098657	28.298391671987627	31.418029294400757
-0.293	12.367399491397535	31.106959315162637	31.76251835051482
-0.29100000000000004	-6.206072885817093	38.304529253042816	31.648577570351563
-0.28900000000000003	2.68555660043468	31.072193777978626	30.827379890315427
-0.28700000000000003	10.739026481410008	33.71463198823608	31.309899013510886
-0.28500000000000003	34.64668423958095	35.520363956311584	32.43624605374542
-0.28300000000000003	44.23905512562776	31.846241550617737	31.24899978155948
-0.281	37.870227785674615	31.747608734905317	31.961586333208555
-0.279	-6.736669522666716	32.72311250473715	31.15541273499305
-0.277	44.73379218050688	33.72219584778094	32.2162272620375
-0.275	-9.367161115547695	34.0817140592547	31.92194771180644
-0.273	54.209219010559195	33.08094746925268	30.675299412457345
-0.271	13.743454165382474	33.382028838838316	31.221507724498423
-0.269	5.614889269311973	32.48539602232157	31.965919163577976
-0.267	-18.359519926791634	33.12311069545861	30.914252430007693
-0.265	-15.382400081809244	31.02198501095746	31.20383852725257
-0.263	-3.7763631641762885	35.27265055266747	31.06687312251874
-0.261	-53.2352968810601	32.78236024224511	31.001895972763936
-0.259	38.39021561091727	34.23929179024957	31.914029341827167
-0.257	-35.83866152512272	33.64118368720979	30.77127722015838
-0.255	50.55251955998763	35.872292116481766	31.308658858022934
-0.253	22.145145510688025	35.08969106119006	31.13295313672419
-0.251	-9.414074440883269	29.555740337904027	31.751793847174902
-0.249	-3.8749931301484963	35.94280580853103	31.551368878762805
-0.247	72.01565794900944	35.97163556448515	31.93413798893197
-0.245	24.62721622831232	35.25778063006577	31.242918458759647
-0.243	22.707994529413966	35.81410462370636	32.213050748753744
-0.241	18.384904020729564	31.852269343214072	31.356340950214882
-0.239	45.334643041350375	35.65301985156797	30.72930376771807
-0.237	106.06686622760542	37.4949579722135	32.555503905322965
-0.235	-26.666100134242754	39.65291210253514	32.20068271684219
-0.23299999999999998	16.777246979238214	32.58754294352007	31.753359039003794
-0.23099999999999998	1.3281766999551081	35.217277677372664	32.52990708229226
-0.22899999999999998	9.161003784674548	32.94006964429927	30.7729972478571
-0.22699999999999998	30.14717879223916	34.71617150031697	32.4815082450956
-0.22499999999999998	51.67075898548923	35.918395019200176	31.059747770734894
-0.22299999999999998	81.85554109130244	36.14483030195338	30.997439810268723
-0.22099999999999997	22.928713892644836	38.43618214123928	32.03730606208879
-0.21899999999999997	61.77206944668612	34.941127158591605	31.88888490043547
-0.21699999999999997	11.725365516301878	37.9085539955773	31.95340252477691
-0.21499999999999997	6.774881819771039	32.920372515010605	31.519280683464515
-0.21299999999999997	79.92886696372992	30.990721011294404	31.505141917287673
-0.211	20.91845282659044	33.12132669592863	32.11499692887196
-0.20900000000000002	15.105284000949126	34.28664149921735	31.84333938779681
-0.20700000000000002	-3.2766463071709495	31.556502540732396	31.80989323579064
-0.20500000000000002	33.804255240132974	34.0549787627696	31.453388127526217
-0.203	24.103102348016492	31.67168200170546	31.453898832435062
-0.201	36.00057639330245	32.163004650113564	31.3950294170442
-0.199	1.4767037121998783	32.26348318950036	31.250789501294975
-0.197	48.40687447038583	28.647779893643897	31.24671287294569
-0.195	-10.670617526353787	31.16575667072823	31.58827618868852
-0.193	-11.889619422111863	33.13984637016711	31.17761260286032
-0.191	40.76307544731428	34.78999022891106	31.252199675277865
-0.189	52.82970463871273	31.727020636728188	31.873423035251662
-0.187	1.1164260502738443	28.033039596577606	30.692181189306577
-0.185	-23.58033615845745	30.789325841085628	31.88715025550607
-0.183	-33.45072859683995	31.03473903397269	31.484644833132627
-0.181	15.859518916583326	32.24877935979508	31.869200020245508
-0.179	21.02018429228636	33.321418340121184	30.933429846251716
-0.177	45.16086174910505	32.368600800394894	32.27627190531053
-0.175	-2.41358694386129	33.70127357735174	31.357992024688006
-0.173	39.20469860596576	36.84172839306026	31.789221068486025
-0.17099999999999999	38.23352879162023	29.956671374555143	31.341414802660548
-0.16899999999999998	41.55166859831638	33.95041267579085	31.895160034587366
-0.16699999999999998	10.53134042106052	35.55793386396716	32.1356704950774
-0.16499999999999998	59.183386870831356	35.1136935464987	31.687827911167393
-0.16299999999999998	59.72393643705054	34.11826857069204	31.1386048105542
-0.16099999999999998	38.33038933143129	33.29485960898644	31.784339159473976
-0.15899999999999997	-15.813068227954474	36.76354765187739	31.921187484204967
-0.15699999999999997	33.616936710112455	34.07177073693993	31.6310208538018
-0.15499999999999997	-11.525269307366415	32.92775942381445	30.91326753763752
-0.15299999999999997	28.49692978434959	30.660721196297516	30.968968333252143
-0.15099999999999997	18.739935167655375	33.48780250274394	31.8033290157222
-0.149	32.70460677540221	31.374335569764366	31.167441601361045
-0.14700000000000002	21.518513328988575	34.99437307406385	32.624409432287294
-0.14500000000000002	28.373061067066274	29.887931480379255	30.822846427679693
-0.14300000000000002	48.22075584032248	34.31922218616042	33.07860039339039
-0.14100000000000001	70.56120539994382	32.41314309740469	31.919503677780984
-0.139	8.308987609284557	32.57305319012263	31.346171985175147
-0.137	5.318419656896722	30.30534994396716	31.022968655318856
-0.135	11.611811435718877	35.69735877405573	32.726093488667146
-0.133	40.21455324076939	35.436752964154046	31.129101062252275
-0.131	3.666356208631427	31.794566911118658	32.08193345936363
-0.129	38.601999358789385	34.722497722113836	31.109502498018816
-0.127	47.24591420401936	29.142409758601953	32.3531944847752
-0.125	-2.608696555883583	34.02609729003772	32.153807122906024
-0.123	39.2621188272102	31.538071695563882	30.505498930242382
-0.121	15.144093298058436	30.19350112180096	31.33577779926099
-0.119	104.86340053006415	35.93900701342603	31.64090133075428
-0.11699999999999999	66.72296588927651	34.36421705328335	31.896709148103028
-0.11499999999999999	32.23070403146622	33.92126438518859	31.25707609943752
-0.11299999999999999	-76.32812523394873	32.196248729234156	31.940334348354263
-0.11099999999999999	72.59049915031568	35.6938273645925	32.52793331104252
-0.10899999999999999	-21.24222594812597	35.48195047421752	31.843996860973718
-0.10699999999999998	12.92969379185216	33.58842668852079	30.948801670285043
-0.10499999999999998	52.30972898351283	33.60740373176534	31.309967494674208
-0.10299999999999998	9.188895436107458	35.967424403270435	31.664082455054146
-0.10099999999999998	-9.52919617613901	28.287518751136275	31.913458300154517
-0.09899999999999998	1.778159687937375	37.17519346463957	31.272674710754412
-0.09699999999999998	99.17337139597748	35.61959703729429	31.748645546562653
-0.09499999999999997	-9.423254292761918	28.124400220373918	31.65166418265607
-0.09299999999999997	18.595156232370513	28.620355670668914	32.0524291669363
-0.09099999999999997	1.8773869263633003	35.64108856919518	31.394969993811806
-0.08899999999999997	41.85151680213828	33.416508347334414	30.97835620528941
-0.08699999999999997	24.516413970498974	35.32057270850746	31.240946629937753
-0.08499999999999996	32.9756380152979	33.21518681428074	31.929198931991564
-0.08299999999999999	50.03026539873723	33.33840353195641	31.28679784084416
-0.08100000000000002	10.617796375900213	32.393705022318386	31.64504617219832
-0.07900000000000001	48.58697615373053	34.162827474410115	31.03334566133356
-0.07700000000000001	-16.904352197255612	36.557438229548914	32.86825105040172
-0.07500000000000001	58.3099894313488	33.585477175274576	30.796395965696234
-0.07300000000000001	-1.6635263463404826	31.046794735034734	31.809018314647297
-0.07100000000000001	-10.757443130060551	30.134503071541953	30.267295385614613
-0.069	22.785132038904976	32.4748851886734	32.488052804264825
-0.067	-1.4223167998927977	30.81676339426654	31.247123461668252
-0.065	5.045576484397074	32.92849250784751	31.571194582689838
-0.063	72.49540227061146	31.19558329126094	31.098169762224025
-0.061	18.368951210545603	35.897584184867384	31.93679710389626
-0.059	63.12492476356901	34.39834536430015	32.40363551296018
-0.056999999999999995	58.77967454459565	32.679043322340476	31.635802941888283
-0.05499999999999999	28.482514003336235	34.2794631898635	31.681761891472963
-0.05299999999999999	-27.662409532669407	29.931562209940715	31.692598550025828
-0.05099999999999999	28.335576454097122	34.96815706783151	32.21583535093461
-0.04899999999999999	33.67659409980739	33.456337603740046	31.208245625269143
-0.046999999999999986	52.79851723782869	33.951021574903805	31.561791196436925
-0.044999999999999984	35.07512636802268	31.85632279605885	31.19135103928233
-0.04299999999999998	27.22824158984949	32.105348325629876	32.57247945880193
-0.04099999999999998	90.40607162780212	33.855233092482266	30.423528824795504
-0.03899999999999998	11.745322623379906	32.27386680276531	31.503660348144187
-0.03699999999999998	47.228140769517424	34.318929538354595	31.024333111998537
-0.034999999999999976	60.760670535620065	35.558440603856745	31.920481802086282
-0.032999999999999974	-13.783758657237577	31.473034545817843	30.71952324481876
-0.030999999999999972	-67.62942695759389	39.0515569768743	32.2143296614502
-0.02899999999999997	-94.21027411460337	32.67279118481888	31.04844726473111
-0.02699999999999997	-164.64353185963176	33.344860576395135	32.356671493572975
-0.024999999999999967	-146.75431514665772	36.806922305909815	31.431268839213633
-0.022999999999999965	-172.22512254910782	35.80155650396264	31.937823646136575
-0.02099999999999999	-284.7040898101838	34.26503692459438	31.72181177177103
-0.019000000000000017	-329.48375581409726	33.62453364128493	31.004684768219224
-0.017000000000000015	-364.34797601114786	34.249447345183476	31.511973148263156
-0.015000000000000013	-401.7521255123002	31.974515425265615	31.386015675500232
-0.013000000000000012	-444.9961902954769	36.017310886452954	32.057304574000185
-0.01100000000000001	-415.02607326737717	34.208222768091964	30.661714407397163
-0.009000000000000008	-372.7099500131503	29.33045098494928	32.2526107701208
-0.007000000000000006	-437.93909683487175	35.0026224486916	31.026419406559935
-0.0050000000000000044	-456.1429393713512	38.64377814469043	32.19172614974729
-0.0030000000000000027	-473.4396481651526	31.457649110747994	31.68451594079864
-0.0010000000000000009	-464.8772155267933	33.87111689125396	31.14800186985897
0.0010000000000000009	-461.98669591912545	36.18486366671721	31.124046908323038
0.0030000000000000027	-487.56316346587613	36.83706376494828	31.822682072084213
0.0050000000000000044	-474.7435089988983	29.140875224450948	31.43718637528938
0.007000000000000006	-458.01192060046515	37.74622688579648	33.08614533097265
0.009000000000000008	-422.64783797418823	36.3230861451468	32.275500738999106
0.01100000000000001	-448.23734380994296	33.36688610992186	31.828848493398496
0.013000000000000012	-410.48757322903475	37.41852123316267	31.57716937802333
0.015000000000000013	-356.6419730643977	30.51470826407666	30.866020961069818
0.017000000000000015	-426.6631813517607	35.786913354565336	31.87035840231218
0.019000000000000017	-328.5635965537548	27.557324160590255	31.47531856112703
0.02100000000000002	-281.6425073159934	33.253511115486575	31.733195052325787
0.02300000000000002	-268.58744786195655	32.94654140241119	31.902815029060545
0.025000000000000022	-116.85538041494858	28.763343095806032	31.533822936628134
0.027000000000000024	-127.95289479561322	34.83938163682303	31.44934287357758
0.029000000000000026	-90.90721232707378	31.32202102267497	31.814213549166254
0.031000000000000028	-15.915894961415766	33.94974157261065	30.664360281007777
0.03300000000000003	15.742861458667434	31.99380875201396	31.856815982051074
0.03500000000000003	16.505076925854567	34.41251086560128	31.57045157185016
0.03700000000000003	5.280725911882556	31.76072811358516	31.399724129032055
0.039000000000000035	5.961485450400872	33.13638275789418	31.845012252566534
0.041000000000000036	78.12132587625698	37.03719316894419	31.866932846846815
0.04300000000000004	-6.701746793180696	32.12998118867971	31.35275630836681
0.04500000000000004	-8.544350138306456	36.35342602138206	31.605361449813742
0.04700000000000004	4.1696688124481796	27.698682003839487	31.60723163315625
0.049000000000000044	36.55197742569172	33.93334772363488	31.168168866825013
0.051000000000000045	43.91385479340926	32.55439904663592	32.09914757127349
0.05300000000000005	42.38526574429358	33.082394758652775	31.51278204337859
0.05500000000000005	16.006540322743845	37.228843363710325	31.72174437906928
0.05700000000000005	34.608064313434994	33.343731099022285	32.415077659898934
0.05900000000000005	7.122113965474242	33.093899269127355	31.36439330378799
0.061000000000000054	-4.546922933279518	32.93870600825349	32.07176339494062
0.06300000000000006	48.25913775885482	31.393783080941333	31.564318395272682
0.06500000000000006	-45.263248526272726	29.911884111557917	30.96515517563181
0.06700000000000006	27.118055945019037	33.79313988693575	31.8910842970968
0.06900000000000006	5.635920729218924	28.60231932703329	30.489539726793282
0.07100000000000006	-8.067788898613593	36.291509948505016	31.571361440325063
0.07300000000000006	51.15504620856193	31.156472873120425	31.15058904833667
0.07500000000000007	14.520508543114374	31.604048626656052	31.588823378855082
0.07700000000000001	43.946395672511684	32.700973676736105	32.338928673211605
0.07899999999999996	16.777362569664334	38.847103182245554	31.72665921331048
0.08099999999999996	8.061590932584295	31.9865535533008	31.86455432512228
0.08299999999999996	84.62898024763632	33.85257177027441	31.174726348195517
0.08499999999999996	49.52907628830161	32.49838056873073	31.142716788640428
0.08699999999999997	37.710506517907305	38.7270686714764	31.183628377690766
0.08899999999999997	59.90564532787346	30.887649823352895	31.160746374930643
0.09099999999999997	-2.978735880732053	34.31622473606474	32.84915310497643
0.09299999999999997	-41.93457000678524	29.7487179451861	31.06281673573334
0.09499999999999997	67.51154071249488	32.346270589761836	32.34589911761415
0.09699999999999998	-63.50299393820258	36.35438072827401	31.789705694071717
0.09899999999999998	-4.213947819353692	34.52437424489399	32.07553052796988
0.10099999999999998	-94.42063078668461	36.87070577662728	31.67163210962599
0.10299999999999998	16.64175121440792	35.919962812390956	32.71247111293194
0.10499999999999998	-33.91456236900847	33.50854250219617	31.384254077501126
0.10699999999999998	-24.01857289857645	37.560289991692194	32.496429418479245
0.10899999999999999	-18.799442842665215	29.21990047395685	31.536257847297893
0.11099999999999999	17.549209039513514	34.032912930096295	31.459434370738034
0.11299999999999999	-42.32757672795184	33.067070527503105	31.792792078874477
0.11499999999999999	-8.235425571712085	33.000917434023194	30.999623529627826
0.11699999999999999	17.658054466851425	34.50111624828086	32.03940502310472
0.119	108.40540921308595	33.61902688014522	30.999827454517035
0.121	79.46051624041495	33.110721337555944	32.364549223380294
0.123	43.930689267890344	33.06199613051034	30.681185803601988
0.125	70.24689025003639	37.73524692174505	32.37640505454303
0.127	16.84468286144991	30.980988628577858	31.756498009039998
0.129	-5.0074132551536366	31.58797034068509	31.74567090017038
0.131	60.712833690468315	31.788344284427932	31.370689598878833
0.133	14.24222492807381	32.5514409381912	31.937854447940918
0.135	34.54958290127763	34.234957448698005	30.91358673574157
0.137	54.88350718185764	37.28372004603568	32.0912698507188
0.139	60.91129117313798	35.60484586311021	30.81199798174268
0.14100000000000001	34.995164619022745	32.718084930866006	32.05732775498433
0.14300000000000002	41.49481887960604	35.2597201015653	31.470356061681375
0.14500000000000002	27.371564990330555	34.5356147017389	31.924854955384024
0.14700000000000002	-17.23001500830712	34.400413740486705	32.71107127193507
0.14900000000000002	-5.963996447033715	34.53101761980379	31.293128541687217
0.15100000000000002	104.58426376613872	34.54999434716277	31.83817778975203
0.15300000000000002	53.735591083459155	32.97573573971576	31.189387411560524
0.15500000000000003	25.839060321830587	33.13521248475654	31.882763819082225
0.15700000000000003	73.78066766428049	34.16532992495027	31.607648315081672
0.15900000000000003	31.969157952893568	35.000358152739174	31.744474603263473
0.16100000000000003	3.359873675057301	35.15842981781476	31.833950560036072
0.16300000000000003	91.81119251411296	37.1560836214955	32.14181508625467
0.16500000000000004	29.45086405881092	31.20340642867173	31.64804560771455
0.16700000000000004	67.60718803300314	33.98109331894689	31.551744779314525
0.16900000000000004	65.90439620768329	28.837736699383825	30.834625453313283
0.17100000000000004	27.88116200536095	32.48030543541212	31.846426143006347
0.17300000000000004	47.2253252221666	30.244902950634735	30.963846946775057
0.17500000000000004	64.6814838929366	34.1603419353507	31.347371394297983
0.17700000000000005	75.40988628162992	35.02289798136792	31.50367054752682
0.17900000000000005	-10.961744602577816	33.35122132876713	31.781118555814693
0.18100000000000005	42.74567173512267	29.545099796135197	32.26514287893443
0.18300000000000005	15.66609683756326	32.84984594360238	31.975634196558804
0.18500000000000005	19.854935097152193	36.37613428903769	32.15014945973832
0.18700000000000006	11.346428049785473	34.64912418735809	32.07760896787253
0.18900000000000006	38.98776811284144	30.48064556205761	31.623591814494407
0.19100000000000006	33.85796069910185	32.510772282449516	31.5575954258949
0.19300000000000006	47.313204781351814	33.16419067975028	31.95821808084626
0.19500000000000006	-21.51217731660715	34.10383464756236	31.803919861958672
0.19700000000000006	-6.334019543974279	33.93440184557509	32.26434112754517
0.19900000000000007	-72.56595656968123	37.48301930980621	32.2560513887834
0.20100000000000007	-12.793673482613954	33.205010813933676	32.526798600882096
0.203	52.9447743069511	34.5407388399112	31.485489213085273
0.20499999999999996	30.831515686724487	33.54025244849369	32.115385594058615
0.20699999999999996	-2.874601712221647	29.73900314925707	31.545490170468035
0.20899999999999996	20.019282210403944	32.2157623404864	31.198719338206622
0.21099999999999997	-5.828806979524259	34.610845572552094	31.845660720018117
0.21299999999999997	-27.631547778961263	32.642069704595166	30.931122611250835
0.21499999999999997	16.36693294160274	36.466731587255126	32.543186380173275
0.21699999999999997	49.02235540349409	32.014332810119946	32.03450215374772
0.21899999999999997	32.03694705167237	31.437283349501907	31.288913540037463
0.22099999999999997	-7.234518084930919	34.83246944409903	32.23645557957463
0.22299999999999998	27.333550758346092	34.83263944397223	31.530069523516186
0.22499999999999998	38.694248332582504	36.16150372891016	32.584174222641884
0.22699999999999998	23.00488075990259	34.23826521326949	31.130270211147018
0.22899999999999998	25.678178509291882	33.769688364616364	32.075646142874696
0.23099999999999998	77.83262500771215	30.411932416186552	31.753857102056088
0.23299999999999998	24.916935394525552	31.78257021799798	31.753292575351594
0.235	-15.094956474337451	31.40827000833778	31.530652063862078
0.237	-6.246365268913756	31.027818950265537	32.31423401551481
0.239	-10.51987045586067	31.04660640539799	31.21360390553946
0.241	37.41048003758074	37.682976401149276	31.607441733075735
0.243	46.778472128972126	37.36109524347785	31.628432765120902
0.245	58.60681593716777	29.588171362920537	31.830405067934876
0.247	-17.1882325684658	33.08942270134018	32.03353575479161
0.249	48.363760214442664	32.99960567105373	31.946329585455697
0.251	-6.471794060436409	31.623349884021465	31.617990931839227
0.253	35.69604222564138	36.746713285925594	31.479719642329393
0.255	58.54557547335659	29.66389009839672	31.606282444933395
0.257	28.263936079575558	29.441712776286774	31.002127005127782
0.259	0.40389011446428924	35.010431781353965	32.255554175159055
0.261	40.68135366153136	30.026185923899774	31.116450612473407
0.263	-24.45345832047252	29.92371093533349	31.54852587359061
0.265	10.051487293605277	33.02146198081765	31.771403028816
0.267	10.066938523012325	31.2323443284827	31.98585429663616
0.269	16.611595924809208	31.264204625957515	31.31583157607238
0.271	16.789315275378414	35.614370506201766	32.11336523813782
0.273	11.450303965654385	34.703666399968085	31.15199591338369
0.275	81.32266112514941	34.55445550208505	32.12529999718772
0.277	-10.982790992319913	33.8845211263721	31.979166631830125
0.279	25.844948863484873	30.325841585991903	31.192583282289597
0.281	-72.54276412416161	31.94283143413427	31.67207735197612
0.28300000000000003	3.847803744738698	33.74927770609239	31.98362082755953
0.28500000000000003	8.744613745337304	35.9119559112121	31.873512946406716
0.28700000000000003	27.562649783208215	28.811324460792378	31.276984231529852
0.28900000000000003	28.382173711039016	35.86655237143049	32.24003611641455
0.29100000000000004	80.53994936751963	33.91304050445015	31.632509577171657
0.29300000000000004	92.91398893562786	34.74725644991679	31.643418671837882
0.29500000000000004	29.874412287966834	35.80176259027166	32.70417245641587
0.29700000000000004	12.956142800835124	34.27492448939621	31.05654707528432
0.29900000000000004	22.192619531624658	38.30447932838908	32.62663129754411
0.30100000000000005	-19.73294488866184	36.29869185492429	31.494617933598537
0.30300000000000005	7.737236334737219	35.56242520083598	31.10620971236529
0.30500000000000005	56.623369300679016	32.08058285649062	32.182156288297584
0.30700000000000005	17.43439389456647	32.327510847961896	31.298137691392572
0.30900000000000005	17.598480452241105	35.3927053275806	31.96443565411642
0.31100000000000005	15.586697571512431	34.01666500932032	31.20273431932076
0.31300000000000006	59.500874200146825	31.867659052959848	31.527807149937306
0.31500000000000006	5.9215659162781265	32.27365813657694	31.802294189270814
0.31700000000000006	-43.546528002313956	33.47537834247635	32.33652275868644
0.31900000000000006	-52.627255087034364	31.110191224221808	31.638673572474655
0.32100000000000006	-27.788418959784345	30.275129981055365	31.415510582933255
0.32300000000000006	4.46960450739553	32.53873333454666	31.86935742133848
0.32500000000000007	88.64968173560861	36.09473395858615	31.709371808210662
0.32700000000000007	70.3195975413351	30.092438083229894	31.849352204692597
0.32900000000000007	-25.13265926429309	31.187025640641004	31.068322199846712
0.33100000000000007	30.72332582365611	34.231420518793676	31.754608281365133
0.333	-29.365361669864143	32.971704604207616	31.669106480317662
0.33499999999999996	-21.441257180621065	32.10297221080947	31.987728790387397
0.33699999999999997	-24.74191401047321	30.82065185287292	31.47499152934485
0.33899999999999997	-4.729078438847623	29.89733794551102	31.04967186365891
0.34099999999999997	-13.104678487696475	32.01537519931457	31.980995075642248
0.34299999999999997	35.63517323446064	30.947413195507153	30.479520457244504
0.345	2.975448226250066	35.087882847858666	31.942587676634734
0.347	36.550715935668165	33.18749847635333	31.486730483760127
0.349	10.608434009462542	33.46753104377265	32.084909198928756
0.351	58.39662407836066	37.62084348165588	32.80440615971516
0.353	3.93825353839361	32.69253368738762	31.12386058570983
0.355	39.26908909734905	30.983049979850044	31.274360457119514
0.357	-8.1224522195944	33.45878477733563	31.124870091980394
0.359	57.10853853435616	33.057014808122915	31.108835494584984
0.361	-42.19851121189944	31.752973141234897	31.387899715410576
0.363	51.62464837304981	36.47031882412186	31.676944424619712
0.365	1.7092590804956842	32.52549099618053	30.715462630546195
0.367	-36.33803094515997	29.431278894386534	31.770297349906986
0.369	-20.233219136134295	30.42878855659443	30.935949899570304
0.371	12.358647139443235	33.75421322847958	32.39309373815459
0.373	25.637153788338196	33.83302727228315	31.884101742788985
0.375	38.04639530180509	34.339719436221316	31.618995244552206
0.377	-0.4028314020132484	29.284051964320437	31.72256594762618
0.379	39.592553968237354	37.10798576329348	31.408176688626785
0.381	-7.242823855002634	33.790061571573084	31.097097761039677
0.383	-37.54755294427259	30.85721329209516	30.982574161115316
0.385	30.00666879127145	34.239652794976784	31.60758674429614
0.387	32.35545263668982	33.25602154905012	31.45667193892214
0.389	67.54559868626941	31.877876314149162	32.1066363669085
0.391	50.801460905525175	35.86028962344677	31.647843711063462
0.393	-2.999034246164989	32.83850093686252	31.77162338931759
0.395	-25.052805514680365	33.66779266610558	31.175156531835473
0.397	54.151672342905854	33.90774389785647	31.048836564468786
0.399	1.097826689111514	33.04061811739632	31.300992925291524
0.401	0.7722651409469705	31.040570914823	31.794879237755982
0.403	47.369144988262946	35.432266592159365	31.941903682490924
0.405	-7.908894170460812	32.180367709524084	31.768403294083363
0.40700000000000003	-4.773929090373663	31.87113968521515	31.215318534552505
0.40900000000000003	97.7508927255677	37.319975661269936	32.01176127629368
0.41100000000000003	9.039664172760808	39.16645788716234	32.1439763534836
0.41300000000000003	29.82372277582357	31.81754363245552	30.773455824670503
0.41500000000000004	66.40853589567897	32.83117487623727	32.661316752598594
0.41700000000000004	25.795124254379687	31.553151570612997	31.556665766721437
0.41900000000000004	-20.143511658687885	34.558101934687606	31.633163498285832
0.42100000000000004	-50.73361810459254	28.64013592158241	32.14372514106863
0.42300000000000004	33.545426123771094	33.46935962860301	31.911942386587143
0.42500000000000004	-0.8755368405832797	31.31959845071043	31.66906952712629
0.42700000000000005	62.68860897828965	29.77158327401483	31.08125473579177
0.42900000000000005	22.634084493322604	28.487771203599344	31.214948911594018
0.43100000000000005	23.84911536945644	32.17078835969403	31.88692451508798
0.43300000000000005	2.7114304583797377	30.792046106279134	32.08291689310042
0.43500000000000005	15.310860628225953	33.94236179091087	32.0892921468378
0.43700000000000006	56.7475984241117	31.889910836963598	31.284407738802262
0.43900000000000006	79.4767754432879	35.36646859076127	32.784510886920046
0.44100000000000006	37.87122709297819	35.89578533508261	31.005778791693736
0.44300000000000006	24.417275652499626	28.302792377039523	31.81369718428226
0.44500000000000006	48.1750150582716	35.62846391978949	31.236944025265103
0.44700000000000006	123.45720049733444	34.15159656514114	31.164024307924816
0.44900000000000007	13.384667078453205	32.75359291141437	32.014231474216366
0.45100000000000007	71.90669787249249	34.19274150384932	32.15106684104137
0.45300000000000007	1.4086477162500444	31.30769141421664	31.21145272534923
0.45500000000000007	33.428300467264194	32.47303124906824	31.733468750247773
0.4570000000000001	75.55252278756974	32.782053664010476	31.708327054724492
0.459	35.34578444908121	31.275565713984108	31.10775248018466
0.46099999999999997	51.21914233052749	29.716319683814966	32.01376309966319
0.46299999999999997	77.08551596175006	33.43976000597081	32.11402166739394
0.46499999999999997	55.17790085951546	29.652395694754006	31.333408911177425
0.46699999999999997	-14.879629729236399	34.61360829300819	31.766230661705638
0.469	29.226321893949248	31.191200316775667	31.564773960477886
0.471	-14.361244861649247	38.45718285940166	32.38541290754902
0.473	37.45929682907878	32.75577444544941	30.783086976807382
0.475	-3.9998029489618503	30.20379952598019	31.02379282202111
0.477	58.404082104113186	31.286390617434467	30.72835852445867
0.479	-12.652020962455879	34.35549560757333	32.11848343768149
0.481	23.213372084995854	31.851848199344605	31.094450439993942
0.483	6.80168129152392	33.55271356328055	32.494585340932176
0.485	-0.9969445774471453	33.50254573477176	31.650030720573508
0.487	-2.4551376474057918	33.62628041287326	32.04097269188405
0.489	21.70789410715912	34.43789276194393	32.31384481062381
0.491	37.5304808266641	32.087704735946716	31.292770003293654
0.493	26.054189780966297	32.98354974663948	31.350970235523477
0.495	-54.139041757550466	36.39255630568632	31.575168237625398
0.497	-8.369140919506357	33.76204135896138	31.174288763476532
0.499	16.363096744687056	39.595680287344535	36.156666600389094