-0.499	-11.728114868048145	26.81633521377041	21.929774619701874
-0.497	10.270112560384348	21.23053562691661	20.984643033317102
-0.495	-19.326625807836173	22.225564367003628	21.16064991208826
-0.493	-19.95925220743544	23.56518344940718	20.89439167714968
-0.491	-44.70074491103038	23.087747184429226	21.955020661684973
-0.489	-4.1389126287372235	24.05792281036707	21.011972424322053
-0.487	34.34718114059265	22.785976791260257	20.58458064344679
-0.485	-8.146732599079165	24.810672261310724	20.934210081234628
-0.483	-26.71715733082447	26.83657451061458	21.757497925048757
-0.481	-20.782840952082715	26.502137621827945	22.114876819932086
-0.479	10.481825835295666	19.32939220413421	20.948508118007133
-0.477	-14.565525730758644	22.282458495049816	20.488274816130826
-0.475	-1.4768879157411874	26.210483743297345	22.78580273277516
-0.473	24.11562449089466	22.723479867529964	21.35973569495486
-0.471	-27.78274604087194	20.859053983497578	20.44659122227548
-0.469	8.08177912348107	24.977645608077964	21.433128100474356
-0.46699999999999997	25.20449009768555	23.44161383005858	21.90639592937839
-0.46499999999999997	10.143791593142382	24.03689319945655	21.608737451012928
-0.46299999999999997	6.7681087698723275	25.60497769995357	21.06803980149104
-0.461	15.413015696630339	22.906559706049386	21.501385018708827
-0.459	-27.722513267103288	22.65179831632934	22.371132270788326
-0.457	-33.95988551113671	25.037337492716507	21.693113678281133
-0.455	-6.474880971052421	23.057582234307016	20.210273406811087
-0.453	-5.373019227761233	21.084887970732876	20.59147452372282
-0.451	-21.202274689269274	25.733394883896192	22.579151654902578
-0.449	11.66132099994499	24.03686886730511	22.178094946099353
-0.447	-5.8249631108564515	21.488908462537918	20.393783892986992
-0.445	-4.148939687365072	21.9665101280962	21.034324004502142
-0.443	36.894906528361915	25.355947100985777	22.24058758550149
-0.441	0.541940531340046	20.848739210276705	21.917058032433903
-0.439	-19.04390683726831	20.085327102042548	20.34607267015723
-0.437	-25.61165527736886	22.01682424158078	21.409215337562518
-0.435	3.8231346506378827	24.194280949003943	21.43865064531905
-0.433	-2.616336415073306	24.12840164622783	22.222236509737797
-0.431	18.172421567985708	21.609997652512952	21.03138254955713
-0.429	-8.573283024060352	21.102494451454298	20.61444604775081
-0.427	47.33357046382558	20.57417759154358	20.997073593610356
-0.425	-30.03200683115992	23.40831506114475	22.309550174384526
-0.423	21.48674064272882	22.26976324220934	21.559461697866443
-0.421	3.9679975207818075	24.108193793378387	20.607216357748346
-0.419	-19.40061946736904	21.98750163541793	21.155887388594373
-0.417	1.6579223867108084	25.13263170904141	21.851947484858407
-0.415	-18.532138523208452	20.804392281525285	21.157969846603073
-0.41300000000000003	-22.282197253198355	22.4671010634506	20.799380432708805
-0.41100000000000003	30.617422051015808	22.819952397067286	21.360759083008617
-0.40900000000000003	21.287366953615106	25.157187268481678	22.36324704438596
-0.40700000000000003	6.354233150096533	21.813753905757466	20.89268336196076
-0.405	-0.3539671735719452	22.76719726376718	21.055468860978852
-0.403	36.803411891161986	23.189070747505376	22.124047244072976
-0.401	-16.767652418425705	24.601290838219033	21.913628709777274
-0.399	-16.69655320990504	22.57365923939607	21.106738510434138
-0.397	5.0606624579785375	23.4791857530909	20.670164988289365
-0.395	63.36978481802369	26.208402451463304	21.295421578079324
-0.393	-1.5625983665890075	24.215836330584548	21.910562327916917
-0.391	-0.9342054153593793	21.176243339868655	21.17633996032953
-0.389	0.4284080907801524	22.780646032158504	21.253624344789984
-0.387	-14.840386141412587	25.526239288445208	21.313211150492627
-0.385	1.4065722002687409	23.352749308328566	22.279855136374756
-0.383	16.74013353869519	22.134763244588616	21.190260453859707
-0.381	-0.4414999003055087	22.047319491100108	21.348378669770035
-0.379	1.1008795126610238	21.797840631751153	21.460717396351807
-0.377	5.332990180129116	27.751036751635155	23.154064419339388
-0.375	11.750806191201946	22.90866121498811	21.159493938498684
-0.373	45.943226608002874	25.122397346053877	20.932551922134326
-0.371	-2.676630030840066	23.862542350311912	21.128004496561026
-0.369	30.648572313829447	25.948218863162772	22.124926991950034
-0.367	4.737333487936368	22.778054187258775	21.006318794589994
-0.365	29.669770838625098	25.704382192063353	21.216163600565302
-0.363	23.679069204529668	21.02717390241814	20.778056859403137
-0.361	22.55563883757361	21.46320072246319	22.20284595621517
-0.359	-2.121002171673325	21.824369315270243	20.821194690044297
-0.357	-19.812380317674183	21.981562635209606	21.04758638568854
-0.355	7.6198473748512185	22.221876105339838	20.84853611946918
-0.353	-5.419260342587329	24.021925402853654	21.84204182869328
-0.351	-23.68870410451862	23.42669053962553	22.5058557324257
-0.349	1.6721097961802656	26.974456600992678	20.683428537293867
-0.347	3.897242400574541	21.95725346189661	20.537079186857834
-0.345	23.9474519256877	24.672685958390396	22.350094068064973
-0.34299999999999997	19.58062819706896	24.010292931862217	21.08215910328949
-0.34099999999999997	12.968313626737782	20.791119687613893	20.927648901072324
-0.33899999999999997	9.524332639454514	23.61170191981997	21.46680931746811
-0.33699999999999997	30.2322147083256	26.268007476327323	22.218190432782063
-0.33499999999999996	-19.684397096875195	24.384775123579857	21.612520715961733
-0.33299999999999996	11.324846445726067	22.108399404237794	21.006076626324298
-0.33099999999999996	2.3877389379034497	25.118627755648035	21.14470528727974
-0.32899999999999996	-5.528156224565706	24.86936046670915	22.765165051872017
-0.32699999999999996	22.507346828071206	24.716231982108084	21.020180811971606
-0.32499999999999996	35.935936134823265	23.900467817853603	21.16345490539894
-0.323	4.127934923214838	21.33718833744448	20.85256389993924
-0.321	54.891415040225766	26.872537846017064	22.749775005195104
-0.319	21.571452764046484	27.600200929918213	22.401623584158777
-0.317	-11.447827172328395	21.08132345941652	20.622703279457156
-0.315	15.095389015895577	19.607903103330916	20.505276472335908
-0.313	-4.711602667017978	26.49797903755441	23.182729396059834
-0.311	20.337144133630858	23.069443834456223	22.284064039098602
-0.309	17.849298104888334	24.890103261577924	21.042186431934052
-0.307	-11.77506628402547	21.34650126259988	20.4115359887683
-0.305	19.023210059865292	21.911759920313607	22.21646014369278
-0.303	-0.9127826468002809	23.05187292651521	21.690657309523573
-0.301	-0.04307358658639515	22.560608369031062	21.06070138619369
-0.299	-16.688344609550043	25.51338070685762	21.171167529935637
-0.297	-15.225201621227313	24.413877031085693	21.78200585941938
-0.295	-11.074419512868694	26.351789270684414	22.264674309706336
-0.293	-1.9878821251317902	19.797404014573072	20.643447302719135
-0.29100000000000004	22.312274535529752	21.571100659994638	20.665749593594697
-0.28900000000000003	-10.81166883287743	26.037221246984032	21.84234765373789
-0.28700000000000003	-2.3976729370822625	25.06426368325254	22.468218705603597
-0.28500000000000003	-12.614439085512075	23.286642910815537	22.11056476414867
-0.28300000000000003	22.656984466129515	20.313676888841716	20.74031140544093
-0.281	2.4540788277072068	25.381565894612038	21.940869779701135
-0.279	7.960557134811808	26.354562050503628	22.72117056097469
-0.277	20.969107316526348	21.07374053195469	21.043335441955332
-0.275	-14.781388495865855	23.27859972989338	20.95518375045686
-0.273	8.630998568959214	23.019811401574987	21.618588340719132
-0.271	26.261142183292563	25.41476168074077	22.996332939527345
-0.269	20.413897348081633	23.818936168708603	21.94237437545824
-0.267	-16.509011484755476	19.869175039712236	21.33802763932397
-0.265	-2.3870566357997447	25.058536133070838	22.05787763369474
-0.263	34.243827681024186	24.490672196791795	22.28366385513188
-0.261	28.768100504450445	22.673752841542974	21.971867474276923
-0.259	-14.736975439966216	23.435799922022635	21.0390424719479
-0.257	16.62156443082985	23.86189326434141	21.308764444808077
-0.255	-29.489937130922073	23.476904261958797	23.09688609442051
-0.253	17.91454369182155	25.285713225110047	21.930105090496838
-0.251	-10.27116836238573	21.07229483246732	20.942203374424885
-0.249	-8.766708087470931	25.367261205107965	20.81652699796291
-0.247	-7.685571351778719	23.487849071153754	23.01018606897913
-0.245	26.481743093498267	21.11265297506633	20.925295289492528
-0.243	-0.8719190360828577	20.07916109870445	20.869645026160754
-0.241	17.23582626955711	26.60905052740914	22.232227162047895
-0.239	9.618124249932691	23.67089704845723	21.963585001552886
-0.237	-6.355613792363712	23.930389705093273	21.328450151407303
-0.235	-29.168052745887074	24.549759687863215	21.181179316490287
-0.23299999999999998	42.78748886510364	21.066943161300646	21.222226437058715
-0.23099999999999998	19.066442474624523	22.752952060385056	22.78165584780734
-0.22899999999999998	-6.04253417790801	22.862975953135454	21.037692533042396
-0.22699999999999998	10.579475294258955	21.675282726142427	21.055463511454327
-0.22499999999999998	67.6748205890032	21.790743077988928	21.060517102132167
-0.22299999999999998	22.201355273532286	25.859279467709932	22.681528045066944
-0.22099999999999997	50.1431656763085	21.754485809956655	21.74530180422834
-0.21899999999999997	3.3740977629648228	23.790329220684193	20.852241059791652
-0.21699999999999997	-2.2081980439736526	18.92137112944637	20.99143101870027
-0.21499999999999997	-4.58603629138743	27.204138448479576	24.218377086847642
-0.21299999999999997	21.29933067473999	24.0306730870712	21.047463512323958
-0.211	11.336953394947002	24.840499165414155	20.81850621238001
-0.20900000000000002	22.409406751133787	24.14987537601765	22.100665767821315
-0.20700000000000002	-18.666566764857784	22.638072346717493	22.259771586418747
-0.20500000000000002	18.437918164915246	23.32673269745611	21.58773120304933
-0.203	6.172849250196677	25.028034674551034	21.225833418809923
-0.201	-13.49260597638402	21.824606490632412	21.121331415845177
-0.199	-9.574029090075875	24.35325034699623	23.482232041341657
-0.197	-11.997490867221572	22.720764557250682	21.213162173418713
-0.195	-10.219419381285455	22.721878238728113	20.72000078298169
-0.193	-9.984112004923773	26.11476669937367	21.581878780409546
-0.191	68.98811372879621	25.24859270792143	22.77245830462442
-0.189	1.6531878277437073	22.48822646631959	22.087915220364156
-0.187	65.54985533080426	22.773335708730237	21.21303881483863
-0.185	41.07843763190289	20.98409075658767	20.36536114475578
-0.183	37.217919456544735	28.419498245595967	22.497529499332785
-0.181	5.8705159564631515	25.138268933975947	22.541908089076603
-0.179	-10.410614951217312	23.138212951795893	21.026507613071225
-0.177	36.9890677893725	21.058982864387477	21.01520682182463
-0.175	20.243225033356183	24.938902078361416	21.5980399844026
-0.173	-15.180647530255165	25.433418822557783	22.420834571010243
-0.17099999999999999	-4.666512480433482	22.24230241645041	20.883267110463297
-0.16899999999999998	21.506389213943322	23.332455125475775	20.75145696509856
-0.16699999999999998	69.14347964293022	26.472022685654597	22.173038904006763
-0.16499999999999998	14.383352331837074	24.966420705208268	22.306798733717827
-0.16299999999999998	34.10369923040335	23.4500171006954	21.214085339698954
-0.16099999999999998	-24.502644570989496	22.32628004047001	21.00141632089022
-0.15899999999999997	-2.9267896501927737	21.22717482729109	21.839429958219572
-0.15699999999999997	-47.09110214340395	22.686434597920986	21.929628605109578
-0.15499999999999997	48.41155560852961	23.125534555339534	21.193005709657257
-0.15299999999999997	18.724228846078717	22.830948440304272	20.85849106253185
-0.15099999999999997	11.028298159798666	22.986821065868508	22.26240307555079
-0.149	-38.029410456608126	26.551811815970417	22.57890322418249
-0.14700000000000002	-11.233967342483275	22.96710529704792	20.931663856483773
-0.14500000000000002	-8.729120639316967	22.439339182459044	20.981746730513315
-0.14300000000000002	-5.818476803809425	22.27623959303263	22.557154707815485
-0.14100000000000001	26.35126708860902	24.673418802799326	22.07032843466744
-0.139	-3.056479106144927	20.659547794788992	21.868640947221895
-0.137	4.210015177585902	24.09923341103816	21.363968286725438
-0.135	25.263941898723274	25.89684198486758	22.19292846966678
-0.133	14.178353697769097	24.369008862427844	22.507252108755495
-0.131	16.874204576522445	21.17670253399297	21.478275730436685
-0.129	8.19422879549947	20.586867870681303	21.021813507571526
-0.127	7.903145243348675	26.66924609777797	22.0874573597227
-0.125	-18.364044912400068	24.682905078967014	22.297095946387174
-0.123	8.98247303693367	24.644641953347225	22.185854372243163
-0.121	-15.40834922675316	23.832945251906594	20.567387031194173
-0.119	39.72220557102446	22.730804807034307	20.965523737348033
-0.11699999999999999	15.367600848081864	25.103964242064027	23.61675216637996
-0.11499999999999999	27.696972278778986	22.827134947032263	21.435055488226595
-0.11299999999999999	15.92266706729184	23.479249286213257	21.29940523709536
-0.11099999999999999	3.325996277503407	23.91706182036939	21.875964675274133
-0.10899999999999999	-10.073446908398509	24.152068642316088	22.5442588169971
-0.10699999999999998	73.18864438210504	25.533888896297086	21.51808904184114
-0.10499999999999998	-22.02995992317547	24.563797596167497	21.02844552903624
-0.10299999999999998	10.873180941617377	23.244498839811772	21.224421490742948
-0.10099999999999998	-6.128407717520545	25.13070221297885	23.727416627325322
-0.09899999999999998	20.070440834185632	21.633034154245088	20.722530279604413
-0.09699999999999998	18.012043189186144	23.906528353780452	21.234101894783976
-0.09499999999999997	-10.641758825036263	20.49750385281447	21.329450459555552
-0.09299999999999997	10.252284003531287	22.45412758366554	22.919519793555853
-0.09099999999999997	56.70442694061251	22.898762919904033	21.700053141878087
-0.08899999999999997	7.618930256692025	24.458554145167565	21.717658173152163
-0.08699999999999997	11.75184248203287	20.812959595314425	20.842900489824675
-0.08499999999999996	32.042175044377785	23.694339113303773	22.579972055781013
-0.08299999999999999	39.58575471751935	24.526329998960904	22.05497259198371
-0.08100000000000002	6.3619887129551245	22.11355003002758	21.570776335921224
-0.07900000000000001	35.81199611768504	24.655724187232224	21.167716046346396
-0.07700000000000001	2.175450730224071	26.53685954947086	22.03523007323329
-0.07500000000000001	2.245863867544884	23.287460154183485	21.845605623042825
-0.07300000000000001	-28.01853400791199	23.52381983044014	20.90395403041151
-0.07100000000000001	3.2785611032704054	19.708374171382772	21.02926264341021
-0.069	-19.50555303620316	21.471628198416834	23.400420317466004
-0.067	-8.24156387968511	23.887895193832648	21.405344801193067
-0.065	-7.023466730760042	23.014854384902648	21.73512648053131
-0.063	-27.810416813101035	21.796973161346216	20.838223697998416
-0.061	25.228422348977375	28.48561158032202	23.219951490607404
-0.059	-5.863096051661465	25.422717570795275	21.652280063631057
-0.056999999999999995	11.605684637761016	24.142455155134872	21.459399715173223
-0.05499999999999999	-15.72146341888292	22.409526688719087	21.088628957677486
-0.05299999999999999	-1.4466683215808018	25.043016503889906	22.65409432177228
-0.05099999999999999	-50.51546535572715	21.28415480006425	21.83199262042277
-0.04899999999999999	15.755491272972932	23.456243182617744	21.021187185948953
-0.046999999999999986	-11.667591607089633	23.666924508055587	21.509909723593864
-0.044999999999999984	15.800018130729399	23.152760124496464	21.78349012098361
-0.04299999999999998	8.58202550113596	24.20950249282933	21.515987888202837
-0.04099999999999998	24.63841681499268	21.825473121773186	21.64463049068942
-0.03899999999999998	-4.027719348487224	21.82592787552948	20.967749863696472
-0.03699999999999998	15.274288424294014	23.43448935936631	22.279793434457165
-0.034999999999999976	-31.030953591804078	23.805404689183177	22.41782245268814
-0.032999999999999974	-5.130125737551339	20.555608000702936	20.63703879677223
-0.030999999999999972	10.018574637449262	22.633043765222485	20.86662047603725
-0.02899999999999997	4.959096202128421	23.84510346922022	21.670679766072187
-0.02699999999999997	23.383348606298426	22.25284603242044	22.1060876610614
-0.024999999999999967	32.058020616565486	19.850604580031654	20.997040784066968
-0.022999999999999965	-30.772009505963815	22.710821066996434	20.66338720000922
-0.02099999999999999	1.3885517873291064	22.27718988444678	21.786627330491218
-0.019000000000000017	-1.2086907529296198	23.99752370708661	22.402586422513917
-0.017000000000000015	-41.44058069088796	23.39578209746246	21.14336402793834
-0.015000000000000013	-52.91747716740236	21.921064096778494	20.43222757993424
-0.013000000000000012	-74.87237365766397	24.785788546264147	22.482720700105943
-0.01100000000000001	-141.74053682225463	25.387050765467695	22.737184808827937
-0.009000000000000008	-175.22972356742716	24.157805323916666	21.127078658014053
-0.007000000000000006	-210.2965477254193	22.211638984294318	20.77647509750539
-0.0050000000000000044	-205.51118874378994	24.72533376337002	22.216116806323203
-0.0030000000000000027	-245.2027232088261	23.264340310281582	22.626744319413845
-0.0010000000000000009	-215.7727466328696	23.029844726090396	20.649970258026364
0.0010000000000000009	-222.20275778439546	22.8208252690768	21.120442932935653
0.0030000000000000027	-203.18743949809814	24.07266780499865	21.183654308305577
0.0050000000000000044	-184.2043527554571	22.02473296630727	21.832115077278893
0.007000000000000006	-202.84181285934454	23.839348276742896	21.828694818660214
0.009000000000000008	-200.9100735170799	21.72876864101329	20.711197084800098
0.01100000000000001	-127.28416636187401	23.123833884842732	20.976379596428657
0.013000000000000012	-63.20009637428292	24.089567884445376	23.304713232822255
0.015000000000000013	-22.139348206273723	20.426071051632526	21.037752918451943
0.017000000000000015	-12.010148514263186	22.36701871628617	20.957033690842277
0.019000000000000017	27.567471498235463	24.123599192178528	22.029483376970127
0.02100000000000002	26.17325335352305	24.132100325013827	22.181633247952753
0.02300000000000002	33.922667181718325	26.662773899507233	21.484239437618015
0.025000000000000022	16.128269688442387	22.267873721561667	20.85726593370144
0.027000000000000024	21.482803814310003	23.351505769210625	21.790243095707638
0.029000000000000026	-6.929372044384152	25.442490864848807	22.38926218055827
0.031000000000000028	37.63258581979123	22.172939458509454	20.82643999596025
0.03300000000000003	-15.156894594192671	23.23404053945912	20.843230295722563
0.03500000000000003	-6.708967646429365	25.79487090234289	21.352297225165202
0.03700000000000003	37.86882931655633	23.30131891105059	22.180391630373407
0.039000000000000035	35.6877473317585	25.35368166505465	21.949471223788244
0.041000000000000036	24.538711123067714	21.30981045673259	20.89646906142121
0.04300000000000004	29.163581358293555	22.087046817781893	20.349414883039216
0.04500000000000004	-22.948877543060853	25.837047792068077	22.15237339781539
0.04700000000000004	13.007009386889479	20.504781945934273	21.651250733153553
0.049000000000000044	-12.654489213725917	22.905907263039225	20.40218892314627
0.051000000000000045	41.478041750364625	22.16587900614432	21.47989667761993
0.05300000000000005	-2.770577294142207	24.2658424340017	22.469191473080503
0.05500000000000005	-26.49329795412214	22.11512309008541	22.11317746019258
0.05700000000000005	5.7968655140516745	22.17185325202194	21.25164863585325
0.05900000000000005	-8.943397891592042	21.16152486894716	20.9241067121471
0.061000000000000054	39.41804365581447	23.25848454566523	21.822127245701846
0.06300000000000006	-12.960005952078468	21.07953463147981	22.178717298228243
0.06500000000000006	11.168136166084253	21.827937195858933	20.808840906383708
0.06700000000000006	1.0316501064533412	21.825158362540407	20.516032261860634
0.06900000000000006	0.4991834627876557	23.069268486712865	22.423319026184032
0.07100000000000006	50.575700554444936	26.98414249772961	22.821271684367836
0.07300000000000006	1.1906018644314287	24.089688384357007	21.0707054798903
0.07500000000000007	-7.551539241146266	19.15631056725839	20.415356798735232
0.07700000000000001	-21.64496714462949	24.133838821253605	23.080691673723845
0.07899999999999996	35.23080235257048	24.867183285854015	21.94635837508036
0.08099999999999996	-35.85557766438985	21.381626849645578	21.34793195794712
0.08299999999999996	30.24741728907543	21.53208270078944	20.74736607543497
0.08499999999999996	-16.619905004677804	24.658285650447695	22.053686093418676
0.08699999999999997	1.9199673799707995	30.116549121685786	21.885023048229066
0.08899999999999997	9.79951716306715	21.750323874345092	20.88244802351021
0.09099999999999997	-19.75054745628757	20.941628149533553	20.650528715865928
0.09299999999999997	-6.96786135179206	26.46975088133587	22.959004900570953
0.09499999999999997	-24.427156122719396	24.778496269978977	21.484078033397964
0.09699999999999998	45.81781256818296	22.993619179101877	21.177699328850853
0.09899999999999998	6.060141390928919	23.51526767385931	20.61534630592474
0.10099999999999998	-24.695212482828133	23.93839545598879	22.322972009081735
0.10299999999999998	9.703574742614407	22.378794862383813	21.921659357247442
0.10499999999999998	-24.804401322242597	21.99830578789841	20.775552338713556
0.10699999999999998	-19.730132956641278	21.906512340002447	20.607748538404014
0.10899999999999999	16.082226767188956	21.718545543119355	22.025904757651492
0.11099999999999999	-9.219363163670558	23.137207935064755	22.29153249666379
0.11299999999999999	22.09842106282167	20.687861541118366	20.667395536610552
0.11499999999999999	17.63778878083322	23.369289912143287	21.45567868117841
0.11699999999999999	9.681296460284372	22.867406647023905	22.132055965895805
0.119	0.45351726463138675	25.143009083860896	21.828305714946257
0.121	26.814752517312357	22.721726091392288	21.53680000094693
0.123	0.8548488770188101	22.22286990653818	21.43855733262864
0.125	4.2616132689410335	21.78730760191477	21.598262984302597
0.127	34.79140770235034	22.692150404635914	21.85099959777458
0.129	6.971798362398474	23.513472480262184	20.90761674018427
0.131	14.474803754715992	22.561929042616367	21.60816728863144
0.133	-2.290807987082033	20.43531678159072	21.2601651131596
0.135	-12.8165606501085	25.923318547429524	22.1519097074318
0.137	15.021564795381082	22.01608724906789	21.91441991464488
0.139	-5.423126142933832	21.558164971180865	20.96773649191844
0.14100000000000001	-14.520090605096847	21.594929036360575	21.540359857160016
0.14300000000000002	18.397668871905637	24.023325366552328	22.705455021064946
0.14500000000000002	1.3968824643662003	22.190635712788936	21.046481723638816
0.14700000000000002	0.342549366871836	24.197061992055318	21.3701949134004
0.14900000000000002	4.201532837866395	19.020890988660113	21.17712993179655
0.15100000000000002	-18.742752213030123	21.52573671208455	22.122810244317805
0.15300000000000002	-14.89847548585832	21.762990722983933	21.54909060823123
0.15500000000000003	31.061425170841872	22.26015602268812	21.195078035285164
0.15700000000000003	-14.20545879138313	23.59794435727751	21.190106233722133
0.15900000000000003	-24.49049729957853	25.8834533203563	21.944895465391898
0.16100000000000003	-23.764332453435344	22.661895194160746	20.689813990378312
0.16300000000000003	18.027501605288876	21.73393486156247	21.63133276524777
0.16500000000000004	-1.245961230855741	21.991383992899355	21.45981264824089
0.16700000000000004	-25.36927879026596	25.153174240639782	22.881699921787938
0.16900000000000004	-2.265406396806391	25.270313943613775	22.5082518545111
0.17100000000000004	-0.3746387701175635	27.367785176671546	21.268874049228973
0.17300000000000004	3.3832209822559633	19.711778163379964	20.320242177107527
0.17500000000000004	20.43231406578805	24.994787048504584	22.779342967479575
0.17700000000000005	-0.8780043269096538	23.473190537111815	22.212418512015212
0.17900000000000005	-8.903868458753905	22.449461289726273	21.29054858978009
0.18100000000000005	-33.17896022236866	21.020680699849258	21.02021196311054
0.18300000000000005	-11.528528146786954	22.10455629563436	21.560130272988044
0.18500000000000005	-13.556304884865256	22.401064082548768	21.543994031078626
0.18700000000000006	-11.387970278442516	27.566765250501522	21.249975470203452
0.18900000000000006	-26.948203231680345	21.75957777514148	20.93734204390923
0.19100000000000006	-9.673376205165951	22.86653536078655	21.846924546414296
0.19300000000000006	4.475860190034098	26.841826972530594	22.25910791386011
0.19500000000000006	10.973570170325075	21.931560604648563	20.723759379090854
0.19700000000000006	19.63139986482787	24.025584393767794	20.8978323952053
0.19900000000000007	12.793799216925805	25.02701639039647	22.33519261036222
0.20100000000000007	55.070144971747226	22.907929605476927	22.41872279799423
0.203	21.38977822219168	25.535989369112976	20.742407471217163
0.20499999999999996	5.586557586090279	22.50455495952602	20.841541927949468
0.20699999999999996	16.503217445285046	21.6979891677629	21.822699186207196
0.20899999999999996	-3.8717126168430482	25.318591494296175	21.645239999437372
0.21099999999999997	-12.607519591534277	25.217939566833547	20.843838415437368
0.21299999999999997	55.681132845153414	22.702256922382475	21.589806805820352
0.21499999999999997	-29.280316274138407	22.88238495195786	21.23897307844426
0.21699999999999997	-5.343501340848711	22.825277315310853	21.89743196682712
0.21899999999999997	29.15649854062785	23.251647309294928	21.226958695682832
0.22099999999999997	-8.244941745338963	23.123068626149415	21.150764033188103
0.22299999999999998	30.538970703597457	24.341710278986668	21.6281439487822
0.22499999999999998	43.80855744035017	23.834754653625478	22.085178807381524
0.22699999999999998	9.556914503994207	22.993832024890743	20.95021089784132
0.22899999999999998	21.14676599651588	21.347354233953794	20.9372869299627
0.23099999999999998	3.2044335320779993	22.42649622159098	21.151728763077937
0.23299999999999998	24.187722827306857	23.84158155768673	22.640132048257826
0.235	6.636672143622846	21.319373246026675	20.971029130305038
0.237	2.617076296562715	22.216951600852628	20.853103650452695
0.239	0.8843751149179013	23.704025949734927	20.971548079394182
0.241	-6.615555656064309	26.137724311114763	22.309229848213914
0.243	18.562575011760174	22.295861181879594	20.877439830840633
0.245	32.662534989791325	22.61852574859077	21.25531913545863
0.247	-26.934725201765986	22.395821719266817	20.817591712284443
0.249	-5.499746942416728	22.986633561984775	21.650246628535523
0.251	-4.030538049537569	21.733703343947727	21.580006400298018
0.253	5.491774470733901	21.04825651998699	20.68954163189335
0.255	29.44155158401962	23.885773533109873	20.959785918043355
0.257	21.288659123763765	28.52128786317588	22.53993334770781
0.259	3.145352860833839	24.39642739038068	21.52232956282525
0.261	12.538368178827142	25.844861565622388	21.11094666057739
0.263	10.147822521844319	19.6629075464951	20.380902296926326
0.265	13.603992623956174	23.52651186339159	22.565871591033783
0.267	-3.706542220927034	23.834663177663344	21.72562911728097
0.269	-20.250309650804432	23.419070953045384	21.143671532348012
0.271	20.778805863042038	26.92658842096634	21.293748298939285
0.273	5.269935919649527	24.00368726546438	22.539880781521983
0.275	34.611661568373364	24.007602450673982	21.323916268401245
0.277	28.777980814131965	22.659531591575792	20.900317111823043
0.279	-11.394552363652721	21.14522279350941	21.308357311395532
0.281	0.736560744174497	22.013454018938916	22.357853220539646
0.28300000000000003	-1.382298465246734	25.20330004963923	22.19771784496556
0.28500000000000003	-11.885392650956561	20.885837531794657	20.608017053273905
0.28700000000000003	5.217989319072913	21.51658689987475	20.685732311823728
0.28900000000000003	25.075719050526857	24.052337649836396	22.582475191500173
0.29100000000000004	7.808033581468976	26.685746908030836	21.54599531038474
0.29300000000000004	6.692140968267424	21.095212369655474	20.44028068963245
0.29500000000000004	3.3415312303830547	22.276666753490368	20.363028176708642
0.29700000000000004	12.33387921240059	25.408794690802516	22.43541587634858
0.29900000000000004	8.861689401618023	23.877374240243345	22.444633263419064
0.30100000000000005	-23.954473906018237	24.50314206169405	20.8968460313914
0.30300000000000005	-6.580741726658346	23.94848035561382	20.633276880243884
0.30500000000000005	13.195110694752543	24.277347293883853	22.17219524690944
0.30700000000000005	-10.844961984779466	23.262173034098943	21.672072234433813
0.30900000000000005	-53.687165849081175	20.72187628539097	21.01413325239068
0.31100000000000005	4.763189070722262	23.046657117384868	20.754067673124663
0.31300000000000006	24.459058329151517	20.683794957448516	21.595801805045657
0.31500000000000006	66.83446721456043	24.000375164070384	21.94858077510831
0.31700000000000006	-4.966183324905948	23.885303414437175	21.048132182889265
0.31900000000000006	-5.516398093208252	21.772754328368244	20.54879942546445
0.32100000000000006	27.639113316713093	22.254109835318264	21.29817764079186
0.32300000000000006	-32.26438071080029	22.772965329084244	22.258797181392257
0.32500000000000007	-22.221121375176622	22.97865271867599	21.029719671581816
0.32700000000000007	-12.581779820775019	21.368324638949165	21.00827777692403
0.32900000000000007	12.013325864757007	21.700359543141992	21.448276903806
0.33100000000000007	12.360383848664114	27.437147788970144	23.331974882460706
0.333	2.3388424998938007	22.98592961114343	20.814756350771486
0.33499999999999996	37.244684374604375	23.26983854662021	20.573847254977274
0.33699999999999997	-14.539464286089654	21.298567427865855	21.59430039327942
0.33899999999999997	-30.556985292307104	21.407624281129955	22.63378986022846
0.34099999999999997	8.238607071442416	20.67286377446285	20.97370349335511
0.34299999999999997	25.7268201810934	21.216193514995087	20.77937191765803
0.345	-7.08699057905271	21.439229872012984	21.832477380544365
0.347	21.660518185750988	24.010750940132336	22.47157182080669
0.349	22.39916191126845	23.599934043960758	21.353144594517772
0.351	-28.456247150976388	22.66727973647019	21.344309354616932
0.353	-4.794593556289861	25.579598841845524	22.218461720087408
0.355	23.580335908546246	21.820233180463283	22.14598327015308
0.357	4.003462544366343	24.159198666785564	21.348953720317816
0.359	24.026156749679117	22.601320940001692	20.590815359429534
0.361	-3.678968065745636	21.60726395264412	21.368835239367915
0.363	3.4195221436661427	24.200536776481197	22.775737607121705
0.365	-32.76276544106338	20.75183742549417	20.857080597014548
0.367	-23.281022501042692	21.571967042850858	20.610249939488476
0.369	4.608748642942473	25.045370082340305	21.528030777941815
0.371	-24.36149306050961	22.918296714081997	22.410094051380714
0.373	24.63013111775325	21.146723597366154	21.385188206042848
0.375	-7.476534523487288	20.169936818060584	20.891830944247705
0.377	-11.380545202221981	25.63305420029443	21.50007798313003
0.379	-19.4614479150923	21.640719917939354	21.86203684871569
0.381	5.860778262034572	25.483083875411346	22.02512195752771
0.383	25.693856562147843	20.99778874239513	20.81922131662034
0.385	-4.086518608836798	20.867094758907037	20.98146446226916
0.387	27.361686278037922	25.177513775427062	22.138292953144028
0.389	32.551823218485154	24.320373152431205	21.83557211361323
0.391	-10.926701831670549	21.22465655633624	20.41519034595865
0.393	8.44161440149982	22.875183097571416	20.719346271489542
0.395	-9.221392475167178	24.203716918027585	22.254079896251202
0.397	-41.41353681130777	21.53127157246631	22.311785450297858
0.399	37.853571912105366	23.45387749392291	20.410231706737488
0.401	16.574534256852402	19.717460361014886	21.05361672406847
0.403	-18.80221740846455	22.47926270942309	22.359818627823255
0.405	-3.4713499813543436	23.804691619071015	21.562188413677863
0.40700000000000003	8.868853002885757	20.65552687914018	21.122376353556948
0.40900000000000003	18.172949942663053	22.145668054592786	20.88416934486763
0.41100000000000003	-5.987910346116898	24.144827495191066	22.072801686758638
0.41300000000000003	4.719543810427496	23.730405875534423	21.24419986362222
0.41500000000000004	-11.070424651316024	22.21000459901141	20.484635436237504
0.41700000000000004	64.91520950357987	22.97621783913756	20.461712985843462
0.41900000000000004	-1.7389659436872762	24.224817616893596	22.17025378149661
0.42100000000000004	2.9721328476117748	22.838574586299508	22.368319974913693
0.42300000000000004	-3.1887413327602587	22.332339348334692	20.468259306491127
0.42500000000000004	-2.11986125053798	22.50308718779262	20.838794150515135
0.42700000000000005	-36.86908655342602	26.38313148226051	23.098446651252182
0.42900000000000005	6.046089545685973	20.533605185939358	21.640263181701258
0.43100000000000005	6.158009872025971	20.449898020500328	20.398146235061994
0.43300000000000005	-37.529424228743835	20.91191638191247	20.763605133593675
0.43500000000000005	17.83043535530382	24.79231669300932	22.685654333840404
0.43700000000000006	16.658684846238003	21.755338927996377	21.80204377836596
0.43900000000000006	6.141151466021455	25.059617363788842	21.18050469328978
0.44100000000000006	-30.439428173822947	21.42194465684503	21.1589870751129
0.44300000000000006	-33.385806339603086	21.519046976908236	21.32829392580586
0.44500000000000006	48.01246282348792	26.230197262110327	21.693994731659398
0.44700000000000006	-21.88102771094602	21.065885562946413	21.134477510168686
0.44900000000000007	-16.731457602836564	23.453418478009713	20.52523601307553
0.45100000000000007	-7.094995754797218	25.517434363183504	21.41162921341138
0.45300000000000007	36.69503387793149	23.295872190478804	22.723960308537418
0.45500000000000007	18.09795814500248	20.56458140375767	20.853893687363517
0.4570000000000001	-6.243135262540278	24.147293518728887	20.847893127460434
0.459	-26.573945150598632	24.3438831774259	21.136751503191125
0.46099999999999997	-49.03987560700429	23.332640243426372	22.71703196316417
0.46299999999999997	58.49990112971604	23.087844006050688	20.64248910758225
0.46499999999999997	3.280496918334208	21.74225815748073	20.50477576879893
0.46699999999999997	6.944957826160447	23.3063175209368	20.984221632213593
0.469	23.96924312986215	25.479192249626053	22.328351218299062
0.471	-2.2472657599248436	24.063937892163988	20.63227980715414
0.473	-2.271416217225486	23.853904329900214	20.622223920178676
0.475	19.906907008371277	23.699510632369776	21.710712543428855
0.477	57.58878014727742	22.61619869719824	22.41648216285599
0.479	0.680762265670154	23.639627391453097	21.298418214130077
0.481	23.622531592382146	22.75352596592614	20.526449103389268
0.483	54.935266258659965	22.76002980791836	21.536871427997202
0.485	29.959221849562567	23.72584798789149	21.82528048837234
0.487	1.4544097293178737	21.423352287824784	21.653809255355394
0.489	11.047444592682254	21.170085628802823	20.734282344131348
0.491	17.470780417250253	21.381793954109693	21.048179855815178
0.493	1.8677142112899503	24.67169537946359	22.565569686492356
0.495	-8.18469986785253	22.69899416795353	20.864746472180972
0.497	-9.700595473893792	23.1700606609727	20.78712166916546
0.499	-35.09930275025219	24.345887689427467	21.80404213963961