-0.499	16.95880188035126	24.115221518046244	25.61200291753302
-0.497	-30.429965913958412	30.77235418452172	25.803560573860377
-0.495	-13.156672666547742	28.229495686638924	24.20456679641229
-0.493	-7.295301601928372	32.830285875712796	25.332608888183277
-0.491	-3.8866831186812334	28.275851684646263	23.968555910968693
-0.489	20.019982572838657	28.70879158893168	25.667777981609458
-0.487	-2.5717730166574526	27.245352932031807	24.775267495682336
-0.485	14.183440666171165	32.99138579327239	26.139442284367156
-0.483	-3.6933632056035393	25.733866911315648	25.212367926136473
-0.481	-4.447241457095075	25.47916270105027	26.45468021673675
-0.479	-10.584896852128267	24.17797768808671	23.54340328893891
-0.477	38.56757283249301	28.111282537239145	26.936331506075884
-0.475	22.896976326514107	24.782218161407773	24.29051002434476
-0.473	-1.7167545232066317	27.315975927525347	25.48394108804008
-0.471	9.513936061633643	26.16737667584792	23.998180102018097
-0.469	24.324560697008835	26.51947402526222	25.81641914552957
-0.46699999999999997	3.4326106073123697	24.052042584658896	24.18915101963993
-0.46499999999999997	-9.30115814168353	29.539706810541897	25.159199612782693
-0.46299999999999997	12.475405444911658	26.550274643931544	23.811102782255436
-0.461	-40.16790553695859	29.42914207055936	25.711016591313186
-0.459	-36.502440148189486	24.797483442865392	24.401349211569727
-0.457	-6.0541223173560255	25.30563343023612	24.729419124482853
-0.455	24.838049059061618	24.556146152605596	24.177620563859428
-0.453	-23.768997346573784	22.183227352484177	25.12872113593737
-0.451	-7.037274875498767	26.099872265772117	24.384287085034323
-0.449	25.558670742276135	27.771492620028727	25.242185164702416
-0.447	-9.15579236560049	23.7550739655438	24.513422122535378
-0.445	-14.829435406316094	25.46324858863448	25.465391076710347
-0.443	18.87080143636588	24.86972203199913	24.256838920001464
-0.441	1.4608320726416935	26.955093300694575	24.82853170972611
-0.439	21.186388581284632	26.532850524152188	25.637365184758366
-0.437	18.04580663056221	28.54783316188732	24.139666395113792
-0.435	-29.316037074345047	28.47457146091189	25.34028403134278
-0.433	0.2744425466882916	27.475493451765594	24.629453083819403
-0.431	-11.116797363763808	28.424206727556278	25.714015880259176
-0.429	1.9598900986572687	25.18817481444882	24.838954496694477
-0.427	0.5684040740305818	32.54617420724051	26.33490148868752
-0.425	14.71201918956666	25.758847122275515	24.33555878726315
-0.423	-28.676933722660003	29.642161210946295	26.789882413763745
-0.421	28.572557351225214	27.96062625055076	24.800145861960985
-0.419	9.224129994933605	27.480676134734736	25.774102316489913
-0.417	0.03933892056551258	30.213280601809302	24.90728345913361
-0.415	-0.38276410019300044	26.107798086324774	25.814858984713748
-0.41300000000000003	3.402958149045787	26.995518356519327	24.095508358013873
-0.41100000000000003	21.61488485996621	24.565152251879468	26.808739586669848
-0.40900000000000003	-15.93778449870964	25.87616594591705	23.961763552945914
-0.40700000000000003	-44.330454243901585	28.053536928445425	26.667365640592973
-0.405	6.096400771982147	29.086996236625374	24.82181481087148
-0.403	-21.415449459660785	25.796378802351988	26.14139705671885
-0.401	-7.771573202530746	24.221845083777215	25.037835683935306
-0.399	-4.7271716178132195	27.391157270752334	25.878067066814427
-0.397	-32.33239044519998	23.454118677317197	24.100161326424047
-0.395	21.948489632661605	28.819423156788694	26.20639651620728
-0.393	4.370175177070834	28.530986017386287	24.231373159426337
-0.391	-9.600406328580391	25.060048399859223	26.144546650417062
-0.389	1.8671447199469782	24.222940431042385	23.9075481297263
-0.387	-11.322886254050424	23.352821563029437	25.683994886940113
-0.385	3.5532742812538487	24.66478775205558	24.707936174946266
-0.383	43.5259198177107	29.470368645815164	25.18054643365373
-0.381	36.224148675545464	28.10718638720995	25.072624606162563
-0.379	10.536715020936782	29.745601147599405	25.657551816075422
-0.377	33.56856980007983	24.78954407511504	24.05482934194277
-0.375	31.525534419429846	32.44093180140504	26.059774649226956
-0.373	2.3456240116903615	26.89626884026731	24.664526340002787
-0.371	17.149067264909945	28.78268420795771	26.451810779975055
-0.369	-28.351942046866974	25.62283389925059	24.781387033257737
-0.367	-6.928878733547528	29.877098602938638	25.116036514335324
-0.365	17.70377740784035	25.993594884566402	24.907044127946182
-0.363	52.42815640693621	25.93500018471349	24.73850571133527
-0.361	-17.96133947329359	26.031116435599966	24.842618027984816
-0.359	67.07170233188897	28.888429306630798	25.59976538855242
-0.357	-32.653210126576404	23.24659368771182	25.175302724272537
-0.355	12.249769913097452	24.78400408047058	25.283271543345286
-0.353	-3.980276132464766	26.65821477219833	24.754566924635196
-0.351	60.635040150636144	27.031721877687666	25.019720897926508
-0.349	-56.4684247358338	28.004856652060848	25.497519029332686
-0.347	17.81066925632402	26.46799216968469	25.658884790777968
-0.345	-37.562481544850534	24.8583433325779	25.000364795998642
-0.34299999999999997	27.121509776462105	24.811585835420253	25.552231111640747
-0.34099999999999997	-12.65011235607183	23.75557456654549	24.409007316808168
-0.33899999999999997	26.57367592151516	24.56974534964555	25.16131355499155
-0.33699999999999997	5.366918443661106	24.797620786789874	24.42607049433002
-0.33499999999999996	-18.83194335605687	28.4762223885399	24.825453452663073
-0.33299999999999996	-18.216874144938444	29.71339142155624	24.752199955691108
-0.33099999999999996	23.94988138676446	31.021283949211426	25.616736395267946
-0.32899999999999996	-50.02356419181453	28.498210549698154	24.9341199651479
-0.32699999999999996	-31.424416239378417	25.700879391146152	25.47567435725802
-0.32499999999999996	7.059558370547947	23.070862080901623	23.600282372155778
-0.323	17.56820541154447	26.71340262629409	25.63293511987305
-0.321	-5.610880062900669	23.53280077595549	24.02522514741009
-0.319	20.882044506675967	29.86114523051032	25.366618277547346
-0.317	53.79763887924938	32.85943808954882	25.65862776578051
-0.315	-7.016594366526796	24.351776542838376	26.653621034652932
-0.313	16.47674394633647	27.68003899073945	25.054898409111217
-0.311	2.5308604942875235	27.78756485390474	25.72248290382249
-0.309	-4.461932452626272	26.421878794256234	24.37781561417104
-0.307	-10.066688829524217	27.859531078821348	25.307170247644876
-0.305	-15.183014455910637	27.586892999637417	24.497887867663135
-0.303	-1.5025925212963642	27.617688567530823	25.073494019909997
-0.301	-0.055333761905806966	24.60820515230169	24.588314937685865
-0.299	7.10282021487707	27.71291129472785	24.994725488830444
-0.297	-26.336330540055464	25.156247546804114	25.365351623901457
-0.295	20.67559974316957	28.77024812398828	24.75252976691996
-0.293	19.95671859233994	27.976538947511568	25.45869596955004
-0.29100000000000004	-2.76894074346945	29.87308336384499	24.762308891424663
-0.28900000000000003	25.20069205225184	26.6009454718397	25.362389917824583
-0.28700000000000003	32.53185057627839	25.076257770575776	24.267963525324426
-0.28500000000000003	29.22669132399136	27.104200440036873	24.979176176196127
-0.28300000000000003	-14.930732168849659	26.7658060510499	25.089424703262917
-0.281	-12.484394626866013	25.086917167704907	25.0809326735513
-0.279	7.573311877839828	27.971462268378886	24.592986260165052
-0.277	-8.785475192452097	28.490446954398422	25.11283576113645
-0.275	34.5211592214234	24.724392569675818	24.44317448669684
-0.273	23.90817278219437	28.770898199573065	25.173471345499532
-0.271	-4.164027407327353	29.350317508996962	24.884207154928795
-0.269	-21.42286135331517	26.77038814465014	25.20319412444886
-0.267	28.766619050379916	27.918653720273255	25.144275599478743
-0.265	19.332915164316233	25.368457707028366	26.412662889894413
-0.263	21.246847372147215	24.89878467044189	24.54101591016455
-0.261	-19.524667785097982	28.50631799802294	25.34029453466623
-0.259	7.557979051275865	25.782571860150163	24.401488505326547
-0.257	3.1942422291653116	24.65407019380595	24.63397937932976
-0.255	-21.32575948599058	27.399542991676064	25.218855181245413
-0.253	69.1226936164746	29.550085591735737	25.88311493789182
-0.251	31.314186937247968	28.84261377209226	24.466055855508696
-0.249	8.35131747600748	27.636981278733955	24.86194322352665
-0.247	45.34275491430151	29.883279086182235	24.27540553056011
-0.245	39.06454143032256	27.56190756867727	25.114182717839398
-0.243	-6.534265389990246	27.662595398195776	24.25837991217315
-0.241	9.456402821239607	24.0854004438907	25.87068450879627
-0.239	30.448141582040122	25.343868211019576	24.256267356977744
-0.237	43.427780555216344	26.342945842919054	24.978482100024546
-0.235	-0.8665460016210602	23.72963060419933	24.8812354828115
-0.23299999999999998	-3.430973725571107	28.142152969196527	25.102478406319456
-0.23099999999999998	49.31685040898692	26.74521905889457	24.054614708846852
-0.22899999999999998	-14.507987683765045	26.68767046885915	25.45245798914503
-0.22699999999999998	0.30591405764113233	27.688343912656986	24.373431654056134
-0.22499999999999998	31.58409201664547	26.05595703122219	25.077588091553746
-0.22299999999999998	-13.825634095465666	29.91219804234924	25.234005574781257
-0.22099999999999997	24.632132370250304	26.212075406718927	24.356417316288816
-0.21899999999999997	14.411491965349299	27.2301788105368	23.922609761643077
-0.21699999999999997	-28.228923086071056	28.981593290306193	25.189125720926533
-0.21499999999999997	0.4098093919768786	25.971216051254686	24.826842140017916
-0.21299999999999997	37.747547065203335	28.386126492164067	24.811073502901067
-0.211	53.37130188354244	26.896481122337185	25.53198146226723
-0.20900000000000002	-6.544848647926926	26.452687144374753	24.74393379321948
-0.20700000000000002	-36.472098097983796	26.43911179020867	24.709101121285876
-0.20500000000000002	16.147250207598773	28.685396314509475	24.642493109508283
-0.203	-0.5095816643096995	28.032260560304696	24.506480380739468
-0.201	28.536327440598086	25.412168345476356	24.63133970906888
-0.199	16.100147542053023	26.70924927118983	24.884657727160846
-0.197	-57.17924224679649	24.573561170231045	24.949258766981448
-0.195	54.864210610405806	30.20819837512678	25.48321228774128
-0.193	-13.969940797053937	24.041630230150286	24.59130906667791
-0.191	-18.503151471560564	27.14425078934931	24.41343277252579
-0.189	21.172634931065915	23.514128987692256	25.323242103646436
-0.187	-6.163361413014101	27.6356474260404	24.446053983246955
-0.185	21.8452095142041	25.638764329065243	25.201378754359986
-0.183	25.351577289667304	24.685787943141058	25.34095561552099
-0.181	18.557513834727146	28.78384864470472	24.48190270767839
-0.179	67.58993556643667	28.4329595348357	24.507324265192523
-0.177	38.419193410854646	26.57929348953828	26.060897252187548
-0.175	-12.124840446103846	24.2969497920055	24.838508759415934
-0.173	9.588842661667485	27.833587607229752	25.631823887735113
-0.17099999999999999	-22.698673149967874	28.144127635678895	24.352614115083963
-0.16899999999999998	-11.87828857851514	24.600090310753412	26.040234520454145
-0.16699999999999998	-15.537469551407668	27.24869752863566	25.069362616734196
-0.16499999999999998	8.70525480611839	23.350055059924717	24.93351560436319
-0.16299999999999998	76.73625267479167	28.49076046339989	24.45170692069069
-0.16099999999999998	13.408348992216546	26.9877325021857	24.570358477164458
-0.15899999999999997	-13.450074926812938	26.88072632209467	24.406513944980393
-0.15699999999999997	-22.349044180192124	26.33031656357059	25.530659413184342
-0.15499999999999997	-11.437805281677704	28.016444674276837	24.300235807645166
-0.15299999999999997	71.62581899677889	29.97078139955191	24.773160152122024
-0.15099999999999997	15.496216013266562	24.68901387619145	25.08481558686472
-0.149	-75.36742411362596	26.738202093519195	24.713500061748665
-0.14700000000000002	-29.250869220009967	23.659050284135873	24.269801510995354
-0.14500000000000002	24.808892065797394	26.818532664114137	24.74906921337748
-0.14300000000000002	-3.4844828200597533	26.41602074492535	24.25758838770793
-0.14100000000000001	23.23744342191958	25.426262495381724	24.955510439688947
-0.139	-0.10914205872403215	26.444400851904284	25.23108798793781
-0.137	25.62502270886391	24.291446972855756	24.849725541849434
-0.135	-6.017671340563524	27.840500922175593	24.688792459037852
-0.133	33.07285022957629	27.477741752653834	24.870287577413198
-0.131	-10.265044134261103	24.122963469213456	24.15708474093332
-0.129	-1.6331764989274689	24.912606384103103	24.957682196359574
-0.127	7.149927585770044	26.395896508495813	25.146044450304377
-0.125	46.085115529503895	25.762610828142904	24.479996675761274
-0.123	-4.023010511167158	27.070406697436646	25.1166342099315
-0.121	-12.980260713502112	27.080022259680106	24.985485071277786
-0.119	-19.75645414531435	29.1382875305602	24.520406606758556
-0.11699999999999999	20.772766989862745	30.504480648762726	24.548265837116837
-0.11499999999999999	24.8138837997125	24.947036066554613	24.665129313945773
-0.11299999999999999	1.7232719704551869	25.155507887796443	25.164477071648733
-0.11099999999999999	15.542539646640208	23.84856928815299	24.937260648208827
-0.10899999999999999	2.142030721241639	25.65759189077999	24.089245687243654
-0.10699999999999998	39.56072970123792	26.14264184867965	25.73549692972947
-0.10499999999999998	-21.276226479405302	29.456643925829123	24.06566492482957
-0.10299999999999998	21.478188947821053	24.109920176606764	25.865140791175673
-0.10099999999999998	19.527423226639584	25.687670494338974	24.716590462046256
-0.09899999999999998	30.95924041618403	26.36204349150773	24.834742020233293
-0.09699999999999998	4.558250489727911	27.989358961427474	24.701370915225564
-0.09499999999999997	6.264903839925395	26.30775424418111	24.074956162576456
-0.09299999999999997	-7.769495773302104	25.7365796415002	25.255943767539716
-0.09099999999999997	8.570815530406506	26.85582143665893	25.010714764915825
-0.08899999999999997	-10.123931662886498	24.579010442572944	24.619911762134443
-0.08699999999999997	28.571119273568257	27.348760918633435	24.873208444554628
-0.08499999999999996	32.30491071759545	27.573822834910604	24.62561757016364
-0.08299999999999999	34.54432847505018	26.345713162164085	24.719231065920184
-0.08100000000000002	2.9250468838171173	23.713195404705875	24.745360563863954
-0.07900000000000001	-24.769262156110194	28.168254182031653	24.58897203174557
-0.07700000000000001	10.690989315165211	24.44515538222336	24.44878428597719
-0.07500000000000001	-19.9560696050316	23.519799333172138	24.83032626951037
-0.07300000000000001	1.7849510913769961	25.027560223484674	24.375476966598786
-0.07100000000000001	4.378180480602012	23.561861906260436	24.555726591641765
-0.069	22.4664569812294	28.627092253387538	24.28555486352399
-0.067	-6.968249204319932	24.40770422491548	23.55460497184909
-0.065	4.389305773067065	25.369246657928468	24.608900502826067
-0.063	19.835615047147925	28.073304283387987	24.43679617774497
-0.061	6.3444822624436625	27.15779274383109	24.514690966471363
-0.059	-34.24315006661516	28.05147303043709	25.225513958048747
-0.056999999999999995	6.285274867234847	27.357625167076556	25.11898342918254
-0.05499999999999999	-13.185762081757701	24.604701609354546	23.62336773670305
-0.05299999999999999	-8.918278342151531	23.908538553905096	24.57440270817539
-0.05099999999999999	-5.850197024481751	25.4359563116839	24.24302013174723
-0.04899999999999999	-19.476000369889057	26.68683549761561	24.778654615276295
-0.046999999999999986	-50.01810223670411	25.468310013177234	24.558183497327057
-0.044999999999999984	-26.908789822699397	24.53240384641855	24.573530917157903
-0.04299999999999998	17.534182289224987	26.68710064992519	24.83299997147665
-0.04099999999999998	-18.31394220819238	28.331461694429812	24.330442835026787
-0.03899999999999998	31.743251346361134	25.028570762119596	24.367119664560665
-0.03699999999999998	-36.705565465422474	26.73402549165214	24.54807130989623
-0.034999999999999976	14.104870252884538	25.18270276856058	24.251267027454066
-0.032999999999999974	-8.297049548078306	25.273361605767533	25.355849469780143
-0.030999999999999972	25.026997361177195	25.247627372734048	24.386034429071906
-0.02899999999999997	-26.464324188402166	25.635134772380166	23.4202220025513
-0.02699999999999997	20.702115579140923	27.574549350699566	24.746295845861294
-0.024999999999999967	2.0910552847031028	22.90459731164828	24.173874774484457
-0.022999999999999965	-12.245583969061613	27.74915386888662	24.748308058656
-0.02099999999999999	-54.88158589239678	25.551621026435686	24.21575198879241
-0.019000000000000017	-32.84496590783004	27.08510254182088	24.318195728030627
-0.017000000000000015	-38.118104828011035	29.2567961246162	24.348803949857583
-0.015000000000000013	-50.33751506999806	27.66210433343237	24.462750132530015
-0.013000000000000012	-92.79991347022064	24.769383596091657	23.575374423837562
-0.01100000000000001	-122.21361735698099	27.882696352308947	24.94290376053374
-0.009000000000000008	-103.1577815088225	26.47190704992374	24.18328264818422
-0.007000000000000006	-77.21272122551693	29.389439210101987	24.72604787664972
-0.0050000000000000044	-106.95349488187844	22.93070377276919	23.84865532190804
-0.0030000000000000027	-74.74781740302028	24.422509450816033	24.39511283379926
-0.0010000000000000009	-82.36848376241835	24.8545386752781	24.259675325485535
0.0010000000000000009	-60.96240906250383	28.6212954448794	24.734697917594275
0.0030000000000000027	-79.95729634002745	25.64793550667792	24.616803307140206
0.0050000000000000044	-40.573116218856065	26.3353579221515	24.426600167473353
0.007000000000000006	-106.3940793450957	20.482694106799148	24.127068530190318
0.009000000000000008	-68.93839306065797	26.173231475780376	24.520177023525928
0.01100000000000001	-24.544031590467696	28.240415171089143	24.94472437803471
0.013000000000000012	-96.10647774760395	27.65943690984259	24.597999856486798
0.015000000000000013	-58.93594104300348	24.78171921979003	25.752991360900086
0.017000000000000015	-78.97297770509404	24.66248662252219	23.631087632882668
0.019000000000000017	-19.360283699199066	24.145074161661	24.605240511451612
0.02100000000000002	-2.839676469301722	25.72461169710818	24.25678384062112
0.02300000000000002	58.18410801383678	25.95709990204877	24.78844332575923
0.025000000000000022	47.036163612457216	24.84637978150628	23.619484095175267
0.027000000000000024	24.78714485287803	30.698791936365662	25.112436421931314
0.029000000000000026	4.543745689700174	26.336900111935552	23.61300032195884
0.031000000000000028	14.88432644891624	26.64086632321064	25.654556892569506
0.03300000000000003	32.50956899747415	26.855484194898395	24.0490791427159
0.03500000000000003	-20.351050496247858	24.865543259437214	24.852696368376538
0.03700000000000003	-9.257677464846736	28.47898692058782	23.78475216792336
0.039000000000000035	61.21092126409877	27.766875111262976	24.932692672299723
0.041000000000000036	-20.161060291123967	24.401821498461135	24.56583552779711
0.04300000000000004	-3.281860561976657	28.004596717785155	25.753727251535487
0.04500000000000004	19.18299459990891	26.95714646911612	24.88257281296462
0.04700000000000004	62.981426287800346	28.749861114847228	24.85874625179422
0.049000000000000044	14.931925250927236	24.920484187159925	23.954414455743738
0.051000000000000045	-16.667272440873404	24.698053528468552	24.627418831152127
0.05300000000000005	-2.6875520280356113	28.059925224314618	24.76672521806935
0.05500000000000005	-22.61415634730035	28.206864749111922	24.290054681920648
0.05700000000000005	2.5264875094244132	25.353188214758475	24.282924817766336
0.05900000000000005	-29.48346515385669	21.89031298486418	24.800333950582992
0.061000000000000054	-20.56142052864196	27.467889312455295	24.172272421789604
0.06300000000000006	2.4719480400392513	26.10392033796854	25.16469381791216
0.06500000000000006	8.949507718902794	27.096781137125863	24.634835343954073
0.06700000000000006	30.924317859115646	28.302876234341937	24.066051807182845
0.06900000000000006	-10.181666373676457	23.922462210503095	23.86453231923186
0.07100000000000006	14.419743940008445	24.19173357086403	23.950677776718518
0.07300000000000006	-2.328338424728571	29.56378523870133	24.79501463178579
0.07500000000000007	-26.854582280355643	23.692048143852862	23.849753434762324
0.07700000000000001	-32.869194546147895	26.443983463032954	25.04615836846891
0.07899999999999996	-22.790166799402378	27.797470491670392	23.610338790661377
0.08099999999999996	46.24473101855209	24.817436471440132	24.020352994373557
0.08299999999999996	21.08281033486037	27.382911484166197	23.78440657619636
0.08499999999999996	51.46624400809152	26.248050718347876	24.15440097515786
0.08699999999999997	-15.433373866780009	25.85769245316864	23.762919095489785
0.08899999999999997	-29.74723891702169	27.359266081677685	24.63243135882725
0.09099999999999997	17.681991760998272	25.62114009185282	24.682602172910773
0.09299999999999997	-3.5140820381363014	26.178408373311697	24.42569472715723
0.09499999999999997	-21.543683120683887	25.66540037043963	24.50085627039552
0.09699999999999998	44.11464872311477	28.74940171059536	24.410099539576287
0.09899999999999998	17.879470544990284	23.50520847451504	24.5242102318395
0.10099999999999998	-21.970649077718285	25.111153015667462	24.44861498737497
0.10299999999999998	2.2740990630598645	27.071283637372783	24.852414742153105
0.10499999999999998	37.55823106033063	27.793486574915	24.723093064137437
0.10699999999999998	14.527735165748012	26.085394611995603	24.830074223842757
0.10899999999999999	-20.01924393457699	25.132931135385267	24.090078169395994
0.11099999999999999	-5.477745126825084	27.589138422138262	25.44211005300474
0.11299999999999999	-48.83764664564971	23.866714130622825	24.530266466748454
0.11499999999999999	3.1517245353551715	25.826747662680386	24.508194008959553
0.11699999999999999	22.76830315350864	26.547933043955187	24.05294905886866
0.119	-0.046987086554928226	22.468217378965946	23.73144569187319
0.121	-18.291901956790646	23.962870602037803	24.984039993679716
0.123	10.112152783570139	24.300749840529402	24.651818446927187
0.125	37.20493588166285	26.92558300569594	24.053955361065128
0.127	42.48027806230681	26.690629683043056	25.731873994928055
0.129	5.966336429352737	26.71527317274528	25.05460909530091
0.131	-14.411566789496177	24.19820365201567	24.672328714791547
0.133	-32.60074215771791	22.844823312038685	25.03902657558386
0.135	19.169387906581292	31.458993823892136	26.326325696869432
0.137	3.062638596507128	28.768520732750126	24.698081293377868
0.139	16.42565279769137	31.828818258304857	25.832170052928543
0.14100000000000001	24.13230406128619	26.63167630353091	24.00491722008666
0.14300000000000002	-17.893201389673763	26.378242614451956	24.99510543652996
0.14500000000000002	12.003036270691325	24.3344815768606	24.033042863507276
0.14700000000000002	-14.905332985093445	23.4289131099497	24.881388851596867
0.14900000000000002	-17.389692754887776	27.392183903148904	25.128261441915797
0.15100000000000002	-10.89576779278456	24.39392207854409	24.079431188039607
0.15300000000000002	32.54945498265549	29.38034115695115	25.097667811528893
0.15500000000000003	31.170025684534863	27.69872849268761	24.211938350954433
0.15700000000000003	-33.66262275461551	25.146745912970097	24.16737454262946
0.15900000000000003	43.60646418000158	26.405105891185745	24.781940853981
0.16100000000000003	26.260509563558188	25.23245349437327	24.619915206094614
0.16300000000000003	27.322109481309198	23.159834483934667	24.521575340433387
0.16500000000000004	-5.185241770067073	27.428934392377922	24.885121119476597
0.16700000000000004	6.385922885154827	20.969869322433453	23.62177586071533
0.16900000000000004	-4.520250991846275	22.412702184937	24.627836532478685
0.17100000000000004	-12.503509181249761	27.081278396216902	24.58345312203023
0.17300000000000004	-6.307687891116132	25.786948129477132	24.53346964547058
0.17500000000000004	12.020954089919655	26.713674213682616	24.236126739080824
0.17700000000000005	42.197383935072	27.755913729211088	24.77688901671026
0.17900000000000005	-1.0044113533114185	23.411534520590678	24.330176686133182
0.18100000000000005	59.936808842531164	27.76035892091457	24.902324942290083
0.18300000000000005	49.65731751571667	24.516794547846185	24.09234173687484
0.18500000000000005	-16.667203304732148	28.997494253926433	24.34077924284345
0.18700000000000006	-12.854197861678074	26.245751029550895	24.99820247581527
0.18900000000000006	29.800667930013347	25.97229013186995	24.477161931149887
0.19100000000000006	23.278400333559546	28.390288953606742	24.751234927258892
0.19300000000000006	-56.38353863446355	27.923910974863865	25.739838796842626
0.19500000000000006	-46.142458263287445	26.59036996349208	23.97053053942438
0.19700000000000006	5.169377595315439	28.056922458889936	24.754510465273665
0.19900000000000007	14.296297233595823	24.503407125614764	24.15307131703818
0.20100000000000007	-33.29309903865596	23.19028973678574	24.203792566673698
0.203	60.39786194644847	27.479035287803743	24.13735441219699
0.20499999999999996	24.51461534414001	23.033787472903633	24.410468968814495
0.20699999999999996	-36.26480822438438	26.4646826729736	25.633114146811526
0.20899999999999996	31.68966329347711	25.241950361668444	24.414628475821484
0.21099999999999997	18.752727367399302	31.866906448645867	25.48429523701001
0.21299999999999997	36.95592632535494	27.512883167120584	24.160867728782353
0.21499999999999997	-13.776599061099404	27.894616985735244	24.75269167664245
0.21699999999999997	47.153427020329985	26.620415451409038	24.264218495108206
0.21899999999999997	45.83616691533621	26.19200819321071	25.038669773083267
0.22099999999999997	8.484812334730307	24.223380394054765	23.825843601332874
0.22299999999999998	-13.146476344760849	25.102951982059267	24.430094630389206
0.22499999999999998	4.148244670432177	28.10652913195469	24.421833420591156
0.22699999999999998	51.849302033168954	25.059747128777918	24.89761168626464
0.22899999999999998	-36.504275205739845	29.93726408532088	24.435350798517195
0.23099999999999998	20.680095299319134	23.209885591200713	24.597195272082704
0.23299999999999998	-3.843048472895738	25.630935512721845	24.524411349871283
0.235	44.35445251771419	25.749128647579823	24.93151591571545
0.237	-1.3473162975286002	27.27037784727893	24.664323396880786
0.239	-6.92114112421649	30.479517093760823	24.869008075015035
0.241	-15.83984907493896	24.268975618830186	24.409093469179783
0.243	-18.37618010225306	27.84135584261713	24.973412057109186
0.245	-40.14644599359407	26.9264427667689	24.66494805549894
0.247	-8.358030689326057	23.881155749671567	24.741898470586854
0.249	20.708896841581392	29.07544990220264	25.335398783103084
0.251	-25.73443578302026	27.045236910189047	25.09452952772868
0.253	61.97916404127035	28.05289557202798	25.46698813833233
0.255	25.485042576045558	26.224645830009898	24.53506633012826
0.257	37.657714945682486	29.995422288915822	25.735340941588444
0.259	17.516890528535	24.244554866378248	23.762189261273257
0.261	-15.422289905586695	26.64748167499746	24.625877133710194
0.263	9.410453486458081	29.45234047328696	24.40164113821386
0.265	-8.130906164138807	24.150927505714815	25.244933684184637
0.267	29.349950751988985	23.839151858792675	24.06363905625666
0.269	-4.813633784794824	28.474920932939817	25.481446425370113
0.271	-63.82776775903931	26.041681230561593	24.280904489583957
0.273	-26.12142417435237	28.812757944475752	25.43305328782729
0.275	18.880983223557024	27.45109037915296	24.3663412109794
0.277	5.728702127338892	28.09018959356592	25.054852984240423
0.279	11.969396938038557	27.531063604378897	24.951103140917308
0.281	-4.70982525480057	22.67993145667889	25.075966826833493
0.28300000000000003	26.250965376561908	25.30725809248752	24.300496456077276
0.28500000000000003	3.4371225867690924	28.53661690131641	25.442598931702484
0.28700000000000003	-24.563776272024107	26.02975126286731	25.000379800530126
0.28900000000000003	-15.334375486619756	29.05685855453035	25.997302404209492
0.29100000000000004	-18.755757426935915	28.292397733006243	24.253615289582765
0.29300000000000004	10.402477794047016	30.588316884616393	24.904051572272092
0.29500000000000004	48.06248548461234	26.366643331172956	24.271718649753858
0.29700000000000004	-18.340329841604053	29.347283492592616	25.00716496313366
0.29900000000000004	-25.295513146117443	28.59000047251871	24.043406674928196
0.30100000000000005	37.82470693258766	30.401794459669834	25.501402072491846
0.30300000000000005	26.696800022874	22.254204660851084	24.232783213340525
0.30500000000000005	20.332747318496658	28.062209038354787	25.407353808948397
0.30700000000000005	-19.954641225061742	24.257072595114614	23.506299472472858
0.30900000000000005	15.018416110734734	28.396944959228417	25.30095618226173
0.31100000000000005	-22.92351963240069	27.28008950662524	25.17958737766081
0.31300000000000006	19.59537964046909	23.764297886494735	24.410424853681217
0.31500000000000006	-24.453666231161186	26.677141227267583	24.95933482312482
0.31700000000000006	-14.500424626917585	27.78471835958393	24.99249315082372
0.31900000000000006	36.29462817444917	23.37022931074881	24.179447817281055
0.32100000000000006	25.595514266507635	27.126809727644286	24.411130108929594
0.32300000000000006	39.062584255011856	25.381038919909994	24.738928206345882
0.32500000000000007	24.36431085350854	25.192585296575935	24.755232047381572
0.32700000000000007	3.906669414632802	24.84890026172414	25.627815596629464
0.32900000000000007	13.19982944303355	26.132498548559166	24.34966192592398
0.33100000000000007	0.9843761559213959	30.051787014326496	24.662043502079875
0.333	-20.645716502620814	22.702264339511775	24.44427944443128
0.33499999999999996	-17.1012224474687	25.85601232257184	24.337932877961478
0.33699999999999997	-2.257518995851804	27.86141853483378	25.15425149508969
0.33899999999999997	-16.999777202042488	25.37303948406999	24.96607191965142
0.34099999999999997	17.840994451567838	24.829224245553057	24.382021152672507
0.34299999999999997	-5.799045164289751	28.34096178106597	25.593332632556137
0.345	-1.565653018342772	27.146850627600028	25.26082330315381
0.347	5.42525398006255	29.604837924003284	24.38392116027736
0.349	52.972682371699165	25.388582235986462	24.141313340032568
0.351	-18.50949983195349	27.468288604106817	25.15774112239619
0.353	11.54018763394049	27.2212127829165	24.95317526571961
0.355	-17.617234270295157	25.016443491040814	24.000023967887493
0.357	-5.751761641303865	25.649940481538028	25.608113283250457
0.359	14.043199078273005	24.51263015915485	24.087974442200185
0.361	-0.16999251228888568	26.452017203926292	24.824102138481383
0.363	-14.491665912497176	29.372611194020404	24.18472715135813
0.365	6.322408250269973	25.99730572259805	25.3200714149662
0.367	-28.379446706638944	24.62814810457602	23.947886178831496
0.369	34.91419411583152	25.44146264965573	25.374068503353456
0.371	-0.2668036308550725	26.267906464471885	23.630102610731125
0.373	26.43553045955649	32.089791225744854	25.715974747888332
0.375	-24.708741208856466	23.354825221060054	23.95970674732447
0.377	33.5163633538027	29.479341260244556	26.184215996593295
0.379	-14.624782612937537	25.27673530747196	24.207137960286797
0.381	8.577007083454546	31.24707214130721	25.55107436181972
0.383	4.928077019128452	28.47515237307954	24.44757358317029
0.385	11.927135451283988	27.579253674651177	25.89808303659073
0.387	2.1132173417814926	28.15421168488308	24.683484623940906
0.389	21.666761853333938	26.07895259199983	26.099173080488846
0.391	33.92551757430695	26.315976720536682	24.63114223592
0.393	3.954594537169953	25.311603210393425	25.450307055202966
0.395	-32.485868722287314	24.034134536492967	25.666690123671398
0.397	4.890046067629328	29.243202322602535	24.855459337596315
0.399	-4.037403685486218	29.08647646402288	24.737345121271822
0.401	-19.63738630694767	28.145261693611477	25.413121687279027
0.403	-7.594363126472992	23.98195324653524	24.280133114878378
0.405	-39.16250099966767	25.45484296905471	24.737510528776724
0.40700000000000003	32.33003080826968	25.927390905844593	24.918554462083158
0.40900000000000003	42.37480082114331	26.86224302291969	24.48148004328345
0.41100000000000003	-5.5407184048617	27.635032835849813	25.77398346466279
0.41300000000000003	-25.417542211858546	26.565856743614805	23.940962593270154
0.41500000000000004	-24.695969844445997	25.46438714078579	25.23997393995171
0.41700000000000004	65.45145265679508	26.76633846263565	24.068353656203946
0.41900000000000004	31.999009745264928	24.03470476189515	25.508733577145936
0.42100000000000004	-43.24529280463896	27.05923532279738	24.244289596961682
0.42300000000000004	30.957345502180544	24.562234160105575	25.2938556150245
0.42500000000000004	28.821919670685148	28.503246247220197	24.626984927417936
0.42700000000000005	-6.46063770215477	28.56407090721429	25.18486763163721
0.42900000000000005	-3.7601532880682242	25.502582865230472	24.430035429524267
0.43100000000000005	40.00495116507352	28.358479416248045	25.175292506480393
0.43300000000000005	-34.96271434955123	25.14459640243019	24.311005954004102
0.43500000000000005	-1.5345917371289985	27.890287618756258	26.242716815685807
0.43700000000000006	28.702795970225736	25.279749236917382	23.962500792928292
0.43900000000000006	22.646363673661796	27.824880063595927	25.883815436288558
0.44100000000000006	15.078371618626463	28.239849142482406	24.04244811918596
0.44300000000000006	5.157568249591904	28.890687708083515	25.783002849300097
0.44500000000000006	-33.14625971528873	25.903472594547388	24.277780273980564
0.44700000000000006	-22.575213651787607	27.486637128062092	25.806578346795476
0.44900000000000007	33.41002092627221	25.640951480296785	24.441360488200225
0.45100000000000007	-45.682565487314974	28.267774745259164	25.79044114927718
0.45300000000000007	-31.107522085904726	26.176807801351273	24.3443809052932
0.45500000000000007	22.20905726724176	26.2106632980942	25.77205836759926
0.4570000000000001	-21.67606994174509	25.8699904831413	24.06471731123212
0.459	33.63211093154739	24.12010423383198	25.507772300351537
0.46099999999999997	12.165724504020758	25.299224041884926	24.257153592654106
0.46299999999999997	18.131106469310154	25.302795116772916	25.109234260730787
0.46499999999999997	-20.158726764862855	27.278315117734802	25.18833836280388
0.46699999999999997	-5.6455973540536775	27.941671522432145	24.496094197514346
0.469	23.306514859156024	26.722735762960387	25.213399766680553
0.471	15.963727350243317	31.542702303705184	25.355367082887536
0.473	-2.0647087330960545	26.823004076573064	24.61202491419751
0.475	22.52517597089998	28.887246119998654	25.692578681901196
0.477	24.722990056957883	27.403249760022234	24.902343864536004
0.479	4.518883572890431	25.777791361044027	25.432491378202172
0.481	23.07553675939822	27.170191247162546	24.224234742351225
0.483	33.94546021340261	28.89306586723281	25.65158361146947
0.485	-17.340395737863723	24.0943251500951	24.00703198169157
0.487	27.78297002170582	25.013481075619936	25.61641001173212
0.489	-7.628098825485097	31.273211457403768	26.26616296386772
0.491	3.061318210040298	27.971399183513252	25.47223931517505
0.493	-4.894503191410493	28.35035219945873	25.468334075833457
0.495	-29.669460755554766	24.51047651304039	25.612740173192318
0.497	3.8553916248407205	25.43264356934434	24.841665695715218
0.499	-50.62657781584878	27.419128700435927	28.409938457273203