-0.499	72.72415353165584	51.5133566347717	45.490045572612686
-0.497	50.61947741724637	49.33607382920298	44.44495193264535
-0.495	26.466758522580847	45.46198250356845	44.76992479572751
-0.493	153.79173283647242	48.810422804039106	44.66121908373257
-0.491	-10.949366715640174	42.28761649710723	45.148219694873276
-0.489	66.28319466916999	51.76953338700451	43.96939123431384
-0.487	-79.64542677341146	55.558103115029574	45.46628739346138
-0.485	38.18689520174168	52.34145878569394	47.120717812999665
-0.483	35.66428153556345	51.02317473383732	44.08116248324956
-0.481	84.16908341857265	47.711257277310004	44.32329333099557
-0.479	73.15770452631654	46.853478668788526	45.43768086908501
-0.477	93.41783182970076	43.440716241489085	44.765317238321835
-0.475	17.054302644314845	48.93789460018119	44.246887128245696
-0.473	67.79330162909325	52.85091315913679	44.54306614455491
-0.471	59.31361038147287	53.66473258566969	46.575829212892344
-0.469	36.874429605093795	44.90615019894513	44.53672338025641
-0.46699999999999997	11.50273891470377	55.34841085846592	43.96942473726251
-0.46499999999999997	-2.693026213251848	41.49549000251901	45.45946804697833
-0.46299999999999997	97.08407095621041	54.19313672508394	46.43830148785783
-0.461	16.917325964760366	44.014767074305716	44.31004196956142
-0.459	80.32451540906926	50.73438775170113	45.325815885665975
-0.457	-54.44269483345643	48.88862452686594	45.7475209992905
-0.455	83.44134372606504	47.88514045244246	45.350559798733386
-0.453	-41.11791891125982	48.67558865549764	44.533623683285604
-0.451	-63.10216294957982	45.385134149517654	46.18422019241183
-0.449	78.3654720397653	49.73041856234235	47.20932909398516
-0.447	-22.080445493011247	46.946321701826776	45.11430552075912
-0.445	28.003674484855523	47.47972665560013	44.67579949129201
-0.443	47.579150735499454	47.73009726668126	44.869257302900365
-0.441	5.51467690645957	38.886621953093844	47.1913830466856
-0.439	47.26611957250881	60.00374359723507	45.548188782811536
-0.437	-60.82664804685223	51.859389747189006	44.15126820868395
-0.435	30.71118266939621	49.690913769989606	46.55093574627525
-0.433	52.39075945717708	52.77913045479046	46.062013233844986
-0.431	40.20365310997143	47.95569812038347	44.77546112431146
-0.429	-1.9618861116788011	48.85249612369583	44.82334808609353
-0.427	-22.256424156430477	49.661593698179466	46.83915814900253
-0.425	79.67566245548063	52.855911031480375	45.699877626597846
-0.423	5.153527343759734	51.611030410012965	44.197505852384836
-0.421	17.823702925801044	47.32291657108066	44.38495767127676
-0.419	-77.07737190032482	48.726401027773754	47.475282611604946
-0.417	66.91731811292456	50.77775192453329	44.72534270801884
-0.415	70.14619556588997	52.647808735019154	43.937330711423925
-0.41300000000000003	52.54331051585126	51.60834420324171	45.0035508832501
-0.41100000000000003	66.68787068431214	49.50018454135204	45.56916446414023
-0.40900000000000003	-15.11179553359554	48.096984961874924	44.42504331819566
-0.40700000000000003	141.30129367151412	45.161732930450874	44.192433577762934
-0.405	-103.57742526667657	46.71256506309009	46.65826112178982
-0.403	2.8584472941961536	50.910257432408635	45.002624215373054
-0.401	62.078320594016745	41.19149362461986	43.8809620676311
-0.399	-0.43710361119497776	52.719688266981166	44.08589687198976
-0.397	27.498760982958004	56.47210019788963	47.0343040735884
-0.395	179.24863048790485	51.18223472861628	44.53146863366167
-0.393	-74.13816128321038	52.37191518071627	43.150519962987076
-0.391	-39.425944064142016	49.919854412952844	45.340480434617945
-0.389	-40.47869611212285	47.45075140096309	46.772489283178594
-0.387	2.85135722299934	47.1602637331478	44.41064052650015
-0.385	-41.8993518520594	50.99861937271295	43.801099169603845
-0.383	61.35869382717374	51.75887170864177	45.882972777554784
-0.381	-28.225917929280975	52.53636113077816	44.95985943612143
-0.379	6.818129331342959	49.9383663685958	44.55339034947909
-0.377	-27.71561244829801	48.257319082848625	44.59195065740553
-0.375	29.920834628160975	50.03466291689013	46.73033432371504
-0.373	109.30102796802288	55.4045393530681	45.29955393989055
-0.371	18.146980658162448	54.15780374764024	44.11206116383786
-0.369	44.108873867410026	49.59176159687374	44.743743015068674
-0.367	119.14331281936974	53.73954231089091	46.440976039323
-0.365	82.88955565904921	46.25089740333859	43.85695288438885
-0.363	63.51139412497098	55.667075986271605	45.28187571261399
-0.361	42.99680554775698	49.590635519808735	43.96165875740374
-0.359	75.50086062102501	49.76201887897439	46.003797842342586
-0.357	128.53648404931306	49.61061528420235	44.0197675855395
-0.355	59.7383780829297	45.893612069061724	44.86397956194099
-0.353	36.588143023763564	51.47389176769461	46.06935183917432
-0.351	90.27690072116457	51.07766572176267	45.49381608039229
-0.349	-13.03765150706404	44.061646590799256	43.91999958260079
-0.347	42.83789902093105	48.0941371975322	45.387914434492174
-0.345	13.85504341699928	54.41867494192437	46.52969072838037
-0.34299999999999997	-13.756705428913385	42.574196013785624	44.3356067731304
-0.34099999999999997	69.29963993718147	54.76852045332776	45.231577877532665
-0.33899999999999997	72.70106850221225	52.93369002621668	45.06296200879923
-0.33699999999999997	-38.56122089163083	45.1715400720739	46.978416742233144
-0.33499999999999996	57.87332092799247	43.51475004322964	44.76041965884504
-0.33299999999999996	47.00092833864744	45.18938230259985	44.994368322218826
-0.33099999999999996	36.66951774206062	58.992331377831036	45.61995664114192
-0.32899999999999996	76.99969741370438	46.42097203715388	45.744100456852365
-0.32699999999999996	94.58349370894403	46.26024485978291	43.33683776409571
-0.32499999999999996	30.996191104692983	47.770485574141645	44.07362404822659
-0.323	108.43245828429104	51.987518590764005	48.20905811341021
-0.321	-1.7581681288625362	53.42587187462167	45.53667631709326
-0.319	18.77116350490482	45.71947268366554	44.934240681256654
-0.317	9.898241691619347	47.37959344459852	45.39812451074718
-0.315	85.79851756240764	48.65361610517079	44.68842768118715
-0.313	37.21767850350943	50.20703140008507	46.746339419689356
-0.311	-14.619099464097118	49.20347510161441	43.58814308463728
-0.309	-10.39263899094145	59.30247799687891	46.917529867188534
-0.307	90.18701170426802	45.07731583525241	45.58450329488136
-0.305	24.728993414768752	53.23648442300603	44.45127286509653
-0.303	95.9137476097549	49.99301070206847	45.20622456445826
-0.301	55.35107378618065	46.677994607510676	46.33910851724302
-0.299	-21.60063495670883	49.98590045116051	45.81939851938848
-0.297	78.94018218057575	48.567192462847366	46.840066244727325
-0.295	-4.622491478256663	48.41116632438087	45.08961713558812
-0.293	47.05986754838243	47.02610782884041	46.16301172357583
-0.29100000000000004	22.85756101061409	49.14446726307263	45.32292051273247
-0.28900000000000003	11.512656869161475	52.42064776318715	43.928326427644514
-0.28700000000000003	-26.354284927254668	56.75566372139391	46.6912769064864
-0.28500000000000003	19.075321068706685	59.41097871834442	45.438930196964435
-0.28300000000000003	9.936784431729961	48.54914443121074	44.644415730607264
-0.281	109.38211460143066	51.569572108735734	43.61051491303296
-0.279	-2.0359137445913333	51.17777052164101	48.033177900152786
-0.277	-48.198638084029355	49.00010756981652	44.89406180977353
-0.275	31.42412775036796	45.14141115810557	43.40645701491436
-0.273	55.839346175590165	50.23013620236719	44.9314572663732
-0.271	-20.911429277736815	49.85021095739818	46.6259139010437
-0.269	20.086487137582765	47.39027883613188	44.244259020259676
-0.267	6.939266142813594	45.767101995838594	45.235006714997795
-0.265	14.617699826136032	48.649741843499925	45.251712770880964
-0.263	94.31126916092936	52.82836926191137	45.939080257950764
-0.261	63.79139687862079	47.7898650599792	46.26188505687231
-0.259	54.01537135996115	48.687187337158505	43.954985612201035
-0.257	106.55307062901187	46.73298858302109	48.19089864636645
-0.255	104.99471402702909	47.91628686081509	45.265572484970725
-0.253	49.89827704782179	50.8707004390563	43.92417122719838
-0.251	-16.551490312211037	46.40093948227419	46.12045859433735
-0.249	39.30703187426943	43.963432228090916	44.44256230612263
-0.247	93.60111525236192	53.02568446907708	45.876374032995194
-0.245	22.345063118045516	50.48256520364203	44.04393629199997
-0.243	-55.258171408612	50.94231769175991	45.428018474434815
-0.241	-0.649484921289023	46.71104113161081	46.379256698933304
-0.239	-11.861674531599142	51.26634826669021	45.18462694957655
-0.237	-30.180307137084306	46.678760822425154	42.711717275900334
-0.235	48.72415139578479	49.912672250319275	46.850351535742156
-0.23299999999999998	-74.18265976277816	43.809341674199864	43.96500782344807
-0.23099999999999998	-0.8611300336136551	50.1287566677452	44.73370614697309
-0.22899999999999998	-0.10815409545728016	52.111931664652026	45.44797492893565
-0.22699999999999998	14.755885854533801	48.42858381135594	46.7744944696811
-0.22499999999999998	91.30690618475157	46.00791818769804	44.784910461119445
-0.22299999999999998	-83.72432621672755	43.10118505986457	44.39991020245629
-0.22099999999999997	56.2194773312541	56.16159393397421	45.64371758593629
-0.21899999999999997	11.055915831725827	45.932014418039614	45.323414492406286
-0.21699999999999997	14.735803714804874	42.93770256185254	43.29941478735874
-0.21499999999999997	34.126736019324255	44.85544782597063	43.20958235819008
-0.21299999999999997	38.427588471945384	47.69638159382285	45.92769042597769
-0.211	145.24882864375144	54.09699699103595	47.15654310832784
-0.20900000000000002	30.882187238789882	44.30665542588915	44.83067212385709
-0.20700000000000002	46.13333028635758	58.85685531353759	45.590957200191276
-0.20500000000000002	-51.542673560001084	44.38362769360102	47.65714940650399
-0.203	12.458221733346875	48.73703039136458	45.5337285019766
-0.201	25.186354730699634	50.03381571183392	44.01063754833934
-0.199	23.826405924243232	49.58837168601185	45.062193496999186
-0.197	57.38240194452793	60.01739528044122	48.56703864640431
-0.195	-7.291838011957985	47.59475308154545	45.25335960882575
-0.193	15.712468751427622	47.772554239887384	43.61285873485233
-0.191	11.299814500986827	49.97773963915541	47.70560409407458
-0.189	-30.515793707275307	56.7748069792493	45.49769023820323
-0.187	39.107254348635934	52.70157259192175	43.910873562708154
-0.185	74.54094113801268	54.977309071822425	45.611843111436386
-0.183	-6.292813745645276	55.348076548114506	45.29760450201528
-0.181	77.75480336058571	46.864154066915845	46.15641787510848
-0.179	-14.786740095251716	51.05996293077226	44.37166842454663
-0.177	84.08610253818338	57.310082266527345	44.96678163522757
-0.175	168.00480203005287	58.368580194346585	48.65858421947522
-0.173	36.54913124462311	50.32552747830458	45.08254338094468
-0.17099999999999999	93.96796158345211	53.23067156242995	43.955931520589075
-0.16899999999999998	62.17533156616106	53.79708288440915	45.18619789536377
-0.16699999999999998	52.68655448831261	57.33011396719803	46.15574877972707
-0.16499999999999998	2.6898326002111617	51.905160482804035	44.808502347948036
-0.16299999999999998	74.23839270881416	48.90447833571442	43.68785541373499
-0.16099999999999998	8.239926702069411	51.226596820225126	45.49767623601285
-0.15899999999999997	45.31074651681344	49.093727085588505	45.47918912941428
-0.15699999999999997	-82.51577479501115	46.867439511975014	44.30191404118284
-0.15499999999999997	34.63951782700647	48.160500000115086	44.35203238268849
-0.15299999999999997	15.4993254819491	53.96214420454878	46.40374746434937
-0.15099999999999997	30.080715180957895	49.03864404933258	45.06857099973501
-0.149	-43.16463525588787	48.04626945408539	44.009872021590674
-0.14700000000000002	-14.4518455729159	45.89397495565807	45.33799930595552
-0.14500000000000002	61.0468313864132	56.33060752017156	48.87608438443031
-0.14300000000000002	25.41637659336793	57.15537242370138	47.03241115021491
-0.14100000000000001	153.3815697170038	45.48010705855205	45.0847019816929
-0.139	35.81319989254261	46.55326357434468	44.86534125803831
-0.137	-9.554985065718391	58.87232652576342	47.384753191011015
-0.135	63.81392898835436	49.06007118420481	44.320276823535266
-0.133	81.2683925379698	51.30257273647414	44.33469836767972
-0.131	99.0696004843361	55.411374149347765	47.92581650851683
-0.129	-18.92402721781483	42.335151484601	46.17775844394125
-0.127	-1.1897731347909613	48.07720264870005	44.42025230460611
-0.125	-17.48998122552692	49.53069639262203	45.152047503738096
-0.123	-99.74822460345756	45.166671119619544	46.661122148952934
-0.121	11.630484075153547	48.29932872750942	46.60321314678426
-0.119	98.59505375975353	50.05393756288798	44.032666283470775
-0.11699999999999999	27.405032197336254	47.86143577522787	46.1425815988222
-0.11499999999999999	21.14880690173848	46.934092616386735	47.95748404428803
-0.11299999999999999	30.486272139862436	48.18852513284348	44.174673259439516
-0.11099999999999999	-34.38426457846866	45.05672116685713	44.33585780936776
-0.10899999999999999	126.212611839982	53.33757683694456	48.5904983605322
-0.10699999999999998	8.870914290470822	51.17834595130773	45.672709014467145
-0.10499999999999998	40.1038857673619	43.705820122418324	45.26979886989645
-0.10299999999999998	27.049536211132263	54.79652405733066	46.0702086719184
-0.10099999999999998	-41.824943446289176	50.31341198049429	45.92648746493481
-0.09899999999999998	-27.272425916269327	51.595675570992945	47.78925471436028
-0.09699999999999998	92.63269329040646	48.5967237994318	44.37615592064857
-0.09499999999999997	86.49105898572707	47.42460689458917	46.980203555498925
-0.09299999999999997	-21.10919315490012	49.94941605972152	49.32709272223852
-0.09099999999999997	62.2482380683298	46.99069429307487	44.70787894362282
-0.08899999999999997	60.69428203447913	47.82217590988255	44.71848378530788
-0.08699999999999997	9.476418965315148	49.29976356446132	46.7546963704515
-0.08499999999999996	60.18420625131249	52.75549558487914	47.071225867202386
-0.08299999999999999	32.1222902663898	46.63034104643001	46.429114204232185
-0.08100000000000002	67.84169330131817	48.75744467335842	45.432987809842025
-0.07900000000000001	49.32705949101113	50.78816454630804	46.5079173135735
-0.07700000000000001	22.437108083916968	50.30271487920065	47.53454920873188
-0.07500000000000001	46.23975022721716	48.504895305230846	45.09636286203157
-0.07300000000000001	95.4903502123905	57.450954790090364	46.2322615686401
-0.07100000000000001	-22.077062672321013	48.78274005526953	47.83376799433303
-0.069	-7.130355928808285	43.52271009992956	45.940087545802555
-0.067	99.82778552042326	56.9221208190887	45.79481896958343
-0.065	27.425274862658	53.12169037863913	48.64339361896703
-0.063	-67.92029761726326	53.915163854100506	46.072421038150374
-0.061	7.238033119971732	52.0351685285342	46.06693152569905
-0.059	9.495386839697417	49.550146812543254	46.41751929421888
-0.056999999999999995	40.0657348753608	58.613867897482606	47.014121002414505
-0.05499999999999999	43.47678239868813	55.455366394475014	48.07264825052116
-0.05299999999999999	-15.437395729400727	46.47027938043941	44.81980532006038
-0.05099999999999999	14.618242916153434	53.98905836008551	45.48285118041243
-0.04899999999999999	-21.512748538010662	56.28362956923136	48.880667026395734
-0.046999999999999986	-11.801013524603832	57.3251432254066	45.630309357388825
-0.044999999999999984	47.67488325185809	46.151032678939735	44.69603792988994
-0.04299999999999998	5.1946558965454415	57.33153464381913	49.43138823497401
-0.04099999999999998	65.04508263005526	54.64030221561901	45.28921518519791
-0.03899999999999998	234.01180621718254	62.95764355063985	45.080847858203924
-0.03699999999999998	-14.487308319877101	50.78313217078579	45.177522829840406
-0.034999999999999976	40.950483308099805	46.93887744846117	45.888484939883945
-0.032999999999999974	18.27642577323374	53.56182639664732	47.124282706950574
-0.030999999999999972	-129.4862643881345	51.509789538395	44.07469982151106
-0.02899999999999997	9.70455704552009	48.41934270024818	44.62594544114078
-0.02699999999999997	13.707606815183127	55.652427740601155	48.096941073379895
-0.024999999999999967	51.62214402121279	46.51570631004568	45.466987211077715
-0.022999999999999965	54.92793069383772	57.60664187561424	45.51032240455487
-0.02099999999999999	25.273989513241446	49.07942421602914	47.153276982559845
-0.019000000000000017	88.36758770569553	57.31715432604122	47.94098474693477
-0.017000000000000015	-91.03902976193012	40.00977028849357	44.06791639391552
-0.015000000000000013	-859.3747298183407	63.67320913002604	45.629540335632555
-0.013000000000000012	-2218.5431595072023	68.13347337944181	45.08433902714967
-0.01100000000000001	-3563.75253654706	59.913765606977435	46.9867713877125
-0.009000000000000008	-4427.8549431175925	50.35192461059468	43.77106929264399
-0.007000000000000006	-4727.224827646759	48.25218041302601	44.56720968182594
-0.0050000000000000044	-4985.2204558700205	50.52511653809546	46.22833899521593
-0.0030000000000000027	-5146.973712962799	53.81939258599127	44.74701167879338
-0.0010000000000000009	-5220.470851324599	48.94674913293082	45.90288145625811
0.0010000000000000009	-5317.562084599547	52.67653363832057	46.27049711311896
0.0030000000000000027	-5227.010841067581	54.327953384430366	47.50173819258379
0.0050000000000000044	-4995.580876580919	55.51237796357605	45.32729535494468
0.007000000000000006	-4850.318524632468	50.933701221971276	44.62871006982821
0.009000000000000008	-4461.153846460397	53.02115155908337	45.58610063683051
0.01100000000000001	-3591.757292673248	59.99244328439833	46.01324584628663
0.013000000000000012	-2209.9847754796233	59.78724445070667	45.246061699835145
0.015000000000000013	-809.6424522393564	66.76983887076976	45.02622441334103
0.017000000000000015	-10.087308605299938	55.44118111096287	47.73309875772172
0.019000000000000017	74.7758557844147	60.419977175068034	45.20050727398328
0.02100000000000002	62.18939727808959	50.71201445544493	46.339493705293215
0.02300000000000002	81.52939167604956	52.82905935516802	45.248090151648746
0.025000000000000022	13.761468610429262	47.75385808004816	45.28736218058358
0.027000000000000024	0.12859680831311948	45.32053130941386	46.79833007176503
0.029000000000000026	-2.5525116993385666	54.125602869984334	46.824504378807845
0.031000000000000028	34.187014950504135	52.12510822054421	44.83742369767204
0.03300000000000003	-48.504391706560845	51.809385339576586	48.16471339067878
0.03500000000000003	51.588468070740134	50.34300876610546	43.15199470871904
0.03700000000000003	-25.00724215170891	48.40975456087272	44.2699866944621
0.039000000000000035	40.256216843337356	48.73748795645408	46.25901580341043
0.041000000000000036	29.080688420224377	47.6926536109472	45.33048539283711
0.04300000000000004	50.4342614167097	53.46943806258388	46.77744959552039
0.04500000000000004	-48.12611215909701	48.3732543142162	45.509998710311976
0.04700000000000004	41.095857082229514	45.69834883927684	46.028029060756744
0.049000000000000044	44.36225202852917	54.273948053110374	45.68119364731692
0.051000000000000045	17.06242030796723	48.96585380195053	45.35298436560776
0.05300000000000005	14.32119254118902	43.04151392418853	44.649330963161674
0.05500000000000005	75.99357850796018	46.79309696919633	45.70580989283519
0.05700000000000005	74.49586088981164	49.267132523895995	45.34435920969459
0.05900000000000005	-34.25724624361859	46.492591695413886	44.69990088712472
0.061000000000000054	32.83916588658897	47.67983303705572	48.119323815000136
0.06300000000000006	38.59660253691111	51.10099138147132	47.08084160626831
0.06500000000000006	-3.7582576303263338	47.08082676914198	45.40030485820881
0.06700000000000006	-8.125666875247184	43.30171213376824	44.914722287140656
0.06900000000000006	73.16252323685823	52.48173424669788	46.750412325558784
0.07100000000000006	2.763639850300592	50.82864504709259	46.14689410602564
0.07300000000000006	50.38213144903381	53.316549071983	44.509753760951554
0.07500000000000007	-55.35533115885727	47.18807025592657	45.36791868161845
0.07700000000000001	-54.60966094894548	51.561439207843165	48.06730195017849
0.07899999999999996	88.33437600164196	49.605421208224826	44.59662799899337
0.08099999999999996	20.370992440454927	56.87340522855604	45.246800325444646
0.08299999999999996	29.14612437110442	53.09293256635438	46.63961669922338
0.08499999999999996	11.85203860409878	48.032932661512994	46.552484899041026
0.08699999999999997	-23.634702449371048	49.64544767388324	45.855920493683485
0.08899999999999997	-6.606630133743074	45.918802095570385	44.378253075290154
0.09099999999999997	37.729661382934765	47.86682555343352	45.40720600219121
0.09299999999999997	94.88026715431808	58.627643915242274	48.48555269695067
0.09499999999999997	111.7048659238229	50.08672873876732	43.81200062887487
0.09699999999999998	57.57122394900449	49.73255689744333	46.991178049448735
0.09899999999999998	1.167254183753741	50.3420318110167	47.43153921462754
0.10099999999999998	-32.124157037016765	52.39773858620743	45.097726974835616
0.10299999999999998	38.93987744740812	51.99183439441957	46.631350066823785
0.10499999999999998	-1.5576705835185223	48.392404821016676	45.89387017967179
0.10699999999999998	10.132824241004812	49.646028124850886	45.87056944650242
0.10899999999999999	10.680870464074843	52.853780690649835	45.535051957543985
0.11099999999999999	-3.39298083507078	43.88989619982093	45.88682581968332
0.11299999999999999	-1.7297313791297952	53.10356001494808	45.69071406826969
0.11499999999999999	89.41728020772644	50.84879299822761	46.79078280787299
0.11699999999999999	2.056951340367874	47.84398279550454	44.310449117095715
0.119	-46.04808059904819	47.638510671114936	45.347137326051715
0.121	15.381172475903426	51.3145607550612	46.27742555268805
0.123	39.16452403407433	47.94661442163777	46.13615176905396
0.125	-8.425041797321953	41.96721754195954	45.634989166539704
0.127	29.640062125135813	49.49605237195956	45.07315030294164
0.129	54.16018311255044	52.7805002342576	47.50530074121035
0.131	16.041206152284104	53.976831509988706	45.95764913665369
0.133	4.728581231683293	54.204719944623356	45.744497436446544
0.135	59.31824433780264	51.553417936565175	45.227085576220674
0.137	44.816182977802654	50.09603604549223	46.64529558992664
0.139	-32.66177416660909	50.3074329114737	45.001880674921416
0.14100000000000001	122.76455126958297	52.7023875966717	45.91049347473044
0.14300000000000002	-45.98223075413799	46.546014552478574	47.79806628011722
0.14500000000000002	14.25467551552373	52.872337137595764	46.15302716615964
0.14700000000000002	3.0160400101841844	47.9201420672069	45.112449257979115
0.14900000000000002	6.841815195945955	49.09797546920706	45.22760570308106
0.15100000000000002	-47.46573510439056	45.14444566119223	46.61750576311551
0.15300000000000002	-27.957898539043846	46.6970263615226	44.951619155607055
0.15500000000000003	62.15777908691322	48.89006992598954	44.67558552827206
0.15700000000000003	1.2533442805828798	46.972219968865275	45.94400197174249
0.15900000000000003	15.581709563283752	45.401514958044054	47.42662813823744
0.16100000000000003	105.17921104669092	49.06519176059116	45.74414133662707
0.16300000000000003	16.544014602271062	48.73224782162944	45.60489405435133
0.16500000000000004	41.78751077232867	50.609570919963396	47.76956913386293
0.16700000000000004	35.04406952981043	44.206557104243274	44.507512529009354
0.16900000000000004	-46.61422989782338	47.87811780814667	45.899324752379684
0.17100000000000004	74.0289940299732	46.850936376485045	45.094014095465305
0.17300000000000004	0.546766599773818	44.598508454958285	45.779967268862784
0.17500000000000004	63.56283414699071	45.84913760153087	46.05389599808658
0.17700000000000005	46.840482534671324	48.00244098010568	45.06352129254612
0.17900000000000005	12.82571842597946	43.335732116473565	46.10593478218739
0.18100000000000005	59.21122686181057	58.74350163841316	48.7379315630799
0.18300000000000005	-36.4963837882204	45.962023537470806	45.06729488517229
0.18500000000000005	7.965726787961813	49.18307515575824	44.63056158404513
0.18700000000000006	57.40267114995312	43.88014519236561	46.754712474683444
0.18900000000000006	-41.663838428407374	45.403487335594455	46.398399975776364
0.19100000000000006	6.369729095956345	56.48837116010923	46.00823910277176
0.19300000000000006	96.80464947181555	43.47324116946079	46.35133816343734
0.19500000000000006	10.143117665784018	50.88367479621188	46.86250221084436
0.19700000000000006	-21.06118805367263	49.70051394664639	46.38942958965917
0.19900000000000007	17.816622638333612	53.71260781214442	44.98421759436358
0.20100000000000007	-14.57795612591628	52.26282663805135	46.202925054977044
0.203	-71.79670862655918	40.8838169046267	47.26763070343575
0.20499999999999996	44.26793063516676	44.24881419565369	43.966195371468615
0.20699999999999996	-14.77688970374924	47.357589803224585	45.34152063336876
0.20899999999999996	-57.72894213729174	50.07596368944601	45.87113806585602
0.21099999999999997	-1.635622627449429	50.980416050957295	46.79789449012015
0.21299999999999997	70.17801663011802	45.995726629296136	45.482891219273355
0.21499999999999997	32.54496074878155	51.798962691227416	44.77519128866154
0.21699999999999997	29.29315880129124	48.52512515536332	46.814394271373935
0.21899999999999997	30.2403927670003	47.089998594542884	46.88125039236558
0.22099999999999997	48.19895060270696	51.83363553049545	45.86621812543858
0.22299999999999998	70.94133115082002	55.94943970077563	45.95827205429363
0.22499999999999998	-2.0359046832840733	47.15234697384733	48.61099707193892
0.22699999999999998	-0.5836409032733414	55.50189637028914	46.64868886508705
0.22899999999999998	-7.054684005192158	44.91873546124931	45.47070975251703
0.23099999999999998	56.27226114968131	50.66090996252778	47.98774814735039
0.23299999999999998	29.252527790735172	53.193589805084436	45.56801388260642
0.235	-2.524174056217632	47.60529345430021	44.64828770047011
0.237	24.87243448601184	56.34690787223636	46.376600109471404
0.239	40.8006856806864	49.77487065601516	45.84892151407486
0.241	42.12274502979341	54.039754666687955	47.490185640752365
0.243	12.234659400034431	52.99413351165828	45.009064810481675
0.245	-39.37107811080587	49.66013555579114	46.10534448842368
0.247	-18.657245926201327	54.81179553802084	47.95797078220406
0.249	-62.012022353119534	44.37293861829151	45.405189997331505
0.251	-21.54720342750771	50.74650217805788	45.76074530215721
0.253	43.79342018978605	51.234654286100124	43.852015531381085
0.255	124.04001642174478	58.517293123947226	48.4386144864793
0.257	15.012943008541058	45.763856152189994	45.054260821863636
0.259	45.88751864953444	50.274843422120696	45.00610432362641
0.261	-27.605143904096963	42.887729618750406	46.016305512374146
0.263	-6.4728235015243385	46.015139191125506	46.27372616830312
0.265	3.5310181745185076	45.57969011317816	43.86361413256675
0.267	120.4804126064829	50.99007875758647	46.18099193958746
0.269	185.45611305831324	52.63944559326619	46.35943724491205
0.271	-44.699353449750845	47.62981470382887	44.146565359112806
0.273	37.99495712475398	47.55070598207389	45.78119091764334
0.275	116.1986752069577	47.72425264657777	45.539108197009135
0.277	46.16186545880474	48.583740750243834	47.573801752258426
0.279	33.01127276489346	55.09516624967871	45.36502080106777
0.281	-20.011010013698538	52.71604843913501	44.14336116311528
0.28300000000000003	-21.956120057509132	51.642389409138154	45.58061307225231
0.28500000000000003	52.65769690399047	51.185170742554604	46.32230492093111
0.28700000000000003	37.65730071858542	48.73707863685839	44.649446313536444
0.28900000000000003	35.88813102561872	45.705490986783495	43.91106897509037
0.29100000000000004	15.925508035197211	48.705936619631736	45.8819237064411
0.29300000000000004	70.2369375087386	50.17446397252681	45.22420130985682
0.29500000000000004	11.940313236813438	48.365684188079314	44.49533608966741
0.29700000000000004	84.90698426255605	45.76953453051818	44.28575562796953
0.29900000000000004	69.51747148664644	53.028478347067356	45.06117925124659
0.30100000000000005	19.10606699517814	51.33192195504184	45.86407667466669
0.30300000000000005	58.20666943634478	51.22673222338883	45.24359831338152
0.30500000000000005	41.88422917028589	45.34474911265923	44.8454531777635
0.30700000000000005	-15.141939864071752	54.66361788026082	46.3386243257697
0.30900000000000005	112.17385900774701	51.497728733430954	45.49761589125021
0.31100000000000005	94.54478944226352	49.81871477384692	45.702990149348636
0.31300000000000006	154.21014343997007	56.84731692885233	45.1586191804752
0.31500000000000006	64.95880486800942	47.50112630001301	45.616114435961386
0.31700000000000006	-42.5249158769736	51.249897156145515	46.301262043478935
0.31900000000000006	32.16350258350431	43.618235337846265	44.05089965741461
0.32100000000000006	38.409095463487475	50.014147316297034	46.2788059784517
0.32300000000000006	-7.006283146759884	49.42705837635018	46.624830740540624
0.32500000000000007	25.903748177125152	52.53218505657309	43.24175864961364
0.32700000000000007	78.20275734027327	54.582216538942966	45.06944473302132
0.32900000000000007	50.92780779358819	53.84637155284004	48.072495697866145
0.33100000000000007	-55.85259206730697	47.138507996319056	44.602163213050474
0.333	-63.228852088537124	42.83271624522774	45.349944302215505
0.33499999999999996	40.8571654868517	47.91866912526301	46.101890730434654
0.33699999999999997	-8.827519603293865	51.92541567755099	45.339579103519206
0.33899999999999997	6.229384172273811	47.09466257132972	45.26239336495145
0.34099999999999997	-32.66947174640489	46.62420487361047	44.516311526362216
0.34299999999999997	-38.962468070669054	47.49031338596856	48.70699258247394
0.345	17.83423519152727	48.87957521224978	46.639558348523664
0.347	25.323132496035683	41.6745881056506	43.38539270818919
0.349	45.93108926709277	56.92476255539559	44.7224308155604
0.351	-10.81345873921169	49.96917312814893	45.41409084811355
0.353	-1.7739755843182436	46.49932016503149	45.48496906525728
0.355	26.013229070365185	43.58053016675974	43.86368751299581
0.357	-7.502390756197741	46.88835232105089	45.71901082681516
0.359	6.166093375448156	46.457172542990094	46.18344287499133
0.361	-70.99320748293891	46.99022187389767	45.4514931577521
0.363	11.529869843984741	46.936200255248664	44.610801955688835
0.365	76.59204254739649	54.23451596936768	45.38660427588728
0.367	-26.630185013587493	47.80511665264918	45.63523924204354
0.369	-22.777373448912286	46.0476690330775	43.211550122568354
0.371	56.41372025833036	49.30069581523723	45.49569603436668
0.373	14.56380297004678	55.175589165666935	46.73774472750065
0.375	42.492280832640006	48.165374180422724	44.601194209608465
0.377	34.0260191942221	48.61379491052326	43.55631647343145
0.379	-44.262996034327706	43.098645884834255	45.20064389163392
0.381	8.591694468540467	55.20550959598844	46.481515530451155
0.383	47.97001119305477	50.961374703168026	45.264441788199015
0.385	-19.16841803895064	44.56655875476995	44.76338249064514
0.387	128.84436843640935	45.79290760689581	45.25926322545674
0.389	38.29823374257302	50.34905343929036	46.6308386392374
0.391	43.70215567672808	51.471102972811295	44.61028445899185
0.393	121.6480840569023	56.15539465286245	44.896037074609396
0.395	46.360086805474765	46.23201850624165	46.51302583382107
0.397	-28.321750036308657	45.696354746410236	44.54586091318661
0.399	113.9180055786948	49.739105341308424	45.42920257990929
0.401	37.36541161392104	50.70659967178374	43.51392708241467
0.403	78.51580054341056	55.8878538403325	47.57332695179697
0.405	10.02724757270812	46.661367955012395	44.60553786670265
0.40700000000000003	-7.171956238449795	48.358831979845384	42.49972681351198
0.40900000000000003	88.95714899970208	47.51660955379687	45.58374162597183
0.41100000000000003	-47.13872408379505	45.978792328928456	46.84101282875486
0.41300000000000003	31.564236817160918	45.65856524820081	44.44562343792471
0.41500000000000004	20.05351332923233	47.08104507573553	43.92391115641326
0.41700000000000004	88.22324944546267	54.27348858145812	46.45413027439492
0.41900000000000004	-13.69232604275794	41.249948471058694	45.66951331416112
0.42100000000000004	-48.532245511934136	45.57681004504946	44.32493007132888
0.42300000000000004	47.44431825520756	45.48387406216805	44.1765410692932
0.42500000000000004	35.80388261492651	51.752854908997975	47.92615347302496
0.42700000000000005	-43.344263872313604	48.60576932526488	46.57486477291532
0.42900000000000005	134.95230093529818	44.86343295161946	44.42588859154385
0.43100000000000005	-19.30306068120835	45.95615470466085	43.70393815880579
0.43300000000000005	-41.98872037575185	52.786256214515845	46.973725317258285
0.43500000000000005	24.27877619926022	49.6147023653414	45.34208393390571
0.43700000000000006	92.59017307194917	49.00750757167229	45.719961076856336
0.43900000000000006	181.22732551262288	52.86438339157312	46.714898659838255
0.44100000000000006	-17.663958605695917	53.255919391451485	46.175842870190195
0.44300000000000006	21.87589757540742	51.61639807944773	44.538066417323236
0.44500000000000006	20.717172751094637	45.683726377023284	46.278402535567174
0.44700000000000006	84.53019748766444	52.18260299761405	45.54933362883771
0.44900000000000007	-16.205074378716766	44.31571569928723	46.21670742164531
0.45100000000000007	-8.859230357760595	47.22741395401847	45.19150211267381
0.45300000000000007	15.306764208133927	49.424461461820094	45.37185957356916
0.45500000000000007	-15.303959268742062	50.66260911938666	48.22554520836322
0.4570000000000001	58.242403009334254	47.18086065157358	44.73948615648478
0.459	-58.38563225313287	50.624079903913234	45.10125488763752
0.46099999999999997	19.656825831493308	51.91449849294784	46.2487971595237
0.46299999999999997	29.46560971195389	51.816512800243075	45.507247488053196
0.46499999999999997	83.11146301687167	43.60103557154339	45.37636249649043
0.46699999999999997	35.536276263625766	50.78551266116539	45.09227770414641
0.469	-8.622972693883568	56.17590197426286	48.08283552567618
0.471	-1.2477511259767482	51.980737368973585	46.050712755156106
0.473	102.1136894103769	50.304022325829365	43.438058948797526
0.475	108.04557655097469	42.014015480417484	43.66053758620343
0.477	-14.876581644340803	51.47121886370228	45.94736946031523
0.479	102.04795706125758	53.49632922239902	46.99135136904181
0.481	104.39279198770635	50.75756373478903	45.10179876202223
0.483	10.360523523988974	47.555045960911954	45.95938016487562
0.485	25.960694502558113	59.74008312393659	48.19345477462705
0.487	19.95553283995477	55.591129395007826	45.47342846673865
0.489	-87.94712649196069	47.04514659272611	43.24859428021531
0.491	28.21473594671886	50.7000112534879	45.1960045719669
0.493	19.735000871046182	49.12214173643491	45.67196691783902
0.495	25.162133576062118	50.12326097685462	45.38156167795225
0.497	-1.4601480823328572	49.43921655827329	45.24131529230116
0.499	94.46076377450652	50.98649663862347	48.15461077329692