-0.499	21.088540209213136	65.998930339275	46.544356922413144
-0.497	-29.345917879952665	62.24443890914934	44.94866567036321
-0.495	-28.502812123076815	72.1613904743956	45.591861996783855
-0.493	0.13406921661740512	75.25241474238777	48.35739368371822
-0.491	216.00694708667766	69.26152938684218	45.58061866802801
-0.489	21.636474103692294	70.97101654530715	46.307538836640624
-0.487	-65.8730407702146	73.13774336357102	47.22056098749427
-0.485	13.168689209974715	78.85410955834253	46.42553032995251
-0.483	63.162227879942634	66.32629668985317	44.08552322011914
-0.481	161.57334260524792	67.01657272148955	46.38535405514609
-0.479	2.2517121422982456	74.92953198949685	45.59741477777193
-0.477	-61.14755864294885	71.09534529551159	46.95308504040945
-0.475	-31.305883211651953	74.94003272859062	45.87061528143514
-0.473	144.3671888494702	68.49804257293302	46.17763448696514
-0.471	64.22383435711332	70.52797117717411	47.16614903242881
-0.469	-45.39482122833949	75.17509922152281	45.389354479374596
-0.46699999999999997	-24.039155822275227	69.54550788186528	46.66844894706307
-0.46499999999999997	105.0159441364773	69.97987034940375	46.947549945966266
-0.46299999999999997	120.67075086741319	62.34436287587278	45.325048001337066
-0.461	24.587217333005285	76.60173431506553	44.71442857937761
-0.459	2.5181730880508013	80.22010882927115	47.448299456574354
-0.457	-45.32877252694245	65.64705732841838	46.41860871585286
-0.455	101.4522412075003	80.0254200834198	46.796007788637006
-0.453	-20.968668955734238	60.025094792008986	45.69749252492673
-0.451	25.044035363741557	72.31857856676685	48.0512164314264
-0.449	49.99594961496712	73.12335311174687	47.128580875275865
-0.447	99.8403001861714	67.54740809911534	45.028591927554935
-0.445	40.13598551999564	62.34042395624859	45.94764259963011
-0.443	-81.87746379140215	69.11353457229649	45.61978886612443
-0.441	-99.71600551128557	75.3233379957755	47.689184851587214
-0.439	-18.967812789427718	63.127014370560346	45.78244552837279
-0.437	108.83583902199234	73.75217250058165	44.5894327687431
-0.435	28.651629980336324	63.26737045037062	46.86567551077979
-0.433	-107.67293090019336	59.791378099017024	46.90770978847154
-0.431	83.98862949587915	67.67236999142773	46.87868128722863
-0.429	-1.2197939752711662	61.486099107439856	45.32048160283738
-0.427	-23.077463185305902	61.824874121706	46.39082949521663
-0.425	-22.771278662125916	66.1080811987305	45.957847878803776
-0.423	-84.0874537062497	66.62375997290698	45.8253936111807
-0.421	49.81116404034758	71.07751660712754	47.18836017005967
-0.419	127.3406888266937	65.24331686987657	46.209827441202584
-0.417	16.03435116326324	65.39205880580928	45.42711225072347
-0.415	-88.3276123126997	62.2468229062137	47.00980958198057
-0.41300000000000003	48.714324653920116	74.02234951964503	48.153660403955094
-0.41100000000000003	2.3573568050938576	60.04475001124502	45.49984216860688
-0.40900000000000003	30.95903850081072	67.68465485761864	46.43751951010592
-0.40700000000000003	98.88468467589284	69.54711511242891	47.14216195305784
-0.405	-53.92332433029612	72.16760512584777	47.11881616353429
-0.403	-23.902181323642857	76.42746863853566	46.472234020402986
-0.401	33.05733785463616	61.43918475931911	44.348199465484576
-0.399	83.07324742151678	71.02686518077357	46.15039179913292
-0.397	-15.003891874587616	67.75251174824642	45.98333876244597
-0.395	-105.35881568307647	69.77460792118467	47.5405782406418
-0.393	80.42004292496685	66.07881836032445	44.12959461247523
-0.391	77.51321187976501	63.29865637932856	48.604357749425645
-0.389	101.16867217058179	69.50936213010783	45.782342368954936
-0.387	6.565955251947031	75.04378507435723	47.06436121040867
-0.385	13.457783321513261	73.45094397581293	47.61045035703338
-0.383	65.97906596783609	60.385201248481664	47.31973809709793
-0.381	105.95865623197476	64.52740306884681	46.517328276276295
-0.379	81.70697822307282	59.101789927674304	44.749125816391555
-0.377	-40.34955208220836	59.91523327730227	47.210282986489375
-0.375	-12.023931572624491	72.6111604591137	45.88765515947261
-0.373	95.17756324872728	65.68896204475114	46.23601351318447
-0.371	17.10788089104298	66.9416961103334	45.63922942702508
-0.369	-14.67887107520216	67.22044588318496	45.89826511922574
-0.367	105.88164664993016	71.12660329887012	46.909489439172766
-0.365	105.68327755211548	62.98922873184708	45.03479937870245
-0.363	10.910365830341107	62.775850399497166	46.7084607193249
-0.361	22.006771217553123	60.49245092586085	46.57377553156482
-0.359	-9.860268932682104	60.62824313389674	47.28435936787255
-0.357	13.80891866009648	62.52268488883414	44.87728738866744
-0.355	-4.179958252970017	62.7356082979467	46.59075879104478
-0.353	105.78129564264849	64.86670889404269	46.01205070838763
-0.351	3.6586592373488713	71.00296424488914	46.98053383550919
-0.349	91.34162915969135	57.45679993250928	46.38394008575998
-0.347	-54.38146148262213	75.5331877168827	47.08294549072432
-0.345	89.10526164518373	66.18605724560672	46.93111162554539
-0.34299999999999997	133.6913168388243	64.90932349553869	45.417629368099384
-0.34099999999999997	41.5455793938424	70.21390373536408	47.663609694765896
-0.33899999999999997	-96.07990699667113	75.04661493164338	48.33334799263879
-0.33699999999999997	11.373760228083896	69.92721501945405	46.89246396295735
-0.33499999999999996	30.28684547823346	61.825421225648924	44.93282668738794
-0.33299999999999996	51.28941602761117	73.35080816772106	46.825941307977914
-0.33099999999999996	-11.214743781962078	82.88857927227993	48.872655959334885
-0.32899999999999996	-26.050145476519404	69.79706077750524	46.999262358648046
-0.32699999999999996	60.26182733842589	69.1227826682032	45.94436827136694
-0.32499999999999996	52.4518546702879	70.21948889248756	46.18961054980807
-0.323	-32.73630539546435	64.18718613938609	47.46655109934489
-0.321	-35.39150733078422	64.72547490828495	45.782294746620714
-0.319	4.757829099366617	63.29289503534646	45.05542806953289
-0.317	19.934428076906485	71.06513852970674	45.5605650629419
-0.315	-129.27276465979355	64.2776686822134	46.58161056983776
-0.313	-88.57854952637467	74.51309994119441	47.04259372117381
-0.311	-39.62929711576191	71.21801419372133	45.8218254890026
-0.309	88.849427700044	74.25410554600678	46.46547159475522
-0.307	80.90410712768836	64.89359811173397	45.41911324379287
-0.305	-114.90544654291224	75.67757413278623	47.24221974157364
-0.303	-69.72780524694411	75.05137385457387	46.732256941298985
-0.301	52.649167285201415	65.51748481438233	46.13157377768879
-0.299	99.14121302201373	61.18493209125272	45.92682285930508
-0.297	53.41829640825857	65.86362097201851	45.98280959114683
-0.295	-76.12017912017599	72.51716259591312	50.292321138289516
-0.293	27.261229616160065	74.04959120560632	47.20098912966241
-0.29100000000000004	33.01429671065392	73.89527707745748	47.65774377715384
-0.28900000000000003	-61.56491949371734	60.00690294341398	45.630494147284764
-0.28700000000000003	8.308553178570932	71.08296983074816	47.663508302109335
-0.28500000000000003	-42.3646152513113	72.62555652564507	46.341446986277774
-0.28300000000000003	58.406233993890666	63.80903572863412	46.353405892234186
-0.281	62.974754678535305	66.3597620123468	46.71809496437482
-0.279	35.941801091343706	70.6369553382466	45.90238433619515
-0.277	-62.45297307150288	74.5712506397436	50.56023181792004
-0.275	17.62721870313122	81.02335994760278	45.24794504286756
-0.273	47.48517918229389	69.00986601421744	48.418629274714796
-0.271	12.703599064689541	69.00165954935719	46.95423295842959
-0.269	59.33477084063554	63.163580586305955	47.513005857105206
-0.267	-1.9132207944583257	74.6966453324986	47.78697089283228
-0.265	-62.509834431456746	72.47154268463991	47.64335291661047
-0.263	68.43164019731951	66.61257581390349	46.298861069884616
-0.261	32.60498780410792	58.12059784453401	46.75126216957778
-0.259	83.16090298499113	77.76179321459384	50.683992563609394
-0.257	-9.604657547401807	83.98933897858011	47.302874172162916
-0.255	108.35387181518108	65.61818545417901	47.47035961003083
-0.253	66.46983505675941	68.76542249562908	46.01483741812823
-0.251	-25.354137607958016	65.13881682208071	46.095418661149296
-0.249	33.90422911042634	65.21664805884127	47.94595722728453
-0.247	-41.063003844654666	62.34197989591615	47.87883421087612
-0.245	68.13260561533419	62.293948118531404	46.877583890641674
-0.243	60.94455524574549	62.74738450093687	47.747841550553474
-0.241	-83.92694307068905	63.01195300877714	48.49124242565861
-0.239	92.60754914186542	66.95389847457622	45.1640589411678
-0.237	15.382656971540953	74.04044934498714	47.21608574084711
-0.235	54.17351124137326	72.36978587221	47.32497168139966
-0.23299999999999998	15.437036052112774	66.93773890179071	47.59500316124466
-0.23099999999999998	-47.35551918333414	69.96591704879634	46.749329321086606
-0.22899999999999998	-176.40054121326187	66.00503561867782	46.43718215523033
-0.22699999999999998	165.72222515720546	69.56023920134155	47.32712468502947
-0.22499999999999998	-36.33789986490221	65.03119788871894	48.25567980929745
-0.22299999999999998	19.311767392116153	77.66490205928942	47.62320954149287
-0.22099999999999997	-88.74206132170048	72.99495075152775	47.871294949687055
-0.21899999999999997	78.46601991756685	59.82109005026571	47.52457012882496
-0.21699999999999997	17.393900028972453	66.08633255879812	44.98840870479174
-0.21499999999999997	-27.093952710610658	64.49120319628457	46.370025102504
-0.21299999999999997	-31.775197508743247	64.28901319483003	48.51900724638083
-0.211	-56.62020696328707	69.3229269322261	46.64355962239161
-0.20900000000000002	58.44322587256201	63.116259659209845	46.44628564778414
-0.20700000000000002	65.16337953521578	68.91199172768839	45.936255067891715
-0.20500000000000002	66.95976077897292	70.01869327672287	47.50084089858682
-0.203	-18.20793852325142	68.11048879408273	47.42054498198208
-0.201	-133.41681569256636	68.41277756853627	46.27678538544332
-0.199	60.29267665907945	78.09284483376283	47.26053311470876
-0.197	67.16398921802202	72.7876773324811	46.047371733672044
-0.195	51.07774733681403	62.26223812113862	46.75638390982402
-0.193	-82.25646112025586	68.4378990569356	46.12823882460345
-0.191	27.253359058398985	67.70614411531086	46.953958261090285
-0.189	-39.155855637185155	60.393741182769794	45.647635221186164
-0.187	115.78158649672154	63.40869962794675	46.99086857958456
-0.185	70.22495519537486	64.25725437371075	46.124610028298164
-0.183	-9.847178853661376	74.94215419508946	46.900668987520675
-0.181	30.16781726827844	75.10146275716484	46.06615983618711
-0.179	-26.49670634846668	63.88846125958796	45.09718690418009
-0.177	13.127404348667326	69.51943616338312	47.509507437519694
-0.175	-81.76259925252171	67.66494437156439	46.894071727846104
-0.173	61.02048559797346	61.123786466598055	46.1522470638198
-0.17099999999999999	-51.882985019013894	63.11836605509111	46.15334127567213
-0.16899999999999998	-124.08345449144153	63.69781590220025	46.25350524529448
-0.16699999999999998	46.24780916540061	70.71706249151777	46.28892208349656
-0.16499999999999998	12.08497952398524	65.3758813668685	47.87606900552583
-0.16299999999999998	9.459340211792622	64.39296912245845	47.0530745730531
-0.16099999999999998	-32.873350014339664	63.322972951466724	47.5825276108498
-0.15899999999999997	112.11797774568488	62.76478550551378	46.10185345654077
-0.15699999999999997	37.65212197270884	68.03302116109826	45.228221208192075
-0.15499999999999997	94.69225827007932	68.28084811672639	46.37406052788208
-0.15299999999999997	55.22681466607615	77.02403442636819	47.187543758419764
-0.15099999999999997	-60.115677296024295	61.66210033225961	47.390000778547865
-0.149	-10.740008908105558	65.97342741847919	45.47015598043793
-0.14700000000000002	-8.31152742786223	73.92813594684043	45.399284667643755
-0.14500000000000002	106.8023438048904	65.9571510478583	47.09516148808502
-0.14300000000000002	35.9771615143778	62.093504052126065	45.78481510013633
-0.14100000000000001	121.68598625073024	63.37142519538392	46.07789838856287
-0.139	-6.034559497769543	75.20128205191303	47.13375952163077
-0.137	73.91854495097938	65.79745458726961	46.47735421180094
-0.135	6.428302214533943	65.12857025430397	45.63590352421549
-0.133	18.83641331223984	62.58564791958362	46.339539325268554
-0.131	16.437282494008443	68.96851992772203	47.486022972847664
-0.129	-62.166116108541836	65.4464962431937	46.337224926220316
-0.127	-57.71546458233079	69.26591796988754	47.773868028525285
-0.125	82.99754892981959	65.26302667177254	46.46135199721284
-0.123	74.67832303764688	74.70104757765621	46.29018117863893
-0.121	-169.20141279541667	72.84372501000482	46.662473064997286
-0.119	29.365875400255703	75.46902437859272	46.30013020985009
-0.11699999999999999	-59.561765100024644	79.16354059079893	49.42096927313176
-0.11499999999999999	51.510015859346225	76.62104768965955	46.34135810289703
-0.11299999999999999	-47.282055709030324	69.42847703328106	46.03415604008609
-0.11099999999999999	136.6406549045962	79.71719960618708	46.82196500682485
-0.10899999999999999	58.47711114204124	64.54988737773301	46.5013512654275
-0.10699999999999998	108.47853425866028	75.51419095525591	48.16725590708032
-0.10499999999999998	-39.977927305701044	64.50613371991354	46.129916982959024
-0.10299999999999998	-35.545479505127986	67.20645386716338	46.59283838685033
-0.10099999999999998	9.032514260542968	70.71147467486931	46.6798177890138
-0.09899999999999998	-5.914263113027118	58.94271787173487	46.446144692753045
-0.09699999999999998	-74.46492839269237	55.82379830261188	45.59647218079469
-0.09499999999999997	74.67887181844546	75.71092557061088	47.41240859480959
-0.09299999999999997	28.44990402373071	77.80121014336322	47.81950008573835
-0.09099999999999997	23.267486466638232	62.5934132060659	46.228820584198935
-0.08899999999999997	19.060788622793368	67.48275363950114	45.92516308485307
-0.08699999999999997	-76.3769331179054	69.36363150164465	46.07251954363925
-0.08499999999999996	-80.51288446120353	70.14233870063636	47.06659939110219
-0.08299999999999999	47.17280183497152	69.22411649901932	46.074299646187995
-0.08100000000000002	33.786149952419464	66.19555666474439	47.34089228290936
-0.07900000000000001	128.9425221207008	69.77266655200744	47.00714262066907
-0.07700000000000001	74.59580889901396	61.779422405692124	45.19241654153493
-0.07500000000000001	12.821183140721004	66.57101681298715	45.526294856177984
-0.07300000000000001	-10.65542769385086	64.32757295428421	46.8194173826515
-0.07100000000000001	66.38100769840172	68.5462228363019	47.489659719448625
-0.069	-99.75012371821191	59.39278226681261	46.50086877749748
-0.067	68.74630012188021	73.92150106619171	44.8334889905327
-0.065	-35.594496572421974	79.4093535115436	47.52835903853821
-0.063	136.41512929529753	70.02389502185548	47.07165821928176
-0.061	22.191060689236153	72.6282842770644	46.602031238904004
-0.059	94.6700670401146	67.9644884805817	45.69890257378037
-0.056999999999999995	-70.98780176906239	72.71984405954426	47.55225359700296
-0.05499999999999999	-19.01083179967067	71.10087650063878	46.91708561299911
-0.05299999999999999	-27.29744117735411	80.48537061407397	47.839773381368275
-0.05099999999999999	95.06281760907065	71.76399777596345	47.525928949747424
-0.04899999999999999	-26.30043952445149	68.4012445396025	45.54884356490086
-0.046999999999999986	51.52854635093185	71.06499845128798	46.41815095148744
-0.044999999999999984	16.429143571583538	71.87625831124471	47.642275893864
-0.04299999999999998	-9.746792876241805	67.72950722539758	47.56406004531028
-0.04099999999999998	82.49171575647196	65.56234872979034	45.960609182373766
-0.03899999999999998	-27.974060173741044	69.24757562845984	45.59253163582984
-0.03699999999999998	9.13057586382493	69.4483274511057	45.46404159664591
-0.034999999999999976	29.0670260378878	69.88581242370674	49.145635392687836
-0.032999999999999974	-11.49202422501272	65.62547796582683	47.830500402484304
-0.030999999999999972	16.861418136837614	62.12435344898779	45.09275058661245
-0.02899999999999997	30.6711923767633	76.32128126350014	45.914741054921784
-0.02699999999999997	9.34327899071441	66.06843771430994	46.93783734978933
-0.024999999999999967	-18.932785151193343	78.50515466417485	49.358017291595516
-0.022999999999999965	4.4943837469446635	65.91919338825338	46.59404263563186
-0.02099999999999999	-35.26299603817673	72.54288895880119	46.15168078994194
-0.019000000000000017	26.71978540536024	71.72005091609968	45.8196213463025
-0.017000000000000015	-1.8449544304521837	67.81837702779973	46.80358540127984
-0.015000000000000013	164.46857400786996	68.84587745093089	47.87253819041486
-0.013000000000000012	-100.50838951003449	71.8627284140683	45.837271509183054
-0.01100000000000001	-152.36526548234596	76.61592145354616	46.19734903606048
-0.009000000000000008	-351.73632847640414	64.38902501874797	48.428189382449155
-0.007000000000000006	-440.15994961743576	72.7283495009571	46.848929469790946
-0.0050000000000000044	-591.5588760009305	69.37971631202365	45.57927086597917
-0.0030000000000000027	-833.2028797002345	67.74873851018313	46.808034412390114
-0.0010000000000000009	-783.5388426556955	66.19490861392225	44.89037919988484
0.0010000000000000009	-746.9396122581351	65.12818802198574	48.99764846336681
0.0030000000000000027	-770.1145898775242	81.06901481194724	48.46422435222846
0.0050000000000000044	-574.5880712876294	63.95151741193946	45.22655253739423
0.007000000000000006	-478.2329738000079	70.89069158828205	45.22455332604347
0.009000000000000008	-321.8049289500646	64.17986041431195	46.20223056032326
0.01100000000000001	-228.7218833681992	71.4413845345474	47.16410344709063
0.013000000000000012	-47.69200163567966	65.28655811316564	46.32761666016377
0.015000000000000013	-7.500562682616341	68.27102425488582	45.322121036725136
0.017000000000000015	22.045169430384703	68.02440401632764	46.37013036602725
0.019000000000000017	60.29372439542158	70.96461582092611	46.67644635064706
0.02100000000000002	35.16178904083844	75.38280872571603	46.83245644240192
0.02300000000000002	13.39306406911156	69.45954294314213	47.47463360256141
0.025000000000000022	13.735659500468955	66.13076559423762	45.60414002671537
0.027000000000000024	-10.05770899709102	72.79589621567362	46.693588903436805
0.029000000000000026	-78.13443886650617	72.97683330496749	45.904489787956805
0.031000000000000028	-46.3541928045208	66.45818804274431	46.889016230841094
0.03300000000000003	7.774420591077913	75.88346607529252	46.96702356084945
0.03500000000000003	-24.30785656082346	66.9977101859684	45.44084699653391
0.03700000000000003	69.8772265517178	77.37388276951975	47.03166973430807
0.039000000000000035	118.15443085705368	73.39550314172818	47.63489545427127
0.041000000000000036	-60.80719290346703	74.9109967107258	46.530896114495974
0.04300000000000004	-16.0052614683881	70.67991433043707	45.39706692948904
0.04500000000000004	21.688968651734086	74.24294031362876	47.40333825658635
0.04700000000000004	16.028146151647604	73.30925225176799	47.49678400210829
0.049000000000000044	-22.970413625866826	59.19594980754014	46.609350157366805
0.051000000000000045	-46.9359080930154	72.03065182631488	47.15187894646958
0.05300000000000005	-93.09396946965975	75.73651284075576	45.47151782813069
0.05500000000000005	96.85065724607256	72.27867701598619	47.338848529019806
0.05700000000000005	37.8128453741855	72.68280316956555	47.7377343159586
0.05900000000000005	11.61419859352364	62.56361158181192	46.3512104810341
0.061000000000000054	8.708956271252788	70.56363394750366	44.89249542711019
0.06300000000000006	-31.04145120036428	64.09752731257684	45.65800041981129
0.06500000000000006	23.974422241224147	65.0783297276013	45.55185947656181
0.06700000000000006	-79.94475436257088	69.98422440365587	48.36634908995044
0.06900000000000006	30.370963096659764	65.50768301846037	47.14068817049907
0.07100000000000006	-40.33371386735762	72.85838028392553	45.42296068102089
0.07300000000000006	14.533659358662021	61.20391595335982	45.92646417216683
0.07500000000000007	14.785657683757947	72.82400141289557	47.515145540563324
0.07700000000000001	67.75114496582191	61.58058687534548	45.58916924079707
0.07899999999999996	-26.92740281928785	65.95782659873066	45.33072057161376
0.08099999999999996	53.3094592167771	73.30816187383375	47.467141499618364
0.08299999999999996	22.348188981613504	75.1412793766809	47.49083243247113
0.08499999999999996	10.150052277779764	59.98071755448768	47.19200512564144
0.08699999999999997	56.68429660610208	73.41969784770201	44.746242848106576
0.08899999999999997	-35.05469611353451	69.73527425796215	46.49975501951682
0.09099999999999997	-79.18846404564306	79.25453947841768	47.85544479017455
0.09299999999999997	53.43832802329196	75.64387754724014	48.19812868908496
0.09499999999999997	20.98178424381203	70.01563825497429	46.10366428712708
0.09699999999999998	-49.040020733248646	65.15809305058772	45.055546456917625
0.09899999999999998	29.32439898906125	69.99245317914854	45.73769578378937
0.10099999999999998	24.66352870822419	72.26463725857575	47.657334542759806
0.10299999999999998	81.78560458449446	71.1863608918522	46.149213656404505
0.10499999999999998	-1.2864956888680723	63.66216498944748	47.5675748880108
0.10699999999999998	44.857734078584954	67.22793687708558	44.28270646235959
0.10899999999999999	-55.51307004814099	68.86065322150158	45.02545382723438
0.11099999999999999	-60.8452569187401	67.92343834316095	47.9770038628871
0.11299999999999999	-84.73562320887584	69.00035408755542	47.061551110269285
0.11499999999999999	60.585358637954556	65.53090513042963	46.4193929715618
0.11699999999999999	20.42581404704258	69.18605011942834	45.008054008793664
0.119	7.3394892909917075	73.06517235116168	47.53089819902921
0.121	48.43655577779771	67.94776842890957	49.33191762087454
0.123	-15.105872042120438	62.07134220558148	45.7492358591056
0.125	56.858961074546244	68.57735511405826	45.04338446211167
0.127	-30.578352099519535	67.93525925336708	47.15047881778452
0.129	-77.52354282875018	68.57857010839108	48.08023936960433
0.131	-44.811956994683655	57.143155462975734	46.48541366253766
0.133	93.07061591457	68.91662462770746	44.99298695687536
0.135	66.4363843867477	65.216495820311	46.55881198995179
0.137	-36.27345795631509	64.46672189121223	47.10379091710904
0.139	126.77214677392357	63.591503279498355	47.56135802460898
0.14100000000000001	-1.5437779805616003	73.0903602388901	46.67069329193727
0.14300000000000002	-88.88446855792597	69.2648821741616	45.814464447891744
0.14500000000000002	-30.08974562956901	76.42024497794065	45.69845832759735
0.14700000000000002	0.28202328938853327	64.88926988442387	46.89420824822309
0.14900000000000002	0.6201985656151265	63.25512371837205	48.66067431238762
0.15100000000000002	31.9193778151039	74.80043826012268	46.13881326655639
0.15300000000000002	-36.889595985578616	65.30455685045165	45.66440757101711
0.15500000000000003	11.617946623632136	72.08987094465544	45.853464499669464
0.15700000000000003	-94.05194366640669	72.07054238962958	47.42805237816508
0.15900000000000003	12.513407581904445	79.51951491174948	45.381717817857215
0.16100000000000003	7.536675495911638	56.23639171297666	45.488169010275584
0.16300000000000003	-85.09187622007808	64.32041619414187	48.17247056625049
0.16500000000000004	-100.95787735620033	70.03520568321996	47.085762764514556
0.16700000000000004	-162.37788435979894	72.24839303907589	49.09830521650907
0.16900000000000004	19.354286916017927	68.9970534091523	45.2352380498235
0.17100000000000004	19.529240118831837	67.8187052753142	46.0633319971026
0.17300000000000004	17.389485568175544	72.89709817039525	48.718500635459556
0.17500000000000004	-52.26065474450703	73.68433873390713	47.577616904306176
0.17700000000000005	55.89409969131154	65.18200328098729	47.08662018497267
0.17900000000000005	-73.82953188272978	69.6603361085082	45.613538139079985
0.18100000000000005	39.25176465702229	66.08029570084514	46.13681676017708
0.18300000000000005	-62.89899076905581	64.41787294183328	46.62841475478521
0.18500000000000005	12.751104007335812	68.5213980710455	45.861225570631376
0.18700000000000006	-9.442605077292221	73.14032617329983	46.57332770706646
0.18900000000000006	-20.300761235159115	80.63905503348693	46.40221122511786
0.19100000000000006	-95.34935084420937	65.1774616674619	44.552091968082586
0.19300000000000006	-45.75146009078157	65.08931980841908	46.23001542098414
0.19500000000000006	39.83782368410793	61.20663728028246	47.801260314135135
0.19700000000000006	40.133136279818515	66.05853765244564	44.35149731285294
0.19900000000000007	106.1667151140977	63.894287963630966	46.006781530703805
0.20100000000000007	-37.4536821925453	71.77852367938891	45.7617088356865
0.203	78.00123712864426	69.5885475593913	49.50368159523805
0.20499999999999996	-4.063219311234434	70.72958784168837	45.46037636378492
0.20699999999999996	74.98696083185763	60.90329512305864	45.25047746321445
0.20899999999999996	-1.318793317994782	72.11498118796113	47.322303786377674
0.21099999999999997	10.544804402767838	71.007679968185	47.322100729376345
0.21299999999999997	77.36349322051694	74.46311701840743	47.1944216138977
0.21499999999999997	-67.28576477244007	70.89882389861927	44.65779543769531
0.21699999999999997	30.62281424748292	72.90734965476261	47.06467196243004
0.21899999999999997	-14.048249072584618	77.09243778689205	46.90763900562623
0.22099999999999997	35.32665433891857	65.55939360252208	46.59800698508517
0.22299999999999998	41.50036403283153	70.03095775307588	46.20244378516021
0.22499999999999998	11.176217669550681	69.07048689154465	46.58483651465184
0.22699999999999998	47.53553698821911	69.82269621658372	45.252910055899
0.22899999999999998	66.45446204478489	67.0605294169289	47.48949542040274
0.23099999999999998	127.7027216692872	71.35271748678468	48.41042659837176
0.23299999999999998	-146.19698562889914	72.23653292410049	46.2823313396596
0.235	0.3197021685164003	68.55848425672221	45.98605373741468
0.237	42.93160137258667	76.34719326249886	44.77495205129001
0.239	34.447378040480814	64.12643963138251	47.504520691323265
0.241	83.2128407877164	67.67138678039122	46.401456276979424
0.243	-21.539930773251115	69.64769867899776	45.89755782580925
0.245	3.20568175893321	67.90595613247676	45.76093797824321
0.247	-57.762080233447755	73.61671216667735	47.02448810270335
0.249	117.1187148945041	73.70699338758465	48.217946407009144
0.251	26.793892422993792	60.39890545952815	44.15105014380895
0.253	69.44818846688072	72.63105246071993	45.30625439878339
0.255	-45.583595351117445	63.622625187370794	46.346921940403114
0.257	88.6537299398249	65.92591453552852	47.34354146518535
0.259	-104.74492233414345	62.527521280972756	46.049183924285444
0.261	74.66144083867476	77.62516158327674	46.51476392614675
0.263	-23.702778495948706	71.24760956776409	45.79241652172296
0.265	-83.05633583904904	68.06265200975302	45.76979865322663
0.267	15.654244550411534	69.23653015063871	46.48620980384661
0.269	-76.91705753598566	76.37609098663717	46.60430164057934
0.271	15.5955029801369	66.68352900569093	45.27052661492759
0.273	61.32428261107492	71.48225711789337	44.468124200278396
0.275	77.67681251702463	76.67580769288243	47.129032677542824
0.277	-103.88362214974745	67.39625840703715	47.29165099302795
0.279	107.37526807180764	72.66278298576474	45.26960139610546
0.281	-64.12483451767592	68.40683256209971	45.887227359701825
0.28300000000000003	-24.464276514257755	70.59693985226815	46.557897137306014
0.28500000000000003	0.5521648800410617	79.10274151440561	47.176294860105
0.28700000000000003	-13.490856503706183	70.66822375393608	44.83621750611845
0.28900000000000003	-13.699699174418711	72.20071445492361	46.51195347123411
0.29100000000000004	-17.365613307784855	63.83159337887969	46.98823453609227
0.29300000000000004	-91.92302306570977	69.73115790970995	46.04966555068295
0.29500000000000004	-90.72668943332917	74.92649254024954	46.38842238133405
0.29700000000000004	39.94202797863444	73.68552897354093	46.315813359476806
0.29900000000000004	103.67891271645391	71.82388664467189	46.153363198424614
0.30100000000000005	42.380967908650646	63.48574565617091	46.535311807535
0.30300000000000005	93.61160858611939	71.40481623275419	47.19296940546963
0.30500000000000005	-25.46221003463245	74.04820658924291	46.06057339838885
0.30700000000000005	35.598460297103784	68.76426216391185	45.60877809441156
0.30900000000000005	25.580498614674596	71.10288782162682	45.10915873357665
0.31100000000000005	-65.07264264954404	68.30496622048472	46.30387758464051
0.31300000000000006	13.160707255988058	67.60312311277538	45.84452853406487
0.31500000000000006	31.529510139849393	61.9883181481543	46.35744349034064
0.31700000000000006	28.012501798624356	68.57203603762433	44.970400780911184
0.31900000000000006	84.26959665785994	73.86146518337675	45.714139116018806
0.32100000000000006	-12.184792101299635	70.9861147195417	47.84544479366518
0.32300000000000006	-26.560412706766456	71.93168526406293	44.845085662924845
0.32500000000000007	78.72336988778983	66.16131772125739	45.60324570364902
0.32700000000000007	-20.780969766320823	71.9333937596469	46.22454191310648
0.32900000000000007	-32.05255916183258	73.03869378122891	46.85748825854719
0.33100000000000007	-5.436022596505552	67.67264596954679	46.46667068489938
0.333	64.62658931694065	71.89678830436503	44.53731025951393
0.33499999999999996	147.51385606959212	72.63492724347246	46.04062601589775
0.33699999999999997	3.827616996243677	65.37809520548004	46.08710834776323
0.33899999999999997	-34.77570013987741	70.07413908680725	45.50011138468585
0.34099999999999997	35.774586976344835	66.21762486869056	45.71585605424152
0.34299999999999997	76.25163625268883	64.03346355191904	45.30547415554897
0.345	62.878518945819195	73.539333808935	45.46697907926661
0.347	58.05519856716401	70.08007580982363	45.777551821291986
0.349	-23.188540066221286	66.99237751887719	46.80521369384157
0.351	-49.97028208930665	69.59581395947063	45.82014893688482
0.353	13.634381198723844	69.95276931134391	45.35101093593622
0.355	4.3524679125273025	67.04637938502404	44.70614147022205
0.357	-2.8405307682666248	71.70242564304962	47.665057487700786
0.359	-88.39626058376737	76.52947174913155	46.88529675842689
0.361	44.16784081495706	68.04629435648367	45.38049118088017
0.363	43.87620279455717	78.35205308228021	46.00569807426207
0.365	61.26409499884744	67.2452333163922	47.84860314287847
0.367	6.946680055852639	69.17191719544417	47.592726861973375
0.369	36.81915947351122	74.11951761125505	45.03089646701715
0.371	101.25641185343426	67.65684058653243	46.34994746547519
0.373	-2.3455677893302607	64.32187603036044	46.535957526221125
0.375	-98.82761923452054	68.8385631638507	47.07668807997336
0.377	99.3895279479684	75.67019288356893	45.40075719573384
0.379	-55.178322757143405	66.62585374713885	46.657434792036476
0.381	58.435168619030975	76.69431874290146	46.28963426996924
0.383	14.32710521509506	65.37318047738367	46.37230936107297
0.385	62.5776401710354	68.8362885496915	47.182708393099134
0.387	62.25867784137584	64.23588140964098	46.68704107423255
0.389	39.762897149131504	62.96050660542896	45.452756311179904
0.391	-27.80971556870515	68.78239567901717	45.69652158853534
0.393	-67.16992141131416	79.91754546122144	47.02975977291477
0.395	9.687325308815886	75.40678502191308	46.75666613871062
0.397	27.58525896795483	71.55280791063298	45.49594611929647
0.399	167.33857188899748	66.4697351593725	45.343949181636745
0.401	86.76293472964502	61.77336358191465	47.34388780462546
0.403	137.5053396712733	76.08654171902688	46.74546856496592
0.405	-49.65077018548314	81.04670560187368	47.70268898138388
0.40700000000000003	26.683480790046232	67.0187530960411	46.038322777443184
0.40900000000000003	-16.324245521559533	74.19404021570156	46.845338742046515
0.41100000000000003	34.31663698916232	82.70400272064603	48.79191620859788
0.41300000000000003	41.17669959025072	71.10608523389523	46.26377380937136
0.41500000000000004	-102.52613741301708	63.4032030086086	47.30930497349329
0.41700000000000004	31.01858940213198	69.09790203074064	46.89021388376313
0.41900000000000004	133.55425946071085	75.81056975480638	47.34348443875387
0.42100000000000004	25.749057395163533	83.25622740527476	48.20724519206597
0.42300000000000004	-9.93397234649862	68.04970886590432	45.53185917020997
0.42500000000000004	46.18792695199048	74.90308166988252	45.59429496929973
0.42700000000000005	101.89786037351212	69.07187139720112	46.04208314393406
0.42900000000000005	39.15291373779439	72.00447551767178	47.10771289446038
0.43100000000000005	-14.483022383937616	74.80662747604332	46.80604371119601
0.43300000000000005	-21.17214420571667	76.33593687138682	45.78646149908238
0.43500000000000005	116.08546852293067	67.79982231478292	44.40799230615123
0.43700000000000006	105.03357623692366	60.530753082381956	45.50325986516412
0.43900000000000006	27.80287863735076	74.35210435850252	47.93252243830342
0.44100000000000006	17.560858033505156	70.32243099392278	46.80697126230416
0.44300000000000006	18.36145364597641	71.06589195889885	46.48149252632734
0.44500000000000006	88.74889423582388	70.70907261845308	45.192874082828276
0.44700000000000006	-40.51123850956628	63.99359960888966	48.25401173204855
0.44900000000000007	42.30098647806102	63.43635345392407	45.069248738766234
0.45100000000000007	-41.17118391100405	70.68574723554279	45.36771583165102
0.45300000000000007	24.403201388745188	84.21571344018942	47.647112495142316
0.45500000000000007	103.57879152422811	69.39104493842292	47.507058993302614
0.4570000000000001	-91.44769474533909	65.8208180104578	44.90217380178963
0.459	-2.7794470054409715	74.78887374891417	46.43913728738118
0.46099999999999997	34.33424552579112	71.51095446100882	45.95158791892176
0.46299999999999997	105.11304132609922	69.34207646263143	47.720830325040446
0.46499999999999997	-3.9728440451858305	64.97873841210554	45.1263275186141
0.46699999999999997	-36.48824906787862	58.950563187293234	46.236306409989695
0.469	73.91416636259862	73.4596548709967	46.10938640267044
0.471	90.00518623469844	68.08145779970681	45.642913103413306
0.473	113.1014287449883	73.00028293349503	45.06018668607546
0.475	-153.86474800860304	61.67500883697402	46.78669525262527
0.477	72.653640047049	69.76663529120528	47.903810566567316
0.479	-49.256797529761975	60.69459131199784	45.19848601423208
0.481	65.3600294455714	72.61184190334656	44.92055779324107
0.483	41.28490378385585	76.62274833977264	47.275018176938595
0.485	-101.02320067195691	74.31731921078257	45.89249109805554
0.487	76.71403693243484	78.19971407285485	46.39975487105248
0.489	-12.887586073651036	81.09346522500574	46.261327378243855
0.491	98.29926063797956	71.09697843106134	46.09129737854663
0.493	1.2907887849689104	67.7445278495696	46.61253900966028
0.495	-10.300446052213807	69.81133130303353	45.381947609021196
0.497	-44.85846994228826	61.83032500927396	45.94637312715829
0.499	82.0323462067396	75.62329111289442	47.72714431738889