-0.499	17.035679310994922	178.73393650626733	12.784849797630566
-0.497	-13.518264264211766	197.7940204600851	13.041538246124526
-0.495	-7.734105932355462	167.3685207597639	12.012525112634442
-0.493	155.74311858879142	186.88864081344494	13.143383270270345
-0.491	242.56105962794373	194.45707283700207	13.053101667370978
-0.489	-150.53540750509242	171.4618493253814	12.124311276647992
-0.487	-0.43264750737570523	174.45013900392533	12.723417580502833
-0.485	181.25452903050564	186.98667048700207	12.89080944889388
-0.483	36.90785698773347	183.54487076846885	12.36429976498179
-0.481	-129.50967813418757	171.82679103396285	12.433252683648906
-0.479	-11.44713529444008	165.1985814544999	13.371545388597438
-0.477	-27.416696235516014	178.81613878434095	12.545452901509123
-0.475	60.93016684660668	190.87453562257062	13.023452715883598
-0.473	-173.544989057417	188.93903860322993	12.518729619833039
-0.471	-6.1477848849467165	180.64929962319067	12.843768241802112
-0.469	-42.97420924836981	187.09227251930838	12.524037805555968
-0.46699999999999997	-171.69898862134937	162.63498977124158	11.995016929309058
-0.46499999999999997	-69.3077984786905	176.47366852654812	12.750616006328364
-0.46299999999999997	70.75775155085395	175.22880249876272	12.392931456641582
-0.461	-129.25026595900223	190.27857067227785	12.6772580282245
-0.459	-141.72186571959065	199.96095256403535	12.49946336434229
-0.457	-25.58272534436412	178.75928253791838	12.307038104411626
-0.455	-143.6221640310764	172.07162201478857	12.936547321366021
-0.453	-95.09361011517115	179.67567161139266	12.15853054249391
-0.451	-82.99549237278381	189.83339679737216	12.474321160125179
-0.449	114.79211519405119	196.13046197291413	12.723551160082918
-0.447	-53.0045295754622	171.26986473917623	12.913464186333622
-0.445	156.56054425128298	184.42967254787996	12.238910560010158
-0.443	-63.478181384191146	196.58922731604417	12.843359960645119
-0.441	-99.68169646923374	190.5897944105368	12.927099928768278
-0.439	-108.33633340234795	196.98450500908078	12.699045876097284
-0.437	-80.83057364793866	196.24117032663375	12.366210710562203
-0.435	-61.78217655050666	180.64829689462454	12.925847584059797
-0.433	-141.14155295075204	183.69109592804952	12.853941009785903
-0.431	-139.16942704128576	175.99095148578886	12.579131901357178
-0.429	21.810788875198384	181.32243857675067	12.261942814917195
-0.427	78.83337479031027	192.6576903576331	12.796087650343768
-0.425	-226.7892282814543	165.4964074785006	12.789458373409651
-0.423	-83.44356468759085	171.57175595622127	12.129617409511578
-0.421	-115.56850085725489	199.00433655405143	12.747880050091007
-0.419	78.6085287272087	185.54031046592303	12.550722741228451
-0.417	-156.28247749688296	176.11603897558237	12.456751789886024
-0.415	-160.3828186604872	174.61509413596994	12.70431996663514
-0.41300000000000003	47.04415106271398	189.62525087781665	12.827547772645422
-0.41100000000000003	110.88603672471109	167.8760055521924	12.619051840635127
-0.40900000000000003	-63.20408540172462	186.07573453477835	12.810212703302279
-0.40700000000000003	-296.6263035184546	188.00565869693784	12.059620114912487
-0.405	-12.289523410147218	186.2385310350929	12.333668208924719
-0.403	8.728558732462588	198.62059696275207	13.302983085615493
-0.401	-241.56259707208693	175.62160755775457	12.481851384678608
-0.399	-37.36170674195627	211.81808394372334	12.755626355261592
-0.397	156.9913253609556	174.85238003823042	12.572440904808506
-0.395	-5.550445309920882	182.326728015423	12.611683755941991
-0.393	-57.229247606871425	187.608678006457	12.395681865114243
-0.391	21.698137703474174	193.98118766065903	12.898617559475067
-0.389	13.368667056701256	185.40878548081523	13.050983466745746
-0.387	-40.03469947022609	194.46333463396272	13.061731799330799
-0.385	25.049169203761323	184.66278996460048	12.331302091331292
-0.383	209.49336530473596	178.66446738620627	12.907628702480782
-0.381	-165.7942848632965	184.55214059834495	13.315290718428011
-0.379	-109.38860543185936	198.33875349407853	12.661923265767658
-0.377	-163.4679352580104	215.8115199930912	12.809476507961225
-0.375	155.97192530369952	208.10820107660476	13.217319143144412
-0.373	-126.00071792423506	174.76152227696767	13.235551744697315
-0.371	-72.03937446476073	195.8317259685604	12.8196958657414
-0.369	37.03692576184636	206.53599552197366	12.544038816593645
-0.367	80.33620155512011	179.88708532364333	12.87818137215055
-0.365	-64.58010136911608	186.80673891566263	12.754454225616069
-0.363	-55.158302514013435	182.53951942790022	12.311713810878121
-0.361	74.00467912321851	171.82029030279162	12.675536210995126
-0.359	-0.6909254933740172	185.2168161133291	13.027717597248328
-0.357	-123.41588335040842	162.54600322507258	12.319943102392994
-0.355	-239.64340759174974	199.27969192323903	12.163851799908349
-0.353	173.5262939748239	193.67404070981632	13.144460258078745
-0.351	-76.097313858825	166.1061248725092	13.299084214636025
-0.349	62.64058664018357	176.23204610840625	12.190673347436034
-0.347	-29.32125592369772	211.53702381611436	12.62938511371842
-0.345	96.05417766467284	180.28842886841048	13.345649142416523
-0.34299999999999997	-121.82498879031999	180.54441692704955	13.027293719110329
-0.34099999999999997	-318.58660892314373	193.79094630315066	12.276133401372547
-0.33899999999999997	20.47728868581622	180.71071219008158	12.336698057821431
-0.33699999999999997	107.82256518226951	161.69242956664294	13.20969853705803
-0.33499999999999996	-61.84603048797754	183.85770197000994	12.488612730980538
-0.33299999999999996	-122.58094080463965	201.87162709489778	12.457008614063406
-0.33099999999999996	177.22145117904375	196.7416557053212	12.732966807577597
-0.32899999999999996	41.25735403248676	176.172449977125	13.248322247288037
-0.32699999999999996	-131.53939511667545	188.13023386181032	12.651678557648607
-0.32499999999999996	-152.5162292290716	211.42803612948575	12.78871901479604
-0.323	340.9644352452279	183.65549774237442	13.35658783163046
-0.321	-50.12474046339754	179.46106702771453	12.795742077392413
-0.319	-9.15687269309462	202.56927065366278	13.181901916229748
-0.317	-30.5351610352389	198.30239653335474	12.317732265533941
-0.315	145.7107294384752	171.4507833138997	13.216589124288832
-0.313	-19.831246375945355	197.54759918172175	12.539931676756071
-0.311	-97.55831783209157	220.95287088905906	12.62537009065496
-0.309	156.84259630366347	199.82366703053057	13.533568222716404
-0.307	-33.05745892090428	180.00694612119037	13.096855530218352
-0.305	-11.463177766901644	174.58500204999567	12.26442410114725
-0.303	15.14447765571525	197.57636515573174	12.612069268865769
-0.301	386.1858603479984	185.58400944150495	13.292347420414677
-0.299	-102.66870329267431	166.79460877977382	12.953462606975412
-0.297	50.8357725277353	184.8219903216703	13.363142290786914
-0.295	56.396353216525696	209.22901846407686	12.2507891393485
-0.293	97.31316926431255	169.0313134839271	12.930399166324676
-0.29100000000000004	-109.66893032704483	187.72005210016223	12.496891741501926
-0.28900000000000003	-250.71271072762968	203.59197823189572	12.450513993502982
-0.28700000000000003	183.91168901410458	198.6392137496468	12.504002711083526
-0.28500000000000003	154.61702920482878	169.8557104862534	13.641420085272241
-0.28300000000000003	117.33623782150815	188.7299328771916	12.902960067656322
-0.281	-195.75270128968646	206.18597557124247	12.144019839512586
-0.279	117.81346499040168	201.2024831974702	12.81425326413661
-0.277	-9.671418906065377	173.45508188007213	13.113241984367574
-0.275	13.670904228213487	181.84643850110717	12.707629649506272
-0.273	-66.76355336698859	220.84525625418706	12.380174475585175
-0.271	103.25167141189695	182.857823349004	13.412716038384355
-0.269	98.1949057170528	172.41017781788338	13.604077576582123
-0.267	-55.91935598570075	221.17224844207013	13.567030053437136
-0.265	32.36642663884126	190.00505513765665	12.534289273609017
-0.263	153.61752777587333	162.45069171796686	12.77383241238894
-0.261	274.87230534228854	188.19872253385412	13.552160746250237
-0.259	-126.50504607281121	196.63905930040536	12.803636320432899
-0.257	100.54474370568833	195.98360984739077	12.271688277404852
-0.255	-27.795424778487288	171.98663364389878	13.371960882234811
-0.253	-136.93914766266246	175.57507383881892	12.345638214494908
-0.251	-102.6459620189213	199.69219139379962	12.069150506082602
-0.249	332.7156973886858	204.70974140460348	13.436506931279297
-0.247	63.25647019367331	164.7144038734715	12.659724342891153
-0.245	-48.63609318883633	181.93104206524407	12.283240249059695
-0.243	-175.20965314743452	213.33241317054348	12.489910292635882
-0.241	50.63280854322727	182.055430312265	13.181635449602021
-0.239	131.69124378542563	199.18601213977652	13.614622462904384
-0.237	-64.79545910820228	194.0414073842978	12.920406814774246
-0.235	26.55808414009364	213.23654383396078	12.905835186614624
-0.23299999999999998	151.8644021951676	184.49998505036694	13.637566593984907
-0.23099999999999998	87.81900815724164	177.0596788738639	12.231721525733997
-0.22899999999999998	-28.40508281609644	201.9134818774067	13.021015823152982
-0.22699999999999998	213.696937823471	208.1873364100855	13.403627849962831
-0.22499999999999998	21.294555745621224	174.72738459565056	13.154927781788157
-0.22299999999999998	29.36488301097384	198.62621608311323	13.00181769491818
-0.22099999999999997	131.1530141019368	218.78252962716917	12.863362352323344
-0.21899999999999997	22.13463523670356	172.2628506842177	12.885817174710821
-0.21699999999999997	-20.92171817524857	176.65743953673137	12.766250352209214
-0.21499999999999997	-237.61241092568054	199.18294374634647	12.543214338002885
-0.21299999999999997	66.17944845555002	205.1839854733743	12.910079708144108
-0.211	48.824540936909244	168.22658607872913	13.620320582869685
-0.20900000000000002	-40.85351322102859	179.45742051322767	12.19168934493831
-0.20700000000000002	-26.366674407696244	200.98963767018026	12.407186443047102
-0.20500000000000002	159.39605306836137	197.78355673501423	13.073061681701839
-0.203	63.228686569827275	186.28017327406906	13.069956152166727
-0.201	36.31757431810101	179.51406593931094	12.915776660758786
-0.199	300.9815286041384	198.72672666630822	12.680621284508257
-0.197	9.753737153284092	175.72916483034902	12.988872519000248
-0.195	124.77530765053757	181.83424092525092	12.946009627880615
-0.193	-43.38898240041633	198.49064475547334	12.611278934060996
-0.191	73.45642861800172	224.16993185547625	13.02268350122932
-0.189	-0.9863340826310463	171.15770856474222	13.237483803484432
-0.187	-106.67481203163743	190.72969752792264	12.562637975471386
-0.185	-45.29285544940809	190.12793243631305	12.466227335955978
-0.183	32.04992108862825	212.66283214447154	13.116692850569107
-0.181	-5.822628600160584	184.27360697338136	13.243074403242584
-0.179	6.410929155542533	185.31130235745292	12.554945242668333
-0.177	165.7741713705363	193.34406188225273	12.506412541906359
-0.175	-93.52015038244232	197.44111452800956	13.184335807930132
-0.173	19.080420039951917	186.45727259937604	12.665652912710717
-0.17099999999999999	-168.8768715339961	176.68787229087656	12.409603756055047
-0.16899999999999998	161.34936720879622	215.91957336541472	12.483450784233328
-0.16699999999999998	113.24584245619995	174.26843749616316	13.27315872934393
-0.16499999999999998	-43.48493260331043	179.5426484892231	12.634621519162868
-0.16299999999999998	-105.21039331012894	202.09850693901583	12.49555722603228
-0.16099999999999998	-183.5402010105236	207.50683526171505	13.553677875843443
-0.15899999999999997	153.30698405557897	162.41123901161578	13.490199555388946
-0.15699999999999997	-43.91057601793591	182.308422191492	12.22774420475114
-0.15499999999999997	-158.62758158302626	228.81347385315033	12.86725732783598
-0.15299999999999997	-141.16940798325484	197.39040400156787	13.13581449309861
-0.15099999999999997	-46.59652277572146	180.68976235721615	12.817775665127886
-0.149	22.23069484164064	171.03628079661496	12.919002653875486
-0.14700000000000002	-113.78806604500636	217.0594925206892	12.853941064150648
-0.14500000000000002	-58.6651123297699	175.16458572128232	12.872928598114084
-0.14300000000000002	6.416210614146323	171.26314711933	12.56652355903317
-0.14100000000000001	-38.16215569929504	207.0908564557022	12.647250481217576
-0.139	-156.5477444743779	198.62064529826816	12.932093396755569
-0.137	42.45890359211302	169.47279856977354	13.13105026186691
-0.135	6.954861355490394	181.32219202335583	12.56957525304279
-0.133	-132.3958472227993	217.33204762003945	12.947965956834352
-0.131	144.43835591526621	206.74146224227673	13.318825525918207
-0.129	74.16101102530881	174.39404026827276	12.555021362105997
-0.127	4.422175422513774	178.1740304133048	12.764571206435312
-0.125	-6.913912299011393	201.19702533913159	12.326590057471694
-0.123	-38.12066330388664	173.13762181804077	13.052052795587532
-0.121	42.145936569371045	171.58444651159456	12.670716266855607
-0.119	21.659313518718193	200.10745670183707	12.802317982430761
-0.11699999999999999	-128.40890444176802	201.8377816065085	12.485233221284698
-0.11499999999999999	-168.91715951805608	162.71418144279278	12.956374918970498
-0.11299999999999999	59.637364479447896	192.807452103571	13.038235893035532
-0.11099999999999999	-288.24693755080676	206.42572382659375	13.016476880494901
-0.10899999999999999	-51.00561311033314	221.23181433678243	12.765387426336739
-0.10699999999999998	3.1190401945657698	173.65380502063155	12.801860273103935
-0.10499999999999998	-53.1712192318734	171.01711658366105	12.258184206689787
-0.10299999999999998	-164.17481857988747	195.86988240514748	12.417666793773362
-0.10099999999999998	295.39898940700306	201.37311385070896	13.553717751605168
-0.09899999999999998	-40.39262020916201	190.70461461107757	12.835786496009108
-0.09699999999999998	-285.22194817848236	170.744249225055	12.533411475623742
-0.09499999999999997	111.63280281412113	219.1575001828401	12.558329841879225
-0.09299999999999997	33.97712142971798	151.46496189823603	12.771503117712934
-0.09099999999999997	-25.85773983942996	166.81672451058466	12.364736918892797
-0.08899999999999997	-106.88386046553421	194.4850316736609	12.260219266059229
-0.08699999999999997	204.10955403149524	200.07619574964627	12.536033686952575
-0.08499999999999996	152.64006819437625	178.9961777574126	13.160158212308767
-0.08299999999999999	-29.71704128629238	188.9374392015194	12.84843753161285
-0.08100000000000002	-226.76991937253808	204.557337075698	12.594168676301681
-0.07900000000000001	17.421348661672553	199.00621780029527	12.659975804390193
-0.07700000000000001	171.09002107296158	187.68273882464732	13.281470552680041
-0.07500000000000001	-88.94721715391185	168.8714770828829	12.096261483504241
-0.07300000000000001	81.16570249971922	218.2586621646408	12.821585842569856
-0.07100000000000001	-132.07574022489067	182.60511331875313	12.302425354256108
-0.069	25.1701598859011	175.7236017293656	12.219078854482396
-0.067	-152.29847819231424	189.27183593164648	12.445725496543101
-0.065	-27.600622677481645	213.65130944902842	12.242635321627715
-0.063	111.11643261352278	166.75423500007597	12.849412402150655
-0.061	74.88329213622968	173.26258883023092	12.518739004872911
-0.059	195.9111114915313	214.67397172032545	12.871321790178312
-0.056999999999999995	48.63203272442718	216.4059644396245	13.058647363301132
-0.05499999999999999	125.96805552500534	164.91356152220743	12.774899096645898
-0.05299999999999999	-320.4061565973415	176.4459386446035	12.32895780588048
-0.05099999999999999	76.68179688646859	209.7305090814679	12.962038091800148
-0.04899999999999999	86.73181267648822	198.15687451963174	12.766010780895332
-0.046999999999999986	-81.25435227224199	201.15637637156885	13.36688590288919
-0.044999999999999984	-50.81039246157548	193.41535885835916	12.94059596561684
-0.04299999999999998	40.06499216790971	215.61556497535452	12.748373708143673
-0.04099999999999998	40.283879430669245	179.06943645403916	12.719844443853392
-0.03899999999999998	43.20807975388696	182.00897314427027	12.87795200982143
-0.03699999999999998	-215.71032416611845	188.8371499943367	12.769773044811275
-0.034999999999999976	-49.29554835664263	206.7820029108606	12.22894238446607
-0.032999999999999974	148.95861398422915	178.54476629399753	13.437839311790984
-0.030999999999999972	-102.5530893450366	170.70456091577978	12.063357234721556
-0.02899999999999997	-124.60300455663375	198.99697683739234	13.129444030583443
-0.02699999999999997	-88.84605839742932	196.91284112042806	12.451831312941577
-0.024999999999999967	129.0282932830955	184.15823100864745	12.519142201978184
-0.022999999999999965	-103.8654918935622	180.20038308550514	12.546111075491224
-0.02099999999999999	173.74120133251125	213.3692148144953	12.569490139585971
-0.019000000000000017	-75.72372660524795	168.04858569601865	12.874002900695247
-0.017000000000000015	75.80614679847386	167.9166391027315	12.400009533070657
-0.015000000000000013	-188.9466701529008	191.82944576080837	12.098982191460689
-0.013000000000000012	-79.4608441723188	214.9444268322686	12.43272295883828
-0.01100000000000001	-183.31493262024878	173.22299133616283	12.791466431252708
-0.009000000000000008	-132.21998906987054	171.66402799386216	11.932296403665243
-0.007000000000000006	-367.4482128648293	198.7221191843691	13.086143251659124
-0.0050000000000000044	-234.77703794716476	211.13760682699433	12.940000015149332
-0.0030000000000000027	-261.735123730511	173.54105644481479	12.455241554843772
-0.0010000000000000009	-417.1724056581949	183.61508884385808	12.507094017322387
0.0010000000000000009	-100.41259054516249	209.57079606427666	12.858739130048175
0.0030000000000000027	-202.92932300947086	174.56285150455997	12.147936704394763
0.0050000000000000044	-141.89467101932695	184.67482800727376	12.561102158824346
0.007000000000000006	-358.9423213814502	184.0382474853923	12.173711654842771
0.009000000000000008	-205.7932092272008	218.916031563421	12.824329044957778
0.01100000000000001	8.037179805686634	181.50752007988947	12.674833853033917
0.013000000000000012	4.619842732811463	171.9550527756484	12.271507801339665
0.015000000000000013	-108.29945458035172	191.59649609592685	12.960925859573216
0.017000000000000015	-65.41038151897105	224.98957550475498	13.244993188631357
0.019000000000000017	115.18722160697159	173.97377864648269	12.53167608346451
0.02100000000000002	17.48067137685716	188.8272132893598	12.945271928126482
0.02300000000000002	1.2155824811177496	205.30084806125902	12.881404042923617
0.025000000000000022	68.56393378651404	194.7039432952805	12.65554876794354
0.027000000000000024	-69.13158927823737	198.65696021077557	12.503244131988163
0.029000000000000026	5.884858044202801	173.6427858777467	12.245306733561849
0.031000000000000028	109.54419492592571	222.11641012882276	13.025325744623835
0.03300000000000003	-165.62573976797168	188.94779771009374	13.33333782138107
0.03500000000000003	144.33371603650437	188.8667194271374	13.025039266943613
0.03700000000000003	50.2695393580499	198.45115703052457	13.068544854467492
0.039000000000000035	19.412804476814927	232.234665977449	13.339421131071804
0.041000000000000036	64.30643881749631	182.84330052294226	12.6730857159434
0.04300000000000004	79.75496033107987	180.28709233709478	12.76306875042175
0.04500000000000004	86.26266170774777	197.29934214197695	12.566407660872414
0.04700000000000004	-89.10779736248654	212.76709455879774	12.782609118860929
0.049000000000000044	89.167229728071	196.91178349170582	12.522570192181908
0.051000000000000045	-91.06700495342679	183.06434573386196	12.099227138380133
0.05300000000000005	92.70457274723753	196.5049043842292	12.807429435441707
0.05500000000000005	-21.35184165752424	197.84117808935727	13.020699933650313
0.05700000000000005	123.93822964495982	201.58597680250327	12.806301885209752
0.05900000000000005	-216.68739108271495	170.18065029105423	11.918783390377255
0.061000000000000054	18.946726802360203	198.82163097769129	12.917805864212301
0.06300000000000006	4.1831151766924535	195.9359153530328	12.923126475568063
0.06500000000000006	365.2525033812637	186.51432550144912	13.007442172440577
0.06700000000000006	-142.84334756742288	193.92137267085198	12.296873779948154
0.06900000000000006	-173.24994666978455	194.35502237840745	12.770437585626302
0.07100000000000006	105.23344461543793	189.80854057751176	12.67856630703696
0.07300000000000006	-54.15111199869038	177.80340583142726	12.72105463154487
0.07500000000000007	-110.0398569138239	185.37634384603825	12.948683528585141
0.07700000000000001	-49.92789136759601	196.96046056360066	13.176989818989414
0.07899999999999996	291.6085913364785	202.49281577710897	13.043029376313749
0.08099999999999996	-70.80143032645037	179.28865154836163	12.751663067142658
0.08299999999999996	-39.67250567238345	207.90075289878965	13.345761441712169
0.08499999999999996	55.543090575316256	201.31181007880593	12.785180759876436
0.08699999999999997	7.604856577803076	185.10641199094636	12.879659088279798
0.08899999999999997	-48.0238297306812	187.33514105188797	12.536164513957779
0.09099999999999997	-60.86951255313	214.37746766437903	12.924166902005448
0.09299999999999997	106.16470050228699	196.43809862580935	13.516997643255138
0.09499999999999997	69.11927788610939	191.6875966376686	12.647665623626184
0.09699999999999998	-22.87566973147026	203.051655788437	12.604758338990997
0.09899999999999998	22.17759426459409	189.5848124128473	12.940346887059489
0.10099999999999998	1.6879575075456899	190.07451641888156	12.480860215213552
0.10299999999999998	-167.65218326275644	184.8229276117629	12.405941354304368
0.10499999999999998	249.51515268645252	207.74225638865659	13.112530413307566
0.10699999999999998	-71.06818998969811	191.8234460547751	12.435584499315349
0.10899999999999999	194.23434034249175	197.7708350130508	12.878136885243869
0.11099999999999999	-98.6369788636976	189.69214465033104	12.590802587035187
0.11299999999999999	141.7096664113604	209.48810068594514	12.545800602741334
0.11499999999999999	109.66447768989696	187.89660893653047	13.113571805529514
0.11699999999999999	183.35271473590709	184.29061364959264	12.366937934776479
0.119	-139.37121577611845	183.26055094947625	12.252617206978789
0.121	20.096195308516585	181.50448596199172	12.867175047975389
0.123	54.505645940894354	198.82128818741276	13.020421934880547
0.125	-30.668463398164647	177.72305339785763	12.055926557668826
0.127	-35.373548762818174	182.71321013601053	12.39366567966741
0.129	-64.45765080276277	189.2246347179819	12.777258618890958
0.131	128.23507690562508	206.74550184902537	13.28770707427328
0.133	-30.701407057409646	174.65865811307182	12.509928811221355
0.135	-109.75062229512389	181.61617283082933	12.215286023182452
0.137	146.42222048100172	205.86908675766716	13.043589201334385
0.139	-36.745560959117185	185.67648314149847	12.597088261532717
0.14100000000000001	76.14597806826495	180.64217026440932	12.597626621553719
0.14300000000000002	-66.28845909684156	213.34699066780612	12.494480995527361
0.14500000000000002	78.95688198633621	196.14375690264197	13.118592722456617
0.14700000000000002	-172.05481667437184	176.7320697433273	11.911968973967662
0.14900000000000002	-86.64700674898552	180.93423342367277	12.479371038609361
0.15100000000000002	-41.58101165263606	187.0590949527474	13.07070487806697
0.15300000000000002	4.892970221437309	211.99549736572263	13.076760189785483
0.15500000000000003	126.37728092279588	195.55982181724792	12.607842001023954
0.15700000000000003	-14.836953464714142	187.11015162354798	12.161032834218984
0.15900000000000003	113.9343784326563	213.29827703800814	13.002653966935643
0.16100000000000003	3.4705676146273845	185.41058006994868	12.395011327391034
0.16300000000000003	65.24480580738512	188.38617124040974	12.941014963405314
0.16500000000000004	59.06791996479477	217.24948623621407	12.450221546674554
0.16700000000000004	-6.625267354509745	197.88954659963508	12.887575376384717
0.16900000000000004	-106.44861581188269	190.9359621295103	12.450130721034958
0.17100000000000004	-129.88723677342938	177.2840849060971	12.426701927405746
0.17300000000000004	-6.30571429027782	202.41603782742206	13.095900897388585
0.17500000000000004	36.90983830706429	196.69182135874615	12.783295217180516
0.17700000000000005	-33.74491098429022	174.90436097037409	12.201151991455532
0.17900000000000005	-18.819664457381258	186.71990753114318	12.748180572972124
0.18100000000000005	-147.08625026493837	207.90597316873053	12.611400170187396
0.18300000000000005	26.954712957438787	204.37214483686023	12.730704903312523
0.18500000000000005	-19.72990079412984	189.99962372785384	12.26044389254177
0.18700000000000006	-135.2866959088983	208.68348586881478	13.220894755555346
0.18900000000000006	40.628896575523044	211.51903074088753	12.774633128333708
0.19100000000000006	82.2015581531943	185.5518403207957	12.458280959443398
0.19300000000000006	-95.59734722175418	189.74448415792565	12.931155684283441
0.19500000000000006	57.73622606408679	208.2625536493563	12.79451646231798
0.19700000000000006	-10.236352312120722	199.24323798120227	12.811701206745784
0.19900000000000007	48.37566807447402	190.40814952462833	12.339167721594865
0.20100000000000007	-2.304474534642331	182.94046313000135	12.555853210646191
0.203	-109.10330357905008	204.10108155521215	12.745137287567374
0.20499999999999996	99.73272581698112	200.27497412215442	12.727770205659683
0.20699999999999996	-73.60515566479097	186.8824805410109	12.528810070172204
0.20899999999999996	-0.9419738375981979	180.9455815054402	12.686517028061061
0.21099999999999997	-127.30600272026216	233.93714350438051	12.86986595797259
0.21299999999999997	81.76445313723413	183.70926935231287	12.586451057020533
0.21499999999999997	44.834238722479824	170.8755790910998	12.567204880177549
0.21699999999999997	11.23354852938796	221.14223422465898	12.906468779311147
0.21899999999999997	-35.65237688929468	202.52138831601815	12.88933533949299
0.22099999999999997	15.75077934257152	197.77604378201423	13.021750635102151
0.22299999999999998	49.4316994619215	173.13004667847906	12.583772640909503
0.22499999999999998	59.04982920124091	200.3011725772769	13.12329914978989
0.22699999999999998	-139.27591607787448	208.8044285098349	13.113899917936953
0.22899999999999998	29.06564108573484	175.82603343758777	12.387877776478174
0.23099999999999998	127.86845401047131	190.92190736211825	13.184654165878214
0.23299999999999998	-104.42633636231768	213.3075195780451	12.841266293895657
0.235	25.747875476156423	190.38592129712958	12.502334720137483
0.237	104.57742584124574	171.23455798580898	12.674801517787333
0.239	58.762890169150594	216.77486026642566	13.355183211982022
0.241	-15.45361769872411	203.81707414297296	12.819077517707093
0.243	118.19605024809832	206.44803804260633	12.934844152378414
0.245	-53.46611697676362	171.78529171602648	12.323679340449022
0.247	-8.688775846699137	200.0161454817903	12.720582678931674
0.249	-91.11335642741913	207.51267090871843	12.915655539600605
0.251	146.62758698413825	175.97954008050837	12.096769293651413
0.253	-66.46335314419716	189.39792892745626	12.782661668291162
0.255	59.10844451761932	207.91061063873767	12.535986947813413
0.257	-262.9548596072562	196.57774927129577	12.959021955969224
0.259	33.330406190135164	177.77493724314326	12.321788549072908
0.261	-208.21054019071195	196.41256873418413	12.701562956998167
0.263	-33.91767615290586	221.14799920974426	12.503092981203947
0.265	178.08017274800747	190.59920819062313	12.698936023970472
0.267	0.09345753904099752	175.9184340861973	12.36766118334633
0.269	-48.323672073413704	189.14114402415296	12.903320727207216
0.271	-10.101346059609995	195.94692808148451	12.976007643520862
0.273	-20.00906671673075	182.91325625770943	11.876658024643502
0.275	-39.708670237503796	183.27390296881248	12.60576517678462
0.277	121.2468459832472	198.60426389956461	13.143188583322157
0.279	-90.76617055359115	194.44365523820326	12.848299940757775
0.281	56.67476900006463	176.7784889078056	12.006505769413824
0.28300000000000003	25.982455610140676	198.4065575092209	12.741319640411795
0.28500000000000003	1.398838673338787	199.7646827040591	12.31326083176399
0.28700000000000003	-36.85037453782236	191.13037634925402	12.593934139980927
0.28900000000000003	111.43472630537055	180.08983150877424	12.790420153778733
0.29100000000000004	-96.87593626950263	201.60729362740724	12.734553939198248
0.29300000000000004	-140.75474592356585	199.85740656958998	13.294148362281822
0.29500000000000004	64.44332050570267	192.53956885610918	12.228594395151186
0.29700000000000004	-15.099634501414272	181.00208630083554	12.007840417152293
0.29900000000000004	-1.7279505118983352	174.10468100238052	12.556523723624167
0.30100000000000005	15.31220737827077	197.9545163510188	13.356974170511485
0.30300000000000005	21.506288480299673	181.96471759031232	11.985173602644947
0.30500000000000005	-65.90119733762556	190.14091012286147	13.3789487994205
0.30700000000000005	-179.3515768242493	193.65425905363048	12.628013821758499
0.30900000000000005	115.46754284519345	200.82094961939632	13.327186473847403
0.31100000000000005	71.61145051304274	180.835910375009	12.607394904636985
0.31300000000000006	-82.55732363959822	203.88371426092138	12.93305525266098
0.31500000000000006	-241.15115991707458	207.7906935766386	12.757980812894722
0.31700000000000006	134.12723483230417	205.5067403585706	13.20147378687254
0.31900000000000006	218.08603688100447	172.04402633808664	12.333581253134897
0.32100000000000006	-132.79435971891297	190.82797304132777	12.646487626263117
0.32300000000000006	-214.39145055457408	200.64590899809355	12.876488870108949
0.32500000000000007	-98.47216750558107	191.08859468898902	12.541238038755633
0.32700000000000007	32.051717564929305	187.12119810075438	12.611634226182739
0.32900000000000007	-11.002783493641033	200.65814229914463	12.832572471323173
0.33100000000000007	28.92874228077602	205.679601865531	12.738954802425598
0.333	46.24839967037886	181.66779689136507	12.410252528542767
0.33499999999999996	-172.04636194001478	184.75298001034494	12.695149488718602
0.33699999999999997	149.34778257025272	215.34546534549372	13.110843023350599
0.33899999999999997	13.171767991648764	192.25100732344907	12.430655108272187
0.34099999999999997	119.04441012156042	166.94652945619075	12.190524832502092
0.34299999999999997	31.086266476965108	191.62150034411468	12.334428366885419
0.345	66.6892137841657	190.71480559389428	12.686692858163788
0.347	-74.9416827399152	179.35225891703138	12.143660551234186
0.349	-55.42149672499441	171.911546552542	12.074953451788499
0.351	43.447118400097295	189.5130585027963	12.77431398891597
0.353	-152.86072435016786	197.80199401846212	12.66204227569657
0.355	200.4103292159165	208.37973169353177	12.878440732676523
0.357	-183.64932571646176	166.1048278957157	12.740579470620398
0.359	70.15964641654548	199.32562174307142	12.754172458543048
0.361	-56.38271582852905	196.16664916631956	12.295742900485818
0.363	-131.7949928868467	159.30069533829183	12.033044571639179
0.365	-11.083606265782642	197.4498864493792	12.779264246629578
0.367	-122.91597216618212	206.46547337777625	12.783395327797244
0.369	141.85285546286508	179.64491444502747	12.35731206075334
0.371	-37.81354419452043	185.68123766568343	12.075836331023764
0.373	142.8517817472219	182.0071141201377	12.66429240561441
0.375	44.73583929964775	198.99856378866178	12.880816251780638
0.377	225.48620906870377	193.99333060056028	13.13793200629226
0.379	49.84633991611531	190.23589232302072	12.717675718168817
0.381	88.27896266239144	191.1901652105591	12.823607445743484
0.383	-116.10281039131642	202.60231518588247	12.680502963774163
0.385	8.76643242553321	171.32994663088053	12.317366427076852
0.387	-138.2231432577319	183.36636710753612	12.263329416864016
0.389	36.77716056049718	198.42997288841775	12.576672681316019
0.391	165.76986569405426	181.57786060015732	12.501506123845708
0.393	-38.910515342660545	194.5299802079458	12.393265743015915
0.395	15.564904644049804	187.61414141327532	12.767303670572705
0.397	-155.64834998038623	192.089634741973	13.060959819827591
0.399	13.510042196296368	166.6451271715363	11.957373704857991
0.401	-64.68485250177292	182.37708128347313	12.759733671181618
0.403	130.9733732186569	181.11933369555928	12.653349901340983
0.405	61.83875255061366	199.94175146647146	12.794262586438661
0.40700000000000003	-106.86940905757503	181.8959484716404	12.830295602373525
0.40900000000000003	-34.187008694508414	185.14842603517113	12.93064878160855
0.41100000000000003	-73.25310877781544	197.11089305771353	12.364881210097803
0.41300000000000003	-36.71765118296033	176.8662676240862	12.275522884699432
0.41500000000000004	-29.14340121562553	176.723300732235	12.384995762048774
0.41700000000000004	116.46710431478802	179.87380670967008	12.700189976500694
0.41900000000000004	-194.95839508387735	199.0730029562729	12.759796736389696
0.42100000000000004	-40.81568980007777	189.1295986948056	12.459340942090154
0.42300000000000004	-117.53944758841061	181.78177613615398	12.654223346421567
0.42500000000000004	274.6382963789706	184.82246748041644	12.961159309518917
0.42700000000000005	-100.399322184197	179.9676028531864	12.75650534753356
0.42900000000000005	151.62987821626393	179.1773288035694	12.529777161525734
0.43100000000000005	-56.09820419605338	179.50583888531915	12.826868297378097
0.43300000000000005	-59.300114474081234	198.29621336259967	12.781217857167245
0.43500000000000005	-21.87709985723707	190.65728291658286	12.38179250262007
0.43700000000000006	141.6693014304471	166.6141155460464	12.499005809114838
0.43900000000000006	-53.6955966667918	189.1864694625123	13.105535894215587
0.44100000000000006	11.558798018285188	195.913488314135	12.724829039215614
0.44300000000000006	46.59833992293194	180.01110754615692	12.74895004712797
0.44500000000000006	-38.34664086799222	190.81267446118994	12.224233935114349
0.44700000000000006	106.3749980805273	190.1552524059295	13.385933298426346
0.44900000000000007	-159.79382064135183	194.94449561348682	13.247841922751636
0.45100000000000007	60.434171036627404	168.80783382177262	12.11927416968453
0.45300000000000007	-51.55012449031826	187.33838863097355	12.64921465220998
0.45500000000000007	-64.28483094156334	195.5149816979779	13.13766114446842
0.4570000000000001	-97.63045977539963	193.42824290050373	12.505071847624903
0.459	23.92870818868076	182.02148499460898	12.916860663397623
0.46099999999999997	26.35093249159226	175.78029511423216	12.426681629435715
0.46299999999999997	44.16052514777391	197.8125136689472	13.055772658070397
0.46499999999999997	-101.72242557793254	189.5297500996226	12.311175321430229
0.46699999999999997	188.83526973656473	195.66040066093527	12.749071811276767
0.469	125.8845361300498	162.3443294545455	12.939728556023924
0.471	-1.9476636886617271	197.51946518191872	13.024590415679025
0.473	2.373433223956667	197.58526905064204	13.033916619703716
0.475	-1.057358972489375	185.64090848504443	12.973991733838206
0.477	7.070998918390359	189.01264371615952	13.199880035584478
0.479	66.2098665391575	195.3956337845609	13.041468208696449
0.481	211.06097689238544	191.8765973156987	12.610311956340576
0.483	-69.75308260592783	171.0017440012115	12.440597427488973
0.485	146.24585252742685	193.17141503059935	12.796296867500546
0.487	-147.81509977546125	202.02381842033077	12.736141927704947
0.489	-14.491085339352061	179.27312474884658	12.431927300752363
0.491	94.56209945590821	173.04801623123848	12.469451202853625
0.493	-72.5565307539977	202.4218624668174	13.406922626041121
0.495	55.2070446511177	177.22911239764196	12.536529921619307
0.497	82.65575842969497	172.79709737402558	12.555169553545332
0.499	63.495295324234036	186.20813977683332	13.883499555843752