-0.499	3.2284954889494344	49.77180595708359	40.97282142842364
-0.497	69.56673824798365	45.04701728794355	37.870096077892306
-0.495	32.7385616121223	47.00450409785271	36.691942609033575
-0.493	-116.10664096484146	42.00691848036282	38.97154902503072
-0.491	42.505717316121405	44.66431133476899	36.7559279313854
-0.489	-41.016423003470415	44.40477952385156	37.837125586064275
-0.487	56.76932342990604	40.05019743700591	37.4047191545296
-0.485	49.767399030509196	45.21633742559972	39.228622319700264
-0.483	51.41233020888869	48.42897388925559	38.44125022628011
-0.481	-1.5931823662551636	47.808757095966094	37.3272778134815
-0.479	-16.678897562627526	48.38864492635995	38.584167026352475
-0.477	-3.1956139472377743	45.49201172022117	37.70882312571982
-0.475	6.532503325606953	47.50295531526582	38.202929249935124
-0.473	-26.807122516459003	46.615428815386586	37.6431512172959
-0.471	-47.96688176156305	46.674460521315716	37.49200368139873
-0.469	12.65929151750278	45.72832824839541	38.59764093414304
-0.46699999999999997	-40.10669277532131	46.70021953163012	36.9475034472009
-0.46499999999999997	-59.23259070084175	48.57107524030167	37.78170440542655
-0.46299999999999997	74.50079376103425	45.384728030998104	37.52537126277278
-0.461	-45.08751418841328	43.70993104228202	36.906601397261426
-0.459	5.829580346450314	45.68060774398104	38.50424690099787
-0.457	4.317587850133364	47.58498062686711	37.64998029237265
-0.455	12.875454943328535	51.42843502931397	38.36857362479518
-0.453	-8.542049394488771	40.25315143818755	37.438225597024
-0.451	48.1793837465716	51.76744788594252	38.55259203485834
-0.449	78.93490367005818	51.83995446457141	37.95337069010961
-0.447	-76.57045677911256	42.61802194633911	37.047344382708644
-0.445	-95.8636210736108	49.52993182936072	38.02450045088146
-0.443	31.584195763212364	41.525414601669794	37.43434342401562
-0.441	-34.908113872633706	45.55899558376995	38.7234130288861
-0.439	-6.029455622225122	41.74239073657759	37.76064907272788
-0.437	18.96709522997142	44.87837323548196	36.68225384439739
-0.435	58.49522325562795	47.46269189241697	38.5593369500843
-0.433	-15.203240031236298	46.33165578983686	36.81333554450652
-0.431	-53.00807286268139	40.50398921760297	38.04515523745225
-0.429	55.50017796074336	42.957153505572805	38.27622281386988
-0.427	51.12496668924216	45.42478040092453	37.06478827949364
-0.425	35.74762735181203	47.362192693685664	39.632860816599695
-0.423	40.99462588436076	46.41440993848519	37.6307818424995
-0.421	-4.3819348882756515	44.21570227761336	37.269750479774366
-0.419	43.25226716295205	45.64463434711181	37.6331638757979
-0.417	36.93088426182101	49.9038726752633	38.38536121193358
-0.415	27.013458348434938	42.044685901744074	37.665452148056474
-0.41300000000000003	0.3160081567532558	46.1772408373319	36.93038911090041
-0.41100000000000003	-40.28720558413301	43.87884275394506	39.53377025986662
-0.40900000000000003	-6.7612608580791544	46.198131895345924	38.52445291741819
-0.40700000000000003	-17.60735222289256	46.352585208114256	36.80868080599017
-0.405	-45.49206707771258	40.831676178683864	38.33246621594544
-0.403	27.39594225431574	45.39315458457504	39.04869264163486
-0.401	1.2197020016202487	49.50853998595943	38.31496375482508
-0.399	-110.5883321352863	48.02234340324442	36.9189113528494
-0.397	25.57614567555433	45.7212753007704	38.465567690016
-0.395	62.13404244292953	52.20150905826499	38.94937372100386
-0.393	59.905281911687425	47.01824516128715	37.2691366848704
-0.391	-65.04898703263429	42.86378648147033	38.81392253515694
-0.389	26.979212194744306	39.40934579480539	37.28381903201372
-0.387	16.28767538019993	47.49618718683762	39.30115982167025
-0.385	3.446456338096482	49.90151231907478	37.585175312839475
-0.383	14.53589834143898	45.65099980643542	39.8539281522944
-0.381	19.66220042182165	47.99476999556666	38.918270457818544
-0.379	75.63359018170068	38.613519561323585	36.8435708884937
-0.377	53.937490086974904	50.97022409865228	38.385977451914265
-0.375	-25.461834877171796	49.997925196427765	38.954797229876746
-0.373	-12.895506901866582	49.3100432332121	37.326840823971196
-0.371	-115.63285808569023	50.88598259149	38.37993202639087
-0.369	-38.343108225147304	53.73545051158936	38.7333389237541
-0.367	50.373890743804495	54.433973096556564	40.521199038015425
-0.365	-22.062130987987594	51.82507315764869	37.57166350426837
-0.363	-52.8270579430723	49.777522499138165	38.749007348833345
-0.361	47.89436560237448	45.90795667137429	38.13037153461634
-0.359	107.7286269457467	50.89593158473381	38.77449210665633
-0.357	-19.947911578555022	50.6508840619694	38.41871267251535
-0.355	70.73717218442077	42.37955882704072	37.90857431144989
-0.353	-25.623262253415824	46.22510930978681	37.72255577758929
-0.351	-39.4157183191135	46.3398579440612	39.16934836417274
-0.349	80.70110454161394	50.508260673118016	37.394868233959755
-0.347	24.953769189650643	44.286992125672235	38.1480643513671
-0.345	30.02737497426189	47.963964385883926	37.195879018108016
-0.34299999999999997	46.55087753535625	42.78638947566896	37.62454471158734
-0.34099999999999997	-7.109355891765645	47.82170850513386	39.41119914236039
-0.33899999999999997	14.844245683764967	43.20357763114938	37.54395353028106
-0.33699999999999997	-54.0784612897971	46.678753287635914	37.7093075473831
-0.33499999999999996	7.38222998064586	47.64416230278654	38.984582348823565
-0.33299999999999996	19.66884365645072	43.7323696339055	37.91394453029037
-0.33099999999999996	37.291968576269596	46.13905329032338	37.202394503543424
-0.32899999999999996	11.509775362128494	45.06723863853262	37.0130327407796
-0.32699999999999996	78.03280495521925	50.83346946719331	38.75396087021058
-0.32499999999999996	46.82086938756491	44.22877637341844	37.54932001310419
-0.323	-23.523558510873954	52.99710710816569	37.96225540452993
-0.321	15.967784260828566	44.38068972204666	38.769935038688395
-0.319	9.947644855179405	46.008355302581364	36.83548391474932
-0.317	98.91801399208866	50.801313012703204	39.57109469231491
-0.315	31.425670542262196	47.793416832799544	37.34603355927445
-0.313	87.682762420771	45.74200384244724	38.48401850998007
-0.311	84.48091131918467	44.78214353927342	38.47888987683926
-0.309	-21.54486809691214	46.319949150348606	37.337634594786685
-0.307	40.161260436155644	51.20388460531737	39.03303976647896
-0.305	71.06602258954986	48.526497850847214	37.84303526692654
-0.303	-17.58157748521505	43.20815404961541	37.434757012630016
-0.301	5.532968350374645	44.60931344209675	37.50653449499412
-0.299	43.8664186028781	44.43220064854934	38.003625058633766
-0.297	30.539826504139	49.797852607965616	38.65440636594672
-0.295	-53.72200359388124	49.054467864195736	37.97476178887848
-0.293	71.51693658746794	51.506290540964514	38.501534310942056
-0.29100000000000004	29.114675266672663	41.87543359123151	38.09981472711198
-0.28900000000000003	-10.830965358143985	43.03017167900606	38.60897106304289
-0.28700000000000003	23.638220799648835	50.58321635307984	37.96658436202459
-0.28500000000000003	2.9195150503813494	44.80826465207159	37.449971568411
-0.28300000000000003	-45.28421554428341	50.95264896324841	39.06718441546563
-0.281	42.82234262897866	45.54882657156439	37.20922403767771
-0.279	77.98899729571929	43.71985420358929	38.40138245826243
-0.277	17.387460314877146	46.242288768347926	38.18487531561922
-0.275	31.166310594077373	42.8356853796544	37.84289728143192
-0.273	86.57919885268761	45.105935810292074	38.52480451528764
-0.271	9.511355944402666	44.91128781995462	38.085474788401584
-0.269	-18.363230042450773	47.09380893824976	37.475124108361044
-0.267	-25.627846992337666	45.66395485054864	37.94724573708706
-0.265	-39.63495307313103	45.853160291931836	38.81132844904574
-0.263	28.354376640615797	40.41768641240963	37.75879648903946
-0.261	79.1292238380148	42.149328825125984	36.97231141884069
-0.259	-26.624343325343247	53.09814002137843	38.9034311084504
-0.257	13.364511515012722	48.67582914748353	37.612299853054424
-0.255	-16.816772455352513	43.087525931258	37.4679099846244
-0.253	-50.3725107102726	48.49890272665681	38.48979795442327
-0.251	10.626176044636892	55.517204778116415	37.89651153303597
-0.249	-2.6782956568105476	41.85554006283174	39.78258374906076
-0.247	-12.512245056162108	46.4191677881835	37.820519047149936
-0.245	61.771060722692894	45.64071014647102	37.6199412927604
-0.243	49.96340784679809	43.52140950150617	36.47365283415174
-0.241	-25.553832184721514	38.72251265846582	37.955606366538056
-0.239	78.51279661963417	50.97027662847507	39.36900710015112
-0.237	39.51986855676992	43.87201561533826	37.77455769903949
-0.235	-3.42414510068334	42.32886266779932	37.64869418180769
-0.23299999999999998	21.413090138144852	50.85496492366995	37.951642402402186
-0.23099999999999998	39.66223907014843	43.15599482553028	37.645645724310036
-0.22899999999999998	28.950886964418387	43.04317576097722	37.47489373407012
-0.22699999999999998	31.069032318642442	45.54536559950955	37.31169363201233
-0.22499999999999998	104.8833718355624	44.97280432645157	37.550295226169425
-0.22299999999999998	-48.2692506199589	39.45624374139726	37.86221963713534
-0.22099999999999997	-31.01976504549242	39.57366601722512	37.639354922601015
-0.21899999999999997	52.907852625239116	45.651989801623486	38.78143730068176
-0.21699999999999997	22.20112606599045	47.896358255235405	38.44511882478436
-0.21499999999999997	-31.906370027479092	45.65869360393199	37.15182304031409
-0.21299999999999997	72.10897015808015	51.884056228879054	38.199969680203715
-0.211	61.4912704841597	45.210373182061815	37.96571475498746
-0.20900000000000002	-43.066039100536635	42.83154503993067	37.328185370595776
-0.20700000000000002	-27.614810432785575	47.5296401128291	37.65401702660466
-0.20500000000000002	37.919508762085385	49.78330936650859	38.43524017665087
-0.203	34.41217764499349	44.46634601925992	37.245393100150714
-0.201	-41.90099379552947	48.728478866167876	38.897802142171386
-0.199	42.89617910746557	50.09105673999313	37.38986097159901
-0.197	133.25339668335266	56.0827415017644	38.3656791568803
-0.195	-28.002742643251644	46.98505319957464	37.41824617220371
-0.193	40.91963278840538	47.07746737403471	38.36020606053116
-0.191	-11.432760831375788	44.455356288544536	38.475907753388555
-0.189	91.37225726552067	44.88598468752297	37.32504821171057
-0.187	20.227059428723493	41.93615998725261	38.15342632380806
-0.185	65.57680999530469	51.89524802413772	37.49856401527097
-0.183	31.47914976930899	50.96390293429622	39.71232725427816
-0.181	-65.31894183081644	47.28891922138189	37.151887906872695
-0.179	-8.871497683471397	46.87640778643077	37.180411303612324
-0.177	128.05656877223902	51.46868718228385	39.144110771011505
-0.175	49.936049543841676	47.75636303415885	37.49577014987737
-0.173	-1.8997314034097101	45.19868734888449	38.64626633413805
-0.17099999999999999	63.026647843633654	46.830188701739345	38.14452122429986
-0.16899999999999998	-72.43041387405836	42.5282921946853	38.020356677823706
-0.16699999999999998	-3.3998514178401607	47.48714800396582	37.379897395239134
-0.16499999999999998	8.816927007382347	47.79423076352848	38.03348650344279
-0.16299999999999998	75.75059310638288	47.400063060983484	39.39359361992374
-0.16099999999999998	17.842686755420445	43.960481738330344	36.604826802081426
-0.15899999999999997	-23.651284692172148	49.31087353522365	38.47093289420805
-0.15699999999999997	86.61307705737364	45.68606240017569	37.98377948855612
-0.15499999999999997	81.12213181621364	47.07477768445343	37.951362906817366
-0.15299999999999997	-22.326082732337937	45.96719626202261	38.13617258314879
-0.15099999999999997	-14.05269994514402	48.908742054551155	38.13787649045096
-0.149	20.248571746206423	44.85385886155766	38.487884395659485
-0.14700000000000002	83.67235612083412	44.169449005345015	37.37586634698605
-0.14500000000000002	-64.27993191404636	50.31256652471319	37.68471643015647
-0.14300000000000002	121.54514558382346	49.16207265114646	38.87136239237529
-0.14100000000000001	105.62771765676437	48.179870923519026	37.041830318096146
-0.139	9.48804523037694	50.700244939996225	38.23671915500968
-0.137	-8.055030447429168	45.88967260719397	38.04987764228074
-0.135	56.89062317193461	44.9260664059886	39.17914332341433
-0.133	124.28924549845455	43.01176514465293	37.59757617072583
-0.131	-21.726511009290128	43.009409221465994	38.24691748578996
-0.129	-34.089835383555034	49.1517359034462	38.243481177795374
-0.127	-17.969883994162217	47.5477989249309	37.34271541651261
-0.125	23.95778254138392	49.75490078826339	38.23073382518342
-0.123	42.282544797878074	46.49062937626688	38.88163812793002
-0.121	45.07589643654164	46.095817330663344	37.32984392079715
-0.119	-4.693580183956492	44.130926923107594	37.08802071407305
-0.11699999999999999	-17.622468475253505	51.848914869279874	38.486237289215744
-0.11499999999999999	0.3043527800894452	51.76698659257535	38.873561953661245
-0.11299999999999999	20.954209726253836	45.06331226076221	37.15900633256742
-0.11099999999999999	-49.14741643791132	45.66235437801456	38.15718087618719
-0.10899999999999999	82.64196723994921	48.32733465795654	39.31660554620139
-0.10699999999999998	-26.15761882740486	47.31766858396351	37.8775780177379
-0.10499999999999998	39.178742276879674	49.56943515789688	39.48517180769458
-0.10299999999999998	28.985117522362103	49.9193216080487	38.62025806691887
-0.10099999999999998	24.849041511121328	44.72688165813987	38.4598482403313
-0.09899999999999998	-4.2461453648723335	39.549172249115884	38.18836829486164
-0.09699999999999998	22.433930729981455	42.3187212305373	37.93176098453689
-0.09499999999999997	3.145176310948017	44.51281691489753	39.470247863500774
-0.09299999999999997	59.77420468528116	47.004794572479476	37.38099373663237
-0.09099999999999997	-12.541285388634194	46.97745432354684	37.66320590914391
-0.08899999999999997	188.03951915735695	49.393213834251796	39.61723999260493
-0.08699999999999997	51.0093028152081	43.81320601697931	38.36297802566065
-0.08499999999999996	13.71456369025914	46.851548153469714	37.235811844933615
-0.08299999999999999	5.544454762640427	43.926220629929276	39.470520547018694
-0.08100000000000002	-6.1209531979633525	49.47537340964132	37.58621110787933
-0.07900000000000001	23.464801470307606	45.370801117243765	38.718005832633835
-0.07700000000000001	-20.75750685270883	48.133691386129286	38.10754762229891
-0.07500000000000001	117.73376748114295	47.15489448233355	38.90391931582223
-0.07300000000000001	23.29793217925591	46.23658478841637	37.5638794838817
-0.07100000000000001	50.946722565781144	45.46780927787112	38.97892561680092
-0.069	80.11256048634507	47.71004408901551	38.608370485026065
-0.067	53.44232782023006	47.080438810690715	37.556417562528324
-0.065	16.52854983080765	47.02586942627798	37.93413641889762
-0.063	26.64121908280137	48.060372362318006	37.68407639981932
-0.061	46.94812173400287	45.59821499686459	38.416930499649276
-0.059	-33.593313706448136	39.50929126892232	37.734015800804876
-0.056999999999999995	-96.35208973013398	39.574572470206384	37.606269005436644
-0.05499999999999999	90.86557276183349	55.37449716115761	40.10345921602608
-0.05299999999999999	-6.045946739918762	44.84820296649844	37.15040327383225
-0.05099999999999999	-16.155108708670873	45.401161018886775	36.708802755362335
-0.04899999999999999	73.48166224807606	54.50123230439086	39.90804195685288
-0.046999999999999986	70.93849398809304	47.55321584325824	37.57989933286372
-0.044999999999999984	-46.16467862450513	45.74840165978391	37.78101697815233
-0.04299999999999998	-64.22406113548718	46.531086805573715	38.65236126586871
-0.04099999999999998	67.11573785711522	44.33509766098874	38.00286163414256
-0.03899999999999998	-17.406469595804275	47.49118850198344	37.724246281303024
-0.03699999999999998	-44.27016802277528	44.32258738070442	37.51314631383599
-0.034999999999999976	-13.677448268967218	50.12116224850907	40.20282786667305
-0.032999999999999974	20.544402294264685	46.73354013885364	38.2325764044875
-0.030999999999999972	3.5147963766135604	47.19222374027353	38.192740187120314
-0.02899999999999997	-111.30701953843136	45.78766133286753	38.4149786649043
-0.02699999999999997	75.8521587016503	47.52913308203437	37.97290189672284
-0.024999999999999967	-53.15830304764013	53.3450368468974	38.56549730398158
-0.022999999999999965	22.516043508336026	48.181847039616386	37.597254655710934
-0.02099999999999999	54.959789421715755	48.034253418990026	38.20346160316997
-0.019000000000000017	-4.51557689584714	42.06129068368323	37.78498845799142
-0.017000000000000015	-61.92532515492122	45.95716541018744	36.752676501119794
-0.015000000000000013	-0.8081107981672275	43.06630174335416	39.206852467783975
-0.013000000000000012	-135.87717739094174	47.35516290272796	38.35958029800813
-0.01100000000000001	-181.92982246656442	46.14088712155557	37.82148931959922
-0.009000000000000008	-227.16559056445985	49.50640763819896	38.77865318950245
-0.007000000000000006	-132.40361466215768	48.78986503317652	39.252570237533895
-0.0050000000000000044	-238.57677047889325	40.84500204941595	36.928781419760156
-0.0030000000000000027	-196.43315524919825	47.77774810322731	39.101929705227676
-0.0010000000000000009	-154.5942588012661	46.40546117705121	38.287801268692604
0.0010000000000000009	-185.1927540479359	42.87091724884879	37.62187144061163
0.0030000000000000027	-193.31030472879985	44.181000382289696	38.824332572875555
0.0050000000000000044	-146.48099633229884	47.4545442323434	38.27688127240173
0.007000000000000006	-188.14200510064438	41.18331809693767	38.40850316871038
0.009000000000000008	-164.00035008334868	41.66619679187177	37.02366930634388
0.01100000000000001	-222.25427728850278	48.525938831588086	38.663595565832175
0.013000000000000012	-104.96540399662635	47.36395217431181	38.96921600395494
0.015000000000000013	-68.07479482751066	46.87919950484242	38.29846502505506
0.017000000000000015	-17.24415795623102	46.845822338607746	38.912195550322515
0.019000000000000017	-5.013147716614874	48.96144203054693	40.219598227319025
0.02100000000000002	-27.901927760254353	44.144359912227316	38.90704455167487
0.02300000000000002	89.35529605835768	47.927693299006606	37.38356113724529
0.025000000000000022	-8.417167160268413	48.10501072721853	38.20983673950861
0.027000000000000024	42.562081622454784	51.457452333276095	40.09184038151939
0.029000000000000026	13.16573949416977	49.44511374137119	38.32930251094351
0.031000000000000028	-18.022228765790516	47.195898984869245	38.02572093624655
0.03300000000000003	-47.41594034174401	47.7762322257562	39.264738732252496
0.03500000000000003	35.30240290250397	40.27956222638679	36.89069186049408
0.03700000000000003	37.46885803046496	46.91651468348251	37.61409239199997
0.039000000000000035	-88.00076409121172	44.71556205054768	38.63807547505378
0.041000000000000036	71.35595376084325	47.66310223392636	39.17281101214915
0.04300000000000004	-35.74377118187311	43.259678293691024	37.14735390380385
0.04500000000000004	5.266019864835769	48.74261517070379	39.214313885168835
0.04700000000000004	-38.9166365477589	41.13939204206491	39.0951550768581
0.049000000000000044	13.397812102633466	40.423193120007745	37.05231158344338
0.051000000000000045	-93.14229965795562	46.08510167916328	38.34651160203871
0.05300000000000005	55.33058949236391	48.779572302253115	39.677927929874116
0.05500000000000005	-41.63305685755958	44.30698283062318	38.82639294991804
0.05700000000000005	34.13746759983738	52.125531177189444	38.94327653540789
0.05900000000000005	25.697030356042205	46.578409776701655	38.017408764401004
0.061000000000000054	20.590246418317193	41.55931580453357	39.55293292413732
0.06300000000000006	-27.784346635417734	47.01016046095715	37.814860160824075
0.06500000000000006	4.100307191556851	47.809869010513566	38.428946011689085
0.06700000000000006	37.47916968954712	46.77574933883615	39.537854941875835
0.06900000000000006	44.612930388598926	44.9757491560452	38.761018350972606
0.07100000000000006	-15.684044895714067	41.114707293331605	38.09459741284413
0.07300000000000006	21.774532227514243	48.13626431162446	38.707273669759836
0.07500000000000007	32.98671698415134	48.80048986149241	39.22388056255763
0.07700000000000001	-37.690557365910315	44.239744835025974	37.7665396902363
0.07899999999999996	74.63889094827536	51.28128078704605	38.94623800115013
0.08099999999999996	38.89573150561709	46.656649849227186	38.676350822755786
0.08299999999999996	-23.400265693473976	46.4804818311075	37.87071112585533
0.08499999999999996	45.882970794997036	40.70357980909231	38.43736215459654
0.08699999999999997	12.867623542911488	48.47752150192187	39.370039174604514
0.08899999999999997	36.763554993157754	45.08284346890351	38.54571383043301
0.09099999999999997	24.117879488416705	47.00358628966511	37.13256247486938
0.09299999999999997	-26.390010182675283	44.71410387994344	39.23976458125618
0.09499999999999997	107.19465265185413	47.05178891095783	39.756041282883295
0.09699999999999998	44.3254345883215	37.56069761411403	36.752096279067295
0.09899999999999998	-75.27147069008589	46.78588865481571	38.53557444343548
0.10099999999999998	86.45533035900321	49.01084235917924	39.84059963477201
0.10299999999999998	41.927031339650256	44.35511508465788	38.20400553124564
0.10499999999999998	-49.53734302060031	51.521317290216636	37.436093675930636
0.10699999999999998	-33.61190463180286	47.524080755121005	37.76764428634989
0.10899999999999999	68.98182531167585	46.35014412990093	39.89450759741435
0.11099999999999999	4.246770911597864	41.150445814183996	36.25126617409654
0.11299999999999999	-65.45776513178225	46.09421400497133	36.61976637018559
0.11499999999999999	119.62450233893307	43.682409547983426	39.499144839775425
0.11699999999999999	49.183421511722614	46.341250411334734	37.544212580898495
0.119	15.563230103321501	43.62182233020337	37.996481682314624
0.121	72.02176400511462	48.40797856971967	38.57691841485071
0.123	26.956519017184988	46.016195939569506	38.85600891920656
0.125	6.026401480063726	50.09990474596368	37.09834354246702
0.127	-1.4262800002162734	48.34664425501169	37.85519209077536
0.129	40.015291436823475	46.40975723137204	39.060697384963326
0.131	-81.55313012137012	42.33297748468339	36.95976137798604
0.133	-3.8270681090857295	43.70645014021653	38.61087345544518
0.135	84.19245980895163	46.6227458172062	39.27321205577679
0.137	71.22800810988039	49.53132622141049	37.919581911835934
0.139	-44.841677672491365	42.45039832459305	37.59854189659966
0.14100000000000001	10.634330804615288	50.11120408502247	38.018376462195874
0.14300000000000002	24.20249379997408	43.957464574248746	39.696684842673804
0.14500000000000002	53.757362884931936	49.136254370798454	37.12032580171005
0.14700000000000002	-59.68667663480698	52.04336872841227	38.82744532108331
0.14900000000000002	85.26668287234251	49.83456561771771	40.16242570225254
0.15100000000000002	-38.81948004746949	42.550508421157765	38.30478512075097
0.15300000000000002	6.991677942824737	49.80506958059819	37.2215645126698
0.15500000000000003	55.65324494538615	45.40320510177869	39.108927308944985
0.15700000000000003	96.32685884608527	45.99867721942703	39.423256460229936
0.15900000000000003	-10.867536110126252	43.2082503477591	36.108641360318224
0.16100000000000003	-75.86939428749773	47.338095781686626	37.943692729603335
0.16300000000000003	53.16299198354635	47.807887532094	39.3252844896462
0.16500000000000004	-23.787569340294468	47.95402696460781	37.263995913541756
0.16700000000000004	0.3572563571641041	47.204480240505085	38.387870561579064
0.16900000000000004	-19.162505378811368	47.62284849408683	39.27698444295389
0.17100000000000004	28.59875743244089	46.5695546458328	37.98571124348498
0.17300000000000004	-14.142169476483168	46.518001872916976	36.88340711490635
0.17500000000000004	-60.50199690144087	49.081794629995635	39.388596661643014
0.17700000000000005	97.20913867417025	43.78690165665784	38.946348922232616
0.17900000000000005	29.66359666478624	42.17540204148329	37.443060364018216
0.18100000000000005	-4.458755204161946	52.22467550502469	37.9758018646717
0.18300000000000005	108.70397062734405	47.72447663442018	38.47353978985114
0.18500000000000005	41.75975777376273	45.82041883180999	38.402782539436494
0.18700000000000006	-8.492053687692014	43.21853355025546	37.310942199703824
0.18900000000000006	-0.9814052418510855	47.09733587053933	39.20203031697092
0.19100000000000006	52.52084007012492	46.42849111009746	39.73471403580042
0.19300000000000006	52.71516532423526	47.37839597863419	37.16269397934174
0.19500000000000006	-14.483520457631016	51.20407829909207	37.09774604143832
0.19700000000000006	17.09691646856193	48.29413975539598	39.38659302958151
0.19900000000000007	23.138732512473226	40.82757749379438	37.57542737568177
0.20100000000000007	-65.97489447401905	44.303598918914204	37.915945273907134
0.203	10.716145105726937	51.365219625406944	39.11066871525712
0.20499999999999996	-3.9190065245220396	43.00375911811573	37.49282848575604
0.20699999999999996	0.7592752855334339	40.26297988687368	36.89123984659212
0.20899999999999996	-22.798963518866344	50.31726044743624	39.09805318543085
0.21099999999999997	14.167374002838073	44.88243951745624	38.5383449607914
0.21299999999999997	-71.18895059843311	46.134578229985834	37.25756209771803
0.21499999999999997	3.794664826139993	54.23476302818678	37.88476994955221
0.21699999999999997	4.643851485353068	45.77435576704484	38.578263842072026
0.21899999999999997	1.957808708485942	50.656827654454226	38.088716897969654
0.22099999999999997	-31.804562751314158	47.83852110111097	37.7168250878432
0.22299999999999998	-12.375754224747126	44.03796075623487	38.613966887143604
0.22499999999999998	-8.779155822091766	48.17404587422231	38.30397100603585
0.22699999999999998	-12.67927775183697	47.68032651595836	37.685016859257644
0.22899999999999998	-45.599798162876404	42.845485197670584	37.48744452730964
0.23099999999999998	188.3220126579488	47.235914684644264	38.98325425512504
0.23299999999999998	92.08637257374086	50.20797913043327	38.3705497010911
0.235	-13.110559955009649	46.843804199962996	37.34267547319149
0.237	52.497388537187106	50.42811355594374	39.744708666126904
0.239	28.24065084339189	48.55119762639608	38.75612293229075
0.241	-0.34846207475069946	49.36283437375247	36.788293541799696
0.243	32.21831360922245	54.62959218249939	39.41348726970758
0.245	-40.818942197207164	45.13918610879181	38.05396898585031
0.247	7.739715107701883	50.51303883446248	37.966496858879275
0.249	-16.871055105283084	46.11757318111431	38.002270553267685
0.251	38.68196713718852	47.74610758520369	39.907667480567405
0.253	46.7995367356977	47.50048191836767	38.41331572600879
0.255	-77.60256045907798	38.40113511706848	37.572345721758715
0.257	5.625739668557728	49.55284812534361	39.66618150281333
0.259	70.10552347685994	42.66612624864771	38.010545724732005
0.261	77.55557027211424	46.86018224825933	38.037228531348674
0.263	-24.699722930288104	41.373738762279295	38.807932674847564
0.265	0.6043137750211258	42.24118461749364	38.839625178534035
0.267	84.62381675400366	49.09738452406279	38.19449324882918
0.269	-81.74032203533966	46.08844006505102	38.04547894447877
0.271	-4.463174592128638	47.89962698656811	38.74738507496304
0.273	-2.2439402947993514	47.596655555705965	39.16004272928921
0.275	-51.93775698186798	50.39977946283491	37.83367562104841
0.277	-68.80037931411565	50.11408542848546	39.0100596310953
0.279	-19.54364432188438	46.378339452993686	38.33567605232307
0.281	7.085564484254903	43.158469748761874	37.40293789999938
0.28300000000000003	-23.362936961701664	48.74358421125181	38.78872513743643
0.28500000000000003	120.25686305205951	42.96217748796906	38.56795528788434
0.28700000000000003	0.46603120318344793	47.585196935391785	38.527371729580494
0.28900000000000003	6.514169135884984	48.63408686926471	37.84683121830173
0.29100000000000004	26.261591451692823	50.62023761544866	39.79717162901833
0.29300000000000004	73.95322998315912	44.88022264084384	38.11429417799807
0.29500000000000004	0.16520211709725174	49.98873541226968	38.09165773520536
0.29700000000000004	-60.30442203874831	49.66209605264603	39.835148124445325
0.29900000000000004	89.68070223147606	44.23977521318295	38.603994275898714
0.30100000000000005	-7.690410658955926	45.084354380865996	37.579350681695075
0.30300000000000005	26.90155596973831	49.14873856897072	38.62254161239069
0.30500000000000005	52.654656378381404	49.5892988310571	39.24259318289992
0.30700000000000005	-5.401115790504285	48.51857184572054	38.599895655528535
0.30900000000000005	139.0207604829996	43.66757618790115	37.764524562645946
0.31100000000000005	88.8385739816755	50.29501215905061	38.61549924798376
0.31300000000000006	-18.903019616378636	46.72224571971128	38.265679046049634
0.31500000000000006	-37.71929067519775	46.43094932455662	37.0917239408811
0.31700000000000006	-55.80581042941013	44.63749130776088	38.30313161988733
0.31900000000000006	73.69669346535268	43.4329974415936	37.83197530957336
0.32100000000000006	-57.04066886458303	42.17628171553038	37.839797326613066
0.32300000000000006	44.07372816661592	49.63011723572125	37.18073943325823
0.32500000000000007	-30.8715444804486	44.85422655436807	38.307011514621806
0.32700000000000007	72.63460041895264	44.50112954247749	38.06506178577287
0.32900000000000007	-6.184169235701198	43.72369750834081	37.46041064635643
0.33100000000000007	-36.620170931089824	49.55064347307379	38.43001221796121
0.333	45.80934987918894	44.69737948824531	39.56742974620467
0.33499999999999996	-61.656566727741335	45.921761289878454	37.09468967520965
0.33699999999999997	-93.92778456807082	45.612624214605496	38.30432217483336
0.33899999999999997	-18.345130552321898	41.77522664542144	38.52934038243428
0.34099999999999997	27.826468213643096	44.477611412157216	37.97323419037224
0.34299999999999997	-45.06739463638887	44.34474994932666	37.243131646648564
0.345	-36.91675320693921	49.938047463369124	38.28481089425553
0.347	19.469125075000093	49.019490828708115	38.34180535846065
0.349	35.07416553616416	46.1478262635985	38.27906983413657
0.351	-6.229371147692397	40.33250501276478	37.366635390098146
0.353	80.12133376822383	46.38076104537444	38.08122161451831
0.355	-14.740774484711672	48.05584606495249	37.38048754312603
0.357	0.06222559778557013	46.51884187801605	38.4792212478092
0.359	-24.851507209766588	43.971205842207596	38.0780155272153
0.361	-36.82210440514311	48.50568580143722	38.730804526312184
0.363	-16.246079216575282	46.1364828934617	36.99718226079046
0.365	-31.870738409711663	46.528204302590645	37.89524265336758
0.367	34.31800094966242	38.13284207450775	38.88458561825332
0.369	24.26511982434043	47.129224321882056	38.001717399168335
0.371	-3.2562285983139816	45.71400199398783	37.293083182630326
0.373	17.383903358370034	45.355461843880754	38.121890154292984
0.375	77.35267517960942	41.56648573542274	37.416333865377744
0.377	-37.13992995335591	44.89021041374211	37.102255324712345
0.379	-58.37962204491287	48.67104157700211	38.33018627633996
0.381	2.6808746096396163	50.12320667594275	38.48733665275316
0.383	95.77033692353965	40.906719725987045	36.35591708304938
0.385	-9.30781537444858	48.416010817755854	38.6872907430602
0.387	-10.519217475857268	41.74969812330333	38.256023796459324
0.389	63.061340048076175	40.86974406426952	36.74512153264988
0.391	69.27422826197294	47.56231462257213	38.05646570046414
0.393	-32.72636636708626	48.608173357239124	37.89844894185814
0.395	-8.881812496919217	50.83528518214825	39.224760513175944
0.397	-6.63084367746869	44.611587149931324	36.97397960173883
0.399	-12.075882490192313	47.05143196187092	37.28812650836377
0.401	4.094752390715328	51.93103873463972	38.431280567840474
0.403	10.551318501805795	40.83499301361009	36.81738590237342
0.405	14.189461773783663	47.75840557768788	37.19050421730008
0.40700000000000003	-7.460453122165589	47.868307668105885	38.717424510775864
0.40900000000000003	-21.08439996961753	46.14720923837846	38.22814744101573
0.41100000000000003	-17.05681661945402	43.33447257013825	37.019997421299706
0.41300000000000003	55.682894541497774	47.81975480423718	38.49236842652424
0.41500000000000004	0.1354357670457773	46.33626589817886	38.915554282786495
0.41700000000000004	56.98500748496649	38.88648279602664	36.87978835150913
0.41900000000000004	-34.423653746729066	46.0725117868577	37.730285904061056
0.42100000000000004	42.38055797167739	45.65359760995664	38.67076244063179
0.42300000000000004	51.30812933606954	45.86890121477361	37.66810040514461
0.42500000000000004	-17.882990234641127	43.64149843841684	37.80764511082052
0.42700000000000005	30.602482522734675	46.711661703963294	38.151175005048955
0.42900000000000005	50.285094352231496	45.21582910283628	38.55194732244625
0.43100000000000005	-39.26948877286396	44.052784265904855	37.690975231939156
0.43300000000000005	-93.51681116942513	45.519383648736415	37.36780617148995
0.43500000000000005	75.62519687787095	45.070951285201375	38.64913271751534
0.43700000000000006	68.26977213747476	37.51497483841756	37.487570129144956
0.43900000000000006	-59.969601444942455	48.68550754247857	37.776094386451625
0.44100000000000006	-10.053518681440998	42.0288672332195	38.549824432873386
0.44300000000000006	34.870948256937595	45.71595060532943	37.884672952025106
0.44500000000000006	37.926778975627684	42.60778280460664	36.85373518351637
0.44700000000000006	-23.822002514273244	45.29310707325763	37.22859189527499
0.44900000000000007	94.36081776859062	41.902350451088374	39.03343220545657
0.45100000000000007	-5.633669807436625	45.75059546544961	36.66311589236156
0.45300000000000007	-48.556058523718804	48.16049904493559	37.13733955905612
0.45500000000000007	2.157242896538847	46.615952062736746	38.62618724960035
0.4570000000000001	-56.25545022880374	40.67489225250423	37.613999314342074
0.459	-19.495883886611054	48.90649783320425	37.98675074374874
0.46099999999999997	-6.0259881025093165	48.94795066902036	37.98201673357773
0.46299999999999997	70.76817275031289	43.267325206700946	38.052807853538646
0.46499999999999997	-41.46846247843339	42.721265511819254	36.46519355595409
0.46699999999999997	-46.823256488082166	39.18721104445093	37.53457727047585
0.469	1.4462673498805145	50.53596065028927	37.19749051761278
0.471	39.420112281307595	43.59748609746384	37.981953146955426
0.473	-36.57752561780914	43.914277800956	37.05559524541402
0.475	81.6034475732419	40.74077477063316	37.529049505868485
0.477	32.49180397424389	38.592289872360894	37.636318548140174
0.479	-36.64913596068686	45.78187239068203	36.68993435189984
0.481	-13.11108175250375	49.39451526917293	38.36135781910381
0.483	3.952538414342399	44.910594696713375	39.55676743914258
0.485	-25.33419563022221	42.00238609388762	37.50475680420832
0.487	2.3220522293865287	39.44711181988946	37.07875366170977
0.489	-19.644329853130138	41.96489290626935	38.04860576101752
0.491	47.76285346919096	45.87974332864963	38.819740858035274
0.493	-9.357899790618518	41.84579963453147	37.40943665012058
0.495	67.55399153868247	46.8499991788624	37.610721241809436
0.497	62.161569736485234	48.549317543854656	38.310666571910915
0.499	7.823129732242862	45.19821330043177	38.51072196059451