-0.499	0.2925973086043143	11.932491437291974	6.743446816710132
-0.497	10.676951909038834	10.887703126765851	6.264492406496159
-0.495	5.219756838537037	12.094226815642001	6.494073995601707
-0.493	3.6016522524384698	10.809939471936621	6.614943756271742
-0.491	10.001661487013536	11.164516201171912	6.310951676820589
-0.489	9.153811359130515	11.475220789249242	6.179172062584043
-0.487	6.70934445068383	11.538965291905543	6.269696866681154
-0.485	16.863503575770267	11.295458252124687	6.152138286227708
-0.483	19.29585471116546	11.218592552116203	6.346466577233353
-0.481	-6.79633027755866	10.394687280606528	6.418402193618404
-0.479	17.66135728953344	10.256772293047968	6.322904995321123
-0.477	0.4292448807508009	11.860597588755665	6.37385415717706
-0.475	-17.854125199279203	11.274753188887322	6.32027437766109
-0.473	-1.188580047606358	13.047100471728424	6.60213248076344
-0.471	11.86332441149851	11.880687738563108	6.475065432094234
-0.469	-17.363115818014307	11.129579363777657	6.441236088948352
-0.46699999999999997	9.119688624714684	11.26441171164619	6.225447587184356
-0.46499999999999997	-16.619976948129	10.654482278922794	6.507596379744181
-0.46299999999999997	-8.525785458401991	11.82159131216947	6.476835196042768
-0.461	11.219916919102957	11.065986491072758	6.417549847964681
-0.459	-8.656523918793013	10.177303044776803	6.10458427479346
-0.457	24.27524328085795	10.830472330345865	6.547980399434158
-0.455	15.908774877004817	12.598067618972568	6.446809946023559
-0.453	-5.381698776396604	11.52012576820344	6.433346977721669
-0.451	16.8544039322871	12.255279493328226	6.349579219315047
-0.449	6.322604131803189	10.599708941232603	6.289580781125896
-0.447	1.1007213960301243	11.621511534274363	6.293539517114626
-0.445	0.1414137018596051	11.698464453649493	6.342508402454906
-0.443	0.17088719350688564	12.882469325745669	6.4738215734177365
-0.441	-7.785741076626884	10.335846491542307	6.208951432336217
-0.439	14.530498247955492	11.355128719398941	6.4213906956118585
-0.437	4.211543166432463	11.8975224269292	6.545268915912556
-0.435	1.006231848288408	11.579420544718205	6.540390829660974
-0.433	0.9987816589340781	12.372472489043567	6.6008752405828055
-0.431	10.982462602449061	11.481655707291823	6.327046060442516
-0.429	-3.958950231863767	11.904476755643381	6.436406618719769
-0.427	16.07767962430451	11.485975915348677	6.221787207274358
-0.425	-11.117505627877833	12.516511352946154	6.452461857503657
-0.423	3.8773407888825773	11.889785744645293	7.0538182169560555
-0.421	3.6902308819808383	10.57045725589321	6.377210075337013
-0.419	-21.517202807186386	11.656450898301433	6.121291755909951
-0.417	15.97710317779999	11.23991537272432	6.389916220619599
-0.415	15.178274626270749	10.725711061915234	6.507106759987694
-0.41300000000000003	-18.824861915955893	12.087747091694748	6.571743689907304
-0.41100000000000003	2.1271695642699484	11.278721350320879	6.169421620235124
-0.40900000000000003	7.282184874224384	11.992366472164008	6.209326684704758
-0.40700000000000003	3.9158251152748846	10.648884869875145	6.211844907610725
-0.405	-2.37800019520229	12.143445717571971	6.565571964152089
-0.403	6.374890972438152	13.453502390484156	6.712141124869524
-0.401	2.061173064227262	11.43071077958958	6.176701014333402
-0.399	19.664119453199902	10.88037946927251	6.259828947606324
-0.397	5.156125828298386	12.442958684290993	6.412310847309517
-0.395	4.714558908824884	10.998355856873212	6.378196060006055
-0.393	17.656037466506902	12.08287556727218	6.281004521440554
-0.391	7.893363304090073	12.049591358312188	6.456135214164308
-0.389	-16.75567894410257	11.68892808974061	6.319121256452023
-0.387	15.244030424632626	10.36337146499815	6.49491301166738
-0.385	-3.0989643396983624	11.60936470295544	6.345864651713474
-0.383	-3.3745555216846412	11.061118317910806	6.291622547801966
-0.381	11.00835617284801	9.951792835953977	6.283067688179492
-0.379	-32.70043916347998	10.108191289887309	6.516481134914135
-0.377	18.961664113081866	10.490703151509086	6.256927204110278
-0.375	19.204562581975892	12.056406995433948	6.684624027583782
-0.373	-8.199040799405921	10.205959473332673	6.377112879543204
-0.371	5.227254661788194	10.506624977582062	6.0951783326145605
-0.369	11.534896768639058	11.684501694662195	6.385277592195229
-0.367	-11.38835722014342	10.79456860150719	6.5612907957877225
-0.365	-8.930639213367009	11.748220985497614	6.3994674320975555
-0.363	12.665343459117295	11.291791023733058	6.478127822417899
-0.361	-2.758097402799642	10.868107719791103	6.232353318909892
-0.359	12.219540710622923	10.625822399527394	6.230353274617298
-0.357	5.178633053937176	12.44407414197641	6.535138040544998
-0.355	-7.26516459637061	10.876220186384938	6.373052376941848
-0.353	0.09399128630960263	10.452167389469185	6.259920470321341
-0.351	4.424998016672177	10.929592535265234	6.206816232144505
-0.349	-21.825051767621062	10.638394800015934	6.643593402466775
-0.347	9.960184539359318	11.322042808207511	6.52745323739965
-0.345	-1.5818202446782337	11.80100094464685	6.408790387442182
-0.34299999999999997	-34.94711298768216	11.095795847376735	6.4495444519911285
-0.34099999999999997	24.953952195483353	10.663782969105705	6.4379186639824475
-0.33899999999999997	-1.7588061812512379	10.755963636688584	6.415922777274
-0.33699999999999997	2.2271439219512246	11.983017271926318	6.671375763153442
-0.33499999999999996	15.631751773215186	11.601764308968177	6.850900508233606
-0.33299999999999996	-12.341553603079092	11.182020475150036	6.232778647313788
-0.33099999999999996	15.331556938225077	10.597554231592328	6.471679603317482
-0.32899999999999996	13.209865622032524	13.009919602135763	6.475788795421917
-0.32699999999999996	-5.729820089728221	9.32930448262796	6.401815415367431
-0.32499999999999996	12.784183348601985	11.859712036896276	6.437460589239155
-0.323	30.385443567482184	12.793251391738314	6.484357372091032
-0.321	-10.330729318996923	11.3417952075164	6.291532704322061
-0.319	15.607344198143025	12.088068213077904	6.469779685057258
-0.317	22.748811439265992	13.266259136033877	6.667928666735826
-0.315	-17.411062158245727	10.959030768145707	6.442117299977445
-0.313	12.691811646092788	9.997639734919128	6.378398265030827
-0.311	5.477208907755937	12.556859875934194	6.292981891986591
-0.309	1.6708244108265546	10.507614193335876	6.528937937470081
-0.307	26.645803683056357	11.527177978511638	6.667226723514014
-0.305	9.26594184469387	12.58470889250667	6.356386841070602
-0.303	-16.222590119463476	10.635571939792595	6.293280602251322
-0.301	24.04045894754958	10.870081075616818	6.098088777345927
-0.299	9.707325391516974	11.78241955342283	6.568559369758227
-0.297	-6.673374695953527	11.260342041537125	6.6065720582134
-0.295	11.583198886278012	11.062023636085197	6.291319959094701
-0.293	-16.12889775037818	11.090204173113326	6.355023297116401
-0.29100000000000004	14.49573277811922	10.566796764886773	6.266735517459765
-0.28900000000000003	21.83173664604965	13.788761549362968	6.715588931302979
-0.28700000000000003	-13.441399753566508	11.402706606932142	6.638489521227421
-0.28500000000000003	6.314622323033703	11.613982821663027	6.231781193344386
-0.28300000000000003	7.750372194248456	13.154602058832754	6.756035373209655
-0.281	-7.426934185317258	11.142493232385453	6.233893731060681
-0.279	0.9244681431486157	11.584597847455207	6.5457835156177735
-0.277	-3.165522737380577	11.148767785877931	6.640691523608371
-0.275	-14.558013739729425	11.67125915482675	6.467502790268168
-0.273	0.33235949836729617	11.284569655505852	6.533003207845721
-0.271	-0.6319785690322988	11.97027933221791	6.384053604288081
-0.269	-3.4812389810845445	11.385458523593742	6.606880587982591
-0.267	4.423506001938193	13.269407684346133	6.865396097376086
-0.265	-18.666771602893206	11.90146755731643	6.800237480092059
-0.263	4.199722587250321	10.822441095958792	6.1971081648950515
-0.261	5.789243797238441	11.104926794748783	6.294260439754672
-0.259	-2.483579341516773	12.403342119862547	6.536226953846282
-0.257	8.271088275391136	10.833967824502112	6.539494579118905
-0.255	16.90756108274627	12.133357557609008	6.376722636648727
-0.253	-15.11983787760851	10.646111916919121	6.575910364982793
-0.251	10.15353819067144	12.40078184408281	6.293013477013833
-0.249	2.750227524606075	13.832609465565858	6.904146312060743
-0.247	0.41872567568823627	11.011394945473157	6.338415756560054
-0.245	10.295077731869995	11.79484542665881	6.3726154773194335
-0.243	8.594537402650815	12.334105509917869	6.895483849749739
-0.241	-9.69694740238225	11.870637354056953	6.673935281668862
-0.239	12.212403555977858	12.311212568881786	6.657400208992873
-0.237	12.568620642250394	10.401219031006876	6.381471319584313
-0.235	-2.31367383707326	11.56454672899078	6.285712260806691
-0.23299999999999998	14.710334649503665	11.253184507300208	6.374430132008769
-0.23099999999999998	10.374827650538876	11.327985808396434	6.753796028395683
-0.22899999999999998	-6.662694205239461	12.180059429906803	6.393965582855707
-0.22699999999999998	10.79187599217768	12.061338713856232	6.329545831776944
-0.22499999999999998	-1.4462303770113039	10.874278503739106	6.326893529641555
-0.22299999999999998	-6.9343126867238425	10.913909974734302	6.359034625671989
-0.22099999999999997	6.289442385343236	12.684793870263668	6.636459274254876
-0.21899999999999997	-2.2128509000740593	11.199591556542233	6.71732268003366
-0.21699999999999997	-3.3326310574510742	10.525481221135802	6.5421463440015755
-0.21499999999999997	22.48133075610781	12.166761213965742	6.2832895724945255
-0.21299999999999997	16.16290389661046	10.5958793574366	6.5754850607182584
-0.211	9.327309376194748	12.81658413451503	6.770146123256914
-0.20900000000000002	5.763208198450442	11.593716580269167	6.4727694397643925
-0.20700000000000002	-3.127257664159444	10.286147535627757	6.439206082977287
-0.20500000000000002	-2.862476504050804	13.049848571939421	6.866861938247429
-0.203	11.643522909388082	11.629658613943011	6.477832177490486
-0.201	1.4833038275430255	10.597392134919343	6.668152879419949
-0.199	8.030664587987957	11.956093186528477	6.661701227953775
-0.197	15.720126833151937	11.191612933086983	6.75459558924708
-0.195	-23.987375317613413	12.378675508387062	6.5669561651430985
-0.193	-2.2311524622287138	12.313749623737973	6.662300374351482
-0.191	23.189103928844546	11.075887603359137	6.568859355202231
-0.189	-17.874400574657834	9.951438681863653	6.334069895163411
-0.187	-2.0657690202874335	11.285102918905018	6.354170921086874
-0.185	-5.100899898247135	11.895160389605207	6.406461702726593
-0.183	3.315138922932448	11.5045222188409	6.569008556794577
-0.181	-7.0278747448249135	12.369259203518196	6.563010237009609
-0.179	12.152264581954952	14.083764452076418	7.01335636202997
-0.177	-0.7078804910021219	11.048569960814858	6.404689455457848
-0.175	11.819181781946853	12.280121025308071	6.3123264131849375
-0.173	-2.278437663871813	12.771327605406915	6.576118542149591
-0.17099999999999999	8.25205295296172	12.189754172025689	6.461097583065141
-0.16899999999999998	15.043491373045725	12.111982137218678	6.4714171734507335
-0.16699999999999998	-8.338919708750225	11.205787468833845	6.471861455261997
-0.16499999999999998	16.07078891741054	11.810192001027742	6.569727962104192
-0.16299999999999998	13.011056740230842	13.823152077002593	6.7366764453206525
-0.16099999999999998	-1.778288315046339	12.134382870448087	6.73774248137879
-0.15899999999999997	-5.426270885067197	11.35885481279731	6.252084453176978
-0.15699999999999997	14.717658635587938	12.798013092500005	6.610318080249721
-0.15499999999999997	8.959421382126465	10.164339558203848	6.260089169333883
-0.15299999999999997	16.74740445478662	12.550288746815765	6.495673829435862
-0.15099999999999997	7.8915436783066895	11.47064565790513	6.568984668181673
-0.149	-9.917372946977032	10.734585515213043	6.604143193409015
-0.14700000000000002	10.80015602661355	13.357017256116261	6.466888390482184
-0.14500000000000002	1.8694363659310653	13.07680123224488	6.544788600131105
-0.14300000000000002	-5.890070746139564	10.925165354687515	6.423873273204641
-0.14100000000000001	9.626922615524336	12.605868051036953	6.570572269053835
-0.139	-15.91066126627183	11.928988426074682	6.621796044382165
-0.137	7.209165733934597	11.640679953372548	6.320522142953245
-0.135	-3.1589764136752407	12.591354979286846	6.5865297652757535
-0.133	-5.241389525290074	12.673879983826875	6.640655634662857
-0.131	3.5251392946911153	11.890835775978681	6.466445426681481
-0.129	-1.1048369337185449	12.32778266940622	6.34395960805419
-0.127	-29.06731847762689	12.085352941465764	6.515853466865942
-0.125	16.14421363371754	11.92507928840258	6.436733568732198
-0.123	0.6541462602704939	13.185216610901533	6.595967113313422
-0.121	-3.6917549196546773	12.746091696639173	6.445989977507507
-0.119	4.5824866266030995	12.730798356703785	6.340906230949319
-0.11699999999999999	8.563900742775132	13.580935571139298	6.696070387473621
-0.11499999999999999	-2.572800694600197	11.332499255782613	6.571631478796228
-0.11299999999999999	-0.9656635018284732	11.741381301915672	6.397667035271045
-0.11099999999999999	1.0693304102193935	12.893254052995816	6.53928381401558
-0.10899999999999999	-11.419317381022864	11.356940089583546	6.356391569863659
-0.10699999999999998	4.052602764259561	10.912713891550682	6.314980403255746
-0.10499999999999998	10.509190054408535	12.064502186245013	6.450216645614173
-0.10299999999999998	-3.596275891637468	12.669550955053547	6.400577306754152
-0.10099999999999998	-2.7109280437143113	12.561158317967225	6.411546578069464
-0.09899999999999998	-5.354816644653759	12.971563150354575	6.824819873728066
-0.09699999999999998	6.482353861692047	11.173303752088087	6.4031095095904105
-0.09499999999999997	4.358240709212424	12.638641363720312	6.743125200534139
-0.09299999999999997	-2.2972459263748135	12.136206848818595	6.413439026182012
-0.09099999999999997	10.663321573067819	12.166442723334475	6.599702340993653
-0.08899999999999997	11.586096796634138	11.515245406681222	6.468829820278017
-0.08699999999999997	-17.169589036747368	12.073952196227836	6.320671467675645
-0.08499999999999996	5.199969626445977	13.705633111193965	6.52948015397918
-0.08299999999999999	3.9741778985469267	10.703006642548926	6.6319317398348625
-0.08100000000000002	-8.3299499999967	12.173877759192798	6.289089570801416
-0.07900000000000001	4.321987959965412	13.35840253639437	6.6092302269045735
-0.07700000000000001	11.494520811616837	11.14723016850684	6.444986476963095
-0.07500000000000001	-22.44085417102415	12.041133937169171	6.409518008423776
-0.07300000000000001	21.008319349702376	12.07153413022694	6.7000808695828855
-0.07100000000000001	6.498318979142326	13.312028729182504	6.7248442723448365
-0.069	-6.130240995383396	12.106005127487897	6.704329246763131
-0.067	18.616703919338562	12.651648547300056	6.5833435803859075
-0.065	-0.8370020447845405	12.149209396583176	6.736668402130017
-0.063	-5.494608611544827	11.71476061523309	6.4273701143675055
-0.061	-1.0732768421783945	11.2082342489422	6.474011053422478
-0.059	-17.798957948955696	12.845666402467566	6.816084429805423
-0.056999999999999995	8.785334863148364	11.955260543830203	6.636112769730955
-0.05499999999999999	-6.126343276346979	12.051298933569756	6.4498212599259315
-0.05299999999999999	2.725485042320841	12.287193993186714	6.57655768289945
-0.05099999999999999	3.228861814141837	11.072133685498454	6.385304520602354
-0.04899999999999999	14.365225343704324	12.104481388378499	6.287590408003789
-0.046999999999999986	-6.346637809850897	13.25597909521029	6.868285183059707
-0.044999999999999984	9.70510373399236	13.397424872751204	6.811797374715551
-0.04299999999999998	5.890515254236561	12.138349369199709	6.569271923453417
-0.04099999999999998	-9.648162176301156	11.39449574494779	6.196103466599193
-0.03899999999999998	5.006862837886317	13.370695736312472	6.602351655164116
-0.03699999999999998	-6.169455323279394	11.446380837291867	6.633844891960136
-0.034999999999999976	5.663007708545109	13.658383171279183	6.6324377690875345
-0.032999999999999974	-14.453229046806904	11.363775851779902	6.477077948533543
-0.030999999999999972	5.787715030569629	12.757666063233666	6.710715013836465
-0.02899999999999997	-1.5814194077590216	12.964853620199028	6.167244383894808
-0.02699999999999997	-6.052200254402784	12.167199517106761	6.47560388239493
-0.024999999999999967	7.196551615962221	14.41080422202382	6.603535655991303
-0.022999999999999965	-24.99333294081474	11.926926594648998	6.293081758199974
-0.02099999999999999	13.765371418728023	12.611767350756972	6.415964067265446
-0.019000000000000017	-38.81926598414687	11.055930598227999	6.603475725727039
-0.017000000000000015	-59.28298083579531	12.053834528764488	6.501277485417173
-0.015000000000000013	-63.700412783807	11.25893995066966	6.443476428560431
-0.013000000000000012	-108.74642727887185	12.890530917478122	6.620710097004506
-0.01100000000000001	-74.324806893733	12.402225522768438	6.315195715205884
-0.009000000000000008	-85.39582855859874	11.009710170017334	6.54270077899635
-0.007000000000000006	-101.52238591309981	12.943252995543455	6.631422763632324
-0.0050000000000000044	-87.44635272051049	13.953983935224183	6.633415105849824
-0.0030000000000000027	-87.19695238945668	10.904527014737349	6.601740637453332
-0.0010000000000000009	-107.80440453594942	11.953878944359879	6.533596343200255
0.0010000000000000009	-89.85714087761387	13.184523231405517	6.386811624406184
0.0030000000000000027	-85.79316021672945	10.59297920255332	6.707795243728335
0.0050000000000000044	-92.81758598811419	12.089762608663339	6.567892383385793
0.007000000000000006	-98.5670114581616	12.556534550131309	6.319071344227723
0.009000000000000008	-93.44686078394116	11.597388714150508	6.509481106995133
0.01100000000000001	-93.72141367613995	12.774988156207483	6.41475752318651
0.013000000000000012	-94.48684934032502	13.569545456759062	6.540371531674343
0.015000000000000013	-49.32638020571645	11.937307921157922	6.891636138676732
0.017000000000000015	-50.821121177380135	12.227870880780289	6.150029609339112
0.019000000000000017	-22.8239097176397	12.79825614365465	6.456027340615891
0.02100000000000002	-3.6839535632049447	12.30974204180382	6.704924519935467
0.02300000000000002	1.1036610636505628	12.923063579640518	6.5942716256294105
0.025000000000000022	16.932729735241736	12.223067717376392	6.419453554524504
0.027000000000000024	2.316367016197418	11.974027938552252	6.413180375068752
0.029000000000000026	0.6667015086669892	12.225917256471886	6.473715082255811
0.031000000000000028	17.855741844874373	12.672658118359164	6.652280720960462
0.03300000000000003	-13.337038388461231	12.083809713446025	6.532947729750772
0.03500000000000003	4.95394958144324	13.983219008089055	6.577555116833942
0.03700000000000003	8.577787565355877	12.738259022719651	6.450745845968399
0.039000000000000035	-13.424027721420373	12.617264267778443	6.75392142779853
0.041000000000000036	8.977397892184769	13.284344304303284	6.239483342991205
0.04300000000000004	8.0541388691735	12.721631528048194	6.708710722149126
0.04500000000000004	1.329318444653893	11.16384209891442	6.315613706140808
0.04700000000000004	16.264547415545394	13.845753899618716	6.389356718265005
0.049000000000000044	6.773673132842717	12.04100780244203	6.542641954414234
0.051000000000000045	-10.4687010368254	11.036058147685873	6.777227252291665
0.05300000000000005	-2.419959969301999	13.85359291072095	6.568627925739275
0.05500000000000005	6.187977750649054	11.385549033781547	6.350240625694411
0.05700000000000005	1.3608867803771574	11.356976493207938	6.389794550505286
0.05900000000000005	9.908149923854026	12.39893979430429	6.296245387798484
0.061000000000000054	4.675548100685489	10.750478642212684	6.629954731523339
0.06300000000000006	-32.329022693566856	11.696418988271505	6.553779958888239
0.06500000000000006	13.249745154597647	11.699098870250298	6.5289864963346576
0.06700000000000006	-12.618220617044429	11.702762394392664	6.5085690099149005
0.06900000000000006	-9.048912704812118	13.206296197365344	6.469417398945399
0.07100000000000006	14.199375920620483	12.056597348700906	6.4430645293594155
0.07300000000000006	9.021772990669419	12.931307883762132	6.500954903266954
0.07500000000000007	-7.593374498071626	11.18182039569042	6.2978742645460075
0.07700000000000001	4.109537681262765	13.419802360127557	6.6797594051623275
0.07899999999999996	-3.33332415436427	11.558778209300515	6.513289295817548
0.08099999999999996	-0.8144799129583546	14.319064369471656	6.459652885925469
0.08299999999999996	-2.7311476750169206	12.815438977724328	6.745669490059259
0.08499999999999996	-13.081907593082143	12.385939466041181	6.226625035469097
0.08699999999999997	5.328522586944828	12.053253966147794	6.265892604103231
0.08899999999999997	-7.845341459034039	11.583843897104972	6.6017497415652695
0.09099999999999997	-10.188015921785976	12.026932650189115	6.787312854164734
0.09299999999999997	12.664932092620873	12.73098010390326	6.442450194223501
0.09499999999999997	4.249913974962993	10.271783566655317	6.767924308790343
0.09699999999999998	7.136302437205089	11.835760122382633	6.601668429195622
0.09899999999999998	-13.885574655314592	13.567196201407473	6.4126427602257605
0.10099999999999998	12.302578855427626	12.862432724349395	6.821617846678931
0.10299999999999998	0.1567480631958773	11.581886143410715	6.280543482137581
0.10499999999999998	10.60270433494992	12.263497725617349	6.2368499119060425
0.10699999999999998	9.305937412218412	12.308185306651279	6.916776579772699
0.10899999999999999	1.5238153370233931	12.67018357221306	6.504667549361564
0.11099999999999999	8.34775639391161	12.973584075998	6.481360791841535
0.11299999999999999	4.406762589503899	12.123138134749832	6.801064600940024
0.11499999999999999	18.562648696596185	12.357587919863484	6.352673542074725
0.11699999999999999	2.9966809247383708	12.373162943526966	6.676126462923413
0.119	10.079367920523552	13.629576740219244	6.537931708338523
0.121	13.347406284225372	12.643135672190114	6.51348099483352
0.123	7.095524813482967	11.619726492199153	6.451180023547502
0.125	-3.2775409847252135	12.506116153745541	6.5946479340346915
0.127	10.143877222867914	12.311879626206608	6.4413614308875164
0.129	-2.522205921673404	13.603308164280033	7.003018472259906
0.131	3.8340784007662165	12.475223837073369	6.70205245906048
0.133	-3.031533156949706	12.275569649620286	6.358774825511741
0.135	18.161795273696768	12.298667086689152	6.456441475858126
0.137	0.6560223877460913	13.068519807840417	6.563402701572036
0.139	0.3279857481164328	12.99081618105706	6.577723606317545
0.14100000000000001	4.668018566800214	11.975877881815526	6.472825665498375
0.14300000000000002	-6.492164859261962	12.22245434430863	6.2852349765649596
0.14500000000000002	22.69894842110709	12.530593163032377	6.203710353174007
0.14700000000000002	9.931134195451108	10.953251240674469	6.478659386176878
0.14900000000000002	2.710428917973573	13.635823660484032	6.466340357087429
0.15100000000000002	0.8490548022432876	12.76456940192389	6.512983423758894
0.15300000000000002	9.03274702745982	11.370246575160568	6.544667031670272
0.15500000000000003	-0.17371982630187688	12.503473752303691	6.280717586470471
0.15700000000000003	3.0652920850471332	12.168752156174971	6.515715226341369
0.15900000000000003	6.296900807667427	12.061444985939268	6.411629235389355
0.16100000000000003	12.332940132031567	11.929867946562487	6.645804300887496
0.16300000000000003	-6.012471474581282	11.35534252431929	6.152384099513232
0.16500000000000004	2.9131525225434274	13.578335937157927	6.410936860088654
0.16700000000000004	0.9440824988438123	11.883160725065075	6.298656507946407
0.16900000000000004	-14.673916246543683	11.884145080245391	6.6028688049998
0.17100000000000004	13.596539695459597	12.874928313255978	6.210295330283808
0.17300000000000004	-13.509261156063879	13.70250460576631	6.49181375405068
0.17500000000000004	-6.070436092242559	11.606982137553722	6.299760242723396
0.17700000000000005	16.035387979895788	12.505581360721827	6.845725135238793
0.17900000000000005	-12.063704154074983	13.091711382742735	6.566289329365054
0.18100000000000005	19.258610420846978	11.158966653688717	6.287363029680607
0.18300000000000005	-10.830254234206471	12.78593995990527	6.506728944955516
0.18500000000000005	1.1367518166771617	12.595820883052774	6.3945068378927825
0.18700000000000006	22.703161682402495	11.826998497400506	6.60251511461087
0.18900000000000006	3.2345838836267404	13.64252219457597	6.363484849589013
0.19100000000000006	8.659045166226065	12.797312146369775	6.389948382432662
0.19300000000000006	-1.1803955110023523	13.03309372534528	6.529521625604045
0.19500000000000006	3.4728405364781167	12.228833311312597	6.376835499094391
0.19700000000000006	7.669226939954754	12.333707185707386	6.354221216956778
0.19900000000000007	-10.616814764774496	11.971380452630743	6.581155742915126
0.20100000000000007	7.211590352884656	11.717750855254751	6.40971989127921
0.203	11.931856725766465	12.340156444560034	6.257626836322812
0.20499999999999996	19.563549612300335	13.119943185054183	6.861835486728115
0.20699999999999996	-13.74657921060507	12.227147709007616	6.39761932210175
0.20899999999999996	-13.414234170783246	11.852119519649987	6.4121299625932
0.21099999999999997	6.87513294428399	11.74768726473913	6.249816107604379
0.21299999999999997	7.534171738265982	12.12676843253299	6.387331401789501
0.21499999999999997	7.489792377857185	11.537789948637396	6.412761222537789
0.21699999999999997	3.2326416430361604	12.705687743070625	6.593780676419905
0.21899999999999997	0.725784874644475	12.552066519706074	6.178280836638945
0.22099999999999997	17.064495432039806	12.236239382989332	6.50602255382709
0.22299999999999998	2.2354520334832984	11.63809641342832	6.480288706520928
0.22499999999999998	-19.59719286070971	12.171372851718086	6.500261644576612
0.22699999999999998	4.848216161423835	14.100608959015588	6.5002167446631205
0.22899999999999998	1.8821192293572153	13.11365835834712	6.5060745221928045
0.23099999999999998	21.51362947144797	11.750294246672224	6.33453556122421
0.23299999999999998	4.839534321288141	12.055323784506276	6.571276505106347
0.235	4.364581019711267	14.87522592682335	6.527924619669849
0.237	13.683302203970626	11.437694165995909	6.32580979261358
0.239	-3.2040647744979722	11.777092456169044	6.583460579857954
0.241	-4.827761848180678	14.586097010664949	6.49363531422439
0.243	15.631161144114003	11.353536688436932	6.379483119217181
0.245	-4.758019405137759	12.183330320602998	6.509644717762383
0.247	23.19235240477724	14.75323444272727	6.438888483620963
0.249	2.7533407356283846	12.158803924809957	6.389138255060977
0.251	5.117153971223587	13.443495884694377	6.402626005985285
0.253	2.523948263277731	12.429791062631782	6.397095511336384
0.255	-6.825188866632637	11.631975843102023	6.600070425392927
0.257	26.313152753365543	12.699887401783931	6.43387739811677
0.259	-14.8153976397003	13.461824484164127	6.547679225174619
0.261	7.409728743912325	11.766449167397937	6.298069179427701
0.263	7.107343442669389	12.96937888003761	6.292709209510867
0.265	10.174075346203182	13.12138954256232	6.935893460728594
0.267	26.966665369387854	12.032475505447001	6.576560803102644
0.269	11.340720774244417	12.891362990695967	6.386315165683302
0.271	14.953272429396591	11.044180713166654	6.050870201577014
0.273	-0.5715086133228908	12.867410477070335	6.570216085050357
0.275	3.7815955398201595	12.595057957040563	6.50522230057392
0.277	10.282114876858373	12.123518979857232	6.459395004684194
0.279	-7.330846177766581	12.089687685431624	6.31611694744515
0.281	20.399484888189434	13.430817910574058	6.511303712789256
0.28300000000000003	-2.1052943964816606	11.170582341539644	6.381366388732205
0.28500000000000003	-0.4989398391108679	11.621779653915842	6.439497848148704
0.28700000000000003	6.101529272273254	12.215010384191622	6.512534709392314
0.28900000000000003	4.567114955111862	11.708831303383974	6.266715718639121
0.29100000000000004	-8.724127587567132	13.362557867011128	6.477018253484411
0.29300000000000004	7.553284972594554	10.972469314142488	6.235729376390721
0.29500000000000004	0.8690617385731514	11.294204859916722	6.4720825069480785
0.29700000000000004	18.29614551440706	12.096949644757931	6.346706990476044
0.29900000000000004	-6.139791297044006	12.692582830593452	6.421752560716799
0.30100000000000005	-6.249830010629509	11.250548103142183	6.3828789566180255
0.30300000000000005	17.995495971812048	12.523652780586358	6.4762079198443
0.30500000000000005	11.225571931783307	12.040539501884181	6.51404792480807
0.30700000000000005	29.155365061983574	10.471597857762678	6.2882921001283805
0.30900000000000005	12.417347355020425	12.629063561835208	6.445575932764716
0.31100000000000005	-7.472140711950459	11.518089658218084	6.270007446341268
0.31300000000000006	0.6805609868987261	12.593848353404411	6.695970039959699
0.31500000000000006	6.239357158932535	11.006807054970844	6.470107390593633
0.31700000000000006	-3.759231424815823	10.175048039982922	6.429065655750728
0.31900000000000006	0.5657919590618121	13.590967623839967	6.417503569911117
0.32100000000000006	-1.840610251324648	12.120517405315598	6.359194374819057
0.32300000000000006	-4.183853101302759	12.500681518387646	6.635485157243326
0.32500000000000007	11.38328774308306	13.399837825658677	6.705538655343246
0.32700000000000007	4.92317666411779	13.166874455248628	6.514322937625889
0.32900000000000007	16.499377232470636	10.38518338538246	6.149087840677654
0.33100000000000007	9.595468713152755	11.989082276737038	6.3863814440814215
0.333	12.495154289471344	11.496782451228741	6.747150834492375
0.33499999999999996	-24.142914638813906	11.637711869715021	6.7308839401319265
0.33699999999999997	17.870411262999042	13.004835086537872	6.336649878342384
0.33899999999999997	-14.278372150955398	11.899911797960103	6.551424283844558
0.34099999999999997	1.8427356898165215	12.24380578468659	6.35237658238128
0.34299999999999997	-5.189891948975678	13.703726983536756	6.706932548898877
0.345	-19.413083496067074	11.590103191581536	6.2773330753686665
0.347	-6.059132733882144	13.350168750606313	6.685500292168054
0.349	16.893204111134708	12.101258809008087	6.317190370780994
0.351	8.721380201581752	10.747102356259768	6.360574004147418
0.353	4.78744435961076	13.111788262285286	6.635967173991926
0.355	16.295577491609592	11.007862949860522	6.43966396594723
0.357	37.79116796986948	12.241190923324663	6.483051356370964
0.359	0.11552746626009025	11.98602339554133	6.3300166014643775
0.361	4.69152389825922	12.309717179443911	6.274491207538599
0.363	3.586416708278861	12.539165154877502	6.498164740921711
0.365	-9.685479873455805	13.465448292886187	6.673577385682664
0.367	10.205452419809191	11.241326610474868	6.324440077182063
0.369	-0.582152714145856	11.19884270594815	6.893538711142347
0.371	-0.44799226550651383	12.603599227770887	6.5250652433205545
0.373	10.891573906102181	11.55674478603885	6.540089307436445
0.375	0.8396253372566775	11.013060195723542	6.384566899888852
0.377	7.706055396239364	13.302303461718257	6.246753557734323
0.379	13.596037635066338	10.981053602010617	6.45892327884345
0.381	-10.624876557341345	11.168251524343443	6.375303608469466
0.383	16.463655640119867	12.96329708229158	6.564252173234736
0.385	9.964315022648051	11.404963244362442	6.332466568370741
0.387	-10.293379771320055	11.975790661720648	6.420333308370681
0.389	19.50188381538709	11.546890412724983	6.5718563833701
0.391	1.7354269208347262	12.371141531666908	6.682738419942125
0.393	5.974932066665772	11.77300773926277	6.340830594258573
0.395	6.371136750837891	12.086651548803829	6.31946343841237
0.397	5.747834522562556	11.252491175475996	6.359806391175323
0.399	-10.609822451823625	13.060205213338095	6.417467904325453
0.401	10.549854486230359	12.644722168955223	6.788642910209943
0.403	20.850742151079515	11.495011485081575	6.560418936847091
0.405	0.35030489753395955	12.498324667601311	6.487446907981861
0.40700000000000003	10.494820113615688	11.625269430672365	6.1528530186325
0.40900000000000003	3.5980303829674654	11.116891655803217	6.377154482862644
0.41100000000000003	12.007749876863372	11.816066944085595	6.402946144179382
0.41300000000000003	13.391853009192545	11.34469802261215	6.5178716930985985
0.41500000000000004	-8.501592251519696	10.373240701119757	6.256018990719495
0.41700000000000004	1.8712281781851914	12.231490531149658	6.563325669465492
0.41900000000000004	-4.358940697613001	11.717284134008802	6.414197633412712
0.42100000000000004	-13.126972220556254	11.140558918460227	6.564492671015608
0.42300000000000004	13.784309840003672	10.846433502896671	6.314516505584276
0.42500000000000004	-7.831527998214405	11.662862412798777	6.324442162197165
0.42700000000000005	15.818589833127561	12.03424642668894	6.341163485026792
0.42900000000000005	-0.7521011569089353	13.766181966345266	6.631242101339285
0.43100000000000005	2.1394470439695112	12.039724419714833	6.644578609515077
0.43300000000000005	4.897863457253848	12.24299307911945	6.2321312652106515
0.43500000000000005	20.739673006531234	12.53962154692596	6.419150401853667
0.43700000000000006	10.927213252243106	12.253905934764811	6.451309330291897
0.43900000000000006	-8.81518487749755	11.963109112520222	6.659759559227731
0.44100000000000006	14.967171709789895	11.660828047328994	6.343921254839492
0.44300000000000006	-3.9910778990570606	11.026366241059673	6.190398769219143
0.44500000000000006	-3.7225812741237263	10.624934987004194	6.377000457394829
0.44700000000000006	11.180340804495259	12.497285414154822	6.412452543370261
0.44900000000000007	20.41623607884624	11.76393540025187	6.745854339654989
0.45100000000000007	4.755498902220268	12.051042873172916	6.635348121893203
0.45300000000000007	13.324547953441623	11.73441295828042	6.4427476165892035
0.45500000000000007	-1.6838182835821058	11.120170608455405	6.349548694577825
0.4570000000000001	10.373900783067214	13.114182734852035	6.256981946177369
0.459	19.158750372172406	11.920534775788656	6.4696876174040465
0.46099999999999997	-4.160010069642617	11.522524505319794	6.539667703990631
0.46299999999999997	9.519018848269667	12.624668109731504	6.282100972512129
0.46499999999999997	-7.737606125601815	13.059877437916121	6.436826581833804
0.46699999999999997	8.351863157285422	11.268383215423196	6.41983258014593
0.469	17.693912886862506	11.71763958449009	6.396640332484293
0.471	-2.52254249211159	11.437776834440829	6.573331201534313
0.473	14.028666806664702	11.567874054453755	6.472864947656532
0.475	7.898119462224074	12.668368743787203	6.319609301010652
0.477	8.793263590156641	12.071858133666407	6.573182851753672
0.479	12.55004024391937	11.896788753343378	6.4468428830787206
0.481	19.3381727611186	11.692796110833696	6.526664625014145
0.483	-1.5870722763766665	11.747788667384686	6.327630924979611
0.485	-1.1557107065796046	10.85202856405991	6.269573860273037
0.487	23.725991014522663	11.948230702827914	6.411549194207825
0.489	9.370311453649194	11.488523518996512	6.346051184206197
0.491	-12.514245245620614	11.455368992340876	6.574675356543555
0.493	9.284660246633436	11.998914518301367	6.509306352213014
0.495	-11.513028314591445	9.748863159162036	6.260312213309462
0.497	9.538364264205512	12.120417663586911	6.346241711003565
0.499	21.64981732621918	14.419541173659127	7.093935692826131