-0.499	-0.5580391463366752	35.053702883783494	30.916972811297345
-0.497	-9.66641237365451	42.15510925566075	31.43102897777657
-0.495	21.12269056020466	40.636897232085715	30.87399210441146
-0.493	-24.389897667287386	36.06141086014463	30.103383642770385
-0.491	31.505603522941072	34.32391118580006	30.955870530914165
-0.489	22.194222535576458	33.758352259418224	28.96007585267257
-0.487	-3.386341748790045	38.8821699644772	31.693698801079275
-0.485	65.0777284092463	35.59874465138238	30.78433815673546
-0.483	-0.3557525272146478	36.045279359627536	30.22568283827863
-0.481	-13.642042658301712	35.979456938083146	31.43212251653566
-0.479	19.13986106538701	34.94061970032952	29.48197902247812
-0.477	-31.74031336472538	35.519169992604105	31.798325945869703
-0.475	-53.45903557185672	40.24435923460149	30.94531058312194
-0.473	63.1565105693177	36.80439784743629	29.490512936035792
-0.471	-24.285059039064194	33.54714044869681	30.77327405558172
-0.469	71.61900371199792	40.119188221371935	30.32848269234294
-0.46699999999999997	-93.27446700280184	34.5009192538152	30.043749015158156
-0.46499999999999997	-28.80999126542161	35.68148093701534	31.08207424671262
-0.46299999999999997	-0.972392766862562	35.903648360632694	30.484364614722775
-0.461	34.03577939109503	36.963473613154655	30.47212899743011
-0.459	5.521141595021817	35.68203517148557	30.25917235302949
-0.457	6.251262234746591	36.530869454021584	31.442764731049564
-0.455	64.57374198443055	37.19797379389205	31.772868599436404
-0.453	26.47838359082222	34.5517148509582	29.263402427755118
-0.451	26.74589281603801	44.13605805638331	31.59365112163154
-0.449	18.02115867688414	34.83987628654716	29.768735218095866
-0.447	51.06874076754586	36.252314511922684	29.069865951343186
-0.445	30.21516850920669	37.79280652519635	31.487667773630797
-0.443	20.658424585207058	37.228208724646905	29.826379223456264
-0.441	56.25861001612442	38.27531284880763	30.62909011263853
-0.439	22.045699626715987	35.42806090889107	30.850852170913292
-0.437	-7.9315207234254	38.483511291522376	29.917489896608327
-0.435	30.061725861063593	35.35519899463412	30.9546386902846
-0.433	-15.255748384679357	31.63895322794084	29.350974721810296
-0.431	55.08755636407514	37.35667777014777	30.811435991769518
-0.429	-16.09599614327273	37.23783427863758	29.3831004958154
-0.427	37.795447100252844	35.49068874855211	30.4374257778544
-0.425	36.2469389929565	37.67276688599726	30.81853442745725
-0.423	31.96280832917786	31.471706971174417	29.1431497990047
-0.421	32.54841422495325	38.11705787933905	31.165748770412105
-0.419	-16.481484957253656	32.88466970784948	29.802905997185256
-0.417	6.058520535479062	35.486290819541274	30.443043431657948
-0.415	-114.33509846625611	35.7302234240396	31.23987903371776
-0.41300000000000003	-21.028985091042784	35.25503582521001	29.644194346262314
-0.41100000000000003	25.41957091217739	32.534345265709355	31.346079509674947
-0.40900000000000003	-46.75695021127968	37.72047525216263	30.06525507479195
-0.40700000000000003	47.38679123894585	34.73957252079158	29.476085650832896
-0.405	92.23436925775985	35.86411134017356	32.561563470865856
-0.403	21.37266573498664	37.11855873500062	29.40702839500156
-0.401	-45.48645083635172	35.0739562279579	32.33034938944754
-0.399	52.15706773098461	35.10313280266146	29.42236488662679
-0.397	-22.271242661298096	33.9967082389567	30.170894057716644
-0.395	4.337139209775742	35.21316638562692	30.95179123036894
-0.393	59.36317591559437	36.815382920423986	28.807099128851576
-0.391	-68.33574514664153	34.348166617547044	31.865244743046148
-0.389	-7.862512099054975	37.174850915884086	30.829301209637595
-0.387	16.542171306088704	29.947625176229675	29.61685398661302
-0.385	3.538935814173527	41.5666990216806	31.83327105199483
-0.383	1.6646628666627805	33.38469991630016	30.04159442366249
-0.381	-3.4483437659771354	37.31230018535515	30.29608319582524
-0.379	37.0905588953363	31.559227581953166	29.634578598321834
-0.377	-91.58948791354592	38.25381478706606	31.161291762824188
-0.375	37.692459596394556	35.08536391614558	30.820666928475898
-0.373	-20.04027524737939	32.10644887504743	29.520111353988757
-0.371	-26.358893553957152	38.954788804230624	31.025311690959434
-0.369	6.231066189910095	33.69317614181849	29.8449738667103
-0.367	8.58220725574732	38.84236247605593	30.402818177194884
-0.365	109.72177320534016	40.33143818008502	31.672104068301365
-0.363	-67.64215002863506	35.46139862127819	28.962450791223723
-0.361	33.71571966415132	35.8334765222042	30.89077642579397
-0.359	6.504397403794826	36.575295196803076	30.529827273191295
-0.357	23.818997334057457	37.9411391315298	29.485952946558356
-0.355	-14.950795061974276	36.12455807086531	30.418490827295713
-0.353	23.363879567694923	35.499483534178395	29.79768520348808
-0.351	64.5281715885293	31.452741155399167	29.800475445837584
-0.349	-15.916621061484726	35.04889333534142	31.24972698349808
-0.347	4.214185696627126	38.779086608638195	30.15128563373011
-0.345	-19.931179203847016	32.92498091844574	30.922441593240606
-0.34299999999999997	66.3110470833228	35.725154249085556	30.34470007514277
-0.34099999999999997	87.68568135653076	36.56711040707057	30.726090753729586
-0.33899999999999997	-21.039115324916757	39.636969172217945	31.655254786302542
-0.33699999999999997	88.2296266431215	33.39885708015674	29.288079414816245
-0.33499999999999996	-24.615075062350833	36.062296473222275	32.00047930260337
-0.33299999999999996	25.855191543966427	35.598530248988205	28.610717500997275
-0.33099999999999996	-41.299297443786465	35.5136669906592	30.895569984460604
-0.32899999999999996	24.454547745245137	39.864159736546256	31.063894373004935
-0.32699999999999996	22.97887337920912	37.91461282751818	30.07675371423595
-0.32499999999999996	-5.908510751106988	33.73707207716226	31.94125052461328
-0.323	-1.4571017539211084	34.48965671981762	29.295541182277148
-0.321	21.228422480978892	38.52751969311098	30.89338402564566
-0.319	5.681378784982982	32.67102755644525	29.668679360269767
-0.317	35.53612404538775	32.85475532243743	29.65534134793096
-0.315	-26.750521693874596	37.15645896441723	30.635841948064844
-0.313	39.50837031641008	29.94054360680082	28.53596405365936
-0.311	39.29088307752515	38.78942473005758	32.06064993583315
-0.309	69.17566170194789	29.562584110964064	30.959963018263245
-0.307	-60.646793843877056	34.72421978599657	29.82320953839434
-0.305	42.87074228526144	37.06549721456132	31.845224258358396
-0.303	-54.3007345956692	36.64361500617452	29.370026220175856
-0.301	91.3493595036119	39.25923326426764	30.903808731079927
-0.299	87.88175391227782	35.578551454667	30.574128996936988
-0.297	5.9693378196001845	38.32327285927588	30.28236963316286
-0.295	76.23675898327242	38.52579682577371	30.09219893940605
-0.293	7.382916491716074	35.74128108635743	30.049598736686143
-0.29100000000000004	-21.508938251924015	38.05164267573141	30.677690151600995
-0.28900000000000003	17.310353487509644	34.092087001343906	30.12044073669884
-0.28700000000000003	34.009091155251525	36.77249649440025	29.580655718410156
-0.28500000000000003	40.08319401305194	39.18835522361541	30.94091973756782
-0.28300000000000003	13.834681905189328	34.02106266491186	29.452569344186188
-0.281	79.19375084064484	33.06460328910578	29.920752801285065
-0.279	32.47190495203611	35.850777931912255	30.695919663826114
-0.277	-37.177695476064976	35.71769485848793	28.73101080524327
-0.275	32.12436002275609	35.92024921416605	30.646379680128337
-0.273	15.514749848843934	33.061097160047105	30.06032471297295
-0.271	-7.951332305689007	32.314452228478686	29.902967764726007
-0.269	-34.158627936653474	33.894147516287134	30.670390852459693
-0.267	33.44688208706259	32.61900163891686	29.23418434387131
-0.265	-26.21757386611634	37.545521487826186	31.002399414002753
-0.263	-6.220872708073699	34.15093140162014	29.91887116035396
-0.261	13.70113207488366	41.05586026283414	30.66070669098736
-0.259	-0.7057778484975685	37.14157527328417	31.711197365311794
-0.257	-27.39248923222526	36.44041476689485	29.408302253772852
-0.255	8.540819959268475	40.451797048491485	31.207261268155374
-0.253	58.33218301654064	30.385862536430004	29.377896027796282
-0.251	13.507221789499368	36.90301670291145	31.001752948291
-0.249	39.232191169302766	38.77577192505698	31.50846818162347
-0.247	38.70756710400158	36.27650404662618	28.51899589593614
-0.245	-72.21015980840573	32.89505045038812	31.73799774665896
-0.243	40.0710564245621	39.33491620180999	29.83268848182596
-0.241	45.19362907173807	36.84354196638099	30.20274046111141
-0.239	21.971092401651404	37.72548637981383	31.039067867903096
-0.237	20.49090564471001	35.75424999547957	29.401895768375407
-0.235	36.19549797306831	36.66994510529656	30.8407486477011
-0.23299999999999998	34.1135709576168	31.357158301199654	29.87210905870527
-0.23099999999999998	29.241461093620913	37.70503798538584	31.25131593344858
-0.22899999999999998	69.07586072091298	35.92277447712845	31.69138910647548
-0.22699999999999998	-12.146245331190464	34.20181414064071	29.125082748650414
-0.22499999999999998	36.97550057335519	44.89067902919774	32.72799132850268
-0.22299999999999998	-1.5171970032534787	37.62740428724362	29.032021010565213
-0.22099999999999997	-4.387532905769653	34.83619361840408	29.4265069523887
-0.21899999999999997	30.487897475950376	36.02052983920342	32.07934589045445
-0.21699999999999997	7.787002687997813	33.75927560056256	28.668379528681708
-0.21499999999999997	61.10942076320569	36.09545305910548	31.187390748035373
-0.21299999999999997	-28.82905208723141	35.44241962460252	30.86287575802466
-0.211	49.66872493206154	37.216840001508785	29.928353715800043
-0.20900000000000002	16.124941138784266	37.99957290007761	30.89646425616021
-0.20700000000000002	-26.16688685530555	35.0228750329864	30.013240079022864
-0.20500000000000002	42.08259775984047	39.89654762085021	30.808982464823032
-0.203	-5.31949137239085	35.8419304872615	29.746574232940528
-0.201	31.862192034326497	35.34646193652256	30.806260199413856
-0.199	-9.783430249044045	34.69973123447413	31.003293880576646
-0.197	19.455679831636985	34.10343715561663	29.659326903442235
-0.195	53.679357250757676	37.55258964300777	31.97706090764821
-0.193	48.21372853469619	33.59624690479992	29.51067028512409
-0.191	51.72612350468064	42.19722667737121	30.317153061909067
-0.189	27.480754882125424	35.809818853316976	31.02520475821322
-0.187	21.165432275926932	38.81688091231367	28.950762720555932
-0.185	80.28836472373513	34.533986070761145	30.69023601239998
-0.183	-12.217733644903639	37.44056750658661	30.505799023172106
-0.181	39.93309821836988	36.056838814940875	30.3093277214485
-0.179	28.989671161161468	32.52334562062124	30.572858859380485
-0.177	9.603196609475617	37.4384976668421	29.92229734943386
-0.175	-0.16028703131443223	38.15039328297781	31.14288061715151
-0.173	20.2075962936199	39.52961454311988	30.17987944810981
-0.17099999999999999	1.5574051472899697	35.86786559356153	30.060966032922117
-0.16899999999999998	14.593738370871634	38.45217679915928	30.361124252754564
-0.16699999999999998	2.7700326634683137	36.92116521386317	29.044252714570387
-0.16499999999999998	49.22966066800427	41.108981488807494	31.384630909277835
-0.16299999999999998	31.687714427963698	37.6603405657181	31.014672393009256
-0.16099999999999998	27.13634445861146	35.64037837585504	29.42734494769769
-0.15899999999999997	-3.436063607531459	37.98335329222912	31.87889683306923
-0.15699999999999997	11.49403407385563	32.06800768005271	28.955091529474384
-0.15499999999999997	54.786433063336304	41.394896911154476	31.091139711243635
-0.15299999999999997	-14.461631966722344	34.684161197266725	31.154254453079666
-0.15099999999999997	20.999801363830173	36.81968122788787	29.03194573972155
-0.149	80.39480252297615	41.80328868478596	31.497502758802458
-0.14700000000000002	25.600304759842984	34.77968370482374	29.938311450752543
-0.14500000000000002	-4.038838633646513	39.41408572051453	30.585040492148995
-0.14300000000000002	-25.540575175009295	33.6023328841713	30.888935274045526
-0.14100000000000001	26.02642848370529	37.74334359483986	30.64923159869663
-0.139	-21.197494667779537	33.59757632230532	31.412208278560037
-0.137	3.885644597634297	33.69973923027276	28.829349144294063
-0.135	55.4759790283299	37.96085018220958	32.103389620013694
-0.133	-4.835169626793423	33.453638458440174	31.520252241299108
-0.131	16.689553585802486	38.04701826439818	29.768401581820417
-0.129	9.945115764020684	36.21873814214033	31.32330822236892
-0.127	-31.797332425642644	37.581146154593554	29.732334593375533
-0.125	40.23472745506851	35.13477086474274	31.28801120418782
-0.123	-35.490685654782084	41.65885022624401	29.88791563602456
-0.121	42.407866520211	37.60892936750019	31.116354018347494
-0.119	-17.24591536145237	37.504621978090555	30.98096431409932
-0.11699999999999999	26.598608451555705	40.4853826786347	29.51553924453503
-0.11499999999999999	-88.80778079078944	37.524741834549964	32.330907487546256
-0.11299999999999999	-81.10336127664652	35.87262212840103	30.003307441692158
-0.11099999999999999	6.781549176437807	36.709487230072114	29.693348132007248
-0.10899999999999999	12.77467824523093	45.07651237984257	32.14840206801624
-0.10699999999999998	30.746659623881456	38.223003941919	28.79783720158037
-0.10499999999999998	-75.32068556881377	33.23431878168691	31.25609810857013
-0.10299999999999998	-1.2373938871323986	34.94479210000088	30.771913595047547
-0.10099999999999998	-34.14309992411102	32.449085613097544	29.641007316323666
-0.09899999999999998	-37.143540219441995	40.44765446958266	30.739886577453085
-0.09699999999999998	8.45030689067272	36.13228112168493	30.593250806863697
-0.09499999999999997	24.307200782169858	36.3973890171637	30.433914957526362
-0.09299999999999997	12.625651811815075	36.59112619654621	30.862394073639926
-0.09099999999999997	-39.15893221717592	37.27844019335659	29.92815401574382
-0.08899999999999997	44.15652984013363	37.51767605028387	30.87904773161483
-0.08699999999999997	0.6362377777957562	36.711507944530666	30.613971123544744
-0.08499999999999996	-17.14803400565401	40.848036303430696	29.95964781026754
-0.08299999999999999	-26.322675176437826	32.186853953237595	32.16800237603491
-0.08100000000000002	18.58933438780852	36.63561570411106	29.858659828401468
-0.07900000000000001	11.465503961360923	39.31550919097055	32.34798983519748
-0.07700000000000001	22.296971579072178	38.92109261469889	30.289910713039546
-0.07500000000000001	-3.600829215466561	37.894120605020476	30.27665554295519
-0.07300000000000001	45.33496162451023	37.24055750039437	32.07467312725698
-0.07100000000000001	-41.268631922108945	38.418687889794555	29.759034793348334
-0.069	0.894619963665022	34.84321193658514	31.12044969253129
-0.067	-75.23812604826041	32.615914339582716	30.840796696341695
-0.065	-14.068836938219142	37.850936159569216	31.65592791145279
-0.063	26.38392649667587	37.14000833709208	30.65496605545006
-0.061	12.55402171995712	42.5697270706843	30.434305048197608
-0.059	30.106313558819764	33.73266286930237	31.131945248807575
-0.056999999999999995	9.392077122027942	32.33716747114403	29.63949632460603
-0.05499999999999999	8.057386794213528	37.37003545957275	31.806229855311184
-0.05299999999999999	49.527243511260366	36.62006089416148	31.71541364612571
-0.05099999999999999	0.9965028562319844	37.18342212901185	29.732743646306798
-0.04899999999999999	74.02460189642746	37.51411454983437	31.85719330318258
-0.046999999999999986	-20.953666699852214	37.08979935175053	29.692707794024503
-0.044999999999999984	-62.067183043912344	39.16561762206983	31.091662766542154
-0.04299999999999998	2.8496056463378494	42.865674627800054	31.859559131447977
-0.04099999999999998	36.29380005198968	39.387210279743556	29.8869713397156
-0.03899999999999998	2.4901881190420028	43.44983069743754	30.904737828161977
-0.03699999999999998	-6.476134088773122	37.55571175713672	31.2474430539854
-0.034999999999999976	66.29008200476072	31.81448727904586	31.654976527447527
-0.032999999999999974	-46.127091588687996	39.20233504322989	31.96926652992132
-0.030999999999999972	56.075728366522526	36.81406422186665	30.50406131354951
-0.02899999999999997	-26.702094012232003	37.39569824589398	31.59895853076119
-0.02699999999999997	29.565373359297098	29.328994227392382	29.917000201250016
-0.024999999999999967	-14.088272680234937	37.2916242016262	30.278047712384037
-0.022999999999999965	-14.10247114319585	44.551946173291114	31.68764097283638
-0.02099999999999999	7.685624612729924	31.385970053290656	29.840391654825577
-0.019000000000000017	20.309289620268345	36.96750194382568	31.402234140509766
-0.017000000000000015	14.280040930847449	38.13743434620743	32.34567316206759
-0.015000000000000013	-22.943614752080066	37.16648227745602	29.90833234745746
-0.013000000000000012	14.440478893096298	33.80107017804036	31.997463836852504
-0.01100000000000001	-136.90918093789418	36.941785847032726	30.154950254036375
-0.009000000000000008	-213.1995264322839	41.65163649329552	31.28771607652807
-0.007000000000000006	-231.92221930734559	36.44069355675645	30.42601332592106
-0.0050000000000000044	-359.0789527643245	36.59493166191995	30.61124496962137
-0.0030000000000000027	-282.1337590623863	35.37592661215449	31.341010774229787
-0.0010000000000000009	-336.07148032543944	34.13774953635645	28.81036584744905
0.0010000000000000009	-342.3791218779559	43.54605669562599	32.654936891712964
0.0030000000000000027	-261.2656263605295	35.117469450478914	29.706806285148236
0.0050000000000000044	-319.0431365917012	36.253081982948345	30.727933478188174
0.007000000000000006	-295.58716828326226	30.87709243851528	32.168533345946976
0.009000000000000008	-236.00845986226915	34.70618652128452	28.10777171768878
0.01100000000000001	-71.69012341967651	37.92149072726356	32.22782023460629
0.013000000000000012	18.659580136581866	31.390628302732896	29.396569157554442
0.015000000000000013	59.67835962361612	32.64582461156463	31.441012281181862
0.017000000000000015	13.639186318803453	31.571974287792845	31.112095869600868
0.019000000000000017	52.09173300890768	37.801900668739876	30.016362079307815
0.02100000000000002	35.50681117769905	37.777491138193454	31.415694042044333
0.02300000000000002	-29.258143730337416	33.18437948213706	29.25867831056962
0.025000000000000022	6.279354089810951	37.40978947090884	30.744786608560624
0.027000000000000024	3.27251077747448	35.50235973980221	30.637426575789757
0.029000000000000026	-18.06235616885754	37.1804276848325	29.051349536807642
0.031000000000000028	16.769265448912662	36.37498706645595	31.529083638792372
0.03300000000000003	26.408794465915264	35.07126030102168	29.800268978357302
0.03500000000000003	-9.455286265169782	34.879211960844145	31.275346081378895
0.03700000000000003	-3.396694711166326	40.94652145368186	31.10787415794597
0.039000000000000035	-16.569796140397663	30.920908120968765	29.41891341491524
0.041000000000000036	-67.4372424877001	34.63567895464704	29.928618533677067
0.04300000000000004	-1.1389266106887064	37.160688991064966	31.778397981606037
0.04500000000000004	-9.791494629651787	32.76896396084995	30.377902365873844
0.04700000000000004	-20.47340677913123	32.07020427998658	30.77491759549602
0.049000000000000044	17.435848918889718	37.72652508595676	30.51910417947306
0.051000000000000045	-27.661839424708567	37.05132159558707	30.0256290213514
0.05300000000000005	18.4565743792664	38.7610184374608	31.020254210079397
0.05500000000000005	-7.169829876252365	36.099881728836166	29.693249568287328
0.05700000000000005	-8.53565328218231	36.24762211236341	30.353124660344758
0.05900000000000005	-6.9149388430833625	39.15764603665306	29.724120619881358
0.061000000000000054	7.414552696705101	36.95568343917848	31.609161583136896
0.06300000000000006	4.055250387491327	37.89920026448381	31.25767850490248
0.06500000000000006	-29.12315994640924	30.110912825923386	29.03556926625852
0.06700000000000006	15.835318378565333	41.08807652314577	31.55333534708368
0.06900000000000006	5.536305821340903	36.226989943564405	29.866211191042037
0.07100000000000006	-22.834629827883646	35.8046811039827	31.04694912107307
0.07300000000000006	3.9672086578068644	32.50315837316231	31.758190085720877
0.07500000000000007	-14.192829059012091	33.55391434821258	29.304806732360777
0.07700000000000001	100.3830859567234	37.858958834566046	31.36976754746189
0.07899999999999996	10.335762015811767	30.9108587534068	29.30610217184775
0.08099999999999996	58.35672124177016	36.306754685260216	31.16439227203851
0.08299999999999996	-48.70586252470055	38.233042939974574	32.145100167046536
0.08499999999999996	34.9199076215001	38.82298233039104	30.428710379113028
0.08699999999999997	20.698018593279244	37.484484030898194	31.878907595835884
0.08899999999999997	17.757144728625107	35.43791940351362	28.28197544855753
0.09099999999999997	15.307443955725475	39.83995695374351	32.84351108832628
0.09299999999999997	-21.79631239762614	38.28822020233291	29.550818409783332
0.09499999999999997	12.632166809467549	37.80176509222138	30.013009258460666
0.09699999999999998	-35.25648417879168	36.32352559897733	31.771328877567782
0.09899999999999998	-3.776738203842278	37.307610147532344	29.686351457149406
0.10099999999999998	65.75912651363147	34.19775835965317	30.21427296866481
0.10299999999999998	-55.43137070451731	35.81041061482583	30.452209606438362
0.10499999999999998	-49.65255014277581	38.30221137961222	30.217997355699254
0.10699999999999998	-9.115885469701546	31.22769059200115	30.604630970377592
0.10899999999999999	22.930510848118146	42.344689020403756	31.11964239168295
0.11099999999999999	-22.684478785839346	36.898093539992516	31.00362358436077
0.11299999999999999	-8.319044331850378	40.024686710499175	31.325425483953026
0.11499999999999999	-38.84540385357127	30.36438457720055	29.99236498964967
0.11699999999999999	0.9383816241825826	36.20607665408823	30.94949008861725
0.119	15.635369090771789	35.00547581656748	29.086506257013816
0.121	47.797542081617905	38.800556164684025	30.612184368268966
0.123	-35.006703867135336	37.102173687887316	32.37369662367129
0.125	-40.71996279597645	30.83491651036273	28.922298325058293
0.127	3.337728357033498	41.272271999942866	32.03387769085365
0.129	-23.10874827116116	33.820287688780944	30.104169678540874
0.131	-24.60881018262473	41.265516544962786	30.559815643049152
0.133	9.49429976837557	37.03112552318379	31.170444651895995
0.135	32.58670744021863	34.86693202149749	30.02477815282537
0.137	14.88362489365791	42.97922390012322	30.99637824138477
0.139	34.06573701791871	29.416519170867545	29.82194715463577
0.14100000000000001	65.98107810318332	36.57752403196407	30.933164554407877
0.14300000000000002	20.042078014537168	34.160551383922694	31.202015880626334
0.14500000000000002	-28.570596117383218	28.86602723489048	29.30139385356527
0.14700000000000002	36.29788817738344	41.28381350564091	33.443777335633904
0.14900000000000002	-32.05175172449337	33.5551239666961	28.572347562266174
0.15100000000000002	38.007402453743566	37.66258221725265	30.614444701775337
0.15300000000000002	17.425708400464757	38.6802350529067	30.417612601479245
0.15500000000000003	-16.024519706947515	34.54964406697811	28.83227238198383
0.15700000000000003	4.250269326266931	35.80874230211466	32.30146727574737
0.15900000000000003	-31.411869352848676	38.80838968986103	29.62599038005632
0.16100000000000003	31.776942726269297	37.41467082426362	30.56326271784017
0.16300000000000003	34.260507766781245	37.87706512656623	31.194728389056724
0.16500000000000004	-30.11598230240331	35.9118358002929	29.958073396429246
0.16700000000000004	28.91604140664583	40.571749489641775	31.6987831223782
0.16900000000000004	-0.9212302196637268	33.180425914431254	29.073439801166185
0.17100000000000004	-32.791071323368115	36.23653690481623	31.343501294869373
0.17300000000000004	11.729878103494684	35.6749347708411	30.463539288279275
0.17500000000000004	10.429178418203122	39.126093828945635	29.517648468198416
0.17700000000000005	19.481940049637103	34.356616306306584	31.284907362823596
0.17900000000000005	20.677920347322853	34.644783374451826	29.63347408524238
0.18100000000000005	5.518826463157822	35.65889670381162	31.075393747130693
0.18300000000000005	21.505243823938258	37.8573926208165	30.664449215661104
0.18500000000000005	-27.493664828459607	32.38756938914542	30.05428645362655
0.18700000000000006	21.12839139911671	32.76615337278019	30.703392202262346
0.18900000000000006	-35.03432041274124	40.081543055895445	32.08450605214665
0.19100000000000006	8.803396242207384	36.27787603708927	30.785491993237564
0.19300000000000006	-47.78310945008357	34.75761010847846	31.1420983940865
0.19500000000000006	30.38552384171389	32.70884523161034	30.748443650079516
0.19700000000000006	-50.75243740115809	37.005310811921035	30.23047094345389
0.19900000000000007	83.28246515554305	38.13275793470999	30.893590160684823
0.20100000000000007	-19.552664532351827	32.604572040410254	30.61329436237053
0.203	-8.288602388994981	36.67401644905006	31.037802977401864
0.20499999999999996	4.361202722513724	33.3340810130845	28.109103781545315
0.20699999999999996	60.37465952268839	38.38577238107738	31.432525810514637
0.20899999999999996	2.523949083954591	30.217364877589265	31.05322245064344
0.21099999999999997	-21.524005668349666	34.648326536247076	29.544989766130442
0.21299999999999997	-20.560934579805235	38.442013896324035	32.3512342324652
0.21499999999999997	52.264433634707785	37.12483967816671	29.644839693256284
0.21699999999999997	38.02552866583042	34.78575910070262	30.075076573703495
0.21899999999999997	45.34203411843407	38.56936773967181	31.482242032072175
0.22099999999999997	10.684223201939957	35.86509118138757	29.64183503592375
0.22299999999999998	3.6253572941458145	36.94051129437481	31.65860720003876
0.22499999999999998	-22.213190645103964	36.61691220536058	28.981065751586772
0.22699999999999998	-24.123814158061307	36.09982267596126	30.411764427151393
0.22899999999999998	-27.908548807742406	40.40280679865211	30.63319746802141
0.23099999999999998	5.710588883989232	41.859551317728325	31.055014505462402
0.23299999999999998	11.26102620774283	31.928357437167467	31.3398904895209
0.235	8.224337642470658	34.87654321814905	28.515507201437913
0.237	4.2133213835615635	36.14981366794529	32.43270786463761
0.239	-17.73323338682964	42.22449531658406	30.53158219244714
0.241	-26.349959658333866	36.076485193540265	28.886936452711957
0.243	-12.913905142020177	30.53464809505919	30.866595943640057
0.245	32.66270883806044	39.641177719786114	29.27112483591453
0.247	-60.02967872531517	35.02631250085418	30.74667142499764
0.249	14.189028914701751	37.078890780153664	30.403990523337296
0.251	-29.6898616768404	37.7279684746167	31.573556925654746
0.253	-17.37060168283122	36.23249158503048	30.78057939591387
0.255	41.730095726055794	37.002745432433805	29.3185358302546
0.257	-28.62445444462569	34.25884798457231	31.80866097145177
0.259	46.54850126439847	41.61309871307382	30.385183748919555
0.261	-20.597182264547875	35.10239960591242	30.674312162007666
0.263	2.554525930786866	35.8272616708128	30.96632659142245
0.265	32.84891206689622	34.787667606233185	28.626999887039194
0.267	11.496755879969456	36.164829323704474	31.385470593094695
0.269	0.09897477615261607	34.857424521397526	30.18902891576964
0.271	-27.421317160158942	31.8914840840473	29.265400968643355
0.273	4.155105575165408	35.20116865254881	29.505805938945258
0.275	-8.340892665437138	32.58944672359541	29.938687822749806
0.277	3.9314847508631345	38.16077095178668	30.078658640432703
0.279	-33.43386485465949	35.36544514686654	30.2128183222202
0.281	-3.6146828407135345	37.28050012559331	29.756730292232092
0.28300000000000003	-6.029470539292703	40.005244714776495	31.05161523687885
0.28500000000000003	9.78544980601015	33.887526746285204	29.72985189442373
0.28700000000000003	29.22219238743473	39.85338298769351	30.751838720896213
0.28900000000000003	63.739122782235924	37.033657701093745	31.821067129875612
0.29100000000000004	-41.55259116644938	35.092610454038024	29.891751213983508
0.29300000000000004	80.04854645116133	39.586620037558006	32.39274811644973
0.29500000000000004	12.586617425647262	32.8302757566392	29.413825058315883
0.29700000000000004	4.457131685953186	33.85064890362561	30.19389605779093
0.29900000000000004	11.985354072985288	35.70478721315517	31.75675838405222
0.30100000000000005	-7.532775126883884	33.55525270361793	29.339464874570652
0.30300000000000005	7.583813554923324	37.98355611116057	31.182923778384605
0.30500000000000005	-2.0883401636861976	34.03553789416664	30.074970214459885
0.30700000000000005	-45.36017413536708	38.1054824145594	30.46776251430851
0.30900000000000005	-23.218163887950283	38.408692273064865	31.543081110085538
0.31100000000000005	-37.499533995344336	33.38528668747856	29.486438292398653
0.31300000000000006	-12.09073483643408	33.463877474725436	31.577386585618193
0.31500000000000006	24.64360161491541	34.22643041208604	29.334762874494523
0.31700000000000006	-57.375755945776596	37.20113808854973	30.92277459569607
0.31900000000000006	6.882039470079704	36.7293519696454	30.58672632198999
0.32100000000000006	61.75760451632151	37.844002481526786	29.29286142960908
0.32300000000000006	-22.44023156183772	41.876537159018476	31.60674765524263
0.32500000000000007	-12.83216951020183	37.45624709064559	29.09214718567379
0.32700000000000007	-28.384828256844408	29.79224737873229	30.498020282233462
0.32900000000000007	5.536858819432666	42.26372497078536	30.23338651854643
0.33100000000000007	27.24344800264511	35.549271823455335	29.880757832332986
0.333	49.87145968970985	37.4909888485224	31.03888837916845
0.33499999999999996	-19.611686784881677	35.252998733674964	30.04495983259213
0.33699999999999997	21.63212654116009	39.89896523242345	31.58502466721436
0.33899999999999997	43.71217092691282	32.4611607451963	30.591862061824354
0.34099999999999997	28.104288823938006	39.29761790028199	30.28625986324943
0.34299999999999997	17.062885866447886	38.11972560190253	30.93963713725398
0.345	-31.693859979142758	33.123298759478644	29.893423531158035
0.347	46.51126283694573	36.87323754312008	29.96849951852153
0.349	-20.577688247147563	36.7974663352435	32.735803017179315
0.351	13.765710761948213	40.76669919762164	30.208053437959762
0.353	3.189644993462082	42.142256320354136	31.3256152911585
0.355	21.16665815843355	33.93090098826648	31.130551112185945
0.357	34.17500295777032	37.99635928140935	31.185817597513115
0.359	-42.10978687069211	33.17221588931172	30.483091796227605
0.361	10.54374519426915	33.67959158499789	29.47267812703964
0.363	80.79291823159807	41.1791972285547	30.421125185439433
0.365	58.49358595400034	39.57270766782621	30.059595944219204
0.367	47.84653517808657	42.78589102646087	30.60413749674441
0.369	13.883984574247776	36.57913022498366	31.23192274170962
0.371	-5.607677943997302	33.22242022240092	29.439399303438805
0.373	9.628378954351646	37.84606476652452	31.741957281021325
0.375	4.2979486667427125	35.835424178235684	29.83874789136532
0.377	8.877055896361341	37.567278075740944	30.267400727382842
0.379	4.13055606585111	40.669075040923694	32.69711367104218
0.381	34.3485761458151	32.63456223235359	28.42927005976609
0.383	-13.798157471711647	37.66816141053584	31.905434389152823
0.385	35.48345827630861	37.15424757218458	31.212528708581498
0.387	-1.81893016337753	33.539497011460945	30.15525332149509
0.389	36.627891604634755	35.497757948706045	31.222863099663762
0.391	7.639664139746927	32.054349469944235	29.813967735067028
0.393	-18.321292529654976	38.912253979329115	31.796815374520097
0.395	9.007348581224761	37.92154006853464	31.19588302436425
0.397	56.27340544056558	36.87456288070252	31.02430070953037
0.399	58.5257483856072	38.557012991463026	31.15177632442952
0.401	-27.605732145330464	38.062860555161784	28.780454689089378
0.403	-12.729355560292532	30.670401000076343	31.66531948797516
0.405	44.96105082818502	30.398295391713912	29.7349075193642
0.40700000000000003	-3.410412010129704	30.706747074729865	30.36060347935996
0.40900000000000003	5.128311586055645	40.646936442042495	31.341489854320685
0.41100000000000003	26.598510706410394	34.39777279324452	29.410257160478583
0.41300000000000003	74.52876816027576	39.72833724404914	31.232325977953792
0.41500000000000004	21.758884998668293	35.31045331145648	31.119477367658806
0.41700000000000004	-4.831718259157292	32.65581328779805	30.970039761758933
0.41900000000000004	109.86921916855685	41.0321228646635	31.029743119391586
0.42100000000000004	49.02011769258863	37.208328956714695	31.0130981391722
0.42300000000000004	23.15430675881025	41.164247990037886	31.380386236995378
0.42500000000000004	-62.75354303697522	32.55231162629101	29.95731275372939
0.42700000000000005	8.280560985785002	36.871754341893684	31.1826483245044
0.42900000000000005	5.450063074619038	39.224426786565445	31.027112478289276
0.43100000000000005	1.6701219969217362	31.73990534804242	29.807391515081548
0.43300000000000005	-29.79564403149393	38.18278875918229	31.538696425781236
0.43500000000000005	43.63580277733092	36.048604303122175	30.50613145253704
0.43700000000000006	61.28972998786786	33.37870184597953	29.567643627194688
0.43900000000000006	-19.483846234735758	44.10869401294235	32.42671426062873
0.44100000000000006	20.553690724511853	33.449354792481856	29.413060772164542
0.44300000000000006	18.09821608933504	38.586627877946135	30.737915272725274
0.44500000000000006	15.581820042687156	34.1711511711401	30.687999824242766
0.44700000000000006	60.81750179354195	37.57818870949491	30.80175319101784
0.44900000000000007	-1.095396339856336	37.975670521840314	31.316169925333675
0.45100000000000007	-30.323501987838952	34.87221837966217	30.149152159786983
0.45300000000000007	3.9721356288602294	38.96979883102375	30.712501229581665
0.45500000000000007	10.731418246701097	35.83286499332132	30.50565046748213
0.4570000000000001	26.313637225161557	40.4563397057162	30.446051342520704
0.459	-98.25357055792682	29.912774426234446	31.049460852675136
0.46099999999999997	64.70089538135326	31.768306319962416	28.787993473292396
0.46299999999999997	32.92857963343998	42.93720841416116	30.973229848201747
0.46499999999999997	18.728909714216257	37.78395179724797	31.81499301011958
0.46699999999999997	-7.034978689035576	36.98816411451488	29.144327501264886
0.469	-8.483997039565594	33.2273138116618	31.10259900940058
0.471	-33.47038569723182	32.719895294818436	30.0408044742588
0.473	-40.758616072889	32.22152914964379	30.560194382717697
0.475	49.290935183465834	36.748921548196485	31.56252013987302
0.477	-14.832849571044804	38.29270501856723	30.116486464205583
0.479	6.3433387715861045	37.00761964494684	31.96802374818724
0.481	33.60825057874273	33.03927709749324	29.54019366418453
0.483	9.08379914532631	35.086554646862524	31.15180950978676
0.485	37.33169768405098	36.332544816720194	30.570111735262422
0.487	0.29235021292706165	32.52236321974322	29.887988960602403
0.489	1.102134470576388	40.136112400465336	31.651639775030112
0.491	-7.643643611610074	32.170884100750484	29.086556978122427
0.493	20.014349463526315	37.363590138096356	32.66272397222708
0.495	-3.093855537317225	33.302790895824955	30.589891992749603
0.497	-2.208662903124825	36.02613160101788	29.8992135413219
0.499	35.786544338112236	44.310537804385234	32.29371814714681