-0.499	24.105063742618782	21.53902248034456	10.137127475222336
-0.497	-1.9551710057630345	19.05048329616449	8.874744061045037
-0.495	38.92996744969679	23.02212054262843	9.55987863973005
-0.493	13.620081356524594	19.560808789364	9.080549938087774
-0.491	5.435012592203137	23.027186468075392	9.595776091798502
-0.489	13.5494684037063	19.87101611424738	9.382094377042556
-0.487	2.2306391429527395	22.095850947418096	9.088509172802482
-0.485	8.960608953723082	18.96009028248475	9.022289715926558
-0.483	18.7064809693549	21.615018661453398	9.1286463528481
-0.481	-16.747254148463675	18.27247466905529	9.098283668506893
-0.479	3.585956503515675	20.922733365177244	9.3534115189742
-0.477	25.663702615918993	18.283747739144832	9.39756019737247
-0.475	-37.36010858690353	20.285486594056803	9.441772729162894
-0.473	22.61167648764939	19.556006980736207	9.19115247227236
-0.471	3.9785240606438066	20.123412407479428	9.337564770605466
-0.469	11.034587870994983	19.908794380789455	9.338728811528883
-0.46699999999999997	6.6677090710953735	19.206908828156067	9.07707943360317
-0.46499999999999997	-2.4846463406724695	20.271191060919584	9.58367107086665
-0.46299999999999997	16.659250358985744	19.253616251060496	9.308739835127277
-0.461	-0.6720997682840846	19.85489007866343	9.278264347822802
-0.459	-8.811106596451346	19.217709696692275	9.155243188741455
-0.457	19.549782776850932	22.39856789739221	9.405922923284654
-0.455	6.207016901571549	21.573926300806633	9.492526713903805
-0.453	7.573880859590432	22.774886654534654	9.314463604368674
-0.451	17.226674002612796	19.099356711838073	9.482652204365165
-0.449	-13.124664853036982	21.407996679551143	9.331545148740704
-0.447	-9.59938308409125	19.44780297600235	9.313312171318952
-0.445	-3.1341271394813575	18.078671783094112	9.092523038441406
-0.443	6.755576855699275	20.50172120520059	9.341753162614255
-0.441	28.628773895977844	18.468071816832733	9.12678162093127
-0.439	-2.943072908934141	21.776662575233306	9.446528697473273
-0.437	22.26643607161627	18.0757698842235	9.163435069603233
-0.435	19.534590050662715	17.646052081897246	9.11400515118265
-0.433	3.371193299406272	19.174347064677484	9.345058984008626
-0.431	23.81455454858461	22.103976777443517	9.489501868487691
-0.429	28.294669446760068	16.95320474935809	9.248169917240983
-0.427	23.767471780011817	21.85797784428352	9.411559468385079
-0.425	-8.986321383019913	16.972873234063222	9.154696675508744
-0.423	1.9020453336793253	17.852732447899584	9.425943407830838
-0.421	1.3077806497729938	19.725619121457438	9.249612403194062
-0.419	19.69531265055835	19.619173522007785	9.28438218522561
-0.417	6.016490086135917	20.0901492659814	9.354770716578537
-0.415	7.366308905520924	18.851578144017054	9.020490739274033
-0.41300000000000003	19.835963689818215	19.966544753834338	9.501218394370552
-0.41100000000000003	10.949816996008721	20.29894179713488	9.068641703115947
-0.40900000000000003	13.04238365640309	18.80368861559406	9.55590075589505
-0.40700000000000003	-1.6819367899545412	16.45595407018057	8.936863442933385
-0.405	-5.442440974889884	22.343271082938983	9.372095496833209
-0.403	4.758954971206819	18.78032200648831	9.422488639656644
-0.401	12.840469786778996	19.01117536108191	9.356552107861143
-0.399	16.898442831259075	19.845642200832497	9.377989376566143
-0.397	7.683580903528053	19.23669393387201	9.542813204856195
-0.395	10.19606191854372	18.35712196866112	9.216013178431004
-0.393	6.519874077959287	17.426462991130247	9.66882090919519
-0.391	25.616488780411117	17.130351451507	8.94001737049332
-0.389	4.177191151422122	20.185027286947967	9.166223122834301
-0.387	-4.943299329207562	18.720921031536168	9.565368128970633
-0.385	-0.9787652008874659	17.87781043837242	9.117403876625628
-0.383	19.51508235875643	21.66284703699653	9.328390478037363
-0.381	21.851084042401325	17.042987068106527	9.184440867649949
-0.379	0.8281110452923457	20.283440126326422	9.63436142494138
-0.377	8.27246692303163	20.114540285885443	9.155041473448728
-0.375	3.9288166842066374	20.02393398832456	9.32413143761989
-0.373	-5.935677765855907	16.890743086094623	9.124257695297604
-0.371	-5.312228611775716	20.73950443136656	9.351075613557539
-0.369	9.508257067913917	17.072968253129872	8.94148901957639
-0.367	9.563962799274961	19.34731951582782	9.417077633680243
-0.365	15.561702643829278	20.249399807673363	9.216020475967003
-0.363	13.170146520913306	18.868548479064643	9.627279606661423
-0.361	-17.7410204679207	19.49406071934923	9.047433180332241
-0.359	22.227203928082417	19.730082838842	9.179906910531857
-0.357	4.7979711654821955	16.504428266361693	9.150775069629683
-0.355	11.523439094274224	16.932901101304097	9.16209413997644
-0.353	-7.356639335487358	18.386579062576057	9.520857144510941
-0.351	9.068094013464645	19.547441615410637	9.116571314231086
-0.349	-10.47772821161086	22.630623598060936	9.947712455600996
-0.347	6.137406319828287	17.056133995115317	9.180994524875759
-0.345	27.73973628289461	20.13487426829219	9.573492073102182
-0.34299999999999997	8.85821438112444	19.511540882488223	9.100457006139399
-0.34099999999999997	23.86727901604324	17.697720415753	9.447412916523017
-0.33899999999999997	-9.33829128046959	17.599875620003917	9.262186189519642
-0.33699999999999997	12.939456163429952	20.03112037469231	9.55862264192567
-0.33499999999999996	8.604240462783963	17.294286590242784	9.310659686600259
-0.33299999999999996	-20.398037324231844	20.204574285958007	9.284512058127133
-0.33099999999999996	10.669012006525591	15.893880780627434	9.216098014249216
-0.32899999999999996	12.98666512505875	16.34614255374769	9.698569104065278
-0.32699999999999996	13.30135218147177	20.492033502889825	9.740906154308444
-0.32499999999999996	1.6019260107302813	16.552627795893898	9.179449233977422
-0.323	-7.290499480894219	20.764133129803746	9.635289638263105
-0.321	38.48651544013926	18.628632445282065	9.19292838652098
-0.319	2.167189527613189	16.303057544124474	9.41621732104624
-0.317	-12.289638419926696	18.41709274418548	9.406855744341419
-0.315	4.493970991115148	18.843344599506583	9.38107004449028
-0.313	10.95306550835673	17.369628976231887	9.588991313834194
-0.311	24.543612747285337	19.38844691536246	9.222206290062969
-0.309	9.521978629356553	16.804753593484133	8.960008633460616
-0.307	10.700556476672674	20.923548717405126	9.92085599240968
-0.305	18.66621528434642	17.7726106952858	9.157349169105556
-0.303	21.950540239901173	20.700956037189275	9.293069058911131
-0.301	-22.80178350644313	16.256921607579976	9.498114855935748
-0.299	29.52917379372977	18.590910950085938	8.896871259906195
-0.297	12.64805391798518	17.463959987734377	9.456986745902181
-0.295	10.987401935169672	16.190699404956586	9.265881085947901
-0.293	21.40283309470803	18.754862629042172	9.281132679699999
-0.29100000000000004	5.397014030794622	19.383306046742327	9.161971892109436
-0.28900000000000003	24.337864007906163	19.49104929949899	9.882160502560422
-0.28700000000000003	-1.2958224533399232	17.41767639537223	9.3285366649574
-0.28500000000000003	-9.277704391963404	22.063771508088493	9.639458084489572
-0.28300000000000003	17.168257420374644	16.58226459878921	9.268476113799842
-0.281	6.498440830116081	16.5872544026446	9.35440429794563
-0.279	-22.83660282564881	19.24865353424244	9.17995707723641
-0.277	21.17158564818311	17.111061840085476	9.192823120850042
-0.275	14.11305211362901	18.008468491089612	9.326780368419428
-0.273	-34.09992271530271	18.642140694961626	9.578068052282598
-0.271	14.070498366214323	18.120368291885793	9.07359709223732
-0.269	-16.224632689132434	17.094203298001016	9.338043295176696
-0.267	22.248396102098056	20.89473562058353	9.648438503101465
-0.265	5.547170167652382	17.191331646817595	9.226730243683846
-0.263	33.59564982408081	20.173045884829758	9.857691674171628
-0.261	26.366791900045428	18.895387104784316	9.078935311452073
-0.259	-7.009747203245986	16.237773508438007	9.677761526608245
-0.257	8.711381100257043	19.679107609707426	9.161838581542506
-0.255	2.398188922114741	19.100929520089753	9.296542082529106
-0.253	7.2598902081111305	16.864304079065203	9.592262921187375
-0.251	18.12370843046196	18.080808449118514	9.171110120292477
-0.249	-18.16765408713117	16.826038695803856	9.305068216955
-0.247	3.2811683599032193	18.09952429569871	9.672228497665351
-0.245	17.141576037715822	16.940319194598676	9.068481373768865
-0.243	-1.76467276813419	17.582444116637703	9.677131919881719
-0.241	-1.4685413622927967	18.487377289647718	9.354466887601992
-0.239	19.517901324483944	17.77695601091985	9.06119031256704
-0.237	11.0279505491917	15.058884986849463	9.22051481531302
-0.235	18.57896008861104	18.17076322199832	9.484256811456438
-0.23299999999999998	18.13904058423077	18.304522309175958	9.130049135634463
-0.23099999999999998	6.788850696937132	17.909596568039287	9.190842103641296
-0.22899999999999998	26.965141362467193	18.69441190516259	9.408189178389978
-0.22699999999999998	26.04233457703664	17.52571812107661	9.110970360397186
-0.22499999999999998	14.815233703613373	20.505008236199465	9.320434480150087
-0.22299999999999998	38.72808261529137	18.606737230003613	8.880289690178117
-0.22099999999999997	4.673980432912117	17.3213023182286	9.467244460263633
-0.21899999999999997	7.637434591201142	18.724247316421348	9.432456464349176
-0.21699999999999997	35.79122104691024	18.372378906171324	9.079622312143803
-0.21499999999999997	16.74267917706196	16.88214110395472	9.262555236651918
-0.21299999999999997	-6.373429297878985	19.63462961128766	9.456991860667934
-0.211	-14.467703625897776	17.622352086006963	9.034475572013125
-0.20900000000000002	-8.079253053905333	18.378006596834513	9.174621395149233
-0.20700000000000002	34.25447286953265	15.73499935395586	9.174916447102671
-0.20500000000000002	-9.34012467934675	18.011051457070213	8.96302947455183
-0.203	15.066116730633183	21.539961332818113	9.756713922035892
-0.201	26.356655548287478	17.111858227733112	8.958959280643635
-0.199	4.765579639576245	18.177164411844664	9.38501609531532
-0.197	6.035394417569506	18.229932459404246	9.14943512839282
-0.195	9.445495544380123	18.150621589832657	9.56165259350202
-0.193	8.200152711301811	16.98275513163404	9.012106945925053
-0.191	-7.786903488238295	18.539106812188088	9.44030215121214
-0.189	22.2516193137956	16.813213832725545	9.020893759847194
-0.187	-20.59015679900522	18.12285436588922	9.691508061178087
-0.185	21.43518518815668	16.801508795291223	9.370127563746859
-0.183	-9.714613402711514	17.92186292946191	9.31033148603824
-0.181	-1.9406279310185681	19.07061273177505	9.368394022297316
-0.179	12.10064430501312	17.152014532887225	9.055032812935096
-0.177	-18.762693681395604	16.05239319354707	9.785476966235123
-0.175	13.991548940550658	19.496961079807935	9.187645456590301
-0.173	16.610836617081404	17.048345181557398	9.227329860060003
-0.17099999999999999	-8.564797643328959	19.46369755019775	9.527520086882413
-0.16899999999999998	28.590659054916756	17.754670472573554	9.436061814750017
-0.16699999999999998	10.846982845924558	17.544906753152514	9.61850681035901
-0.16499999999999998	-29.60867797718869	20.79419406132288	9.497140067163775
-0.16299999999999998	6.360937142124712	17.7547200193638	9.367855217905785
-0.16099999999999998	5.346433175512644	18.805317980687395	9.857338914540316
-0.15899999999999997	-16.97058726879419	18.063511682035983	9.6999479686327
-0.15699999999999997	13.991247981515187	17.515033323992707	8.880951864087738
-0.15499999999999997	-12.35823306822148	15.760497861529098	9.674542424528344
-0.15299999999999997	-0.8313956419980784	21.102677821771152	9.451326368006058
-0.15099999999999997	33.80934406194136	18.90947487948582	9.299001679545894
-0.149	-10.228135988055165	18.283203809979117	9.453514962800872
-0.14700000000000002	46.13689205923421	17.73364934583702	9.588438869087856
-0.14500000000000002	-3.4068380491136807	17.531354629488604	9.301114168829379
-0.14300000000000002	0.08472251744606751	19.2764102461957	9.78089933621549
-0.14100000000000001	20.560801283764363	17.153072043374845	9.276416734767135
-0.139	-10.2473100815903	17.135725763425327	10.046802661612146
-0.137	-7.6296250532958965	18.945708689152113	9.175090122933478
-0.135	20.285589415580674	17.370730893380486	9.108758514562178
-0.133	-19.779745490611234	17.587248820650128	9.74464103269366
-0.131	19.71514033671795	18.121871106448715	9.221747068812023
-0.129	0.18086966524499815	15.960538673354206	8.765226304146987
-0.127	-2.8328675636402068	17.650019183939946	9.682167594150236
-0.125	27.527563920326514	18.179814870827236	9.654649480794353
-0.123	-14.25681418754099	18.26359803921832	9.318212393335862
-0.121	-24.456442528575373	18.06917414338075	9.674110787023608
-0.119	17.569263717431838	17.908699363575003	9.145464654105501
-0.11699999999999999	-12.114883970348878	19.116059665067212	9.767212924617544
-0.11499999999999999	-9.897835111738473	18.012558842768545	9.101490877992477
-0.11299999999999999	8.075174894983661	17.921302115880977	9.427946284641314
-0.11099999999999999	-39.03122045778584	17.36129237880939	9.393167692464097
-0.10899999999999999	-2.013467312322881	19.29906191013412	9.540170708722805
-0.10699999999999998	-5.386875222446186	14.867775342781837	9.093384309714969
-0.10499999999999998	-27.279926764323115	18.79715236962389	9.765609450608151
-0.10299999999999998	11.555901803239621	18.37713443822188	9.266518357916933
-0.10099999999999998	4.053420363581139	18.50131943456231	9.931461155500674
-0.09899999999999998	-13.639079009863941	20.561450801595615	9.345204503416088
-0.09699999999999998	42.943156589148046	17.949207690360943	9.226258301252672
-0.09499999999999997	15.671121477378591	17.82120511524642	9.526665172623508
-0.09299999999999997	-15.355127641281108	19.867368644633466	9.509991008525683
-0.09099999999999997	-1.0887240932122566	18.064078336395713	9.536231530108319
-0.08899999999999997	-8.131423571700047	16.743302176743356	9.140795766910294
-0.08699999999999997	-0.31713788972709267	17.614664791555622	9.383607608163112
-0.08499999999999996	-16.14637460445323	16.466844803332734	9.22903983096589
-0.08299999999999999	-7.901813460886586	20.150133747562617	9.780240901552098
-0.08100000000000002	10.56096089802061	18.362082470326783	9.324048612303518
-0.07900000000000001	-3.597754101303252	19.550403353552802	9.362924082077397
-0.07700000000000001	-0.16422126059012498	20.384145364046464	9.28820498737252
-0.07500000000000001	-4.224254341211875	17.664168160584968	9.278192393250249
-0.07300000000000001	6.899293780060489	16.671106701124348	9.088394053946
-0.07100000000000001	8.307488731595924	18.259856325429826	9.487366315273642
-0.069	-2.713095032524926	17.4026131692984	9.31569584187992
-0.067	-3.88799959250008	17.99446168391618	9.140917619807336
-0.065	13.963765722158072	18.857179975739	9.427565106683776
-0.063	4.998745550155448	17.8913626334533	9.266573967328629
-0.061	-1.8746823340354268	18.517817055262697	9.498760808895405
-0.059	12.32765021308424	19.024483696059065	8.833294838396135
-0.056999999999999995	-1.343737620618235	18.225180602841334	9.239327824072703
-0.05499999999999999	19.28725897037964	20.692341748920665	9.129694625065472
-0.05299999999999999	0.46157996203000096	18.642620201061085	9.507028582440325
-0.05099999999999999	-20.018205930116828	18.066538678128268	9.214205624725905
-0.04899999999999999	8.395801951666115	18.04221012309344	9.492664286002817
-0.046999999999999986	-18.67135100930284	16.62587058703259	9.110739401395378
-0.044999999999999984	-4.472528646548568	22.222517099443518	9.329306772338187
-0.04299999999999998	10.485846451580016	18.686171362153694	9.285170242337452
-0.04099999999999998	16.97212035667306	18.14277958128549	9.319549389223559
-0.03899999999999998	-22.714437087456574	19.15476003050463	9.806629189444196
-0.03699999999999998	37.721142061020174	20.242452844807083	9.350377637377909
-0.034999999999999976	21.592642846846033	18.09483707357106	9.139747579489326
-0.032999999999999974	-12.59405497477939	21.048116804730967	9.46548847729609
-0.030999999999999972	16.439029596915233	17.371657599520056	9.126601472598814
-0.02899999999999997	-19.237468745325614	20.83118326663891	9.112804370986787
-0.02699999999999997	4.896674337340201	20.171025422280618	9.29223401913603
-0.024999999999999967	11.47023022740612	18.18367540060502	8.89594831004183
-0.022999999999999965	-8.079118336223878	19.480817224930423	9.581708784136454
-0.02099999999999999	22.94739121921907	18.99377056366493	9.074694555328412
-0.019000000000000017	5.91199274069254	19.816114479039236	9.708169483998672
-0.017000000000000015	-30.70559231832526	17.941152960274618	9.35917739411505
-0.015000000000000013	-6.9061495775457615	19.83263881083944	9.266850468386053
-0.013000000000000012	-46.560619863411645	18.015297852813738	9.138579147877454
-0.01100000000000001	-70.02724902449575	19.15615815284966	9.31208291219541
-0.009000000000000008	-67.80873288669831	18.653702488883496	8.972422142604703
-0.007000000000000006	-48.727413967331046	21.229599419817454	9.610869505580666
-0.0050000000000000044	-67.65312779888345	17.39746545395647	9.039011218365836
-0.0030000000000000027	-88.34534962287589	19.860207124536807	9.190466965006696
-0.0010000000000000009	-95.55920846227028	23.14049334362405	9.554838644218048
0.0010000000000000009	-39.402164147328556	18.27714915522957	8.95409333798164
0.0030000000000000027	-73.4665260198053	19.42335454618169	9.323931395496682
0.0050000000000000044	-65.36536438983553	16.604538479950488	9.217878230894572
0.007000000000000006	-58.73298972325358	21.780550070791502	9.616539152287617
0.009000000000000008	-49.23186172378635	19.339760409173966	9.188268445471431
0.01100000000000001	-40.22111416479568	20.069138276083727	9.328615977596598
0.013000000000000012	-60.1490334840582	17.48714752221966	9.070807009039227
0.015000000000000013	-29.07722006140201	20.830366359869583	9.761620836515489
0.017000000000000015	-24.446351704621172	16.073852463975427	9.011039413383118
0.019000000000000017	11.595348570647701	18.38131877839226	9.436306017612333
0.02100000000000002	-19.776628845113997	18.53053095414911	9.134907237521407
0.02300000000000002	18.308139013711866	21.06111723565993	9.227417411826037
0.025000000000000022	1.9533575910113399	19.18743773690964	9.362996186267171
0.027000000000000024	-14.676440090455323	21.22098375573239	9.449455735313931
0.029000000000000026	-9.000745318843428	20.27607734953933	9.03276470465188
0.031000000000000028	-19.83705112451606	18.47957240630067	8.968324184701135
0.03300000000000003	5.888197005754492	19.375377123100233	9.737790370123513
0.03500000000000003	1.2501836454958948	18.95166786003703	9.15144361384008
0.03700000000000003	-20.272406562438228	21.339572998230928	9.504612467530357
0.039000000000000035	11.17390476079727	17.930833277786636	9.002495463164882
0.041000000000000036	-9.019080323802164	18.81324890053469	9.568774495985814
0.04300000000000004	-12.22171443049369	18.68910451343219	9.08849062717467
0.04500000000000004	6.579562364716907	18.37624233662866	9.55274292122811
0.04700000000000004	-0.629310678679218	18.873274393782133	9.05953909179017
0.049000000000000044	-0.6216762518107544	22.327374220832763	9.612974397755693
0.051000000000000045	16.27476992704935	18.40522005391462	8.945802583039411
0.05300000000000005	-16.44455318094984	21.601379849146955	9.288820690836387
0.05500000000000005	13.279815439970477	19.393955160846254	9.210212688445893
0.05700000000000005	-20.265566151089764	18.37494850421467	9.20794079015614
0.05900000000000005	11.27332272554682	20.914296109954204	9.300072439717654
0.061000000000000054	16.407153459185864	19.44500820852457	8.958315513825534
0.06300000000000006	16.47307765439976	19.074566165144788	9.536374292916694
0.06500000000000006	1.3501752034184022	19.970221327686016	9.457273047685042
0.06700000000000006	-16.434668174691858	20.43896232351902	9.349250931808667
0.06900000000000006	16.164829802267633	20.34691325980338	9.409227047950717
0.07100000000000006	1.5164379427723418	20.54598886321606	9.419742289622073
0.07300000000000006	-18.53670112261785	20.785814502655303	9.093289736818972
0.07500000000000007	-11.034344750249225	21.560680655214508	9.58335465666241
0.07700000000000001	-7.8794566475970385	18.21026855808882	8.815783101240728
0.07899999999999996	-7.444474650064592	19.492133091136118	9.494455028069135
0.08099999999999996	-15.46877266478397	18.392965536226452	9.394389992772561
0.08299999999999996	30.963539736195145	20.96418403839207	9.165509120572823
0.08499999999999996	4.626409577879187	20.97421652997779	9.751987018304717
0.08699999999999997	13.89364214099409	20.36633261696758	8.967209128034826
0.08899999999999997	-7.688502381641982	20.794208102298697	9.422357239277662
0.09099999999999997	-10.711166502752612	20.518735193163554	9.365609278211105
0.09299999999999997	-10.793461286962014	18.900244997268633	9.632710833930307
0.09499999999999997	-7.5658247348231455	19.86617776592677	9.29170334224255
0.09699999999999998	-3.883728344367121	22.19646224057405	9.26348078909076
0.09899999999999998	-15.555600367478384	19.3188360271235	9.089548475477168
0.10099999999999998	2.5424110405847244	18.927751400072285	9.304884753520533
0.10299999999999998	-18.956878783948916	21.625829568370545	9.314369185207266
0.10499999999999998	15.944095292708127	21.016105194251864	9.338869715365194
0.10699999999999998	22.740171288671007	17.69081981304187	9.135540408662832
0.10899999999999999	-10.869600640783794	20.73721754021777	9.298280226644664
0.11099999999999999	-24.17761704942567	19.516457047937045	8.918324435521562
0.11299999999999999	-16.263464790333693	20.15879485713946	9.359347759523201
0.11499999999999999	2.5983363622916755	19.08489076771482	9.092299625210435
0.11699999999999999	10.14641277130579	19.697514203761116	9.249881203597297
0.119	-19.851105511836664	22.06604340020727	9.638978984625167
0.121	-21.087302901068306	19.06625400956599	8.963444966784506
0.123	19.64203181947788	22.10669023229863	9.550853877001067
0.125	-25.72970455649859	21.40523151683102	9.401642368562445
0.127	4.660553687196867	22.409985910301835	9.221519647051155
0.129	-5.146788835452831	21.68045232616869	9.31244580580728
0.131	12.490754610849919	21.52292766972141	9.247481857431724
0.133	-54.609053133924945	18.180099900816707	9.235531275832287
0.135	-9.747489143618893	22.040476573925886	9.208685161341192
0.137	-7.733437361157058	21.334838426743765	9.036306812323343
0.139	-9.2328555909571	21.81593287193376	9.466445422359325
0.14100000000000001	-4.568876752597539	19.62095985070683	9.088547898240304
0.14300000000000002	13.082803291819545	21.22809070071071	9.122681528870679
0.14500000000000002	21.128872937037357	24.644289487597824	9.36950773351965
0.14700000000000002	-2.438735296261818	20.15434702155935	9.03393185743696
0.14900000000000002	-19.428222090778213	20.789247890681015	9.406769995963582
0.15100000000000002	-2.2330788244095956	21.776242561411852	8.755927425506655
0.15300000000000002	5.98362104820005	18.81493427704926	9.551207984779733
0.15500000000000003	-17.979332782913637	20.21722097023857	9.100973735847113
0.15700000000000003	-10.788425416130565	24.089159642387692	9.29366023635718
0.15900000000000003	-1.2708579851805624	18.710027637394962	8.778423874963895
0.16100000000000003	2.018382080137826	22.702351727911363	9.24145414541411
0.16300000000000003	-5.516854734599619	20.06473670361106	9.407032738706793
0.16500000000000004	3.723586082804431	21.130523169659043	9.126241002268182
0.16700000000000004	-12.161839082480697	18.182645840262623	9.073966249392518
0.16900000000000004	-12.651081092607264	20.326751634980145	9.255097799113852
0.17100000000000004	-18.532456685815824	21.770949500871183	9.11002547784298
0.17300000000000004	-0.0194634722783249	22.725807935546744	9.34147257306043
0.17500000000000004	7.889910652147947	20.098106699777063	9.33496749487862
0.17700000000000005	-0.7977215681354011	21.11559179699903	9.064316724781511
0.17900000000000005	6.226961532407316	22.85081916190143	9.550621094436682
0.18100000000000005	11.92272514893844	22.722038811176805	9.122977293911278
0.18300000000000005	-21.057417713632454	19.958016500837115	9.287443620142687
0.18500000000000005	-11.045482971150378	20.396962503477273	9.10720532573945
0.18700000000000006	-11.581110939240524	21.326294856210943	9.369090070735199
0.18900000000000006	-5.683651903787279	21.23880572333027	9.234679549076695
0.19100000000000006	16.904811658724483	21.675786444456232	9.483316228204636
0.19300000000000006	-12.868220200079605	19.67365323121677	8.797942813351167
0.19500000000000006	13.931908606990007	22.252978641849563	9.252287222956996
0.19700000000000006	-6.271390016077127	19.73127445477021	9.095581391945526
0.19900000000000007	1.7258528872687862	23.964404050586527	9.22743827432106
0.20100000000000007	-3.4891249970359084	21.53572991572619	9.218179320284436
0.203	-18.7225155772186	22.219427684210615	9.442028577523303
0.20499999999999996	11.990532131189724	20.943152725857107	9.324443796959235
0.20699999999999996	23.734533602715047	22.068469503530263	8.871603265511414
0.20899999999999996	-21.754233751947183	19.908897663365853	9.154112162115185
0.21099999999999997	7.937139360647549	22.874115931196155	9.157999664576971
0.21299999999999997	11.148898183765965	20.39952834252714	9.09365891970403
0.21499999999999997	-17.090592196011833	20.550382205323128	9.054332585788892
0.21699999999999997	4.498546549047688	22.60651270260264	9.29100453735885
0.21899999999999997	0.8312530404008811	20.92181228499541	9.129606254736677
0.22099999999999997	-2.4194230747731638	20.896940504565567	9.212186815108595
0.22299999999999998	8.882218504036032	21.458888737124344	9.228473939873734
0.22499999999999998	-1.0150491971394615	20.286192587950183	9.046913430371958
0.22699999999999998	13.406084484746117	20.291805080169034	8.867907994682806
0.22899999999999998	-20.975607002871044	21.15463116840705	9.659190820379658
0.23099999999999998	-7.065438933029355	22.589669675842046	9.115855985465977
0.23299999999999998	-43.624220315119366	20.605912110309067	9.055862733409011
0.235	5.15047645022193	21.984555442331246	9.382838814649961
0.237	-15.93649791853391	19.708658048327177	9.094139807365897
0.239	0.626508362300271	20.583042774634432	9.129942344628507
0.241	-0.5947126302530137	21.87635155395081	9.401895785809062
0.243	8.526822937282574	20.321078449790726	9.110229019784045
0.245	-9.406714011728212	21.376152265818693	9.327292760459212
0.247	2.5199522748486913	21.630704189016328	9.454393905549095
0.249	7.208519686496828	18.42953086735161	9.18071155037633
0.251	-11.20601134452226	20.184058707287512	9.36202634021637
0.253	-32.163544339436356	19.164453756326054	8.95531010317277
0.255	15.643182520008736	22.67418471431238	9.465507162482293
0.257	14.794786119320946	20.964283023579053	9.326218119341124
0.259	-12.686444739951064	22.79660187954945	9.053023176627196
0.261	-18.357212653863364	21.09368597989534	9.546547279005038
0.263	10.979291961588089	19.51225945393879	9.083275584927627
0.265	-13.369051552913902	22.2576844981324	9.504320472883558
0.267	1.0397250467253372	19.864239335954238	9.121967035152359
0.269	-10.973018742976848	21.838612621038045	9.750005502253476
0.271	-8.525721673757758	21.932691669877446	9.351606179042834
0.273	-39.59935837993811	23.621940024367113	9.605645022783472
0.275	-17.167636722992263	22.16247474099986	9.204294334094262
0.277	8.09830492221053	24.108751850419537	9.613899552076846
0.279	6.850629999499702	18.504627505343947	9.281666332741697
0.281	-18.989054835660824	22.513468844370156	9.161680706840022
0.28300000000000003	-13.999790999918993	22.413130232847312	9.157427148395481
0.28500000000000003	-19.68410434061152	24.3399205051727	9.259198362220545
0.28700000000000003	29.16308867284556	21.83807031660965	9.363773820014512
0.28900000000000003	-19.89198914797985	21.7278043845473	9.41809189588054
0.29100000000000004	-24.392965327413307	22.80937499693823	9.242062013709935
0.29300000000000004	-4.493291915430575	20.983964143355582	9.288337684918027
0.29500000000000004	-11.57113596350623	21.90298831716533	9.581199082126147
0.29700000000000004	-22.46546421647011	19.178259471828984	9.331100808946553
0.29900000000000004	4.973089384296969	23.1987000925231	9.863249483820104
0.30100000000000005	-27.333111454419523	19.952425776238368	9.344403679381683
0.30300000000000005	-5.446646196061167	22.43391634449567	9.527565702109047
0.30500000000000005	5.131813120229367	20.722080813886244	9.386996215987802
0.30700000000000005	-12.041927775263694	25.32393229795656	9.362843363381456
0.30900000000000005	-2.4563587014414523	19.222208962225835	9.270390838026396
0.31100000000000005	18.983049005605324	21.736707381139254	9.334643408721748
0.31300000000000006	4.589460144810431	19.12967524439545	8.988920468410674
0.31500000000000006	-27.370838385776253	24.337753263091784	9.469742449133605
0.31700000000000006	-9.146768820800233	20.65150249208521	9.539257028940765
0.31900000000000006	2.586430472906187	18.905355181610663	9.492837732170951
0.32100000000000006	10.51537013685433	23.2614660782055	9.700725164271905
0.32300000000000006	3.1192334941643196	23.54584288340673	9.498044822298809
0.32500000000000007	29.297004299655427	20.7623681389521	9.637183561048301
0.32700000000000007	2.404221687735131	22.106465502775727	9.256838082007656
0.32900000000000007	13.608532851039357	21.507061197630065	9.704319885564768
0.33100000000000007	8.975983890824324	20.048139337889147	9.181144909199848
0.333	7.916005794417202	23.216160758241514	9.79334469900109
0.33499999999999996	-3.4432923819993633	20.995781181613093	9.322665770904743
0.33699999999999997	-19.114533922559573	24.712548118392792	9.559107400777902
0.33899999999999997	8.779037161010805	22.34335949060137	9.78810322586623
0.34099999999999997	7.887172499998485	25.606576280249577	9.94241651764486
0.34299999999999997	21.440966079921964	20.998166954530607	9.867235103010973
0.345	-13.553386277842527	21.219897493874125	9.200879216621505
0.347	45.086990920095715	22.302316897484097	9.027692797859702
0.349	26.088960505932235	24.257924162640066	9.72852234573877
0.351	-26.602935572106468	20.840945239573923	9.46052291230729
0.353	20.904529940191097	21.536347546045462	8.993178289799785
0.355	-4.965367826237355	20.152810665623566	9.719373175220827
0.357	19.822754170339962	22.959488033674013	9.177109349166999
0.359	14.179261892843797	22.609027473673713	9.470185586367009
0.361	6.531326005587701	19.86812983951361	9.53959935073589
0.363	19.912614848127674	22.071524862552483	9.19157706957688
0.365	2.1439157007474563	23.226948411816092	9.315534857164094
0.367	7.610908364652502	23.630345341745606	9.508574988220952
0.369	21.115749756495106	21.46889901871772	9.056779137868961
0.371	-5.134349799984506	24.93872598773649	9.568168023568573
0.373	-10.942595577212444	22.98201874991352	9.32836258226059
0.375	22.561062234194296	24.404425658362925	9.374601169569921
0.377	4.443412227495003	22.668183172724316	9.27638759596864
0.379	8.035532663264178	21.76970691587286	9.241879682652769
0.381	25.716700544631266	22.67777469148659	9.332498715044146
0.383	-9.065884268522062	22.544726798519495	9.164131114194586
0.385	31.994474209762203	22.296833474018406	9.519586559432978
0.387	-4.963842311522804	22.984206750523516	9.240301930436473
0.389	-6.877582026332263	23.383387885538408	9.543977824504102
0.391	28.68641866093924	21.12509408357256	9.31640662449575
0.393	4.1983237430986975	24.09991437520632	9.727546221568938
0.395	-11.49473905404097	21.133159579854457	9.334708785025255
0.397	12.959473117080123	22.911870416932604	9.052084375315019
0.399	-17.331660727815112	21.052567407567196	9.457857539642589
0.401	22.550175671431916	23.782714919736506	9.354531963468604
0.403	-17.76164663036539	22.42433076801299	9.425920346402588
0.405	4.418675413120354	20.26898280093838	9.588009561122497
0.40700000000000003	22.312042791572395	24.09154613629809	9.38312951770683
0.40900000000000003	-12.509781683989196	20.03042685505088	9.308166774453404
0.41100000000000003	29.48317153994573	21.467503548165386	9.373406019085136
0.41300000000000003	18.752794147980367	22.7507134141962	8.895737184812313
0.41500000000000004	-16.071580320131673	22.144312043531944	9.812703928367185
0.41700000000000004	19.420079959697745	22.15772056057249	9.058860067669372
0.41900000000000004	10.689374737582469	24.190770569674207	9.554896346399872
0.42100000000000004	-0.41723908139612575	20.6372143505306	9.693687412732082
0.42300000000000004	37.56059930659639	22.922651858701194	9.121856390073166
0.42500000000000004	14.379225480976032	23.151515528796942	9.447507603471651
0.42700000000000005	4.20327693695377	23.875561029479993	9.540871058563022
0.42900000000000005	51.16792547932292	20.854095375166057	8.93317304079289
0.43100000000000005	2.2493226359276974	21.747372615621465	9.523374042442656
0.43300000000000005	1.5245416142839474	21.11358775772005	9.291305492706536
0.43500000000000005	7.546568331573411	18.994747459575077	9.335224965390072
0.43700000000000006	-12.339080465384455	21.44057824259626	10.006406303954895
0.43900000000000006	32.84033546568921	18.4234757252404	9.013418053180741
0.44100000000000006	-1.649391534019884	20.1901378624363	9.295986432675733
0.44300000000000006	-1.9392330486978082	19.88279941592269	9.381889057891463
0.44500000000000006	27.439475679180703	21.55855605983109	9.146697189251793
0.44700000000000006	-5.5254685160655015	19.697834415836926	9.269956153280036
0.44900000000000007	11.68007927621062	21.92496736674132	9.55506624669351
0.45100000000000007	-10.237640095889233	21.0907102047434	9.506400778240954
0.45300000000000007	-6.977405243024926	24.50283760787349	9.487335626733762
0.45500000000000007	-9.075935510582944	18.468325634639896	9.380141324727381
0.4570000000000001	5.412155582584788	21.12052788150128	9.212911424717808
0.459	-2.6166773272606747	21.67893948395341	9.222543229848373
0.46099999999999997	41.90013268146053	22.20438359150434	9.203636289156512
0.46299999999999997	-25.479826863850086	18.69427984716293	9.350584188066568
0.46499999999999997	-0.039295320442001014	19.873754102258726	9.614631417271221
0.46699999999999997	5.782353418748443	21.839630323336582	9.516156329213155
0.469	-22.28154035577301	20.963246936388423	8.948341893947735
0.471	19.36625990572871	24.111350744358994	9.456686625685213
0.473	-19.097906745701998	20.024826926392304	9.266336459205192
0.475	8.830514854007987	21.857807955320933	9.401459874701809
0.477	24.159764505871095	23.050791233795383	9.186199017156618
0.479	8.081434441642443	19.968226296248012	9.558501473703181
0.481	-7.6427555818492365	20.476348807186138	9.384348260904801
0.483	8.394135418310356	21.468773846997482	9.577760708719216
0.485	11.632791629745398	20.123743623617386	9.529150536772143
0.487	21.772971855016365	22.759301722211646	9.161128960755963
0.489	24.055988092186453	19.172888614892067	9.09555905588306
0.491	-20.312097899433113	19.143950936182108	9.428089838306924
0.493	24.286379068705344	20.392161461660635	9.084903631841263
0.495	31.040990937425406	20.905927093816622	9.276116097819546
0.497	22.54009286462022	20.605333934409327	9.48353105856185
0.499	1.4852704579570997	20.038238986133187	9.797511316445139