-0.499	-99.09241298200477	110.98462762196453	45.7458926847329
-0.497	61.062744143525194	83.7872922162375	38.42242255407601
-0.495	53.03323038186036	97.61245268826087	40.558801008011706
-0.493	-16.58484346522826	92.82613360031246	39.145099769767235
-0.491	29.8406499812387	93.29710049487328	40.32756219412262
-0.489	100.0155339601072	88.47865651133804	38.85813973616237
-0.487	-8.17807537145665	96.39980257466623	39.06446999235886
-0.485	-58.02619289130284	94.67535592058134	39.71630439855001
-0.483	36.434265885842976	93.26519515866981	38.576189572120136
-0.481	-27.862214531326757	96.36134168778817	37.98780864476739
-0.479	36.509512143290124	87.24534351599075	38.93203558319027
-0.477	250.1840292437052	100.65152892853766	40.18110234438156
-0.475	-17.34443018130971	88.34997803975064	37.75306587538183
-0.473	-81.33297359835811	86.22893641290665	37.64556427847365
-0.471	170.4444283723294	94.91861123647116	38.98289856871402
-0.469	-122.2797803144271	102.47830684681448	39.618933452732264
-0.46699999999999997	105.08218498950228	87.76954763049234	38.63581329729641
-0.46499999999999997	132.26973685620536	89.13434211140728	39.80547633161569
-0.46299999999999997	39.6603614625235	93.22371724013458	38.2546536388371
-0.461	41.6699989951308	91.3061729400493	40.08091536572612
-0.459	-25.86932549286658	86.8310364471538	38.588056677082044
-0.457	-35.20042209714802	94.73021045038311	38.45424891629978
-0.455	60.29731953183237	94.45348368708603	38.534241962386616
-0.453	120.50429584675726	92.15739881698175	38.715776287592256
-0.451	45.23847336890263	93.51032633162559	39.78819927649368
-0.449	-14.608143332761614	89.02638274462035	40.12422879143621
-0.447	-15.504345353023474	95.35030493277057	37.49590636719733
-0.445	-10.32290747671194	94.89067457789896	39.334267778702255
-0.443	79.21430007962194	100.06119060204526	40.014666790678724
-0.441	133.32654207354187	89.41896792658443	38.79723523516719
-0.439	128.8762811302302	98.4118094557397	39.360285048902135
-0.437	-38.031044867326	87.10779047438805	38.56368084131477
-0.435	192.6613653635556	95.11887308966126	38.820013081342324
-0.433	-110.32869443050598	83.54915884559833	38.766511588622194
-0.431	-66.90833635358828	87.5761127394817	38.73051994573596
-0.429	239.05169306370766	94.29933938388649	39.09635520648314
-0.427	-36.26190424199649	82.28734409729076	38.34832303920586
-0.425	48.77807505621057	96.17398108663735	38.88381800963663
-0.423	239.89238703947535	89.81191696888592	39.63302682086231
-0.421	19.768902887573603	88.64862202073354	37.07957102838225
-0.419	-83.02238489821256	83.29190747863262	37.69628153816518
-0.417	146.96014855020144	93.7704467635845	38.399858330503825
-0.415	49.48824841610744	92.60055779610107	39.7049425171351
-0.41300000000000003	-3.343894526053326	89.31124225276976	39.374304767053985
-0.41100000000000003	59.7748715840396	97.746673254483	38.60637804575258
-0.40900000000000003	65.67923860711922	101.99852757757196	40.39386726904044
-0.40700000000000003	1.1734450804379293	91.21237101075845	39.054118474254174
-0.405	11.545041165073044	92.28705744879255	39.370231014977996
-0.403	66.26372628293353	95.04166434216985	38.956937267556306
-0.401	-72.93251817397373	91.53992171725017	37.6084295382974
-0.399	47.1210389634269	100.03048727048072	40.52357197113554
-0.397	258.1209803176332	85.64285613900965	39.73160064361973
-0.395	-35.46642640983588	81.57920668310773	38.97169312526366
-0.393	-23.192552557560475	85.33302648901328	37.30625097401781
-0.391	126.43247520904843	90.73072763637845	38.396334461015016
-0.389	-21.037077122754155	93.63588642586554	40.39579954878698
-0.387	11.58851976668096	97.34183275740017	40.05141347958865
-0.385	108.86343102800566	87.81074951689052	38.295927117345755
-0.383	-80.03490378460931	100.60048802745956	38.64156923829475
-0.381	47.779175851747624	85.09473526917499	38.88760763052527
-0.379	25.93268996120557	88.16894894719898	37.61814609709289
-0.377	-135.55166995826707	101.82579267257944	40.15840905664243
-0.375	12.358397291745149	93.29292853549492	38.79794290631723
-0.373	34.84220404947891	97.21046135425632	39.02671654642509
-0.371	13.04255121148401	86.12362197799922	39.93601806915867
-0.369	-5.021726904086421	90.54216185044328	39.78825548414842
-0.367	-35.063222440845365	88.40649274795902	38.078884855562826
-0.365	81.45131380210557	80.14746084836858	38.091445218792195
-0.363	-110.61260134825889	92.06890860828787	38.9460540322728
-0.361	95.72245363398402	86.92775146039654	39.77579824355688
-0.359	129.86061169284469	93.53644873762337	38.596890192283226
-0.357	-5.9220440750129555	93.5491921532761	38.60794075896445
-0.355	143.65454873321858	86.0608932586788	37.95821728309015
-0.353	-9.58219924585002	88.27695845211922	38.90054365922006
-0.351	-137.01245467490077	95.76042299270797	39.053344667807096
-0.349	110.81474988205997	97.06134029318783	39.35374913291889
-0.347	-44.6609004618459	90.3877638775261	38.82325263538526
-0.345	52.053966837606325	82.0418101388993	39.63214373533735
-0.34299999999999997	177.71695737867077	88.77665346630268	40.70923752651796
-0.34099999999999997	-82.90249888842638	90.826573201584	37.723785362136155
-0.33899999999999997	-30.9739154470412	87.33668874236314	38.94723356123549
-0.33699999999999997	122.36564632717162	95.25828611958278	38.68982847066742
-0.33499999999999996	-39.68355891725839	92.47171395082334	39.17930744760991
-0.33299999999999996	25.324678027516256	96.4925019556524	39.13141944220762
-0.33099999999999996	135.81766761605607	98.2431816410454	39.2975446166248
-0.32899999999999996	36.11959960014843	94.96278691736407	38.41536293991254
-0.32699999999999996	9.240669650800726	90.1524740521048	38.85289639902669
-0.32499999999999996	-21.75532130788138	88.51230024824346	38.74231577543911
-0.323	-1.3796971458646112	98.12805520626756	38.7493025378525
-0.321	-101.79331046000772	90.49963735061321	38.53429995816164
-0.319	5.860521925082907	88.60332675453819	39.3852595273089
-0.317	122.73291812503473	99.55477334016848	39.84346688621119
-0.315	-98.57801218438044	86.67709719559322	38.25528939101546
-0.313	-36.25339450541443	84.92240157631613	38.72381135124903
-0.311	72.08831123151072	90.41912133912254	38.79017095201133
-0.309	-119.22341753667354	95.6261235672321	38.049825674169476
-0.307	-29.02565098206189	79.66546573202436	39.1026490821404
-0.305	90.91290903451288	93.68281849314126	39.59059515931204
-0.303	25.442672471953642	96.55611014722635	37.74077958961718
-0.301	30.411205972802335	87.1940576772104	38.961816702983356
-0.299	-89.15718452351396	82.117920738753	38.60550393465722
-0.297	-35.538889456177	92.45000583278859	37.66730987061711
-0.295	115.75144420872263	96.94556322572068	39.333576509905534
-0.293	-64.66378892411306	91.6120009188404	38.51981159617568
-0.29100000000000004	-5.99744254503598	97.13736748208957	39.947812561227835
-0.28900000000000003	30.933989931369865	82.3587594548492	39.35234927101843
-0.28700000000000003	95.88931463944128	85.31566939111616	37.29020407281787
-0.28500000000000003	-118.31687333851981	91.93879696152995	38.88468448817336
-0.28300000000000003	-19.053732853269167	93.31461499713977	38.43303728420681
-0.281	77.18602475725866	84.68060071505967	38.72945199866971
-0.279	5.590698789248449	96.42012400336431	40.52292251213433
-0.277	33.97494622414676	101.13896662040794	39.108589263447776
-0.275	32.590385570463454	89.89731990167991	38.33336051854865
-0.273	-29.091171370732027	84.45107366475091	38.65265319920805
-0.271	-83.53374204372876	92.65591819684609	38.37499953245308
-0.269	100.5295077178836	87.44956080558522	38.30996180886897
-0.267	-91.0129420967909	92.0728367278076	38.600861959289986
-0.265	-31.75772917840547	91.08383876915092	40.27280995990684
-0.263	248.65868822776525	94.77255144959658	40.149327127518625
-0.261	-58.23329343246364	95.75658217674076	37.91322235207096
-0.259	-36.77024891268754	83.76286895094745	38.93388655970346
-0.257	-6.923119514778975	94.16887077193775	38.20783993336909
-0.255	33.37976933814879	87.59113128004823	38.663024873050475
-0.253	1.9448659189791329	87.79436461403927	39.71864204659788
-0.251	185.66540252296093	99.41498615478056	39.283556061945966
-0.249	77.62783548526109	88.28636695983502	37.722684701359064
-0.247	-33.81021980120025	81.23636744704304	37.94867677652318
-0.245	-105.44653548316685	92.92515612141588	39.36051450925153
-0.243	-34.24061756518437	95.20832967892308	39.54580012372755
-0.241	21.640290031932352	96.800719724841	38.870406760019485
-0.239	-10.465050992891634	100.72395304049755	41.69451852541204
-0.237	112.65886571920625	92.2526980215211	39.443023483385886
-0.235	-35.525621489784776	93.78906081741714	38.49405130961288
-0.23299999999999998	-1.0788906819048094	82.98507745305277	39.23894532013497
-0.23099999999999998	-75.58891936731982	90.14236149469077	38.58514592182471
-0.22899999999999998	-15.284330686982095	89.01797308890707	37.80550334774351
-0.22699999999999998	1.9219864821895527	86.14384778387961	40.02411386785536
-0.22499999999999998	57.989359248278305	96.22152523931403	38.21954128363287
-0.22299999999999998	141.99542339277116	91.84537737975899	38.895864766920745
-0.22099999999999997	47.99288718237982	81.20164158219659	38.37519227633132
-0.21899999999999997	-53.191971394306314	87.94321085409591	38.101110262529325
-0.21699999999999997	-48.66258447411287	107.11184936896942	40.63518514432798
-0.21499999999999997	143.29151671654827	85.0916662228973	38.413485742622406
-0.21299999999999997	-12.208871119745446	91.60728117618707	39.677680460293274
-0.211	30.988064751324984	98.88716099432013	39.599934413949725
-0.20900000000000002	150.93031199131525	93.86455064219011	39.633103686956844
-0.20700000000000002	56.86323702724927	87.20906529529755	39.01943818885339
-0.20500000000000002	-74.41115071959992	82.67924836975295	39.091365012007756
-0.203	-8.289172773956466	92.77442414132626	39.290501476761484
-0.201	58.06177889167152	89.13272998147785	38.94303092894084
-0.199	-54.67600578601406	83.82006681167837	39.274679986652586
-0.197	1.7014888973321263	92.84039517505025	39.54538641587499
-0.195	30.324489569633073	90.94437492847169	37.36964622556511
-0.193	9.321999297151606	86.2808172576073	38.417530995631544
-0.191	-40.218480449993876	98.80947537144857	40.33616928302935
-0.189	127.62489063411486	94.81320474128802	39.78732403604995
-0.187	-11.516272723111065	89.2858634110258	37.88548952402447
-0.185	-44.79434263626736	88.92507926048354	40.080371440047415
-0.183	191.4633786048725	95.14674133998957	39.60931573760418
-0.181	-11.291573351224216	90.5493906042037	37.524548906658865
-0.179	-10.68580848462286	93.22513303086792	38.78587995032365
-0.177	118.01076613027206	87.64406126364719	37.88055965322452
-0.175	-56.052063199585334	91.86901081270537	37.925043091837175
-0.173	-0.4456005988640044	90.31609222465099	39.33297645724107
-0.17099999999999999	129.61732345373457	93.69263295903666	38.837476247341876
-0.16899999999999998	64.94721267857884	90.3755089607478	37.06764748853434
-0.16699999999999998	-50.106769092339576	91.79238905109946	38.454510685407406
-0.16499999999999998	13.664995713869033	87.57895688614654	39.46388449913026
-0.16299999999999998	55.76306140220311	106.84652102117347	39.31317521830834
-0.16099999999999998	-23.319284804146356	90.66431352657833	37.97297165258021
-0.15899999999999997	57.35863319378254	88.49844264559711	38.577131607874534
-0.15699999999999997	8.495657626284014	90.7802632617928	39.99509393144078
-0.15499999999999997	141.56158997913337	94.84855701629115	37.69419564755544
-0.15299999999999997	51.3860066471139	97.87625750972367	38.9797633932595
-0.15099999999999997	43.471646685500076	92.36937687294191	38.666674100965565
-0.149	-20.180545622028312	103.29403188322918	39.22072975593419
-0.14700000000000002	118.71521301731747	93.8431737064094	39.03722193909181
-0.14500000000000002	179.72808632094052	101.67565834156544	39.045985951711806
-0.14300000000000002	-81.54999567522303	93.22530026793915	38.75311861705273
-0.14100000000000001	-0.08647136240380604	93.42416557872826	39.06686799866132
-0.139	15.495949711841206	79.23592064000691	38.02379923254722
-0.137	-47.50642824180584	103.56017032197153	39.506301905588124
-0.135	119.0665343246966	87.31561987187929	38.359132566486245
-0.133	74.36019611284372	97.6332529634029	40.10324462875388
-0.131	11.524852994826418	89.17865626765159	39.469005510569005
-0.129	132.12554311037294	91.86657834351612	38.873603052186894
-0.127	45.59719141350449	93.82347444068701	37.67788432616531
-0.125	-61.76951208769488	102.23202770432738	39.65634390870197
-0.123	154.78549829284205	94.09898668344769	38.54692376920558
-0.121	39.41099767357237	101.1087583051092	39.65719989239409
-0.119	-22.69172642643813	91.02907401601306	39.096565185720245
-0.11699999999999999	23.743954743249418	90.1820167208591	40.00297807261961
-0.11499999999999999	-52.78666083108341	92.28658315237914	38.849517583125085
-0.11299999999999999	-26.91071854388216	89.91763379420526	38.007097008091556
-0.11099999999999999	-45.62963492649175	99.49499284186525	39.14279437300109
-0.10899999999999999	43.249918886711924	107.65769279466205	40.518934102545224
-0.10699999999999998	7.302275368825661	87.23413777192175	37.63265715192361
-0.10499999999999998	34.37469161826634	86.91481811724474	38.75519611014337
-0.10299999999999998	161.9548224311984	89.76731918213605	39.074810642323115
-0.10099999999999998	34.37824390184474	85.02002994535574	38.407885901555076
-0.09899999999999998	-62.775781817348	86.94324796648338	37.54871490866815
-0.09699999999999998	99.61808972036579	96.43094536673748	39.675510148113354
-0.09499999999999997	-60.78203554127359	95.57612508556127	38.672352213684036
-0.09299999999999997	22.643315998438496	90.78926163760376	38.63780921079982
-0.09099999999999997	197.8751660740574	107.62279062088578	40.47810771624525
-0.08899999999999997	7.247670035681608	86.44147303235806	39.18850674048445
-0.08699999999999997	43.90707483836742	89.31839533437392	38.7215442861826
-0.08499999999999996	63.929458310241216	73.23272653890204	38.85566578563948
-0.08299999999999999	-107.35926890326209	105.16071027797284	38.76540388939732
-0.08100000000000002	22.301550453018848	92.95768960482648	39.026213048506484
-0.07900000000000001	66.82506848565417	83.25189189510434	38.906625936543456
-0.07700000000000001	25.149200083118828	87.47730672814018	38.95217734052632
-0.07500000000000001	126.21029842607712	97.50430661054878	39.16391778577934
-0.07300000000000001	31.87786856839736	84.95847559007433	38.13074621658606
-0.07100000000000001	78.07873687637468	97.14471690820699	39.02410117162444
-0.069	-70.24366591545927	106.58731428306821	39.63472232235573
-0.067	86.10814254494947	85.82558890963654	38.25221659211779
-0.065	141.8916625661737	102.55999076716691	39.63620414617342
-0.063	-2.7422441174485	97.3177571531665	39.62689489867662
-0.061	117.7454979097714	91.41754484137857	38.17308598053819
-0.059	21.859657494793794	89.54038233183192	38.02582709526833
-0.056999999999999995	-136.30976187350984	90.73151265555536	38.80417213328188
-0.05499999999999999	-0.09590074556697914	89.90985946816278	39.3501978329758
-0.05299999999999999	-42.34723738494317	86.27347600215931	39.16680783822271
-0.05099999999999999	-58.880446565989786	93.07149326853144	39.01559297751721
-0.04899999999999999	104.00732402171542	92.50178930654351	39.704216185879766
-0.046999999999999986	30.923063017995744	85.48082553746305	37.61698043023301
-0.044999999999999984	-22.353851887757514	91.75422738780782	39.34026958153683
-0.04299999999999998	121.3214299355947	96.29493870149807	38.882804675228115
-0.04099999999999998	-70.35812015931953	99.40377307829411	38.79387003119421
-0.03899999999999998	-15.636997235723982	86.08605108610057	39.07212841177234
-0.03699999999999998	34.42073003068202	97.65994694085983	38.782792960139155
-0.034999999999999976	116.02005907529467	101.4691673117328	40.38315448145301
-0.032999999999999974	-130.11688704234192	97.35430055044236	38.5960333698744
-0.030999999999999972	-91.68347814303424	91.80752505220521	39.19543589383716
-0.02899999999999997	-103.84718075651111	89.92799191745979	38.96407815199928
-0.02699999999999997	-147.4110857937472	95.325455944495	37.49379129132131
-0.024999999999999967	-40.75572221906576	89.82205318092676	39.36304044279898
-0.022999999999999965	15.256633795202035	102.03262698930187	39.75829731776363
-0.02099999999999999	-136.4759012673078	91.85840287576221	39.14951531608842
-0.019000000000000017	-167.565064703723	80.85222971154614	38.06296725620587
-0.017000000000000015	-11.802422008933	98.76693785247006	39.05511751405865
-0.015000000000000013	-245.84911530178832	99.10828329176452	40.54875066185177
-0.013000000000000012	-3.5583783457582285	86.41824357059501	40.120839687794835
-0.01100000000000001	24.067158145735235	105.22881223982981	39.48839736338058
-0.009000000000000008	-237.60974066788788	89.37071363875631	38.30691022937009
-0.007000000000000006	-94.08949625777652	89.33312093345414	39.01263433200515
-0.0050000000000000044	-81.51328925842805	79.64513174683601	37.879713869244235
-0.0030000000000000027	-187.24074106168942	94.14669360229924	40.288636698234036
-0.0010000000000000009	-142.42148749332716	85.8440267877558	38.27305180741094
0.0010000000000000009	-78.13120714494914	94.11552877287268	38.25268842035627
0.0030000000000000027	-117.55206983043998	95.98654539050702	39.87850325347201
0.0050000000000000044	-5.961402046450459	96.06039882638349	39.23867285954114
0.007000000000000006	-179.7081427682423	79.601523208931	38.28104237604452
0.009000000000000008	-80.27381781972042	96.23542632948164	39.243384320890286
0.01100000000000001	-242.22825901953905	93.24882504276901	37.87826651990749
0.013000000000000012	-102.38564391507055	93.69415376351277	39.58895560585463
0.015000000000000013	-20.06066544979479	100.74724688532545	39.378349382706496
0.017000000000000015	-128.45867175326208	93.46676366463896	38.63392398576141
0.019000000000000017	-99.5491740897192	88.75507750505322	38.20777306643621
0.02100000000000002	-117.12262652163741	83.98578871984888	38.37265524476006
0.02300000000000002	-160.90043623417927	89.82470977307283	39.54570010822274
0.025000000000000022	7.819292896282803	97.14187339878526	39.42195263283243
0.027000000000000024	-107.22127561313411	98.60559843678962	38.28867076296425
0.029000000000000026	-93.32436503817209	96.28145934368986	39.118534304569515
0.031000000000000028	134.57180172737893	92.80462435823102	39.722521321199
0.03300000000000003	-70.4560545152777	90.66251479553272	37.84645265942798
0.03500000000000003	-110.03727164593525	85.9541571701312	39.26099188239264
0.03700000000000003	69.12415540250016	93.81065288526773	38.64688838778803
0.039000000000000035	-13.296617893399088	86.42563738946944	39.85312881507531
0.041000000000000036	32.63416366827698	91.27735070891991	39.417954512641685
0.04300000000000004	17.090537950181783	99.74948689606727	40.134221188611065
0.04500000000000004	5.120231643562789	91.14841220845639	38.10030555233851
0.04700000000000004	22.80003654586693	87.8135835835704	38.1578217871034
0.049000000000000044	-46.725490115528956	90.90618954017879	38.49676422754439
0.051000000000000045	-89.57534916453902	93.02914168152115	38.7674757616959
0.05300000000000005	-161.98696164360092	85.92721338983291	39.703594907292796
0.05500000000000005	79.57805758063152	89.74744862626207	39.641026448337165
0.05700000000000005	109.52515196649415	92.19641712773605	37.87501642676128
0.05900000000000005	-71.65697311439789	97.86932858434474	39.46171158842397
0.061000000000000054	42.54561190020212	79.25620551656728	38.59993422414902
0.06300000000000006	-54.654027724976295	100.4355793399725	38.82593493619251
0.06500000000000006	-121.83621105266162	96.39821450672581	38.55039380997798
0.06700000000000006	108.33492706940895	102.81079346125793	40.483747058574004
0.06900000000000006	89.34803740268116	99.60959759724489	39.19131790037111
0.07100000000000006	0.5653955126305732	95.0108489968374	37.31886576252554
0.07300000000000006	-3.552074752666279	83.73070730952404	39.83213618223459
0.07500000000000007	26.561274278025238	86.78595716571567	38.98281665785179
0.07700000000000001	-115.50894364054099	98.95840711855773	38.66804488068214
0.07899999999999996	10.898723204588734	88.20001684021513	39.73722484084562
0.08099999999999996	6.121774177580974	87.6576833866962	38.6035533048804
0.08299999999999996	-18.606101058304958	97.91912188417378	38.97015689679175
0.08499999999999996	-39.00476742735304	101.77930957465622	39.656537978175486
0.08699999999999997	-15.112745142320527	87.89324888167623	38.11620051914613
0.08899999999999997	26.499866683016293	103.22823607596466	38.70689542305987
0.09099999999999997	9.65563742139075	102.8767041309466	38.58698229025898
0.09299999999999997	-23.10087272661132	94.39848271705235	38.516652743859055
0.09499999999999997	41.378203287978366	96.18778344264561	41.164193945849014
0.09699999999999998	19.15255108020375	84.42865970380984	38.44530550235972
0.09899999999999998	50.77190795521602	87.96341965761624	38.63947907466485
0.10099999999999998	-4.658797473355847	83.61267135722657	38.28217372214102
0.10299999999999998	-128.92797719687988	95.9452272281489	38.5695091821913
0.10499999999999998	33.99903118239678	94.6103852573905	39.734787577968596
0.10699999999999998	-64.93747982083687	83.76728826673582	38.00870150143057
0.10899999999999999	-31.576196700244807	102.38039240565898	40.095709378953174
0.11099999999999999	144.45704293342132	88.05298641270853	39.303850637608456
0.11299999999999999	-108.23598711617865	95.60974516869373	37.744248230950326
0.11499999999999999	-148.10195149927983	91.29438163922087	38.877268571128134
0.11699999999999999	42.327206467795975	92.5653306598998	37.84859130441886
0.119	-37.91728504409786	83.2544004309469	38.7067751568578
0.121	59.4338168391495	85.92766534465815	40.59541458811991
0.123	215.2900483096687	91.59511553624695	39.40981001058274
0.125	74.23759793478979	88.04320379923797	38.30984641362228
0.127	-135.66828526934137	88.91680191889887	38.81323698570955
0.129	31.600510767670897	85.67888184213236	38.18343616712045
0.131	31.64976009228937	93.92581437234799	39.066004574550504
0.133	-29.49656812423207	86.08558380271768	38.134922756110726
0.135	-57.418331019132296	102.97276269036999	40.354114756775
0.137	127.89656638068081	101.1352782570657	38.66706355138715
0.139	17.900449228003268	88.8043227119323	38.40244307728032
0.14100000000000001	45.285537453088054	82.64583899409722	38.311913629397715
0.14300000000000002	-47.23817747909198	99.06473597413341	39.44081356248008
0.14500000000000002	63.15852485205831	97.21845806720661	38.37604970303466
0.14700000000000002	84.8178147365708	93.72951482242799	40.00122163681125
0.14900000000000002	142.56319453287426	90.200542807866	40.01824760012058
0.15100000000000002	50.54175320662324	98.79533722250048	39.39819586035644
0.15300000000000002	15.277987154282968	87.21290598227665	38.24969454629539
0.15500000000000003	-1.4044058215256783	89.09455716464196	38.84927414977627
0.15700000000000003	-64.06881373188789	94.37197542507283	39.69766392348281
0.15900000000000003	26.00972331068263	89.17625576184982	38.308106267100186
0.16100000000000003	121.84180826646518	90.01640948379995	39.50730688686005
0.16300000000000003	-49.20096835547838	93.21877495818995	38.70775668145059
0.16500000000000004	60.85161598412547	92.17167053243918	39.55486049801723
0.16700000000000004	32.8241697176157	84.39628379959315	39.272875463643885
0.16900000000000004	-51.96951995523058	96.11465569006786	38.02805885310147
0.17100000000000004	32.83799188302794	95.07890653461608	38.75089480526892
0.17300000000000004	105.69742972577068	84.47630128793054	37.533520054723795
0.17500000000000004	-34.25648687449545	96.05953770962643	39.33571888938756
0.17700000000000005	108.07310755978072	93.61257734192806	39.779266283524
0.17900000000000005	147.7381204908479	89.25160719657761	38.11723949007162
0.18100000000000005	-75.12584388491561	90.27313697314369	37.909538025700385
0.18300000000000005	-146.47340737061754	96.93420335339414	39.52228088853853
0.18500000000000005	69.65672241165954	88.31224277898103	39.593475883324466
0.18700000000000006	-38.922876743452406	91.3975720405741	38.40724343657434
0.18900000000000006	17.593392809711617	100.05742261416168	40.56457099300368
0.19100000000000006	148.18717729925268	93.77820091592997	39.98141537725352
0.19300000000000006	-77.93052405902223	86.21969269506366	37.75350659742127
0.19500000000000006	-4.114201149540975	89.40875950740735	39.24463952992247
0.19700000000000006	107.63486411935475	101.37194674473332	39.20652431431182
0.19900000000000007	-78.86167537618505	92.93448927946413	38.03092529914036
0.20100000000000007	107.87626719022114	99.96049323337519	40.24428674756164
0.203	206.2911010023427	102.14402785897796	40.66147597974719
0.20499999999999996	-8.653989619467062	85.20496072427382	37.468305161066105
0.20699999999999996	-106.63084467799067	80.64321722144763	37.37024371780368
0.20899999999999996	-21.524868707656353	87.64727507942922	39.57927936371872
0.21099999999999997	-37.28051157936285	93.26705079220896	40.35604329282671
0.21299999999999997	69.08233619506987	85.21137554389972	38.357574635970046
0.21499999999999997	55.63076319958782	97.95754789074519	38.61508833823655
0.21699999999999997	-75.43420424238612	98.71505191522913	40.269395092399385
0.21899999999999997	33.45524147402301	91.5348770178276	38.44341459244579
0.22099999999999997	-22.65806765766598	79.96002528258897	38.56314974211571
0.22299999999999998	68.49328006830468	88.68034562179581	39.069805183575745
0.22499999999999998	12.995681054617236	97.1104615565182	38.160001792259344
0.22699999999999998	-35.70078315517922	91.7553733628314	38.676311555315394
0.22899999999999998	13.574373152414054	95.88156537117052	40.17467878798744
0.23099999999999998	-2.5002530740225737	93.87690497900975	39.46084631158078
0.23299999999999998	-129.91424764852155	86.0109841293775	38.24804992523134
0.235	-10.814987245644225	81.62421499369182	38.0010075651464
0.237	-71.38555280583603	86.16330606339464	40.48798569913559
0.239	103.90172291585564	96.19546432202922	38.821036256362035
0.241	28.374838143996328	82.38499326598357	38.11141145826332
0.243	57.007268498221464	104.18964018748976	39.543798490684935
0.245	64.24567256879676	91.4659546027585	39.11555800693334
0.247	-50.447208365778096	80.94684893186059	37.00524296448313
0.249	-60.63021231250687	100.4122729790289	40.025689914874015
0.251	38.40407358790543	95.24591792134879	38.84891428417996
0.253	-28.120297816403017	95.15033164234438	38.754504302621775
0.255	-50.32942737015489	83.12297703818733	39.09620734144449
0.257	41.082240503476086	96.17278327054886	40.42424739290767
0.259	100.05099425502983	83.19886905805917	37.517428603945234
0.261	-7.2434170808044485	87.68197533380028	37.714289338275606
0.263	-156.0694848936617	87.72199066986063	40.1796794608742
0.265	84.5761886405505	86.29140038733864	39.40401597199929
0.267	45.92462045116541	85.35940235391028	37.39349967410793
0.269	22.52586898854325	88.85482852049634	39.04934309091771
0.271	218.77882293441786	100.37080461807804	39.548107754431975
0.273	-92.3984567842151	97.94852661788482	39.58585797262437
0.275	-22.926621944807657	88.90753088272216	38.18455257948789
0.277	58.669201778993596	93.27122565353888	39.05864274236797
0.279	-43.895339652766374	96.42239838353309	38.299385623687066
0.281	-14.45294426416499	83.46676495105199	39.033999361934775
0.28300000000000003	250.1685900444528	93.8902674891291	40.69483003425521
0.28500000000000003	10.9737442033353	92.97303199380643	38.06320263163713
0.28700000000000003	-120.38549972082092	87.7035190897829	39.037887790258935
0.28900000000000003	31.21864128430296	77.84222200304094	38.82979191010646
0.29100000000000004	-67.084908440318	89.22200598962726	38.881589201547726
0.29300000000000004	-7.924081792287652	94.51419145425021	38.639424323647184
0.29500000000000004	76.43152570846468	85.89813525831478	38.33553210794014
0.29700000000000004	107.75796005368932	97.14188008942723	39.71278112203475
0.29900000000000004	-21.876717399171852	106.51213249255447	40.95786277036024
0.30100000000000005	-7.0077888594255455	83.39700737021639	37.69389958392105
0.30300000000000005	-27.290415283598435	102.54765647319901	38.96443677478585
0.30500000000000005	-31.104906379919584	97.56305653759014	39.67231703835825
0.30700000000000005	61.95537756359393	84.78577313923525	37.829063150042415
0.30900000000000005	139.26218728488317	92.79740835886767	39.13508736004804
0.31100000000000005	103.66227618630042	93.33863188065098	39.57525643631094
0.31300000000000006	67.42320734631768	94.33456326314437	39.22789269429063
0.31500000000000006	-43.09950955783126	96.47940768263534	38.954189169192276
0.31700000000000006	-80.27831475465597	89.73525997999641	40.030818603698066
0.31900000000000006	10.894649848935956	91.05237506510674	38.52224772532798
0.32100000000000006	49.405431251425824	83.95716619787837	39.31371126446336
0.32300000000000006	-62.26522928776124	93.98574755550956	37.39199234441893
0.32500000000000007	67.44611932996136	92.42510093061402	39.84266217721306
0.32700000000000007	-48.31636436986031	79.96871354525106	38.296961555955164
0.32900000000000007	-96.05857726280308	87.12517547219085	39.13126701866231
0.33100000000000007	128.65901231018384	103.85635006127892	39.10884657088956
0.333	4.312567307040993	92.6237557295646	38.76109637547499
0.33499999999999996	168.08653301447762	93.28608979513612	39.83511420917997
0.33699999999999997	57.88876977907975	100.419208449404	39.62527213243237
0.33899999999999997	-50.44473721504961	94.79964557944916	38.58292344493663
0.34099999999999997	-25.188095818196032	86.32933331250064	39.19950443236929
0.34299999999999997	23.84594733384482	89.61079018785883	38.73809192823615
0.345	77.20564736546365	88.51822691613302	39.178692441238354
0.347	-51.517105574938604	95.18097354535506	38.68511574431347
0.349	-75.23037985412984	93.28224335891463	39.167310584935294
0.351	122.3876955118719	93.84958381920235	38.843521575163386
0.353	-10.86251340431943	90.32471665983505	38.963672261056836
0.355	-79.48757852604959	83.67703672877778	37.70756264685953
0.357	132.76430998354627	91.32858374750852	38.65426034607244
0.359	-67.6440113835941	102.30280789102602	39.05563203504207
0.361	-47.981904502281125	85.71580829064324	39.72125168801331
0.363	286.6396126972592	96.54668271175085	39.4378539689509
0.365	-158.09275245570743	99.22385374430895	38.44374590064808
0.367	-81.41736376554576	85.90156172419772	38.494312274423685
0.369	13.221466685253702	87.08845972181666	37.9807444418704
0.371	-114.70045005945728	94.91570115658067	39.34465379342675
0.373	31.83422258268287	85.48570258079313	39.59380896089586
0.375	43.20653747535985	90.82816742544948	38.69882172569655
0.377	78.07132433446107	95.21556212314664	39.02959853995754
0.379	76.84070118263442	101.34650660653207	39.860264641048595
0.381	-117.08029172963208	96.69832891527408	39.21261154148437
0.383	-15.137083003713414	98.21804706531529	38.78232720548571
0.385	-3.1483949635147113	99.47302534789387	38.39370677691042
0.387	39.59845869361267	100.80906486015668	39.2246685121352
0.389	82.09268364622879	90.15141058867992	38.33620995190939
0.391	64.39159783222514	92.6420528345315	38.95941279731343
0.393	-56.480611594356134	89.64233360662848	38.50939129120992
0.395	-8.291733054055506	83.40082414380528	38.07490821935153
0.397	-70.69768776779561	97.02684395550278	38.61915857159474
0.399	59.47480276424777	99.93727887944583	39.30706134378857
0.401	-47.54176593269044	93.41641873032899	39.68851425076548
0.403	-37.23302213798352	95.78801150022913	39.592237513604154
0.405	86.371808964536	88.0103931910958	39.130227310250184
0.40700000000000003	-52.48400054425062	88.49724246830722	38.91709762410413
0.40900000000000003	-105.21490115067422	89.55077034030305	39.35311285421386
0.41100000000000003	95.57422212003175	94.17174669883582	38.93026724519439
0.41300000000000003	-4.240546128131406	90.43352353199828	38.28671571765176
0.41500000000000004	90.30359718820158	90.98033145442182	38.990358691827645
0.41700000000000004	143.19625911762836	105.07971607769139	39.819333285149405
0.41900000000000004	73.48659333050733	86.39546539053178	37.76333960247023
0.42100000000000004	-42.93693302526158	91.03634694212029	38.33713801147284
0.42300000000000004	23.76534407355635	94.54934889679183	38.397530435592465
0.42500000000000004	61.23433654048327	92.41317768350102	39.0031459676833
0.42700000000000005	-117.0390868489024	94.9596084955296	38.756206692430325
0.42900000000000005	-12.853793943112812	94.24457480631641	40.915594407073726
0.43100000000000005	106.27587398914784	85.91209728789488	38.275728059247
0.43300000000000005	-81.13455653135927	94.9342822276762	38.805995906222954
0.43500000000000005	-108.74455379172865	91.2596330603629	38.93830882488361
0.43700000000000006	23.67643120915197	96.34586134241171	40.88292548597089
0.43900000000000006	-65.42203137394065	98.23004892879683	38.58014515287982
0.44100000000000006	42.00490465589013	82.04381956780131	38.540261294314384
0.44300000000000006	168.6295621150524	94.70372548634823	39.940597620734486
0.44500000000000006	11.128625884371246	86.18565610147446	37.198953303676205
0.44700000000000006	9.917942280113223	89.66290347471305	38.95190531165151
0.44900000000000007	41.659455121356714	91.77812252895075	39.302628337300646
0.45100000000000007	-111.05878641470835	92.87509344763609	38.51327694634403
0.45300000000000007	69.93372510022411	93.31807683677596	39.46867970721296
0.45500000000000007	53.01500301291284	88.64456069848904	40.43257467379127
0.4570000000000001	95.10445973082149	100.4407810855796	39.233852988607595
0.459	-61.720525140640525	93.03578566119259	38.23276201731603
0.46099999999999997	-33.03315528313533	83.84854309580871	37.99041499392619
0.46299999999999997	32.381079631438325	93.53138452278148	39.98233823791364
0.46499999999999997	99.80269111897755	92.83260164656734	39.25181462712789
0.46699999999999997	111.33947548236378	94.2339514065841	39.047359861117435
0.469	-25.43113242436945	92.85762832744733	39.46330156956984
0.471	43.68935758880532	92.94765201437522	37.85932071244519
0.473	-4.539213293908162	92.34868155618143	38.90887036654192
0.475	-76.97357223113156	83.1439018581953	38.735442577662376
0.477	-69.14724894546697	95.45788409735515	39.07935936943097
0.479	58.70998654899928	90.82278538870297	38.642765017925015
0.481	41.667907592080056	91.60621362498144	38.88077661909793
0.483	-52.903347956378965	91.97066299634002	39.49106223367688
0.485	156.42625657719123	88.5739182781347	38.77975195374265
0.487	-89.30762970971173	86.67115580247524	38.28318113920411
0.489	-45.25320040382752	89.86873664895747	39.0548221684822
0.491	15.989466258359286	92.05060676825529	38.11124661574185
0.493	53.0850164675023	96.92643044929382	38.514491415608894
0.495	70.5719787807979	89.88165378435124	39.90508569012655
0.497	161.0364033384215	90.68555918989817	39.332641532387356
0.499	77.51473480843707	96.62704231212325	38.23510034246507