-0.499	19.95338595328633	38.9219897302145	32.24773901147944
-0.497	-25.340720893551882	34.050593147297334	32.27156075911679
-0.495	19.36472303065706	37.17319120829846	32.6201842819153
-0.493	51.90390408760237	36.09760565264923	33.05438721390588
-0.491	9.784445935689945	35.479863431724105	32.849742355209266
-0.489	37.4767344277771	37.76121344424937	34.37688935753831
-0.487	57.56389191580169	36.08542619055501	32.64933405183018
-0.485	-6.063887500573628	36.74356237750049	32.738705570730836
-0.483	25.289954070917275	40.982700040162165	34.35981259769801
-0.481	-4.440138255734638	34.348725225457	31.534284467362696
-0.479	10.292567503622507	37.63869267808036	32.083261689385694
-0.477	17.475869734440153	37.46441421289551	31.90506338695252
-0.475	44.31942648941423	39.255514195790525	31.128803685613548
-0.473	-34.84922548802061	33.58850426487641	33.27796101817875
-0.471	68.96124626565303	35.54754612893431	32.95521061637017
-0.469	16.46847626268766	36.637477941731674	32.64806876569026
-0.46699999999999997	-2.7426033549771134	34.99275048586092	32.62432666974439
-0.46499999999999997	47.46977809655384	40.553893305475455	34.83541347402785
-0.46299999999999997	-3.5596426573025752	33.66847064152761	32.601660730919015
-0.461	43.74260573758448	36.41095140165586	32.87581245185735
-0.459	-4.262835476831484	31.099503315882668	33.597689386980306
-0.457	17.971835773344935	38.706053455672155	31.992530584543356
-0.455	-22.08755571964094	37.51349182597596	32.31333864232352
-0.453	58.34065233978336	33.942259499289435	30.686242570107805
-0.451	-18.28928634317606	31.512256939054364	31.33874247993181
-0.449	9.747284814176638	35.55150917786386	33.50284070046693
-0.447	29.185051573010767	35.47886125034445	32.6330929552932
-0.445	45.196410786818575	42.08088784290805	33.20250873433861
-0.443	-0.45955916072593084	36.592589675064985	32.395227073279685
-0.441	7.343724157449216	34.887326356889645	32.07854613557215
-0.439	-12.782416816681241	31.796881005325034	32.78857856850872
-0.437	37.61379017341859	35.29683221363919	32.66150426047402
-0.435	64.45047522429803	39.35286626201058	33.20393359635436
-0.433	25.596976724440168	37.60244701378315	31.85639936010922
-0.431	3.9676470748872816	38.62599373277343	32.202449587788564
-0.429	-2.3083596978334953	34.49541141508826	31.406912835088974
-0.427	22.823514299386005	38.79285029539493	31.35705800531966
-0.425	5.605703229605297	31.683302740719938	32.16628246030197
-0.423	7.3050099957949755	34.777934185061554	31.96290045857596
-0.421	47.392990456751605	34.4616066426701	33.66006009100422
-0.419	-15.052945596560896	32.62876656154479	32.84730448497439
-0.417	-27.112455424083137	31.712722744061658	32.458641443307855
-0.415	36.49956012186095	38.97655490053299	33.78435057072699
-0.41300000000000003	20.619302903979175	37.51806358386428	32.9337095264813
-0.41100000000000003	14.204822276653317	38.26600589520573	33.87570422043074
-0.40900000000000003	3.3507302776847325	31.54177784949782	32.95078569134895
-0.40700000000000003	7.084980707006139	39.18676902392949	32.550382976895754
-0.405	1.3331090715773541	33.65303344474156	31.691180451927732
-0.403	38.96919210721883	33.82594662271985	30.968946639861876
-0.401	-17.555039152017393	36.997339493837366	31.943562899361787
-0.399	-1.7537678136392287	33.42235523217818	32.569029096137676
-0.397	19.85652899616497	34.444343274514225	33.10584493779115
-0.395	-20.960757843857536	36.67168239481696	32.767122465094076
-0.393	-35.01021224094902	31.492448245413108	33.08305073364509
-0.391	33.28879235353632	30.586747656972637	33.9196993801995
-0.389	42.08123852089685	37.63836693445019	32.41156442857731
-0.387	-4.933775556659192	40.48744983033262	34.09064235495035
-0.385	-20.292054572434992	33.08240664058001	32.747020107184234
-0.383	-13.774424953205688	35.33736327992212	32.2029980672026
-0.381	-3.112247495939968	32.26308240568738	31.85739947217517
-0.379	44.137092868101746	34.769650141972285	31.59144348706601
-0.377	42.24121897400401	35.43184152932751	31.848427874447193
-0.375	-38.81676476280571	35.531448370951274	32.7493930823895
-0.373	26.95434682831177	38.51823439277406	32.76497616379685
-0.371	30.89576178560982	35.4359962607049	32.72945936311941
-0.369	31.230250940428306	32.16563908224485	32.80183773091543
-0.367	43.647291833481816	38.9017785615508	34.145850793231716
-0.365	-20.505417531402337	35.28079459312314	32.73908668962382
-0.363	-56.386890765924846	35.07561305989338	32.98826135612589
-0.361	-9.61111684971705	36.20196534738004	33.54713565540824
-0.359	42.29262472543738	36.364749229764065	31.672254879376744
-0.357	13.135683960552313	36.301922685423875	31.630007570430678
-0.355	-22.595001248237878	30.418323945302703	30.556612874027838
-0.353	-9.042727710073528	32.72520206686039	31.617921584229407
-0.351	-35.12268543925945	37.2877677601909	32.86564774370363
-0.349	32.75121803536507	32.397567741170946	32.19244970493637
-0.347	2.821507489647601	31.816221074671287	33.76727393994789
-0.345	37.77917829039801	36.02480545633519	32.10797450566573
-0.34299999999999997	-1.6157324120857908	37.877878509581166	33.495772945417244
-0.34099999999999997	-8.57174259083493	38.047681356394634	31.295890537743848
-0.33899999999999997	5.809927328126463	37.218387092470536	32.894009434691746
-0.33699999999999997	67.87481222225722	38.05341591909581	34.07321788381853
-0.33499999999999996	25.16462433654887	40.957743792202294	31.814678030075672
-0.33299999999999996	13.475897690851113	31.695418571068473	32.16764322688768
-0.33099999999999996	8.09246105859529	32.94836374873299	30.9845596991111
-0.32899999999999996	-51.90934913823497	31.262637627870014	30.928671016064463
-0.32699999999999996	-39.69502160228178	35.73538496730181	31.960449493236737
-0.32499999999999996	72.63302091664592	37.01129437368425	31.802518469425593
-0.323	62.3031069086899	35.58465696398007	33.98336807244451
-0.321	-28.805757687044853	36.98340914596052	31.788827806692947
-0.319	11.174848350226085	34.8043407896855	32.83820003308184
-0.317	-7.719708042142059	36.77073304396879	32.4726451264674
-0.315	-0.8533135879007503	34.63710533902508	31.648118624930422
-0.313	-12.366200875080224	34.53255771524924	32.60417153701391
-0.311	-62.199998535072965	35.15295267866856	32.09448505922765
-0.309	88.92952773886798	39.18687929025503	32.15889007824182
-0.307	4.101580205695399	31.758637370070257	30.708945114462406
-0.305	-31.377513916241995	35.51087447852114	30.78051399198269
-0.303	12.916749826841212	37.776547507841876	32.3438235942478
-0.301	-18.82415147824723	36.88716293087776	31.876288863095414
-0.299	52.859813522765364	39.61926415267121	33.617075536676836
-0.297	-12.90031751732812	35.27786717719833	32.11517519302884
-0.295	32.33539835623134	41.54080334614946	33.368679357748064
-0.293	-1.3799196058039698	39.17958185074409	33.793242902852704
-0.29100000000000004	8.368436905881182	31.199817448807988	32.391345913635234
-0.28900000000000003	18.40267696784359	41.431970113349806	33.570085264920216
-0.28700000000000003	21.04790486390229	39.17337797279285	32.5889798495768
-0.28500000000000003	74.65569194731181	34.32042667717615	32.70773934102748
-0.28300000000000003	-8.523912826019497	34.980819551341995	31.265628466359818
-0.281	29.239777403100575	34.08486995717247	30.738616519028582
-0.279	39.579722461713374	38.456343408645175	32.36429944632405
-0.277	-37.42290398167647	36.98533202454639	32.553941440627796
-0.275	50.45736775421972	34.0768823613304	33.04666230290519
-0.273	19.740890399688737	31.28296025649335	31.6655604164216
-0.271	28.038069614266803	38.38592863099917	32.74981329925582
-0.269	-6.9269584384024085	41.173764421330134	33.64523761625754
-0.267	31.937013211358334	41.43374376099873	32.76326117199235
-0.265	-31.807641225789496	35.98837832694089	34.056512818685476
-0.263	42.550507766803136	39.794537118364666	33.06095993126131
-0.261	-18.34535446387786	31.85581067918185	31.797974616267094
-0.259	19.467393966410285	36.298726863924	32.267466299287705
-0.257	-17.645046523351304	34.764922191954014	31.5151379141763
-0.255	6.467407333010655	37.97549660697054	32.336878745708155
-0.253	-8.135186066571265	35.387439778222195	32.60555053478472
-0.251	-25.601367397931618	35.469441070302516	33.141896509375556
-0.249	28.429513727390443	38.74581542162939	33.33055879032946
-0.247	10.699983317818962	36.34470033512693	32.925214448580746
-0.245	15.214809207186875	36.47263344220672	35.00065404010689
-0.243	52.527859770279406	39.424761073347504	33.443246295790765
-0.241	43.15953935019046	36.25038164274848	32.56276014662166
-0.239	-66.04184318093064	35.22764305706151	32.902445136948444
-0.237	-22.667197897230373	34.351293886406964	32.966004391280144
-0.235	38.83495678413951	35.80682510038521	31.99363520764253
-0.23299999999999998	14.858078423163334	31.32019414863607	30.96112301787828
-0.23099999999999998	-47.28913628226916	28.434296339391828	31.38604956010428
-0.22899999999999998	2.529444842025441	36.33964816732138	32.569753173055425
-0.22699999999999998	26.98264220057922	34.90497681190561	33.27475066720078
-0.22499999999999998	-57.33398464125017	35.96801019128189	33.49882642721591
-0.22299999999999998	0.6600587021399207	37.71466366773946	32.729714880211574
-0.22099999999999997	32.86210769548603	41.76547756627717	33.62636436182851
-0.21899999999999997	19.912178515824053	36.17608933263958	33.79689334287327
-0.21699999999999997	14.021248358808691	39.28186919685499	32.95103885052694
-0.21499999999999997	-9.890938867274102	34.777174724625475	33.83928917783792
-0.21299999999999997	22.04823910445519	32.523306618646906	33.20131630519006
-0.211	7.799722237189499	30.962421901333904	32.84819447923741
-0.20900000000000002	54.39112111127464	34.88043680887574	31.287869978741405
-0.20700000000000002	19.320207027551106	37.73674531751361	32.15698796858675
-0.20500000000000002	-16.066032496375726	37.63760557405885	33.116369302738356
-0.203	-10.485666120940706	35.11734332406702	32.78245931305796
-0.201	33.538376130959335	36.293849681259985	32.84312864649925
-0.199	29.59150422920942	35.7822435636043	33.75235224185469
-0.197	-44.03117186946304	33.305979602620056	34.191044001938984
-0.195	20.157241506835177	39.4991193791003	33.77771647824225
-0.193	-28.493507469473656	31.891273226390545	32.779921348618124
-0.191	45.390898734565255	36.0561963361179	33.7751788771427
-0.189	-3.373662449623893	39.22743568723396	33.1979128652345
-0.187	67.44797670865665	36.28101905635478	32.24942804232194
-0.185	25.439797184168	35.79897643522655	31.422729239419315
-0.183	-23.59958296838105	33.881161248315166	31.05788957478893
-0.181	26.566071568590033	32.653956720382354	32.29585917173612
-0.179	2.4329537309242255	33.861746310924126	33.107601632668015
-0.177	-43.63686952391088	37.331297547411666	33.64380529725427
-0.175	-1.660754389010144	38.514684633694344	33.26323650864416
-0.173	-2.7225101937311535	39.218842703980734	33.673471726170554
-0.17099999999999999	16.741713387169455	34.79894882599228	33.98261375854279
-0.16899999999999998	-31.21778954484622	39.262888091218656	34.247693242707406
-0.16699999999999998	-61.44070575098137	40.56118768714854	33.89538546986858
-0.16499999999999998	0.37725349777417705	33.81799572787874	33.71219166081128
-0.16299999999999998	-7.666767564584731	38.96891985343612	32.98089978241031
-0.16099999999999998	37.69371464446003	35.011006079249746	32.196385537524726
-0.15899999999999997	4.66617413330539	36.018198461241774	32.170734263153314
-0.15699999999999997	2.485449491329561	37.331654141207295	33.64896059771886
-0.15499999999999997	24.417228958295567	39.5015832861166	32.92429662988591
-0.15299999999999997	60.510142940506384	38.043549668010655	34.13560353126864
-0.15099999999999997	58.27572153260796	37.21141758762966	32.70753416391242
-0.149	-100.78973860616625	36.507322959424506	33.70281482746585
-0.14700000000000002	9.317241002504417	41.176738626715256	34.01160099780049
-0.14500000000000002	-43.911910433513945	38.871654598840216	33.4648318183098
-0.14300000000000002	38.18496779395275	36.2790627024333	33.762393510639356
-0.14100000000000001	-13.338098753590266	36.34372153063513	32.240295991875406
-0.139	-11.646684421884324	42.3311083796067	33.416950340231594
-0.137	-9.75160211491577	35.8493334852399	31.463739210988393
-0.135	-15.151593353412984	34.98092333685567	30.86037764854308
-0.133	20.99245286468765	32.14167292269003	32.604660745245965
-0.131	11.086622859757256	38.71259911290506	32.43922420818509
-0.129	0.09652262100701137	33.53526585501758	33.51512653012219
-0.127	-34.270493683097314	40.42520829081309	33.771232453215816
-0.125	56.479284884503045	35.63078916675532	33.354406341027655
-0.123	2.801871191282501	36.25625391147172	33.732676623634504
-0.121	15.979403635402178	35.36952373700736	32.60317597063671
-0.119	2.0071121284992444	35.69462415569881	34.21475476636294
-0.11699999999999999	-1.1227319306472694	36.85841164660963	32.91766165181623
-0.11499999999999999	2.9812415174301776	38.14451430875808	32.749963017130355
-0.11299999999999999	14.68097733781093	31.714387727255904	32.170918720514706
-0.11099999999999999	-8.915416368937557	34.0073471184678	30.990478756073244
-0.10899999999999999	10.84292585296076	39.91998581674166	32.66851190164985
-0.10699999999999998	19.745644616930846	35.73862225799203	32.745596075332635
-0.10499999999999998	-23.30647255688323	35.82568121852511	32.27542805185096
-0.10299999999999998	9.344900647967336	35.2202367694492	33.56887204223581
-0.10099999999999998	23.51720706506022	36.21564025667007	32.15088213098665
-0.09899999999999998	10.454105627610843	41.03234632759153	35.245274559097965
-0.09699999999999998	14.181611031727215	41.195303401237894	32.78760148491716
-0.09499999999999997	11.129481113592021	38.239625412491115	33.00798234200087
-0.09299999999999997	41.8976584057873	38.14663501511233	32.9169256306033
-0.09099999999999997	26.254514490009484	36.9604898210218	31.857521981540433
-0.08899999999999997	-2.9954008513577435	37.49177106669699	32.47647354171516
-0.08699999999999997	75.78024298515729	34.93433553796595	31.12961379655447
-0.08499999999999996	7.0837842836013465	36.23579513458668	31.46199581441976
-0.08299999999999999	-47.674735079605846	39.61205078589131	32.63961925174398
-0.08100000000000002	32.630106485687094	37.994374252268585	31.91207655595867
-0.07900000000000001	-8.24195171666986	39.80571405891656	33.768140601735645
-0.07700000000000001	2.1666632354921944	36.992147917840086	32.44879672031266
-0.07500000000000001	78.24956886248735	37.641376258015065	33.923320220339555
-0.07300000000000001	76.22768260961976	37.01577465230273	32.812294961475615
-0.07100000000000001	52.48187232842483	34.789269040423974	32.94373579152467
-0.069	32.55731533724493	38.86041137481729	32.585735466388286
-0.067	2.9011559603553394	37.92892436404897	32.30076488102679
-0.065	55.83557209032364	37.95427678968255	33.056688401911984
-0.063	15.871551468649159	37.715671544896566	31.75226815393711
-0.061	19.76455552510359	36.61988908853802	31.045334340894005
-0.059	-58.25283343918741	41.199574906075604	33.49732959522978
-0.056999999999999995	0.044727533898836214	34.48036174346597	32.031096323982574
-0.05499999999999999	-15.247230929604783	40.721600872665455	34.106530836917386
-0.05299999999999999	-9.409736836829552	34.44329754398945	32.06886721468209
-0.05099999999999999	18.377921729539892	34.75728278030485	32.70873571977111
-0.04899999999999999	10.819478734713783	35.5177259868568	33.30083885535849
-0.046999999999999986	-10.788377924675352	39.567132681132634	33.585800708140574
-0.044999999999999984	24.98829488328802	36.61516346089132	34.30659264364494
-0.04299999999999998	110.54788862630005	40.900997601268244	31.986864671867433
-0.04099999999999998	28.80401678884148	41.79890752241233	32.44587277380993
-0.03899999999999998	-15.274600092984869	35.37541954712622	32.31323160470188
-0.03699999999999998	-22.0235737659058	36.927489967849695	31.731112462890927
-0.034999999999999976	-34.57909791515501	34.281977308500885	32.54582886174448
-0.032999999999999974	-67.23826518051368	35.364482046927975	32.91198034414986
-0.030999999999999972	-25.82202213630147	38.157104501037125	34.11944763453352
-0.02899999999999997	4.9847715082318445	42.881545818511775	32.73114134913188
-0.02699999999999997	57.634224861713435	40.66789002021013	32.7318279521689
-0.024999999999999967	19.451301230821727	34.122059903722075	33.57129520821981
-0.022999999999999965	33.97085969503166	36.09512662066023	32.77606837235137
-0.02099999999999999	56.447091510536396	33.657450991338656	33.80518168209101
-0.019000000000000017	56.882277264636016	37.419455105172915	32.56207667926422
-0.017000000000000015	63.6167212040295	32.323030166523466	32.760386069750695
-0.015000000000000013	-16.883883408147504	32.54238460875077	31.558629092410346
-0.013000000000000012	12.688833819440859	39.24491188603871	31.501738184185946
-0.01100000000000001	25.562801899026155	34.13054515273497	32.5817133598446
-0.009000000000000008	27.36535871683543	34.79466040857167	31.91009539287918
-0.007000000000000006	-248.42270517289046	33.8404009201365	32.55527462231825
-0.0050000000000000044	-456.0916468928644	40.41944347792926	32.890213523312504
-0.0030000000000000027	-514.9901300053327	34.33335694911314	32.736200168155165
-0.0010000000000000009	-559.7746150857174	42.51004218419099	33.77188949238724
0.0010000000000000009	-565.627750893527	35.653528555650624	32.84156971785434
0.0030000000000000027	-539.847813423755	31.820246523821623	32.19628743767183
0.0050000000000000044	-438.9477529220809	42.33216223595601	33.17954905379592
0.007000000000000006	-225.80240461844704	37.35015565233689	32.43156131573652
0.009000000000000008	66.28916084738812	39.023356939380186	32.16038337679706
0.01100000000000001	-14.645084808417863	33.47046304986353	30.739519616588396
0.013000000000000012	63.262230210137105	33.78062875864027	31.675111748695716
0.015000000000000013	-22.051849995374795	35.41823785609128	31.761615540269894
0.017000000000000015	19.093278709636508	37.26233837916067	32.71604480990136
0.019000000000000017	23.13012166688111	37.02225772397938	33.75028882865818
0.02100000000000002	19.973698450304056	37.22927696293728	32.266513073246884
0.02300000000000002	21.00241319125118	39.19298514360811	34.21166016739909
0.025000000000000022	-22.248752003073413	36.809240822592955	32.7065060248878
0.027000000000000024	17.960760437363277	35.13558187209677	32.39100557368283
0.029000000000000026	58.05787479351565	41.16811165864452	32.296769724152846
0.031000000000000028	59.918627568045224	40.38232127123355	32.27754372046349
0.03300000000000003	43.43501804204841	32.648423486090046	32.27124665362798
0.03500000000000003	53.4393111140119	37.98613925619756	30.97085727047253
0.03700000000000003	48.91487558689178	35.128389401540325	31.737770143027692
0.039000000000000035	9.409323547648896	35.63132186789323	33.10838801269843
0.041000000000000036	-3.1174516964549426	35.65466266539527	32.32687159939458
0.04300000000000004	34.54375790767905	36.09639452376303	32.68679506848237
0.04500000000000004	57.72511803114888	35.820793235637154	33.054480424483174
0.04700000000000004	36.751755663200214	33.05892222419136	34.11827526860553
0.049000000000000044	63.18339757127589	36.29520618351919	33.037381951383395
0.051000000000000045	89.3322564246013	41.48722389733105	32.588501086381775
0.05300000000000005	32.57559565050805	36.37059367248047	33.64516931241305
0.05500000000000005	49.40946897424858	36.896242625340754	32.801831155082866
0.05700000000000005	119.4831261108753	32.98029384085125	31.971040097260584
0.05900000000000005	57.11561994448111	37.332660134573175	31.793685331261994
0.061000000000000054	24.834946289686854	34.01162521561457	30.750540349207263
0.06300000000000006	24.40607321685384	32.928624020701896	31.795387676000836
0.06500000000000006	39.78802853765728	36.77233611220769	31.6500904173489
0.06700000000000006	-45.1417324492942	43.12162820243397	33.254243468870925
0.06900000000000006	-60.42229466818316	42.88301999853564	32.90740631024628
0.07100000000000006	27.680890819503645	36.11365625344154	32.86538313761078
0.07300000000000006	26.040889212097795	42.400982545711905	34.079852257295364
0.07500000000000007	-9.133131138372441	32.66643213924896	32.90997944679327
0.07700000000000001	70.08558478127647	39.33916085583803	33.88353844467543
0.07899999999999996	21.745073941925597	36.6962545579739	31.75845305944945
0.08099999999999996	-18.020131760554392	39.23122043209637	32.932100074596086
0.08299999999999996	44.17425798486363	36.47833958274148	31.335111130879813
0.08499999999999996	34.357870816403846	32.2241338676294	31.657040265640248
0.08699999999999997	33.8090586782247	36.76406737989888	32.114922223745175
0.08899999999999997	-84.80068374849824	41.80570572782836	32.59019728819428
0.09099999999999997	-3.5487860456928644	33.748649771818975	33.51324538084629
0.09299999999999997	68.36891681905044	43.215369024055	33.10861291901166
0.09499999999999997	45.986434734857085	38.982493276858825	32.57121233458421
0.09699999999999998	37.78039764923413	42.19475007069437	33.61180636544627
0.09899999999999998	29.04787729041125	37.06893528597975	32.81576091348604
0.10099999999999998	-56.967059114065854	38.714550664174	33.81604734669111
0.10299999999999998	-10.893452657145808	38.851312193200066	32.22889140513233
0.10499999999999998	24.6988473358023	38.78923641828174	32.337041422734366
0.10699999999999998	35.417798028625214	41.07624729971185	32.48331233490081
0.10899999999999999	44.73951163763701	40.135764898568944	31.343759095234507
0.11099999999999999	28.25400494876895	33.13096158329675	31.864778356062217
0.11299999999999999	105.00762668597119	34.309069609453935	32.19220628029946
0.11499999999999999	25.286896837339867	35.09045916258066	32.813974808753116
0.11699999999999999	60.92567808524407	34.653755265342035	34.240578876486325
0.119	41.61441460137638	35.146210344584965	32.32617558856292
0.121	2.30557248226404	36.855907359200145	33.63248181562686
0.123	29.872930472851777	36.21922009496346	32.34414738038371
0.125	33.897147815320494	37.9963755471268	33.30789177402227
0.127	52.56399264585987	40.980095960999776	33.399662169949686
0.129	32.81404447297298	38.28677102012051	32.517636693590475
0.131	22.843213170142818	35.14113755303398	31.49557073456056
0.133	77.06514558192268	36.560439567564785	31.487423909570126
0.135	1.3992870830925597	42.332725229434345	33.043441086339044
0.137	-27.53012134948385	31.795109079634678	32.51419594603961
0.139	40.31301384777031	42.01825134002904	33.449992017947174
0.14100000000000001	33.084382872416995	35.14992471831675	33.75286840893787
0.14300000000000002	38.092683177337605	37.95646055262233	33.2458558260891
0.14500000000000002	3.5301491376760197	33.15774364121307	33.84833261792819
0.14700000000000002	15.466464577285066	37.967659024725144	32.60541278654366
0.14900000000000002	4.800188859066523	34.6496001740026	33.30139805717933
0.15100000000000002	11.869424846988608	38.39660206973525	33.12407255816806
0.15300000000000002	0.7028808559628175	39.90869923024754	32.102333754737046
0.15500000000000003	63.93612551636174	36.38193882497755	31.615330945334872
0.15700000000000003	13.066676299633428	32.693223560037616	30.426281843560062
0.15900000000000003	-10.402759042960064	35.601407738649144	31.271040944163538
0.16100000000000003	24.24431524761239	35.85725414608773	32.348907175845994
0.16300000000000003	42.38632660302777	40.364963868815046	32.10248119861384
0.16500000000000004	5.219825929492217	34.553926969312705	33.17947779361616
0.16700000000000004	48.17971611292826	37.926812639841174	31.422181517918553
0.16900000000000004	79.34589876934517	37.7409889475728	32.974813821128485
0.17100000000000004	23.245035222885235	32.78361488557824	32.58926581265429
0.17300000000000004	23.470831602701026	35.191173966749254	32.13184875912141
0.17500000000000004	69.42422867872722	42.15296246553685	33.64848451047231
0.17700000000000005	39.22872696127122	34.108085248699744	31.754208685317575
0.17900000000000005	18.816990913217424	32.204202780716145	31.493599918048755
0.18100000000000005	20.56564254715454	36.33735306228703	30.35947864620396
0.18300000000000005	20.555994143522938	34.14284397337783	30.218996386667687
0.18500000000000005	79.62631469937698	33.52994463507527	32.007609845392786
0.18700000000000006	-33.507449564873504	36.667880175513226	31.40239058085927
0.18900000000000006	50.377809242441174	36.75417600534484	33.79297670351441
0.19100000000000006	15.097348553094747	35.14156285161097	31.592566160542642
0.19300000000000006	132.0193644411827	37.25861585599938	32.20780972519101
0.19500000000000006	50.60065650064338	35.72239080120304	32.769789196047476
0.19700000000000006	21.503805151867894	38.25180522796226	31.71949734519749
0.19900000000000007	21.864481637434707	36.450826734509	32.946138734271
0.20100000000000007	17.714352111397602	33.71435417403278	31.078398547129446
0.203	37.003864156837096	35.76930903431417	32.12115655832214
0.20499999999999996	21.590494678092043	34.81973633702284	30.62934477737176
0.20699999999999996	-13.767516228280208	36.892776313269025	30.50556509698911
0.20899999999999996	75.82210364032171	35.3547364336203	32.02713437166009
0.21099999999999997	-14.334377889224648	35.07986329731209	32.039731223370815
0.21299999999999997	-53.64023403608975	40.34599645875236	33.32707310930664
0.21499999999999997	8.340483703461743	35.24008706708587	31.211723960178755
0.21699999999999997	93.5397032837404	36.56798494011831	31.714745089174823
0.21899999999999997	51.42766698917889	34.424279957494406	32.78192167105187
0.22099999999999997	63.77038861948847	36.56479093911981	32.08496176201452
0.22299999999999998	-50.348062413108075	39.113294041317516	33.43299173978519
0.22499999999999998	52.34320535052461	31.103745642294616	31.225253777903674
0.22699999999999998	31.4234630831578	38.57783187723191	32.17173982009773
0.22899999999999998	102.51598554278374	35.40495054362503	31.262536038721915
0.23099999999999998	35.843416787750826	32.843427746213194	30.87666816159313
0.23299999999999998	33.273116996301866	37.326171496328364	31.823282887054564
0.235	2.8663712492438265	37.467913647845066	31.650336625178724
0.237	63.43269661224227	38.39917907365693	33.155614352097444
0.239	26.64331654589347	36.57822679651122	32.548199701661034
0.241	59.00847609807691	34.39465277056172	31.704497487752096
0.243	-25.10657214316314	38.29172549529857	33.321884872842475
0.245	31.3702818632855	40.153375723750706	32.618473619849965
0.247	17.774917397295198	36.3231062445547	33.98568191235425
0.249	55.84547653936234	36.99731394235737	31.778084378531627
0.251	42.77498162674753	34.98149476448114	32.17768830558931
0.253	52.89779104344916	34.13974961074057	31.947434588242533
0.255	63.65821407205985	38.26669085267265	31.257802780065983
0.257	73.90658857531207	36.83422654321417	32.124282033850896
0.259	75.97986689278358	37.363270149279295	32.040800954030615
0.261	12.131429857786813	42.10679486988875	32.41667383268243
0.263	-5.91297033147864	40.69754617738408	32.976542090542864
0.265	43.425124255813685	36.99190917964428	32.107081149367374
0.267	11.871006078356672	38.0140427004768	33.3977704133035
0.269	43.00440577664766	38.60645539866294	31.834306333382422
0.271	-12.608468810015871	31.3727470169246	31.64991653236527
0.273	13.239147870214296	36.04110725542705	33.22367630460466
0.275	-2.886475954144707	36.7750354578771	32.62305427833099
0.277	17.315708999987578	38.44791839601113	32.989430056162604
0.279	18.37671029658594	33.27519178233128	30.873190380013277
0.281	78.70050137159801	35.75025109149481	31.666614395827438
0.28300000000000003	8.771037605992404	41.003475971988166	33.65091042543439
0.28500000000000003	-76.22694742781545	33.94858844910429	31.8191023937676
0.28700000000000003	23.792624775476057	35.79769465383004	33.331786762255625
0.28900000000000003	86.50041400026787	37.85004289965864	32.60462328509984
0.29100000000000004	-13.2391742114768	36.77749071223163	32.85201696379004
0.29300000000000004	6.973514690145066	38.70053156634556	32.88627693420404
0.29500000000000004	-1.6003935338071429	38.06748727536503	33.30996990580679
0.29700000000000004	13.136172785310762	39.84263954988095	33.203027187865764
0.29900000000000004	15.427494510555917	43.082348981717395	32.98482960710324
0.30100000000000005	-4.346793857745723	36.28362353088491	33.50208209014556
0.30300000000000005	7.624881740664335	29.95737010217331	31.46887991733258
0.30500000000000005	-17.517820122825434	36.968889370823135	31.35299612774301
0.30700000000000005	29.454137402185054	38.86259087839703	32.86273306683092
0.30900000000000005	-58.21674408024169	35.376384578155594	31.974220870105047
0.31100000000000005	62.553036662471584	36.8126316742404	34.6835844812429
0.31300000000000006	66.7094361259668	34.4675991888864	33.31318366644761
0.31500000000000006	23.490893692468262	37.97846661398356	32.48124524871354
0.31700000000000006	46.0308087215644	38.30339396885721	34.001119677115824
0.31900000000000006	-5.3140070401802575	31.257065647108384	32.05452306174349
0.32100000000000006	13.444297168874186	36.0184608305805	34.145796831228395
0.32300000000000006	30.10419371030082	36.47162338560644	32.13438499334313
0.32500000000000007	74.14463023969198	35.95579340499725	33.7049905859777
0.32700000000000007	61.44189268431077	34.08567370907957	31.00087424107677
0.32900000000000007	61.08545023963963	38.569581002399396	31.39984240060454
0.33100000000000007	0.8123595245379533	34.62681154824811	32.13861527339151
0.333	75.60814184492948	41.19051898412927	32.904244890712825
0.33499999999999996	54.6817372213404	42.277810146190646	34.35353967300786
0.33699999999999997	28.892532637714297	33.8948913074779	32.84418847061256
0.33899999999999997	13.640838361084207	36.87597231591898	32.679981399454405
0.34099999999999997	49.99421018392347	40.09822313734061	34.755534670850075
0.34299999999999997	44.06567806070072	34.80283824299239	33.628049115619454
0.345	-5.710498294120292	34.14208960441921	33.52188916146876
0.347	27.567756209601058	37.99145613349222	32.48618103520777
0.349	83.0979948742705	35.495182695307065	32.461890072431416
0.351	68.51201933355533	40.73764837401265	32.42811658981669
0.353	77.24954422294594	37.372172619456336	31.416173430834938
0.355	10.779804672012006	38.28894675100171	32.03283732477017
0.357	-20.070251010473328	42.832997536667676	32.75726956435016
0.359	37.70495145527519	34.892705952978304	32.718629770312525
0.361	85.50228035253404	40.30870844406047	33.551687898958484
0.363	-22.7228243817601	33.71231847174859	32.60253520662596
0.365	8.260712002661208	35.49170720319845	33.40075956625147
0.367	-27.792539707416353	33.91802718623854	32.83959841809071
0.369	56.31938365624478	33.55403477643147	33.59104137390093
0.371	-11.336216081736517	36.307182379854176	31.909472131913706
0.373	18.791148564956117	35.851334056279136	32.55313369496232
0.375	14.823540893216247	39.24141750776603	32.051233096388785
0.377	35.97194423132777	33.843498995850354	31.26182689387289
0.379	5.5276198616116545	32.98471762558783	31.852829768814978
0.381	11.595219666649115	32.808388527537105	32.13466660190016
0.383	1.315342495589178	36.08636670391357	32.60192975402673
0.385	22.928611700834267	36.618224483485136	34.16189003017013
0.387	25.757110706736697	35.114819292390195	32.8518623641934
0.389	54.57678271580946	40.51829849597601	33.08603232539414
0.391	-52.587164759865246	34.69906960111703	32.144635622305714
0.393	23.909173421987617	36.799700841239975	32.70121179161731
0.395	54.617947315094284	35.36141864428968	33.8311754488739
0.397	15.361263433932848	37.123104679237954	32.60937177765165
0.399	49.19979664275154	40.87926099607876	33.08363525590141
0.401	37.72331076357105	34.46226575172692	31.05208242451063
0.403	3.0827133123967343	37.81562630604835	31.568940632216105
0.405	69.06945470097625	36.144598373545236	32.41354847842288
0.40700000000000003	-58.85616772849378	35.31563819779475	33.16142319090364
0.40900000000000003	25.72177981274848	37.746454617463186	34.79440467157612
0.41100000000000003	-21.18788584781761	38.077456000255815	32.48863613794831
0.41300000000000003	5.376011375624046	39.78272763720752	33.23498773845852
0.41500000000000004	74.25874216182571	37.23834488684771	32.79421363979219
0.41700000000000004	51.299071986976585	39.55129769142936	33.01649732010441
0.41900000000000004	-0.07465385098992527	32.37014934006223	32.81866744059743
0.42100000000000004	59.82160649486978	33.80246482163207	32.15721367458037
0.42300000000000004	-1.6733018044501335	38.686182594315696	32.772361532236566
0.42500000000000004	96.70750589840793	39.772537945508454	31.468342353517258
0.42700000000000005	-6.975165047440335	36.75073860322357	31.481078674237338
0.42900000000000005	-28.050753542507856	35.27487980413579	32.81238424055426
0.43100000000000005	73.96411363358446	35.95402976678942	32.19935184075906
0.43300000000000005	30.624856166561187	35.44172071522545	32.8732839293193
0.43500000000000005	33.44558958517929	36.19007494651008	32.5776634219485
0.43700000000000006	15.226970636827986	35.370198592519834	32.60639945655026
0.43900000000000006	3.0247915521197655	38.679887424602356	32.79704927204827
0.44100000000000006	74.60197853070838	37.66276087334131	32.70948279691461
0.44300000000000006	4.054010967591282	37.929481546327175	33.0007490840467
0.44500000000000006	43.339354922844464	34.13543587886813	31.50250107218297
0.44700000000000006	78.98889406621201	37.03291557004804	32.14329851321912
0.44900000000000007	54.573167631355446	35.88368865491525	30.69071688732112
0.45100000000000007	1.0904121754418128	31.095463139674298	30.625446430987907
0.45300000000000007	-19.341174824827334	37.1880616688754	31.93530112672291
0.45500000000000007	41.12374608178371	32.8415783278745	31.63080210241159
0.4570000000000001	79.36242827466522	38.54976644890673	32.62196404146841
0.459	31.696714466900033	33.5970316229957	32.82505765786203
0.46099999999999997	-10.568536504940163	38.03091969647579	31.51618014118307
0.46299999999999997	-25.009478713422517	41.1439518412944	33.71036509299896
0.46499999999999997	18.99151746020955	36.907977309786645	31.563935928210423
0.46699999999999997	4.559628803413318	32.525792497888354	33.38183082445501
0.469	6.095560829200153	40.306196507869096	31.931594452569325
0.471	-11.786516566969496	35.68991656205669	31.770077799542033
0.473	-29.754154088457163	34.435457617825215	30.70998165769601
0.475	-44.10223321982265	37.480221320312836	30.77399012992469
0.477	17.584224671685078	35.19825276674504	32.0892559867831
0.479	31.746490862571974	40.603746990682644	32.32392771938898
0.481	2.0397547892958556	37.513822162817824	32.62798988401939
0.483	54.87937665704656	41.58907858168135	33.36812605974511
0.485	2.572013125590189	36.36719404690223	32.20136524058738
0.487	-7.398288327520319	36.81929437709153	32.95981131805009
0.489	57.90061071286878	36.51937325839501	32.71846922862593
0.491	-39.346300637510545	40.47029153264037	34.04748941150571
0.493	0.19376760063138931	34.918398157941695	32.011325424927826
0.495	1.858060158621555	36.89108151617627	32.14364247523572
0.497	-21.683876599509766	31.210479425233927	31.326339003933185
0.499	-70.4680965767368	30.854119171573142	30.251359402235128