-0.499	23.273039491122915	14.45002861973371	13.060431247888946
-0.497	-4.447219140724101	14.126660397935312	12.956258392896407
-0.495	-2.5567361663370036	13.883848050088698	11.739296344589047
-0.493	-0.13363883799577536	13.16768284523204	12.141781242666127
-0.491	1.4178523093377748	15.005583449761515	12.529273105654715
-0.489	10.036180562833508	16.082549658792825	12.61902871720469
-0.487	2.3638863828612244	15.701546040834796	12.418272533296397
-0.485	9.657672517704441	15.542782881187417	13.056781196094267
-0.483	10.617077047747614	16.683766660247	12.596373411335206
-0.481	12.554511755968889	15.569695970874843	12.729272910137684
-0.479	-18.816664894449886	14.285206673222833	12.507163332396281
-0.477	25.811142968956702	14.02334653490946	12.210040227990296
-0.475	2.2351272039866643	16.3325338631001	13.20699702657295
-0.473	-5.183955444132415	14.294718489100067	11.95123314391752
-0.471	-0.021713568942871575	17.325321374662746	12.867391667437957
-0.469	-21.817696451043034	15.611284703045726	12.282274313588685
-0.46699999999999997	18.106339249035486	14.52699093352286	12.325216430722351
-0.46499999999999997	26.537937490411778	15.697130149933859	12.570454784111103
-0.46299999999999997	-9.059091169438815	16.027069888527414	12.824842334964064
-0.461	24.33303587134894	15.161907620314945	12.22927110163422
-0.459	21.378646274383684	15.613281631878563	12.752749725855555
-0.457	19.188434862593695	14.957575369378965	12.864605709378347
-0.455	28.045627263662	16.49345097470931	12.63320389963693
-0.453	18.032100701725895	13.300471033387062	12.48818914574666
-0.451	9.842982127361566	15.5947577768809	12.642878447931182
-0.449	8.925533348635994	15.560106651595575	12.686189876133083
-0.447	-11.902608897940148	15.046447322624212	12.488281211313398
-0.445	11.922671713016086	14.802341032295466	12.379984183771306
-0.443	19.757230097283696	14.522720075334064	12.721809093353746
-0.441	10.912765882276076	14.70684626960573	12.34648442001149
-0.439	22.599404663425915	14.670560604299782	12.005771748215366
-0.437	-5.498430884820493	14.13266757777758	13.154420407093284
-0.435	3.8371350776778	14.056928633328308	11.907875375331555
-0.433	7.940487918300931	15.954650899307039	12.607509475106221
-0.431	-7.140958540041709	17.21147330035643	12.705859904526283
-0.429	-12.10444063426408	14.661915005005028	12.328807134014282
-0.427	18.417087997990578	14.75106850766071	12.97734665937194
-0.425	12.84968724579727	13.646378412808863	12.660943919536706
-0.423	24.00401306212885	14.65097227186905	12.597844232711099
-0.421	-8.797872966148645	15.73508031600603	12.986878566562105
-0.419	0.22288516010604553	15.175744697283827	12.296565349354545
-0.417	18.051250857631373	16.348154600824763	12.877382991489464
-0.415	-14.260053264436579	14.073151277659836	12.603494706066426
-0.41300000000000003	2.512702578671977	16.412884919166302	12.643063704392764
-0.41100000000000003	10.727335091331724	15.957077857505778	13.018131675063389
-0.40900000000000003	-15.590384022545756	17.105700444991445	12.877937283583895
-0.40700000000000003	17.45202688896441	15.834497111710226	12.254279999964941
-0.405	10.061056663790424	15.084087952965561	12.687042547264037
-0.403	-8.412772807830926	15.646971053365748	13.00780943973363
-0.401	3.8937376218850517	17.067317213904065	12.39747305443278
-0.399	6.352795666630939	16.07579799428809	13.427097891321777
-0.397	19.167828288813027	15.367400637193356	12.045750563734531
-0.395	3.4025026012241	14.619359828350323	12.896252084856629
-0.393	-3.542781506049586	14.084154209344078	12.689092725301585
-0.391	3.6644884848779924	15.454059530180327	12.489297721013843
-0.389	-28.431788065441665	14.711888253777397	12.421429418714494
-0.387	5.8510396994115865	15.372126099207785	12.9336442788632
-0.385	7.034827415708378	15.037567179903144	12.423474365330808
-0.383	15.405349078401187	14.922150717203007	12.83653581468462
-0.381	6.756817372277624	16.391816723134166	12.923215666330691
-0.379	2.4555517630364676	16.895808425079824	12.676697257218192
-0.377	7.90360824187708	18.227514781145032	13.396723080212434
-0.375	7.301073907006739	15.491008289947251	12.235196399498946
-0.373	7.3866062118010944	16.304819681099946	12.72143074612229
-0.371	18.901612527377765	15.361154067093903	12.813480086826392
-0.369	4.67208707632949	15.775136972401944	12.406526189258132
-0.367	1.8477453165299806	14.831155832245154	12.72706829834093
-0.365	0.9591771827910378	14.450713722951852	12.40187879226811
-0.363	12.831401971391543	14.845195074527796	12.265507985477733
-0.361	-2.3895077653213193	16.27135333272534	12.548729594413736
-0.359	5.731831923982966	12.94640322140049	12.538503982466466
-0.357	4.759722481040285	15.047625397723321	12.832297069702209
-0.355	-19.279523514770247	15.88122023316642	12.714593677072644
-0.353	3.340637324100726	14.088299163481542	12.480130824042934
-0.351	29.078497061574282	14.990708536671509	12.688530723879962
-0.349	-7.3739856827348405	16.831278182059943	12.975427025319943
-0.347	-1.8468828832940432	14.834228108262856	12.315487944913823
-0.345	19.850234850959936	14.715550002720404	12.368214429871681
-0.34299999999999997	-11.296841836427873	15.37076055780012	12.925134589586019
-0.34099999999999997	-1.9790673717601237	14.120674642727082	12.58425993277357
-0.33899999999999997	4.279842351628815	15.3408238825297	12.734222705190303
-0.33699999999999997	1.4637680063600556	13.712527900675415	12.40447544237997
-0.33499999999999996	-6.539212455525245	13.110745410485807	12.749660450903285
-0.33299999999999996	-14.133789000836394	15.146415260981907	12.72256362039657
-0.33099999999999996	21.672550365670062	14.844514163023169	12.491759503550375
-0.32899999999999996	11.728082226714065	14.62036739756427	12.492280742022258
-0.32699999999999996	13.765620402006462	14.052274157752494	12.344429376323383
-0.32499999999999996	7.778195898033857	17.632945587381283	12.374599885199327
-0.323	8.7811674716054	13.909283300481746	12.583841957116732
-0.321	-1.6966416740427093	15.234377259361622	12.65839189436844
-0.319	21.721467651447668	14.736735496230903	12.546163397131748
-0.317	-0.5344601226031642	15.168686212497509	12.661641805933554
-0.315	0.9369442552920049	14.505689770082892	12.233833970893182
-0.313	46.654697789305644	14.98344427195271	12.342602146928131
-0.311	-10.442097393870142	13.887370363485779	12.759003658548563
-0.309	8.325782849594177	14.223931368481331	12.477920269929147
-0.307	11.726925282840028	14.232319720891551	12.590545904391583
-0.305	-24.687266360179372	14.124620987412024	12.836887298350907
-0.303	15.326775965940342	15.506890278475941	12.688905845600797
-0.301	29.108529159049823	16.71363223745745	12.965121647998808
-0.299	-11.58193767636373	13.234912834621005	12.386154790643186
-0.297	2.4780432650306494	14.499936350160375	12.594436427559758
-0.295	12.77022611478884	13.792763257391643	13.059965628548525
-0.293	0.6433892949520015	14.67194883783717	12.256628440655682
-0.29100000000000004	4.307238522072154	15.468744238166979	12.487782078941729
-0.28900000000000003	7.71192931980913	14.633291139021	12.494059541337737
-0.28700000000000003	19.435231860320812	16.03457106434089	12.755775060410192
-0.28500000000000003	-13.65770166694702	16.506720502560317	12.819930386836058
-0.28300000000000003	4.139550499271394	13.89348655324361	12.608458835550845
-0.281	18.899700986008128	17.205217816875617	12.652903219804358
-0.279	-16.025523445040157	16.113738535136683	12.859186577913439
-0.277	-17.602740154831764	14.157078023874018	12.08583917503224
-0.275	26.011349376853232	15.41183155250179	12.439702893978039
-0.273	8.359988332706791	15.047764047343483	12.67561862250809
-0.271	5.430967707109602	14.134192832266963	12.34821746606217
-0.269	9.921786709332636	14.06830120602292	12.348895118763187
-0.267	14.63103471466276	16.438969075511622	12.642151229058431
-0.265	5.8199745605058695	16.388320543358304	12.754198002827984
-0.263	-9.213010989217452	13.485420715893799	12.782417867583263
-0.261	3.042848071066473	13.645151145423586	12.511001414159365
-0.259	7.6207815573603455	15.80574126797879	12.650841860127299
-0.257	8.664541862213326	13.08613743470275	12.554734132604688
-0.255	2.1133983278964763	13.746231923434445	12.457068381008723
-0.253	21.671385043164904	15.723953018565592	12.492341992914138
-0.251	-2.969998526114459	13.113614723298186	12.37679978856228
-0.249	26.74590420648215	14.343008170438212	12.716182568399905
-0.247	4.5425778354424295	15.63526528359546	12.524644438628766
-0.245	5.677428058792344	13.653824169499538	12.590193315190398
-0.243	-7.626001415683703	14.182082051705342	12.533352653766682
-0.241	-19.218423320088718	15.35288021455337	12.876051129122223
-0.239	-3.5067475061545395	13.704233432427454	12.395589626311423
-0.237	-3.6856178763367	14.201157903501853	12.44850837140531
-0.235	21.55953435001301	15.062033797631285	12.71989514104418
-0.23299999999999998	-11.78570199644735	14.420691017651885	12.757234193193666
-0.23099999999999998	-7.319909464675867	15.330784143602122	12.412178986510861
-0.22899999999999998	-14.80116896479533	12.058526574806184	12.58764327117024
-0.22699999999999998	0.8867851577498698	16.749427330096754	12.897646905645665
-0.22499999999999998	-5.831748820295246	13.084882173409113	12.544067318220202
-0.22299999999999998	12.889029954887832	14.084348624570042	12.224236178706606
-0.22099999999999997	2.376613400967287	15.72919220897837	12.33643420618493
-0.21899999999999997	4.260267642219873	16.483746199453044	12.935387951455821
-0.21699999999999997	-1.2762854283421277	15.4608989344372	12.180963574837993
-0.21499999999999997	0.20169271541803369	15.365388645870652	12.34339167263317
-0.21299999999999997	12.612736139949732	16.385357977359035	13.174602478781413
-0.211	6.054879322592299	15.017439473831091	12.47637054834548
-0.20900000000000002	21.523563871861384	15.085831309784815	12.985508075489005
-0.20700000000000002	-21.942739469427153	14.725990211931391	12.520842145464036
-0.20500000000000002	-1.1068910784617358	15.531982552736388	12.857903282909511
-0.203	-23.238638548805923	15.496414393503736	12.439262305307674
-0.201	38.89970056714098	15.09797672379627	12.47045497019115
-0.199	-0.46019752275583414	15.827113294320682	12.48752442371744
-0.197	2.8086821020067987	13.230468021067917	12.635294771902576
-0.195	26.47438949887615	15.88804804036285	12.589663084519621
-0.193	-2.8732264163444654	15.182682315122504	12.91057186829047
-0.191	29.022300023440195	15.265787536532542	12.541374397926745
-0.189	-3.1944297544939104	12.090405807662645	12.388104195928621
-0.187	3.678954502595033	15.453016935913455	12.409071829372818
-0.185	-19.33893862349212	13.332077554909821	12.825598682908945
-0.183	14.487847214139649	14.538974912503152	12.416504174719543
-0.181	29.943178040614526	15.523834112962758	12.429293538788924
-0.179	15.003777187772016	13.271965286889872	12.38069383572652
-0.177	-6.593449487724001	16.732980560117554	12.741128553257766
-0.175	-19.640820378086232	14.189114845448536	12.879546375690836
-0.173	23.828345858678546	17.56574376897011	12.516372878638359
-0.17099999999999999	0.8374165902935715	13.712976498592251	12.52378205496651
-0.16899999999999998	22.928211910855367	15.329390964419298	12.6647008506902
-0.16699999999999998	-3.4542765816603094	16.731389637369023	12.73891060760678
-0.16499999999999998	-10.84502636494733	14.823547331980828	12.501169185996782
-0.16299999999999998	21.39493336938969	15.923865009339913	12.959662431027782
-0.16099999999999998	-1.5175408042411576	12.086863428923778	12.149727732366182
-0.15899999999999997	0.8954821115736422	17.761149836856582	12.94977891608381
-0.15699999999999997	-2.9589622490000522	15.5650426564279	12.68376076469552
-0.15499999999999997	2.5068924600635256	15.82861059907151	12.429095613866924
-0.15299999999999997	16.739399029130908	14.392782134031462	12.61422818876109
-0.15099999999999997	-7.155231831701414	14.79117674967917	12.513751588491381
-0.149	-3.3025616958948234	16.196186924735766	12.850654376360099
-0.14700000000000002	-28.468335178111204	16.122242047098077	12.495608578015027
-0.14500000000000002	18.994631702407005	15.681559085672802	12.544207860650197
-0.14300000000000002	1.6156043600723535	14.032693983433136	12.499460083636944
-0.14100000000000001	22.954203674263596	15.374358363343966	12.486271442836086
-0.139	2.7547685577111736	15.779572157395188	12.47264526212874
-0.137	3.9319326938791477	16.582277933649415	12.763246604866634
-0.135	25.688153532987812	15.006653400117088	12.587960189803969
-0.133	-8.236980289844098	16.390995387678718	12.623733308840492
-0.131	-9.742755236907819	14.623451409874708	12.37385391631887
-0.129	15.729384196250251	15.717477690481655	12.852887310408384
-0.127	2.8973959387279535	16.567754277776512	12.996008245660196
-0.125	-13.078743683503369	13.777700232482054	12.926166605291273
-0.123	17.413477420680223	16.96984275201722	12.91711558220336
-0.121	12.042040875792637	13.31956692314162	12.6483116499193
-0.119	16.63205182711458	14.310862886897958	12.483981117932482
-0.11699999999999999	30.919512227223223	14.770611949820408	12.91123001637593
-0.11499999999999999	-19.12552335348039	12.480566804814478	12.740925257215185
-0.11299999999999999	52.16720293921284	14.72829429738565	12.578306911411984
-0.11099999999999999	-4.930632666821921	15.079653979284725	12.797104393903092
-0.10899999999999999	-8.847015217638976	15.312182017987428	12.723394092281298
-0.10699999999999998	25.10528294075165	14.854472126940705	12.332721530830769
-0.10499999999999998	21.902305875620698	14.67464322999685	12.32115283393918
-0.10299999999999998	0.05331770647210021	16.84037948373946	12.555380654892446
-0.10099999999999998	39.25650738278996	15.446179003002301	12.746354015062506
-0.09899999999999998	-22.254331597082455	12.844740211839412	12.520304344701648
-0.09699999999999998	23.529984687575833	15.019290209836857	12.38652002546196
-0.09499999999999997	-15.54874397391437	15.03008892274376	12.686197260575124
-0.09299999999999997	-9.011885380161289	16.679551958862326	12.800099937844267
-0.09099999999999997	2.037011447297843	14.66873483364219	13.031601321458888
-0.08899999999999997	3.429127029885848	15.442030633853024	12.614392976024025
-0.08699999999999997	-12.183166228640907	12.789756235670424	12.582463833768472
-0.08499999999999996	22.053317993542265	14.902821969893447	12.783313866352024
-0.08299999999999999	10.638959100583989	14.37618508955029	12.659911852149666
-0.08100000000000002	36.633865920787656	13.278475442908137	12.788645346247803
-0.07900000000000001	-21.42460539622526	15.433083755003329	12.62556087384703
-0.07700000000000001	16.16148536487394	15.028661618406005	12.917044745937691
-0.07500000000000001	26.295517821628422	15.276418620181028	12.521985798436924
-0.07300000000000001	9.186199452004828	13.581401919795244	12.517475161288175
-0.07100000000000001	7.644183790178616	14.938609846177329	12.783693901463034
-0.069	18.495988991507062	13.800665431336583	13.086515559921299
-0.067	-3.1841669284604635	15.104995270335376	12.6747768564294
-0.065	11.583105539392236	13.708290037816063	12.938980529849495
-0.063	36.080564582041674	16.742280663478837	13.151014060250148
-0.061	25.064040592992498	14.177479639670688	13.04281705692158
-0.059	0.8190331126645134	13.044352591470165	12.536151195101082
-0.056999999999999995	-14.85181886673459	15.081162967620942	12.657463236573072
-0.05499999999999999	-26.82096200357087	13.1944346555546	13.1470676961005
-0.05299999999999999	23.60522535060916	14.257332024346333	12.770013101020933
-0.05099999999999999	-19.092509931262214	13.144056981467495	12.411726728117186
-0.04899999999999999	23.025462002168595	15.335460813449114	12.420558835269858
-0.046999999999999986	-3.7532714474153295	15.159022117218392	13.097363027384755
-0.044999999999999984	-5.2569804400715014	15.356082600194375	12.73585784251124
-0.04299999999999998	-0.35911830276180723	14.286899638141893	12.34132831908448
-0.04099999999999998	0.4163484172980958	15.321216003934508	13.015939467373716
-0.03899999999999998	-2.6219682009998024	15.518418714573945	12.871822799934765
-0.03699999999999998	6.699233711549013	13.267060125868676	12.4230194775093
-0.034999999999999976	28.819800769852577	15.146106906847857	12.831328991403202
-0.032999999999999974	5.70962300261435	15.741519629131513	12.590039764774968
-0.030999999999999972	9.230646195401704	14.763839369135864	12.574527133013742
-0.02899999999999997	30.627877065203535	14.332467877011478	12.693136526794124
-0.02699999999999997	5.8362503225772855	14.59500087166714	12.538144148057585
-0.024999999999999967	11.140726237535148	13.759701172185924	13.223359291019692
-0.022999999999999965	-13.231559689907968	15.224017678974517	12.790555714693934
-0.02099999999999999	10.483693620999546	13.688027205714338	12.58507124122178
-0.019000000000000017	3.187385648306673	15.019332399590727	12.63823203167204
-0.017000000000000015	-16.31370224419726	15.229168266161496	13.014398573492178
-0.015000000000000013	23.972196834254333	15.562751178413514	12.745792666019648
-0.013000000000000012	-7.346757159742978	17.151377587785618	12.927428306084957
-0.01100000000000001	-30.665710513133604	17.34865283333371	12.792817880961174
-0.009000000000000008	-73.14828708626652	15.384322886253143	12.562726672562963
-0.007000000000000006	-157.4620822346606	13.39656154810598	12.61235321366355
-0.0050000000000000044	-177.66269128693946	15.425683431493756	12.564325222577668
-0.0030000000000000027	-164.16584758083275	12.930862619197049	12.521076676838844
-0.0010000000000000009	-182.1240756693099	16.468444790892786	12.951745265481556
0.0010000000000000009	-154.4475477115448	13.19389741918315	12.303136508036273
0.0030000000000000027	-201.32173801579168	12.893517750873972	12.999564818811777
0.0050000000000000044	-182.3101533230398	13.262134991252863	12.78533039327716
0.007000000000000006	-125.07381802939754	14.375095413678428	12.429363841860432
0.009000000000000008	-107.09430579514122	14.19344221169855	12.57050575928167
0.01100000000000001	-51.54580252242358	15.420380854950357	12.926968369376233
0.013000000000000012	7.756923291912798	14.221317162803404	12.887321954296889
0.015000000000000013	-5.401839203833525	15.179012665507459	12.56655934987252
0.017000000000000015	3.7051020189693418	13.205691134981127	12.934960415245417
0.019000000000000017	6.797202526165336	13.687735369267038	12.417807808232077
0.02100000000000002	-24.40149113480672	14.915334830182095	12.91817883384683
0.02300000000000002	20.83558149013065	13.977261251757113	12.362231265250957
0.025000000000000022	13.762216021451223	14.68251339957473	12.573907766830233
0.027000000000000024	-18.038426656485917	16.170393398442705	12.771426449205503
0.029000000000000026	1.18580503949417	15.039183142490664	12.68658487120666
0.031000000000000028	22.751238215823477	14.88151458330321	12.373051328759649
0.03300000000000003	-5.2367132171715625	16.362804163638348	12.594762351158874
0.03500000000000003	4.266720372347876	14.700575764913806	12.573872690132736
0.03700000000000003	-4.178363686158093	13.687395686902244	12.61245192603692
0.039000000000000035	0.9703460963628174	14.146877628057135	12.050049654243363
0.041000000000000036	-13.946510243667554	13.74452683338901	12.470500172911635
0.04300000000000004	-31.428145473855196	15.334251526950325	12.65230974207595
0.04500000000000004	16.085064806548033	14.561091687685044	12.680603552339194
0.04700000000000004	6.232189359911544	13.603274128550705	13.176818923902124
0.049000000000000044	17.62636435653775	13.759464416346066	12.510453389232156
0.051000000000000045	-3.8474425909651444	15.860826104426687	12.907784071456279
0.05300000000000005	1.006596340946686	15.157349528155944	13.033929658301703
0.05500000000000005	9.732337626244814	14.388930122697875	12.318059075997319
0.05700000000000005	22.950370925700625	15.832524807487575	12.26668128196235
0.05900000000000005	-1.6292123978800532	14.57782640182195	12.748721615898171
0.061000000000000054	-10.350237182876754	14.584656722492099	12.447790591548172
0.06300000000000006	0.9178352109451282	15.994893354644704	12.712984247801666
0.06500000000000006	-9.40976673780014	14.936592990374656	12.689508686567466
0.06700000000000006	19.588203064468956	14.926001910659304	12.814437605661592
0.06900000000000006	17.589109096771693	15.664139515361216	12.635624150056728
0.07100000000000006	6.02192273246871	14.658638595603449	12.458136873332265
0.07300000000000006	-7.451317040496619	13.33416049003726	13.17536195208974
0.07500000000000007	11.084067647049167	14.837741166561667	12.406652691489395
0.07700000000000001	-14.238851503201033	15.239904543738676	12.955907768048844
0.07899999999999996	1.16884089207403	15.730405553691904	12.394897861640723
0.08099999999999996	16.6536925318983	13.023939016697469	12.724281056057725
0.08299999999999996	-8.93571861348974	15.710877681823375	12.878223766189176
0.08499999999999996	-3.5047551562028545	14.679082464767419	12.83917766364681
0.08699999999999997	-14.975673241490739	13.940617120039954	12.393308313918988
0.08899999999999997	3.1880364661507343	15.698148412287082	12.96689864719639
0.09099999999999997	-28.36410570017378	15.175949790272236	12.052232750629276
0.09299999999999997	14.28864128616425	16.435772686234472	13.130742164824202
0.09499999999999997	-31.21019015261961	13.765796548970716	12.402781932661737
0.09699999999999998	-7.422440359006188	13.609944649766046	12.480180747833192
0.09899999999999998	4.735350202844657	13.832891867930789	12.892899359481463
0.10099999999999998	-3.575059402072256	13.812476477129154	12.524417018234072
0.10299999999999998	18.943581795438647	13.654372015169065	12.913751240031559
0.10499999999999998	3.342915366744137	14.342878280200873	12.72409090599269
0.10699999999999998	-33.028748345209635	14.008156491863849	12.622352633164823
0.10899999999999999	14.653144314147326	14.332724687562802	12.89513900012266
0.11099999999999999	10.050025388341766	14.876554405475373	12.815324981570118
0.11299999999999999	-12.727294012804258	13.089881214454099	12.58211690180769
0.11499999999999999	25.387077167593475	16.32970002233963	12.711735501794697
0.11699999999999999	-13.497198560474821	15.253302433133735	12.735075302480347
0.119	15.64386825281261	15.270996528904272	12.480339129116409
0.121	-17.12477284065983	14.750684613078029	12.677575592776032
0.123	-5.886136447141865	14.676693511617446	12.603499895644624
0.125	-18.161872488042796	15.4366062442453	12.467852311145137
0.127	8.288389668376084	13.846288527086388	12.769518483585017
0.129	16.895975256003837	13.260452189343452	12.42917432517875
0.131	-13.700672679806125	16.129493149088077	12.485315001039984
0.133	-36.52494944161866	14.87679568056018	12.543362298863219
0.135	-4.639776754911118	14.259370703887356	12.581197225746749
0.137	8.572495936887137	14.94603028095929	13.317699169793425
0.139	-2.260246810936728	13.650450935552701	12.047027272455308
0.14100000000000001	20.267011582308925	16.871400447312475	12.831101057043748
0.14300000000000002	7.819328809333115	13.079905997359512	12.947819705451108
0.14500000000000002	10.062729524529246	15.496025144866003	12.404614997675054
0.14700000000000002	24.61724824120992	14.545365577527543	12.68107142055604
0.14900000000000002	4.315615716787846	14.947432675779408	12.765891376511682
0.15100000000000002	-5.087660711611264	15.326107976798795	12.346513475388763
0.15300000000000002	0.7892174413992592	13.426098175428013	12.688090205970203
0.15500000000000003	1.3344310780816215	14.638913617980016	12.60606526073898
0.15700000000000003	6.572349156908075	15.04466433337224	12.813476307183754
0.15900000000000003	0.06963656695724296	15.2474726115402	12.593034132511155
0.16100000000000003	3.442000066078421	13.69102002013535	12.618283848843545
0.16300000000000003	2.833229536536308	13.075871377805706	12.342896220450056
0.16500000000000004	14.286094062843091	13.678229047590257	12.453051378431182
0.16700000000000004	-7.688518525950094	14.611039568512346	12.305064869503578
0.16900000000000004	-3.214350243752051	13.969404804016085	12.459839611130748
0.17100000000000004	10.875883945882237	14.413846961962482	12.885550543087685
0.17300000000000004	5.102088125763515	12.597870355417959	12.197199582169148
0.17500000000000004	11.188423000740855	15.630011276092786	12.828663497670654
0.17700000000000005	-8.482182811131445	14.043267561529499	12.651795484476398
0.17900000000000005	-10.235078857889768	17.053414107568347	12.609367928602072
0.18100000000000005	-11.600488616925198	14.690163938025206	12.339536997674395
0.18300000000000005	-11.789260196737317	12.59593933946211	12.425186514024215
0.18500000000000005	-9.726690171296681	14.731438867150482	12.351935660655286
0.18700000000000006	-13.05000271045742	16.220652696131925	12.964930096271312
0.18900000000000006	-22.671208490310235	13.448329134371756	12.174562408680831
0.19100000000000006	0.6696368981540246	15.715458390053167	12.854546099136325
0.19300000000000006	-6.347234983605787	14.187350147858124	12.335867285547463
0.19500000000000006	0.19657069327827514	13.600440100954616	12.365379174863584
0.19700000000000006	-2.787669642234647	12.515950334359657	12.748570755552016
0.19900000000000007	10.905420246620778	15.064855602903831	12.310308401251246
0.20100000000000007	-15.801423076333698	14.689219172368423	12.789271921646112
0.203	18.55060756006388	15.834550888949426	12.71123445446385
0.20499999999999996	-8.359830707904692	13.635011428201052	12.342152363801222
0.20699999999999996	-15.068631485370965	15.800726217460396	12.668383457034267
0.20899999999999996	8.994808666562548	14.781935270456144	13.18628146531175
0.21099999999999997	-40.335349292375255	15.096765611038027	12.479857346816237
0.21299999999999997	15.926411155220421	12.794391701736433	12.50675556006401
0.21499999999999997	6.904241660388166	13.31101982187592	12.607668115012835
0.21699999999999997	35.41272889218128	15.389173100078	13.007248481631999
0.21899999999999997	-7.806778986707563	15.634658718927895	12.287421207319555
0.22099999999999997	3.6387428792306054	15.596359507616995	12.680176488168943
0.22299999999999998	-10.347333843307993	16.048525704371944	12.488513362074611
0.22499999999999998	10.021358747502873	13.929629698118767	12.255741726101313
0.22699999999999998	24.065320759270037	15.982667009429129	12.401496507220472
0.22899999999999998	-16.712123755757702	15.810720022369892	12.1531041163808
0.23099999999999998	10.637429604720694	15.024145141724263	12.706926285991061
0.23299999999999998	-4.268659684836251	15.42513492705862	12.289696721199675
0.235	2.919411895785373	15.750776334193663	12.860079314468207
0.237	4.685284522354394	13.807480240115371	12.029186545313257
0.239	-13.595706954805387	14.774287394357343	12.677387701442699
0.241	23.074088643770807	13.366199655228472	12.641930696513109
0.243	-10.365729371186738	12.734442836261481	12.394180112973373
0.245	-2.4942797184346333	15.049562665240686	12.703209960235355
0.247	21.081687739288313	12.841122301269177	12.380925520624485
0.249	-33.88877226007114	16.104916628470118	12.675585081344424
0.251	14.427434321895305	13.581696932144354	12.581028509080678
0.253	0.7954448477676124	12.76083721234869	12.625251527499309
0.255	-27.87024950512418	14.704688629951267	12.968981938371208
0.257	9.160207670610987	13.148831482014481	12.384907134884132
0.259	-2.776983251573384	13.92451541301605	12.541940417760149
0.261	19.81696374331321	14.277720473574389	12.660071864835
0.263	10.422620618344425	16.204296085174697	12.964130165310724
0.265	-23.389326876732675	14.624951503404882	12.478849006028657
0.267	-9.578844950897114	14.228459519109435	12.172945232475122
0.269	-1.175328956715127	13.453122541751618	12.473515878879645
0.271	13.734141378174414	15.014383453770504	12.589279018969544
0.273	24.975526838000306	15.23393149083784	12.978816055478884
0.275	9.556358906870344	14.705337882926978	12.347767924502625
0.277	-5.570836217994035	13.033616254739707	12.558541422432448
0.279	16.996573224181688	13.598704052983793	12.640469186461928
0.281	-2.6422935646142065	14.138596786709698	12.287299141177296
0.28300000000000003	17.46971488403304	13.881707249499327	12.609890365964867
0.28500000000000003	-0.0449639406818747	14.606781118897793	12.51496291558405
0.28700000000000003	18.810259115653594	13.257838266599503	12.491738975502564
0.28900000000000003	25.913136801891667	15.889786831904912	12.58587341566209
0.29100000000000004	-18.105883475505458	14.231468128499367	12.505744490996618
0.29300000000000004	11.77886888847901	12.397283690977655	12.227432357361318
0.29500000000000004	29.645969324976207	14.285090846264616	12.463003031807698
0.29700000000000004	10.498140188275329	13.974303477967224	12.18407068445589
0.29900000000000004	-10.322577982391223	15.388025977832854	12.369528585227128
0.30100000000000005	10.331572348309948	12.976716174226219	12.564796741447207
0.30300000000000005	0.05902362221199553	15.363828861456652	12.378161928137413
0.30500000000000005	-17.42967350815139	13.916311661552895	12.463492989787975
0.30700000000000005	6.462113004923609	15.210325013780725	12.605084780875718
0.30900000000000005	2.228978210672139	14.045979397155238	12.19854597349525
0.31100000000000005	16.491313346689296	15.897865518083345	12.970225530933055
0.31300000000000006	3.531474878970542	14.553953973984012	12.6005343948598
0.31500000000000006	18.910047815623443	16.03414475993208	12.615052162743005
0.31700000000000006	22.671159277454223	15.642223580574218	12.578506257493258
0.31900000000000006	0.09260504008068438	15.0925581770646	12.456282786648618
0.32100000000000006	5.116587859843591	15.610645562080512	12.625408813455934
0.32300000000000006	13.231071855024368	14.407859840884642	12.567674262184411
0.32500000000000007	-10.620836951580337	16.878095443872855	12.552727551903672
0.32700000000000007	-19.305511403389097	14.390848493522606	12.384416724411329
0.32900000000000007	12.749596430605692	15.401686447471603	12.444215411829248
0.33100000000000007	-16.756558094188634	16.85894550589658	13.095564069255866
0.333	23.6878420492026	14.09458087364792	12.707465015759624
0.33499999999999996	17.736589656758284	14.426922397944185	12.531217924879417
0.33699999999999997	14.116141722864128	15.041036395664584	12.694195000357697
0.33899999999999997	27.281797697842336	14.394058613876851	12.743108093744718
0.34099999999999997	8.262668361291858	14.477334479862037	12.372571157113644
0.34299999999999997	20.688091070475423	15.844480932214482	12.681138009971399
0.345	32.91695956120222	15.902013343478579	12.665984970567857
0.347	-19.561220018338155	15.739880417782807	12.752255843915812
0.349	-8.746826048677825	14.690302189508436	12.312497939916064
0.351	17.6775703555343	13.547543299398287	12.355461338443408
0.353	-25.321341187600765	13.230344617303164	12.57596252462688
0.355	4.01872980493323	15.19248746223314	12.573298411232294
0.357	9.29053157738835	13.41600915550568	12.176339092928604
0.359	9.197841358110637	14.723295151163505	12.589933742267304
0.361	-12.674774090060126	13.715465009069762	12.58930481087807
0.363	13.07717866216862	15.23627652651674	12.331817156506464
0.365	-23.572544054162314	13.453025694327469	12.678543077571923
0.367	-12.239258075807946	12.253143635974663	12.441625231290788
0.369	6.216799756320057	16.39832288273907	12.403339026457335
0.371	1.811623691727604	15.526187548734837	12.696708962881365
0.373	10.114038291986205	12.134645604007622	12.606099550649036
0.375	-0.11985312531326286	14.451858516323211	12.657943347864041
0.377	-12.595175627239108	14.704243453968143	12.544951315101644
0.379	17.90059416939549	14.573913861931628	12.760299080589448
0.381	14.199117104540804	16.06762064125288	12.237574461398337
0.383	35.74097509018159	15.094259201084627	12.801483520845816
0.385	-7.892747137971945	15.421578700504488	12.363451513791063
0.387	11.791226562252177	14.361832129751548	12.708822871227598
0.389	-14.086736838003766	14.456496526838594	12.552377806086374
0.391	2.733430414014748	15.863949925359297	12.634400780643743
0.393	25.64620819600627	15.734849010493903	12.772176151571681
0.395	6.486003476080526	13.760822948301424	12.65607014337313
0.397	-10.12504237518641	15.94888926403723	12.705943380051705
0.399	4.417631633391039	14.941304386959324	12.554265940578746
0.401	2.566491547506544	15.022651625457344	12.448673754366105
0.403	10.253976097995832	17.083042116960467	12.846269141333899
0.405	16.76241410208945	14.734516578298598	12.995483547307932
0.40700000000000003	6.996229444444779	14.047678131414033	12.38635346250425
0.40900000000000003	6.865946646339438	15.057390837439252	12.694657841724853
0.41100000000000003	-0.06346277403590506	12.944691837056604	12.55961452417821
0.41300000000000003	31.46774183737655	16.719884507100147	12.52825524903979
0.41500000000000004	-6.1484244119336395	15.216280581381454	13.081552511419911
0.41700000000000004	-0.1525122319545602	14.664650504093734	12.511503110250304
0.41900000000000004	10.557534037891614	14.339240959051713	12.583384980438247
0.42100000000000004	0.7545372961992314	15.546549256172563	13.122556169181642
0.42300000000000004	2.159748542673867	15.038736484177006	12.221740150227902
0.42500000000000004	-3.3467384243923703	14.505825545899533	12.427195785324678
0.42700000000000005	4.719345576997824	16.132675489619846	12.920231073114829
0.42900000000000005	17.021948018447475	14.262314859424128	12.565580615122341
0.43100000000000005	19.86707899370721	15.19766692870627	12.53056850912592
0.43300000000000005	8.027959441658794	13.976550610730575	12.350777389647718
0.43500000000000005	-2.5651173487517553	15.482803455883298	12.719850829468003
0.43700000000000006	-1.2357099933302251	13.00927952646135	12.52102176206357
0.43900000000000006	6.006230055977113	14.898986938515995	12.666930376565201
0.44100000000000006	5.0439454117867655	16.587515786458212	12.54653954535191
0.44300000000000006	32.569725000541894	13.935410610289482	12.884709299758628
0.44500000000000006	10.043630260803127	14.434885234825465	12.043563534780256
0.44700000000000006	-4.557403223803824	15.849950783046442	12.797478414135428
0.44900000000000007	7.834212596202761	14.173511521540954	12.90014735959155
0.45100000000000007	9.875282477089797	16.436602524207316	12.150476908909043
0.45300000000000007	27.733855591849377	14.280175819373216	12.758271299034686
0.45500000000000007	-11.975969923194718	14.32300787386816	12.493329349883636
0.4570000000000001	27.408512347282254	15.843553325228793	12.406036373658944
0.459	19.624647782379157	15.010917880340855	12.669717511211452
0.46099999999999997	7.902207032506325	13.85960949046349	12.375755689513127
0.46299999999999997	4.4145732260858495	14.75752241289012	12.406503772461562
0.46499999999999997	5.999815464452496	15.963889993212167	12.810494244123197
0.46699999999999997	7.004857174752743	14.07298344327475	12.150300333320489
0.469	26.158923875696516	15.976004072976213	12.776295862586167
0.471	6.092206835672798	14.849524403552147	13.004483465824523
0.473	26.25213194806797	15.928492311161333	12.507003205791785
0.475	13.630266414654812	15.306225825267518	12.602443198536719
0.477	-7.704757494009229	15.301021558289015	12.710744280065402
0.479	8.62062016127041	15.522873619987317	12.328801537072563
0.481	16.457781654377612	15.306215244762265	12.717534994510707
0.483	-14.690351111013022	15.079412863242663	12.478379320466324
0.485	31.502055618748415	14.455700944850857	12.391039671948707
0.487	11.077439228568409	15.634072579422012	12.669007365761907
0.489	0.6839600419361602	15.018375944111343	12.302561877883857
0.491	11.471256582407108	15.362731264648156	12.639378898159947
0.493	-13.499526646643112	14.178337483408809	12.457019592516748
0.495	24.953404273109214	15.960947576362692	12.382242347578867
0.497	-15.091353318452683	14.178558022133853	12.618725038685524
0.499	-19.128416265612458	14.367752685427037	12.936436673702842