-0.499	58.31596176708587	55.21217526899825	54.402917659291965
-0.497	-75.5370489290419	68.63360222895855	56.97590875171016
-0.495	23.276780352299298	53.35229430640803	54.37714879828787
-0.493	0.6371651355419061	55.38327521563633	53.37426488386363
-0.491	42.316274760478834	63.374671738748994	57.660913083041436
-0.489	-12.72574225508194	55.71248789543866	54.37914403550059
-0.487	26.466067427399764	60.42941490962804	54.60519179435234
-0.485	32.068275629848486	60.6434197042962	55.0618264380624
-0.483	-21.144471313627733	52.17131426715538	54.103879017729426
-0.481	9.99029337589441	59.79058881570574	55.33701546538031
-0.479	-12.146977823368488	57.05978325695778	55.77273939863765
-0.477	70.62112623290595	60.45268400728188	55.58165215271087
-0.475	39.09746452146479	59.260262871380014	54.5821319314958
-0.473	70.64107749399362	64.41036803610713	54.936556553595665
-0.471	78.39011221855152	57.1541171980762	57.222586178996735
-0.469	53.693712883218225	60.248819495675725	55.06847609378083
-0.46699999999999997	96.14616970732293	57.81209984021412	55.32024623834171
-0.46499999999999997	-72.96030378967089	58.6416459407477	54.318014131249946
-0.46299999999999997	102.79062342233303	52.92292547577041	54.675650496335656
-0.461	59.41086228289372	54.89875392106058	56.6754409299146
-0.459	121.63904552631166	62.042786539006684	54.9590169964208
-0.457	42.98727552565218	58.74368491516664	54.09033562597645
-0.455	64.42515305415952	56.46515687463657	55.16728792787048
-0.453	65.39787039683276	59.768401643612314	55.136226575540775
-0.451	24.056579460918215	59.14611424915208	54.87546539394943
-0.449	49.214682075415794	56.88237327429752	54.03870549624032
-0.447	86.23904774562874	57.12548946609864	54.98434330032411
-0.445	51.59776454233267	58.66908627190891	56.36425623494243
-0.443	39.837904013628744	53.42650537178687	54.406311179145234
-0.441	95.6337023572118	57.466284570660875	54.01755277777921
-0.439	-67.49774949110775	58.38922960167412	57.7906305513096
-0.437	-13.52719611713571	65.2931183944514	56.12448122177081
-0.435	-28.130633348499856	54.24908103906955	56.21538267863571
-0.433	1.6794114570117813	59.135497125179356	55.7420119016146
-0.431	78.6537205532678	51.07570427176267	54.947097957220976
-0.429	2.9275371533632466	54.88912640785376	53.85894711469656
-0.427	-75.3794432952759	58.34867585591944	56.451657747080084
-0.425	11.71519596154802	55.132177897131776	53.93631915162608
-0.423	29.577640756173196	61.36657924501431	55.46072376241869
-0.421	27.60443423355241	58.46345227896029	55.47994411098968
-0.419	-4.819996917149183	59.91791166103416	55.10477805482828
-0.417	77.78038783357033	55.620635298386375	54.01529094135612
-0.415	-44.12537272047157	57.281699827836114	56.277308756976645
-0.41300000000000003	-47.1238963599685	64.5180521695199	55.21227336146103
-0.41100000000000003	8.609923974445266	63.19697539544688	56.2333922831347
-0.40900000000000003	55.847512951956446	57.158185559463014	54.80385965218554
-0.40700000000000003	55.37200651306584	58.52466865756492	55.62550962116561
-0.405	101.92779655993078	63.701724718563106	54.855834622365066
-0.403	11.760113497016889	56.99875661193742	55.85079779289939
-0.401	90.92099671703657	55.84153196762467	54.31618102883824
-0.399	0.6677257380349744	58.72424621504593	55.0327094696518
-0.397	-45.945467632591	64.13105531698776	55.38494179967702
-0.395	2.6955349867741063	56.55333730663244	54.33041148258746
-0.393	24.61471161341322	55.02132993373221	54.27116221811366
-0.391	79.11004362548546	64.1582265993456	56.93341645636351
-0.389	103.16008712862867	69.48738234667279	55.314078835869104
-0.387	-32.0844732134562	64.75411057636896	54.807569126836
-0.385	-35.120461306270556	65.33427071066136	55.91398623551035
-0.383	32.17402794208901	54.82866126507399	55.10250373758717
-0.381	-48.14674307285216	63.06009532724568	55.40300661112961
-0.379	53.38478956518067	60.955943145539294	56.071948960087006
-0.377	-27.45751352339898	52.76456582434681	54.18180325124895
-0.375	28.93170637463527	54.65836554902472	56.69649368174743
-0.373	30.62074445425722	60.47778437600815	55.042032748115695
-0.371	59.319911969391015	70.7551799895075	56.39886430897152
-0.369	-29.37530637969754	56.77032153792658	54.19181029230121
-0.367	1.0949083495415124	62.46093262193051	55.17629082627394
-0.365	7.5114881192828165	59.502540039542794	54.13931377546888
-0.363	44.78234511196	60.93084435273964	54.34052537075312
-0.361	-61.24901943405092	63.63800159506748	57.208982564254654
-0.359	-37.338299525124796	58.77129943503627	56.72504551996992
-0.357	-106.20837486807756	60.64762751758746	53.64838845066257
-0.355	-4.43923084769704	57.91764981375146	55.53190912879703
-0.353	27.19138951845501	62.27082204542943	55.77332391175296
-0.351	45.47165811996656	63.422562381622804	53.985149889200486
-0.349	-61.09704472057054	58.81490583505503	57.04842193586254
-0.347	-39.96856907828583	55.826428071914904	56.05828928288206
-0.345	33.125216458040896	53.204565809681405	54.654797045466196
-0.34299999999999997	-108.56304248030301	63.10121269387382	55.89268767403587
-0.34099999999999997	70.16169133322592	57.38181585655836	55.17357378015396
-0.33899999999999997	-3.876369291555548	62.83955499358401	54.62169308761624
-0.33699999999999997	114.35665151493524	70.21893660265663	57.6331459234189
-0.33499999999999996	37.81844558603531	53.362838047867285	55.03869518745173
-0.33299999999999996	-47.30881532821751	54.05549570184765	55.755075357275835
-0.33099999999999996	-21.255319747948143	61.84244884395595	56.261946691291
-0.32899999999999996	-128.2641706649157	53.79908155351071	54.868946964527545
-0.32699999999999996	-63.11099478317761	50.56314985578179	54.174772546299934
-0.32499999999999996	21.56130844110926	62.69930066088973	55.89368436023547
-0.323	7.999095983812765	57.000264479752545	54.19286401201008
-0.321	-60.64934806537803	58.591044268893924	54.519395663142056
-0.319	-0.5603342390081423	56.28052474794241	56.62634786243843
-0.317	-93.53652498833576	59.4453976750455	54.55762595413578
-0.315	67.12952260334859	55.99868857735521	55.02748953899825
-0.313	24.90696315637919	58.96159013721418	55.95679198312179
-0.311	80.0152572737467	61.46037424787306	54.735052324314275
-0.309	87.58334976310955	67.61726511614233	54.12019179705464
-0.307	136.92723587710452	63.35427420182855	56.38151752726551
-0.305	48.932525788192294	57.89666463232549	55.419377333040856
-0.303	-49.10713231931485	60.93944883432836	54.155911087233584
-0.301	89.94129383799176	59.21546689914132	55.566712958628926
-0.299	19.38831264558516	59.52085086571529	54.23175185581909
-0.297	78.57926569987406	49.82053233146119	54.65537988119823
-0.295	68.79585622576734	61.00603615071708	55.64417028082648
-0.293	-32.8745492211846	54.92442769772072	54.19878259357701
-0.29100000000000004	68.8052178972054	64.96309976378994	55.626757589883944
-0.28900000000000003	-99.76627725605258	59.28902430584389	54.37084024608188
-0.28700000000000003	-75.66619316734524	46.34221486771812	53.58119256596233
-0.28500000000000003	-66.36878265009472	60.88039046910391	55.071644860668904
-0.28300000000000003	50.165159226844835	56.701514336492785	54.45591426251953
-0.281	23.483939650237318	57.438646736508055	54.57703412494846
-0.279	40.3580389849445	52.158252301782625	53.769850375613366
-0.277	30.481698182871497	61.870143634601774	55.245782226514166
-0.275	-67.17743416140287	54.019455310976674	54.35880235385662
-0.273	51.749516567278775	56.52394905557379	55.483684012373445
-0.271	-22.95138389496465	60.610591878258525	54.404779832718134
-0.269	-15.535175926228995	59.734418295718505	53.29499101160673
-0.267	-81.11090602358485	57.02975939510559	54.47474224538251
-0.265	-48.035037492510924	60.27998180486143	55.42743044645532
-0.263	41.07273335351991	55.617388432635636	53.79425614224649
-0.261	76.9953632939746	60.200155599670175	54.531997969119246
-0.259	45.23919855081715	54.69866451236059	53.439768287938065
-0.257	90.39346714079244	61.489086454039615	53.55445104512407
-0.255	-7.177986247830503	70.971135536267	55.478291181467924
-0.253	-69.82215221118526	52.54830702613195	54.41888433568007
-0.251	130.85486848019025	59.54747364666057	53.44962247782181
-0.249	-88.97007221386755	55.921545627699984	57.06644890720178
-0.247	40.14175820743482	59.07523171206184	55.27341383248099
-0.245	53.71895166561558	59.35468230677378	54.086508521004866
-0.243	-23.020339835810866	62.35887582270329	55.13377309264165
-0.241	31.607760427432297	67.42121569987178	55.212456558413095
-0.239	101.96271110496369	58.65838592593507	52.92673025991097
-0.237	-48.76551793209227	54.94723366654424	56.25298638075462
-0.235	28.494232386266916	56.644182073328864	56.3221778546867
-0.23299999999999998	-45.52659524048597	49.81581318126378	54.98114495945288
-0.23099999999999998	93.29260022017394	52.28215056807579	56.00177838418865
-0.22899999999999998	14.170329284413086	61.5838831293871	55.10455290720024
-0.22699999999999998	24.10396447172225	58.008740788392764	53.06175927790569
-0.22499999999999998	5.986019669057541	53.88704685303839	55.690055133104906
-0.22299999999999998	93.74495685143813	63.893211400086486	55.253082544768404
-0.22099999999999997	39.335414188990114	54.23452653152711	55.44717522625955
-0.21899999999999997	24.995435193853055	57.90626138127692	56.232531455378385
-0.21699999999999997	160.38392439488013	56.37426875510001	54.209146533972316
-0.21499999999999997	-57.86937669105541	61.04964246993936	53.65610369836672
-0.21299999999999997	11.46849634814373	64.447571692877	55.49332350696602
-0.211	84.73439837097807	66.79587326737231	56.8378014571209
-0.20900000000000002	50.99800258023812	57.71943426906388	53.44936760859708
-0.20700000000000002	14.119490627573228	57.74673658555216	56.292350810318936
-0.20500000000000002	-33.59557137683211	64.70006591587331	53.79246548089728
-0.203	-6.962955051315056	53.1516768264292	53.321146636275024
-0.201	75.201844573769	61.37757847328843	55.211925958414675
-0.199	32.01348063219811	65.7303999570455	55.50860852759216
-0.197	33.39830726978299	54.173040327555604	53.36505597929366
-0.195	97.70499955497058	61.05674193019234	55.12087821235428
-0.193	26.901828034775477	57.58905952311022	55.359016894239275
-0.191	32.699001299096864	62.007575249284926	53.09088421803876
-0.189	29.414073204891977	62.90223589120504	56.573579002951675
-0.187	73.36334331253802	59.63638132917549	54.90487086119736
-0.185	-27.003986978524352	57.44937150062572	52.43886199887969
-0.183	79.58617151415659	59.08178023982019	56.172033669815065
-0.181	115.93492889527823	65.61364426283102	53.50069715270077
-0.179	38.61720554909631	54.13226472998089	53.79738868649955
-0.177	-51.819854946844046	56.45183888696559	57.047633882068865
-0.175	6.468150146821117	54.16879622809611	55.6256207331208
-0.173	-37.56699086066018	64.93179400715968	53.82864243036833
-0.17099999999999999	54.78163898287036	54.93555817257385	56.24668566215274
-0.16899999999999998	-4.111194317313327	62.298719652636194	56.0084116506328
-0.16699999999999998	9.549160580935023	52.70182577943944	53.73446019279523
-0.16499999999999998	79.44046889041267	60.3507802991485	56.7402410426152
-0.16299999999999998	-76.197718670179	56.455069588423676	54.03255159585914
-0.16099999999999998	-68.453005337199	56.76531046185585	54.12786624066462
-0.15899999999999997	-45.29902989347523	54.316431142357885	56.16283472824143
-0.15699999999999997	103.85743761154309	63.9389532072423	55.78230706518787
-0.15499999999999997	28.078732814407203	51.24940961450802	56.1005246406095
-0.15299999999999997	32.47753219537408	57.13830544771459	56.79119198570134
-0.15099999999999997	56.355214729464365	59.26662303615209	54.45818058759967
-0.149	80.24235764225729	65.8387784272059	54.712730957390406
-0.14700000000000002	14.658272403655914	58.104697252191734	56.32545891195542
-0.14500000000000002	50.60296600323255	54.17093662771702	54.42897840974507
-0.14300000000000002	169.1295774612911	59.697542022193176	55.118718576079196
-0.14100000000000001	-20.920229712562133	64.04884714576266	56.46279592786414
-0.139	-12.15471497340026	57.27720694726262	56.37414768952504
-0.137	108.93242592779906	59.402748061272625	55.270909139442026
-0.135	140.93008934512596	63.747369042664424	56.26712208358612
-0.133	84.88203499612545	57.44810244560541	54.90388288447685
-0.131	-35.64841079040093	56.47335130067858	54.315457129437625
-0.129	126.44637856595864	58.595984352676794	55.825403172287004
-0.127	60.312482434321524	55.561132292860215	55.74853341058839
-0.125	72.10556398007384	55.155153035198225	54.27666840434451
-0.123	83.73152088037017	54.45104544773997	54.92158586164009
-0.121	26.452400594179082	62.769491777169584	54.938027934433514
-0.119	-27.43790413117786	62.1210205789778	54.01104788679864
-0.11699999999999999	17.63971397705788	61.494710431596786	56.56308632123507
-0.11499999999999999	23.309664568094135	55.84236889830883	55.60419311804007
-0.11299999999999999	108.45194600217489	49.80768651139422	55.67282299120083
-0.11099999999999999	46.032453988376076	56.12640660176081	55.1031816583548
-0.10899999999999999	0.11838211078085692	58.748897361188384	54.24979553370939
-0.10699999999999998	98.26629755327332	57.315370917374	53.553867361057804
-0.10499999999999998	47.388214416965724	50.57352085862952	55.37489972121575
-0.10299999999999998	93.0302666244387	58.58529562686597	54.44789451298677
-0.10099999999999998	38.34512526945666	55.68007796973274	54.21367620142999
-0.09899999999999998	146.59656622084682	63.03875453026886	55.20304340587239
-0.09699999999999998	66.73173565152624	61.08262520891545	54.22659116288425
-0.09499999999999997	28.569287252588893	55.72350313852512	55.01311562868035
-0.09299999999999997	22.073870833194675	60.20982495555162	54.875420588993926
-0.09099999999999997	85.93336587670031	54.34139246610929	54.53311704550555
-0.08899999999999997	20.32789910177968	63.86229879525082	54.715719553923606
-0.08699999999999997	48.9991914309762	56.62372683127148	54.55846488025321
-0.08499999999999996	-41.758596991292585	55.67826039013349	54.086393235197754
-0.08299999999999999	-69.86047689994112	56.6086279676185	57.77458347983203
-0.08100000000000002	63.75045063111706	56.77125524173956	54.073629409553284
-0.07900000000000001	-4.574249118594054	54.34347023730699	53.08172614029217
-0.07700000000000001	52.83021100188634	59.89980452658878	56.239241964828224
-0.07500000000000001	46.27007875024347	54.34487249685008	55.2580596989733
-0.07300000000000001	53.14679199264205	54.13857385545607	53.6175762798586
-0.07100000000000001	-45.56263157062812	65.63649033576183	57.46483464279958
-0.069	82.07249401515071	55.86764327626692	55.213133059931714
-0.067	63.36991651711976	55.30770588883218	53.96023528832963
-0.065	61.188110264565054	56.997228783619576	55.337977393890434
-0.063	78.9165698118488	57.56869974355294	54.59617056880745
-0.061	57.226749552885536	60.38541771534346	52.616749788132715
-0.059	6.874559805414293	57.215116756048545	54.49400777907213
-0.056999999999999995	44.06430518999471	58.01904315744575	54.10596780756759
-0.05499999999999999	40.46924757772352	56.265864763312365	52.70015259367981
-0.05299999999999999	77.65210787002985	62.1533877270294	54.688148516133815
-0.05099999999999999	106.59765850640213	53.70684166381437	53.399747627084324
-0.04899999999999999	-28.55796339451544	60.170215320505484	54.56859922161325
-0.046999999999999986	22.820208801732633	57.54550107311385	54.01925564663682
-0.044999999999999984	49.67354512253053	56.43900629702462	53.32321694790228
-0.04299999999999998	-38.12714016615537	58.449066377203316	54.84452113090088
-0.04099999999999998	15.239846413050984	59.124187604619664	54.002157093331256
-0.03899999999999998	117.76992691370225	67.35058532229931	53.12102969365935
-0.03699999999999998	21.993082445437295	56.880671245129044	53.33615598240231
-0.034999999999999976	58.28292550069669	59.52541086217725	55.35387912003259
-0.032999999999999974	63.43445996059849	57.41006222623936	55.52185795889984
-0.030999999999999972	103.45048287851988	61.760543266194055	53.15240833352168
-0.02899999999999997	-2.388019147203657	64.44356340525084	55.588390083202
-0.02699999999999997	75.93478993417335	61.082745393360085	54.749196963856036
-0.024999999999999967	-104.4071291790294	59.61382680194326	52.305722046707466
-0.022999999999999965	101.12557444386105	61.59216963007616	56.83170571415581
-0.02099999999999999	42.77190631052363	69.74239816034083	55.241109842745686
-0.019000000000000017	49.40461781410832	56.670068335556564	53.17596022769559
-0.017000000000000015	-64.9315603215017	61.462778325939425	55.51780439227596
-0.015000000000000013	84.33572343147233	67.4894533830358	54.30252408589746
-0.013000000000000012	139.56896944833375	54.23597859274622	53.17211977879191
-0.01100000000000001	-30.372222291519257	60.17792285391828	55.20542764979569
-0.009000000000000008	62.826387412284745	50.8070101150323	54.15223756348171
-0.007000000000000006	-66.71042821115859	56.83902543727764	53.88513451339832
-0.0050000000000000044	-738.6522749713853	60.29406645148458	53.74142578333253
-0.0030000000000000027	-1185.1272854546123	55.38910122979207	53.25638128157488
-0.0010000000000000009	-1253.1372236801453	53.3420107905867	52.94741535827863
0.0010000000000000009	-1238.8777552753138	60.668785202424274	54.02141619228776
0.0030000000000000027	-1138.4066682725847	57.64766409952059	53.992445126322835
0.0050000000000000044	-679.3488005740755	62.06205760709043	53.49164121682558
0.007000000000000006	-128.79372802887534	49.148033238736424	55.80915732829403
0.009000000000000008	100.62713460556871	48.711103430020515	52.10401847798956
0.01100000000000001	-1.3925893158628355	57.72466352591753	52.78522764468949
0.013000000000000012	10.345284266577437	60.32762008157065	54.80555193357232
0.015000000000000013	12.375255129759566	60.95759695073792	52.725964404794375
0.017000000000000015	4.688959611032217	54.61876523142257	52.66118568934572
0.019000000000000017	67.04989439310083	58.040805931680175	55.004206150479604
0.02100000000000002	2.8507560871915416	56.23224216364146	51.47092121185661
0.02300000000000002	90.89985875121442	61.535183943656044	53.32806003207323
0.025000000000000022	44.228272382929035	53.735805927383026	54.50583806975311
0.027000000000000024	23.103433871574097	54.94810439763435	52.96323819576379
0.029000000000000026	47.46150595225096	53.400345931072025	54.49438330733024
0.031000000000000028	19.427989496056952	60.91880041881402	55.26284566267645
0.03300000000000003	-8.83155283148973	65.7133203347627	55.214021971804435
0.03500000000000003	17.220585537325306	58.21458993968571	54.45149973415254
0.03700000000000003	-14.679614602997049	58.37043166712363	54.4307736838525
0.039000000000000035	0.928512265296888	54.23648053779852	54.24629420788197
0.041000000000000036	30.769174639733166	60.994100014308145	54.3459971424361
0.04300000000000004	-42.03563022886492	55.52081489220759	54.88988263410115
0.04500000000000004	96.81995998112036	56.03342733350036	53.5701614379436
0.04700000000000004	80.43589533435203	60.36749997846411	52.87645025294677
0.049000000000000044	-3.922914139531386	52.8240937482629	55.002986114197434
0.051000000000000045	19.519011731583547	59.05105147825995	56.570017522509296
0.05300000000000005	-108.44863838943564	62.293987123176464	54.06203379591053
0.05500000000000005	107.1207769494098	54.761214840666064	54.261353533317624
0.05700000000000005	164.2480266335067	55.08175873259232	54.02977086807253
0.05900000000000005	47.43793351580372	65.79452762743965	54.679662248221845
0.061000000000000054	69.02247132933859	57.802429616812205	54.00717693411737
0.06300000000000006	-28.9478523117781	55.841729813784326	55.67144246970201
0.06500000000000006	39.943275234044506	56.49923435738873	54.88973109809527
0.06700000000000006	-11.698297395335011	58.185176842582074	54.07256503083567
0.06900000000000006	66.01850917076213	55.60729594202023	53.843395752229235
0.07100000000000006	9.137585669671822	60.096421394927965	53.20701502558712
0.07300000000000006	-24.873614966836044	51.542475697205845	53.311797211803054
0.07500000000000007	-63.84526865943485	56.78866129596772	52.50985435518719
0.07700000000000001	104.08405129824772	58.34862526156538	53.791364846921766
0.07899999999999996	22.60577721369117	58.74903655650427	53.617488248670234
0.08099999999999996	14.905160104605741	58.45245838197925	53.05123412027744
0.08299999999999996	88.63149342697163	71.70403883979458	54.67123526568028
0.08499999999999996	90.65398715923934	60.019197531048455	52.92605698437352
0.08699999999999997	16.727397387450438	62.88491164542059	54.198610242374585
0.08899999999999997	165.55793043737665	59.14726182452625	54.18264980203485
0.09099999999999997	-1.8731673638860968	60.47231982720163	54.36503304434094
0.09299999999999997	-67.83264890208862	60.29917911354604	54.38675658624528
0.09499999999999997	29.735942820074968	61.6666376143166	53.73852687169894
0.09699999999999998	103.9595370222468	57.028747277349446	53.32752969199144
0.09899999999999998	61.14708934812363	53.31597706121749	52.16418020184407
0.10099999999999998	85.8984199272328	59.9525604351753	53.34799208553675
0.10299999999999998	32.655400406422785	51.36757611647759	53.81426858528727
0.10499999999999998	-6.502258323104471	62.231396747418145	53.47122477711107
0.10699999999999998	-12.106095878983147	51.70291612858565	55.98894327975662
0.10899999999999999	104.75899099571251	54.150177159925875	53.724364624841954
0.11099999999999999	56.39117170397334	56.25979650243238	53.54460603534861
0.11299999999999999	39.73164287285336	58.23607538045127	55.02882149698268
0.11499999999999999	44.23953963361704	54.5840020640928	55.8477280152389
0.11699999999999999	-111.46890222546446	61.919306876354405	52.822383566883964
0.119	-31.973521900874324	59.504409506628214	54.5084209319001
0.121	0.35680936161242016	65.46055558632419	55.16888032263975
0.123	16.264454961056884	58.494005386704046	54.15798414614826
0.125	32.00993509300254	60.30505372837476	54.443006261834135
0.127	-13.853025800258933	61.86979574657955	54.79092464890703
0.129	72.736827494424	60.28997452892456	53.11243039989614
0.131	5.853098236974219	56.50148337752589	56.341243074084396
0.133	65.8055909310562	60.78138357094244	54.25025658455387
0.135	-47.330161182967956	52.82917921294446	52.7958302893546
0.137	4.608429031494055	50.4851420993012	55.43321668053238
0.139	46.78624649634422	57.86975703332664	54.04342887716764
0.14100000000000001	121.76604019509263	50.318124813320374	53.11428032877515
0.14300000000000002	6.464956493479335	61.86139328375319	54.924395558421324
0.14500000000000002	70.7490076095052	56.66116419850729	53.55897750623601
0.14700000000000002	14.94313772187894	60.49326270138939	53.439857190580966
0.14900000000000002	-30.714848966328923	61.01249317426188	55.797706268890536
0.15100000000000002	-42.456487317710234	59.4393112185487	54.41766976169565
0.15300000000000002	-15.160844599293455	61.67845310707624	53.784526480164274
0.15500000000000003	-13.048033303042494	56.948540124933835	54.91407273531234
0.15700000000000003	-85.50953078789725	52.11134348716703	54.62917596516119
0.15900000000000003	22.315145850715368	53.255205273409196	53.227567957157184
0.16100000000000003	51.87246545856894	62.7329483853788	54.90108131080637
0.16300000000000003	-20.329902438054326	55.70895622789119	53.88479938291724
0.16500000000000004	-20.662831743067933	57.702863021573116	53.01594184397784
0.16700000000000004	-5.951117124980421	67.6914250362869	57.35331937684039
0.16900000000000004	-20.885938503800716	58.97487579309857	55.36819437926824
0.17100000000000004	14.892555372458816	61.8120989014772	54.73239014821297
0.17300000000000004	-43.441194125581895	59.21931422074955	55.49222779869811
0.17500000000000004	18.502860709368463	54.44339831776771	54.06545769215136
0.17700000000000005	9.513485637491215	56.53121496018145	53.63402288399564
0.17900000000000005	7.940116434790312	58.12536332667196	54.25404112111025
0.18100000000000005	-46.42599603110753	57.316704386371484	53.92953152499207
0.18300000000000005	80.49971329726624	56.84811546290595	54.780051710567406
0.18500000000000005	8.505156892102406	57.62639947560191	54.32665561776162
0.18700000000000006	4.089214208136127	56.13027272918512	53.7889710088396
0.18900000000000006	-63.492474284276845	49.22449381840148	54.40461547637286
0.19100000000000006	6.383275382049192	63.12097986790805	54.40369823262565
0.19300000000000006	-32.85332755376125	65.40597810697997	54.22713248097578
0.19500000000000006	-75.47194836832193	55.356991509402555	52.94964007103313
0.19700000000000006	-13.375075074262277	71.22415045725515	55.72492758074669
0.19900000000000007	13.594206525358032	59.49412389577901	54.518177570336626
0.20100000000000007	37.37691086902473	50.916256098822736	53.40329664237635
0.203	-49.33859833755605	54.25266037866162	54.17845902756972
0.20499999999999996	-47.06889379768597	47.515563438640996	54.27994087263195
0.20699999999999996	37.652978565949624	64.07943804542565	54.60583795410855
0.20899999999999996	-76.02068695244935	55.160652068910785	56.070951950459786
0.21099999999999997	19.968462616759552	51.61469438731437	53.44705692653041
0.21299999999999997	0.29905735643431797	60.34027725406056	54.186163220956345
0.21499999999999997	54.598206196576626	55.47180535535009	54.34376064615877
0.21699999999999997	60.554210044916346	57.82745984038603	54.8577184351957
0.21899999999999997	22.371476363858278	50.7448052418122	54.56426206791705
0.22099999999999997	51.47989744735959	60.78788523511378	55.7450297883158
0.22299999999999998	-10.702242901228232	63.3457964042148	55.800162258315595
0.22499999999999998	45.89202112947888	56.13277375958299	54.18393720057356
0.22699999999999998	-34.28321389464806	58.778498025951144	54.83807888981041
0.22899999999999998	-13.260755135635627	55.849380788420326	54.75611011911525
0.23099999999999998	27.81972027743329	57.283401440787244	56.11350311047297
0.23299999999999998	-1.117559839891591	52.74292437683483	55.42988109952469
0.235	38.787540558526956	55.726177950657394	54.11876920387742
0.237	28.585674744618927	62.02621551223919	56.77717775380657
0.239	26.614198786800713	51.08109141319307	55.14699326772734
0.241	47.09841278360827	53.36973787927462	54.355114441946625
0.243	51.15959506407641	53.296573718656965	55.57971098717689
0.245	24.26358370821724	65.14110297067525	55.060545693498575
0.247	-45.72595634233512	58.02710766898904	55.915855698582405
0.249	79.7716898763845	55.25414981754738	55.63859516533923
0.251	-71.75694316452486	57.73407386599015	55.375801445863274
0.253	-40.88069375807191	66.20908299092378	55.13517268265881
0.255	6.739909511832565	58.807557526738165	54.7721841174916
0.257	50.39644224380524	66.13491365132546	56.55745957039373
0.259	-26.526941944049476	67.66085228045853	55.851416205202646
0.261	-49.91181761415664	55.2209280642477	53.389918346087306
0.263	40.58698190756438	56.547123365129856	55.76689771594284
0.265	21.29918063475955	64.33917171566605	55.170596437536815
0.267	42.34693236648823	53.371139788029055	54.51779315792162
0.269	37.77742903698922	62.26119710530478	55.03766239531407
0.271	110.83549573709384	62.22922387361579	55.16013456596062
0.273	97.69729009190264	56.47910057613741	55.00182055625108
0.275	19.566953727290226	54.44441213020529	56.42182991863758
0.277	-58.94565441444399	57.796598267405756	54.94915180183195
0.279	-32.31422970306763	60.11648968641539	54.90135103393728
0.281	-80.38918853348065	57.93679015491918	54.6397553805319
0.28300000000000003	-110.1571194531692	62.66344932487057	55.3380795979186
0.28500000000000003	56.853979783833	47.12065622098317	55.271948579451085
0.28700000000000003	-10.256876588843333	65.30191905996597	57.29590094831495
0.28900000000000003	-55.20680946102807	58.937254594022434	56.672713365799886
0.29100000000000004	-16.21575653387719	69.33625092402912	55.38188310437406
0.29300000000000004	-18.49764482886318	58.977853037421156	55.72374098368074
0.29500000000000004	54.03033724538098	61.879919791993636	56.618890752483054
0.29700000000000004	94.32753946536643	66.32152861006102	56.003830385771614
0.29900000000000004	-67.79989378347118	66.04889198833169	56.27703852561949
0.30100000000000005	-48.806210952379026	63.52213131091119	55.08101533955871
0.30300000000000005	4.985071928587104	60.67264844879684	55.93632845652868
0.30500000000000005	-127.0108244005863	60.14630870987881	54.27257723468895
0.30700000000000005	97.75470395156916	55.50119120835572	56.06944420339733
0.30900000000000005	-44.11238494905767	53.445903777426416	55.51135739590878
0.31100000000000005	-24.751887047980148	58.401312698319316	54.5996481244742
0.31300000000000006	-60.86809451955055	58.696288433992834	55.54047526342734
0.31500000000000006	-23.374773423179285	54.80118804665003	54.470028929202975
0.31700000000000006	119.49395431454235	65.38521077562386	54.413889956115874
0.31900000000000006	4.364500779452385	59.83837616910881	55.83140020640019
0.32100000000000006	60.558913870023545	55.76555398603746	53.70262564238448
0.32300000000000006	85.04878064741206	66.28727809481798	55.33000493294111
0.32500000000000007	0.1962500615348972	55.12336561801799	54.655532231055716
0.32700000000000007	-48.79608398078439	60.148225682438486	54.946124951189326
0.32900000000000007	40.29011423978268	54.207561914318035	54.149457759400576
0.33100000000000007	17.498517365099886	60.59990130329816	55.43712729330227
0.333	78.41455159662836	56.57316797394765	54.61371151387914
0.33499999999999996	-12.14043898944972	65.6018322563156	55.66166279128177
0.33699999999999997	40.65721741186579	58.163753003673655	54.42793437863824
0.33899999999999997	-3.214119106309532	61.2418157425623	56.0525708056585
0.34099999999999997	31.62219651198228	60.63954411214132	55.50430814497835
0.34299999999999997	-125.54020252864007	56.30532279970724	55.439131418713686
0.345	3.5477485791357566	58.34864017796968	54.217310328011536
0.347	-33.51809924367899	56.99685665532206	55.617755824766
0.349	4.879811347224816	57.13650309950039	56.519095075290664
0.351	93.95169780512802	63.515790293461336	55.30502706777284
0.353	-21.667877647679745	56.58752894183067	55.8271186322644
0.355	18.700289369677492	56.347911147924926	55.31850911717308
0.357	-37.26110479118638	60.99410089580754	54.44520801726029
0.359	113.57888142415895	58.84282319826358	54.55737343573434
0.361	-27.89700019523167	56.961679241264605	55.02383979225847
0.363	31.674202182863098	58.76847387868958	55.04394906060217
0.365	60.31988424970436	58.989874305761106	55.251737051227906
0.367	15.75812413978639	62.85817848466028	54.70597037151
0.369	-55.709764401279394	50.97770215367718	55.15955275892017
0.371	55.48954179324106	58.092815281168626	54.75019769425765
0.373	55.482685378027696	57.842508982208685	56.56387767274665
0.375	-104.92767863679032	58.23794709174909	54.60624751886062
0.377	-27.499058878777127	57.886828604122606	53.574265666562354
0.379	18.14274925338033	62.50249263655497	54.48861052222877
0.381	-67.55498046573382	63.51863987976193	53.119051352814004
0.383	25.03793756591932	56.95445107754892	54.478549809579654
0.385	-33.58746958059822	52.1364947152924	53.281983067233675
0.387	-11.009699742881018	60.55797222785557	53.25083998880623
0.389	116.36195665976068	62.6821881778632	55.28673269286704
0.391	25.510455363475515	52.82176346106578	53.04703847854234
0.393	-14.57631251244873	63.96806387701443	53.610514845719145
0.395	17.25697970322848	54.903220006874115	53.70526179155069
0.397	-89.63575257892043	50.44970166782396	55.1848534478863
0.399	-94.75271906822513	58.51402395279025	53.14594536632359
0.401	-29.26308767869923	62.150161979584226	53.862093765690126
0.403	85.0899812214756	63.832603208852014	55.31356894406578
0.405	-40.59948976320449	60.877155192036604	54.67312980613717
0.40700000000000003	60.79409371184674	64.48816082844294	56.129418620703035
0.40900000000000003	1.372551236666908	61.168848497286504	54.189367438458525
0.41100000000000003	-104.15722753243095	57.24155075517455	54.15634097856552
0.41300000000000003	80.28637857893095	62.26382261884809	55.67966993378798
0.41500000000000004	-26.26360932023175	57.40921732601777	55.937296401828135
0.41700000000000004	-13.423895905972927	54.988636113986686	53.907470070059546
0.41900000000000004	57.47708707692922	58.98669533110446	55.61749788593652
0.42100000000000004	-24.338929820788557	63.582316532561045	56.199950179448884
0.42300000000000004	59.697031682848234	61.43931799711072	55.25085046219151
0.42500000000000004	55.12019502407206	58.89541476139008	55.93090901862451
0.42700000000000005	-168.4472449837715	61.937678718307644	55.173580422232234
0.42900000000000005	83.57337635134243	56.0249596189175	56.057458695114896
0.43100000000000005	19.043737781387904	68.6296286613697	56.887627502105126
0.43300000000000005	-15.14954625325693	61.94137671765856	53.891895765339605
0.43500000000000005	-2.0805179723470957	59.26672394873519	54.67741328957679
0.43700000000000006	-24.83264855757117	70.00298652072463	56.62854619480444
0.43900000000000006	28.666520010434127	56.79638706355216	54.065963901768605
0.44100000000000006	73.87383394763525	60.112916492528505	54.46235658794704
0.44300000000000006	26.317745535742176	55.07828706706176	55.88833504652027
0.44500000000000006	5.711215365078459	50.80558519146061	54.678314016990406
0.44700000000000006	-21.815151964088564	52.20208585697984	52.68457004584466
0.44900000000000007	3.121218946855464	51.857263589282084	57.82106096123643
0.45100000000000007	36.38389404114761	60.925622873580885	55.5315982495202
0.45300000000000007	117.61139926247388	58.618468530280154	53.64577385577431
0.45500000000000007	13.037216594957712	62.69760789613885	56.024494888226435
0.4570000000000001	-7.567579776823763	56.02677229936915	55.041186693018886
0.459	101.62655603074278	61.009284908657655	53.170763519337
0.46099999999999997	-47.029138320664465	62.24282277568308	55.76591644217091
0.46299999999999997	24.32543711838875	65.21721256664435	55.54727321999182
0.46499999999999997	79.89209574832401	48.63377774885443	53.58742053603271
0.46699999999999997	-8.072824059790484	52.72805095626611	54.41967104536348
0.469	22.29955515620219	59.12010300525011	56.12444454236619
0.471	18.305785671079988	58.79042919655146	54.09708918036781
0.473	-58.157496186539426	58.20136135066879	55.62447757965417
0.475	-47.182190586414485	55.66179717512561	53.9658400970505
0.477	-25.007624395168015	54.22387406988532	53.27503208049888
0.479	-73.06199114420764	59.98090177033411	55.85863024103177
0.481	127.60643011255901	60.30368667042887	54.08831752271665
0.483	-72.09719233158829	65.48282912826188	54.3917231400157
0.485	-68.23896301211275	57.63656463168741	57.28504366810883
0.487	118.03207948490879	62.58570243478904	55.167187878702585
0.489	36.599261623360135	59.923864734848635	55.490790534638364
0.491	88.71419157197025	53.477995476289955	56.13603800433198
0.493	-67.54991549018374	57.407360099341155	54.82370007731068
0.495	19.713329692194748	56.72340808960772	54.71243151505919
0.497	70.66756273355068	57.57881993712319	56.32850739156826
0.499	-16.06613332627571	59.071129678769175	57.48964114768329