-0.499	-8.641697043620944	15.565999225373574	1.3754820896263544
-0.497	28.58836625696526	10.54096241436007	1.041265285338479
-0.495	17.39159226166187	14.628380594183996	1.038645644994314
-0.493	-27.30958773200509	13.595577240195075	1.1017955364941554
-0.491	4.868907654831389	14.104230954427655	1.1518290932294977
-0.489	21.456871616143403	12.599677981237503	1.1191761720307007
-0.487	4.638138942025805	13.092923473623989	1.1051947037960679
-0.485	-31.351604409812772	13.370577234415455	1.0794063701246706
-0.483	8.5613651925609	13.349782234781754	1.1282815814975653
-0.481	22.50312009000055	15.705178574922844	1.1864293821607113
-0.479	-0.4118597988211903	14.551461508076653	1.16659912221077
-0.477	-4.325833012019942	15.178062207432358	1.1439787744648984
-0.475	35.627710408769886	13.62094915861147	1.1023267706381688
-0.473	12.667511966268918	15.992830805949561	1.1037907974496923
-0.471	-26.298742682340226	12.59939466165618	1.1405996234747178
-0.469	-16.010307666958212	13.947254967747737	1.2166254893787756
-0.46699999999999997	17.559925470145288	17.493167777676238	1.3090015463813867
-0.46499999999999997	0.10170124475905595	15.42567506902449	1.122918128337994
-0.46299999999999997	-20.49061748687908	14.539631134041354	1.101592305916555
-0.461	20.51005652581317	14.806552045445457	1.1041607695302418
-0.459	44.90226752817961	16.147331592093604	1.1440143392069546
-0.457	-8.085477888997161	13.571973889337588	1.1261997196290607
-0.455	-31.591498350080904	15.021127416684925	1.104338615517137
-0.453	12.428311279899518	14.00210878445303	1.0567524859239537
-0.451	21.276290616878413	14.853431841491718	1.103939475988712
-0.449	-20.168555143085243	15.329423550514585	1.141120162218705
-0.447	17.129681771699268	16.134211187690873	1.221666437612857
-0.445	12.997514279300404	16.061210702283017	1.18581322156142
-0.443	1.3503570344131077	13.221307025875877	1.1080973775717586
-0.441	-20.078499998410493	15.347097679229197	1.065014127830147
-0.439	2.4633263211448764	12.454365970870443	1.0752180929860295
-0.437	26.76916945021368	14.357826991405286	1.1140890395388192
-0.435	-12.801964177411307	13.924980894159889	1.1694818784905254
-0.433	-28.640053264861187	16.371928291130835	1.1701449323165243
-0.431	16.390508905894663	13.402830297741327	1.0664327358501835
-0.429	24.677350632495987	13.992856894541147	1.021211838212095
-0.427	-41.640443645962755	17.29437121528068	1.213992136569366
-0.425	17.293022549269566	13.942973385777744	1.1288424399930215
-0.423	23.735810494640575	16.09747284734476	1.1856955076140874
-0.421	18.520939214949905	15.55902510391583	1.1590114953157906
-0.419	-24.568510602174243	12.640247292593626	1.0449161125900035
-0.417	-4.314211407119295	14.004202733425553	1.1118444545063628
-0.415	21.968019403795225	16.353394081930084	1.1273863611260015
-0.41300000000000003	1.6593380800511426	11.840306493553436	1.161219352915011
-0.41100000000000003	-3.1328063533342387	13.508580806469215	1.1044916868644026
-0.40900000000000003	8.733969928398366	13.217297494099256	1.1407394746022652
-0.40700000000000003	6.961214918943526	13.14220670880112	1.06304690705303
-0.405	-52.95888227552226	14.393867270363263	1.1527225620813397
-0.403	14.36360464368569	13.791518230975493	1.1716898500948885
-0.401	32.817289092879065	16.409046780454627	1.185222472019606
-0.399	1.3103464324704106	14.421791676236136	1.1047890208161146
-0.397	-34.142504612866276	12.159891269979344	1.1225182581288309
-0.395	30.989446930806963	13.19765317166514	1.1294132106868022
-0.393	33.404505632494974	14.096852047661649	1.127219904182329
-0.391	-33.67420421396261	12.813177539832525	1.1331942991649524
-0.389	-14.075584595207857	13.70879313333774	1.1536966880946589
-0.387	27.637510779721097	14.14187747789999	1.0939099696537924
-0.385	24.1800089262334	13.730761105116319	1.11241469190017
-0.383	-28.165552272585437	12.851007189441681	1.1607146214030772
-0.381	7.167187642709294	13.272155726604309	1.1818144992311954
-0.379	31.206648049675323	15.049522483720885	1.1424607377124976
-0.377	-4.210798872361643	12.886325481251166	1.0664406210720203
-0.375	-19.226749478074012	12.99340968541887	1.0568710444827263
-0.373	11.669714600204273	14.260306830542715	1.0750157325746783
-0.371	15.124152599632623	16.124411173357277	1.1461585183589014
-0.369	-30.079560534024274	14.497815109083202	1.2028845457160169
-0.367	-40.274249370031434	12.973468137132246	1.1591133915498704
-0.365	28.88731966654845	13.942358402774381	1.113167506272336
-0.363	11.590691743723625	14.81508675458711	1.167977413345129
-0.361	-34.18827549450665	13.533165695558008	1.1444297830434496
-0.359	-0.5417013145825322	15.03385433958639	1.178891894820692
-0.357	4.629490253149626	17.516280740337947	1.2172806710741162
-0.355	-10.376015104562875	13.78375570761809	1.1211222436665689
-0.353	-10.875984001401662	12.704403520592452	1.112510745123379
-0.351	3.4631958281128306	13.285096085105145	1.0967940566617618
-0.349	22.91634384588015	15.328970548034505	1.1952324208453078
-0.347	-37.26161100181535	13.321846577220676	1.176827963451452
-0.345	-25.51835796249513	12.895734336019418	1.1202218167272455
-0.34299999999999997	33.62324688738205	15.249461396478594	1.1010366598798715
-0.34099999999999997	5.594015641596783	14.071426494543852	1.090006572816515
-0.33899999999999997	-26.223409301251444	16.283095014338162	1.255727063395281
-0.33699999999999997	-1.5554625477642858	14.13684550776548	1.2714918384139888
-0.33499999999999996	36.42620156196763	18.217871867593036	1.1341141128954717
-0.33299999999999996	-17.04731402385473	12.892683810203405	1.1636032920098895
-0.33099999999999996	-7.151255849713323	14.549440254899027	1.187259840364713
-0.32899999999999996	18.826188723508608	14.763744578910691	1.0566428556536298
-0.32699999999999996	17.33814704607539	15.731579700725833	1.2896355013372178
-0.32499999999999996	-10.44553629625522	12.94923172549544	1.1586790574031003
-0.323	-25.400991920165872	14.37593074668579	1.1440010594303063
-0.321	23.938198315365256	14.886309358100753	1.1808069838841142
-0.319	18.5268408832151	12.855285646675727	1.0900279973506535
-0.317	-36.071438272888834	12.908643328572314	1.2035484657150448
-0.315	10.975751278952117	13.956824129158447	1.187960280399828
-0.313	30.588380272034144	16.843937295930033	1.2183248066505017
-0.311	14.507906543670401	13.307881415502289	1.132995764939161
-0.309	-18.444595063615843	13.938697705382115	1.128919418721168
-0.307	20.028691163131995	13.679635606204732	1.0501398047188653
-0.305	15.580737611431417	14.045395522924789	1.1328882134273623
-0.303	-13.622281519465318	13.485937590013227	1.1259163840711692
-0.301	-12.566262281743512	16.420002365808436	1.2366834488247938
-0.299	29.049777587886183	14.831572508491739	1.0792958680610842
-0.297	6.097885087541499	15.92483316627453	1.1591588178399386
-0.295	-33.231623694063295	12.68531911651955	1.0437574689591518
-0.293	38.07394068333636	15.03507473544592	1.2498283983389102
-0.29100000000000004	15.6092891367976	13.383030030154707	1.1868638372212095
-0.28900000000000003	0.5636497852901101	13.018399799222145	1.136718258563073
-0.28700000000000003	-26.120696887343975	11.54486361694586	1.1041708926393734
-0.28500000000000003	49.66210157819617	15.623910105433001	1.1274888374941128
-0.28300000000000003	19.69661085676755	16.06333666564197	1.141698312388484
-0.281	-22.88093991076323	12.977045756346177	1.1520821084427435
-0.279	-0.6114357786746183	14.047981432005187	1.2307918521501333
-0.277	28.80074334199456	16.906168152857287	1.1159625995983817
-0.275	7.983727805527252	15.571641665201293	1.1368464278487247
-0.273	-11.805636610295878	15.041127722298802	1.1709361936030243
-0.271	42.92673344585829	15.45107090572371	1.2600887706777084
-0.269	25.832478594445263	19.09208472055275	1.2809627715525516
-0.267	-25.60871500589812	12.887474739257813	1.1368158424844002
-0.265	-4.825574956179857	11.806832934231794	1.0615897742871805
-0.263	47.88409263878357	14.797384976085297	1.1052694695273153
-0.261	22.66655493032843	16.902884858158338	1.1782308105616444
-0.259	-14.557944501225606	14.333349053284905	1.102602346137926
-0.257	0.3458872146477887	11.986240081003531	1.0820731931056369
-0.255	35.839423627281874	14.388452764800117	1.1747174231014264
-0.253	14.657649028082531	17.23589183730863	1.1686366460365492
-0.251	-23.369443267862167	12.533074242764975	1.0929575634507491
-0.249	25.549232359312057	14.334923803314185	1.1355465398089482
-0.247	6.115823439456491	14.260374254497028	1.1751844584850955
-0.245	13.359682300650988	13.550074149185042	1.09950616599753
-0.243	-23.689442641861014	11.569411329948538	1.0463646957309864
-0.241	33.83988961935813	15.352534501124945	1.226292890769838
-0.239	-1.1188992371513606	15.756047292080021	1.1710370230514457
-0.237	-15.779084785561004	12.713588031401423	1.1261370425790194
-0.235	10.64281965268421	13.625079764049591	1.2061367777536096
-0.23299999999999998	19.049112485847175	14.356260973713743	1.0873785225852701
-0.23099999999999998	9.469912829684901	14.637706038124549	1.1448560067267932
-0.22899999999999998	-12.075317623816417	13.495933702246923	1.1341277518260755
-0.22699999999999998	37.56456074199832	15.00542047181132	1.1815738983915722
-0.22499999999999998	17.350153342032826	14.39044428705367	1.2127008937509103
-0.22299999999999998	1.2579776875742965	15.504499895586916	1.130663090677575
-0.22099999999999997	-10.03569654600689	14.53523393755556	1.1797695936323134
-0.21899999999999997	30.733672574223547	16.731678748823164	1.2680232149130555
-0.21699999999999997	5.245592480607186	16.6106445883691	1.189014006333161
-0.21499999999999997	2.8849016937559924	12.449791624341179	1.1578355270633092
-0.21299999999999997	-7.0594512956434485	12.291978148844258	1.1275063272499324
-0.211	7.320702064550488	15.60031110071664	1.1308219582190493
-0.20900000000000002	-0.312523919743235	16.025570018822393	1.168525995715965
-0.20700000000000002	-26.71626414341155	13.387948992695199	1.0957235063636352
-0.20500000000000002	35.88156914835494	13.320814624998714	1.1145832995172331
-0.203	-3.769976663070551	13.77322807000488	1.3278155945195391
-0.201	-3.653690452409819	15.148232060870754	1.1382396946192068
-0.199	-12.314735161056412	12.643393832415084	1.082420271196609
-0.197	48.093395073056655	17.66779036727317	1.2357021737999019
-0.195	-9.31961840811013	15.049705562874994	1.069496939819509
-0.193	-4.555739132605652	14.309393312576317	1.1011822550072432
-0.191	-4.37350543436299	15.318362072016207	1.178896433523049
-0.189	10.083705490160355	15.26287716592963	1.0970589925337466
-0.187	20.440323394987914	15.06208749409564	1.1437843751467665
-0.185	-17.49618042035106	14.38280251580787	1.1017314937157274
-0.183	46.65656200608659	14.354520985689694	1.1442931693938336
-0.181	9.65854075896111	15.6450496201069	1.1868439131220339
-0.179	-4.435667586344394	13.223167521246017	1.0992625911209999
-0.177	2.632079612929772	12.653748361435731	1.042024052714305
-0.175	37.69228317018758	15.12801640204779	1.1749000700531078
-0.173	-1.0790804555460554	17.378405379781675	1.188089255340067
-0.17099999999999999	9.395624780639267	14.226985394255383	1.1518684341921677
-0.16899999999999998	11.81675259886994	12.113967432642658	1.1125194351988925
-0.16699999999999998	2.783547766282979	14.991361072677476	1.1336384914692976
-0.16499999999999998	13.259898504758283	15.484285305507713	1.1428212582725845
-0.16299999999999998	-21.229250379062314	14.161904138225925	1.1200988635209403
-0.16099999999999998	23.519640781399787	15.655224106586921	1.2080945086302801
-0.15899999999999997	2.1228878233081616	14.192260744142507	1.2289461470721752
-0.15699999999999997	-5.990745216344351	14.677468661990549	1.1653699202385668
-0.15499999999999997	-1.180922583832178	14.08165091050245	1.068539626032286
-0.15299999999999997	25.589610048282196	15.572580616836758	1.1380591946552423
-0.15099999999999997	9.621912266277732	17.321216081449958	1.2260927705962363
-0.149	-16.773493720534383	14.948205035409115	1.159953432470941
-0.14700000000000002	9.278631740938792	15.166364348628049	1.1431631634183055
-0.14500000000000002	16.369274597360928	14.718660557790345	1.088123222476357
-0.14300000000000002	4.001618700399945	15.874927637246888	1.1593104624062656
-0.14100000000000001	-17.476875273869652	15.585209433149169	1.137976697532264
-0.139	37.792354672161466	15.446172367365062	1.113904129166573
-0.137	3.1714688994988194	16.137028069952972	1.2092223158351858
-0.135	9.627771308862165	14.176520901470866	1.1301622136946263
-0.133	-6.10471940487578	12.510014633445165	1.0625888093059184
-0.131	43.0876537664826	16.791897975692976	1.1941367459140624
-0.129	15.922336563889417	14.971490450698298	1.1725365068619966
-0.127	-3.7167476252264464	16.216226023105833	1.157108343997646
-0.125	11.778787865290852	13.604754723905788	1.1375898790878567
-0.123	26.8404313867876	13.743282424537478	1.1071773890013987
-0.121	-4.469042727106576	15.72819598510634	1.1270799343922078
-0.119	-19.013821528690578	14.483056269147745	1.1418817560095478
-0.11699999999999999	36.1636518939612	14.51212944471664	1.1792238509788402
-0.11499999999999999	-3.47763444485949	15.659944941521685	1.1706010500797095
-0.11299999999999999	-13.124583703949533	14.671996202709895	1.1788677939108754
-0.11099999999999999	-4.720960614879033	12.439073636674356	1.0899587968068296
-0.10899999999999999	52.44527971681734	15.141446927792371	1.1789487334929962
-0.10699999999999998	-12.130212632910364	16.761845386323557	1.2230351039144125
-0.10499999999999998	-9.569832339684226	12.858496777508623	1.1565681222536128
-0.10299999999999998	19.342960611457016	16.057497940851135	1.2082691886602293
-0.10099999999999998	35.38726398732983	11.715528439796513	1.0935897944953499
-0.09899999999999998	18.983560050589432	14.382471398033982	1.1095857349149334
-0.09699999999999998	4.075090203503606	14.173539828818072	1.151762482491365
-0.09499999999999997	20.557318877845177	14.328619703804057	1.1453769267475864
-0.09299999999999997	13.235219187279768	12.912496575030305	1.1078687900143223
-0.09099999999999997	1.5061509062164191	15.498549471312646	1.1251172663986346
-0.08899999999999997	-8.257159625268962	13.506866197266726	1.0972115908016706
-0.08699999999999997	35.162505210850625	16.923649095266526	1.1681786505147131
-0.08499999999999996	-8.451499576733745	15.414229335721245	1.126816011091809
-0.08299999999999999	-2.258422109657765	13.094551381531282	1.0884364400447257
-0.08100000000000002	2.192663847599974	16.02684591429241	1.1713719915646583
-0.07900000000000001	13.942166436242687	12.952034672983158	1.1149234015349372
-0.07700000000000001	-0.9723659400995288	15.669023783576995	1.06207462111971
-0.07500000000000001	-7.033039231441052	14.657301141791397	1.2357806764689496
-0.07300000000000001	21.42338913424524	13.584458508955928	1.1810499314159346
-0.07100000000000001	9.174462634264913	11.143864355646858	1.2351494871771573
-0.069	-0.24801554598941067	14.316582457899406	1.1077968264758828
-0.067	8.024234484871329	11.554619322892691	1.0846043846538045
-0.065	35.41064281908923	14.023000936383328	1.1263760554271123
-0.063	15.367648350528285	15.791934949919336	1.1711723413134856
-0.061	-20.729067018776526	14.299724516125893	1.1847853865835922
-0.059	31.13225988848889	14.000346699649764	1.104895053710472
-0.056999999999999995	31.645634432697634	14.237045725767972	1.1160687539267917
-0.05499999999999999	-10.94054424299884	16.29271762319636	1.1605019480666672
-0.05299999999999999	2.7320428535038133	11.598581576165525	1.0749209338633807
-0.05099999999999999	25.339048258743446	15.33632293030039	1.1182528842919581
-0.04899999999999999	8.618880719790667	13.060924178070412	1.1780518368675812
-0.046999999999999986	5.427606385222106	13.96090492137938	1.1233339094080483
-0.044999999999999984	-14.381263827023538	12.002934982021857	1.048422254859694
-0.04299999999999998	33.596058762963565	15.873078504805106	1.2002833679802398
-0.04099999999999998	-5.239652592137212	15.527408145666483	1.170962163157094
-0.03899999999999998	8.27055063390425	13.82792414461429	1.217108142990514
-0.03699999999999998	15.254995553659612	14.22152420048863	1.1142230644874755
-0.034999999999999976	32.175208987572645	14.205344595797616	1.1101045299124714
-0.032999999999999974	-4.123596886063119	16.022624952172905	1.1937508406343773
-0.030999999999999972	1.6922219132631255	11.849118673997632	1.122144739450594
-0.02899999999999997	42.080691089685374	13.423264804224978	1.1360014467089221
-0.02699999999999997	-11.577957258035454	16.994322004802942	1.2375257644110338
-0.024999999999999967	-23.03597562491877	15.273259883036715	1.1391953769548666
-0.022999999999999965	-58.24732104597885	11.551779726644881	1.0423251408740304
-0.02099999999999999	-11.224911315999009	14.676978819322244	1.1575940619118978
-0.019000000000000017	-75.3062083722611	17.68018848585029	1.1717849908590572
-0.017000000000000015	-54.58027339333427	16.893732138519134	1.3141707807193155
-0.015000000000000013	-61.08246883385071	14.743973672290695	1.0769927399673367
-0.013000000000000012	-34.48260936755876	13.757144603324019	1.0795249019231754
-0.01100000000000001	-65.47319373739757	16.945046429902597	1.1450997225291926
-0.009000000000000008	-76.7365095287742	14.639211485684058	1.1275135669004166
-0.007000000000000006	-27.29312960603192	14.791812721634885	1.1196871820909255
-0.0050000000000000044	-91.37685920501681	16.930495042545793	1.1960077954804935
-0.0030000000000000027	-67.57059691042677	15.633815822411618	1.1163776651346384
-0.0010000000000000009	-60.92449768257957	11.793219017133922	1.0498397269264512
0.0010000000000000009	-56.22318146170091	16.42890681582124	1.1686898295144925
0.0030000000000000027	-90.19352022876515	16.655682591898472	1.1444061519723583
0.0050000000000000044	-72.47666998100311	15.44240486573256	1.248792029369188
0.007000000000000006	-57.12089594911429	14.286039502298914	1.112992258913772
0.009000000000000008	-53.46960179375415	13.50229855675315	1.0868251379598703
0.01100000000000001	-65.19139508243121	14.970427797331032	1.247659684159237
0.013000000000000012	-62.49747122499816	13.286240664387615	1.096787843869322
0.015000000000000013	-28.374099071415415	15.123600819931738	1.1617705539762369
0.017000000000000015	-71.75949238602541	18.381898222410676	1.2488157141068554
0.019000000000000017	-52.4943749330431	13.669153472370274	1.0935027120487202
0.02100000000000002	-69.70299220165899	12.101336682088123	1.055761404740404
0.02300000000000002	-10.661008324697185	15.04223039516339	1.124532654907753
0.025000000000000022	-51.508456620830145	14.280926275177373	1.2166684215983399
0.027000000000000024	-13.787803031295454	15.017854826610073	1.1696295358683213
0.029000000000000026	7.920678774198109	16.154804786165027	1.104309415560566
0.031000000000000028	4.910662710466696	14.649433802670051	1.1528879455045569
0.03300000000000003	-20.032828047300555	13.882774817590256	1.0825169572825135
0.03500000000000003	-9.755757761187311	15.85143994615156	1.2123633242715364
0.03700000000000003	23.505971384008006	16.95056484753254	1.120755959934668
0.039000000000000035	7.039432523114897	18.029989207327706	1.2612258194144612
0.041000000000000036	-5.417838458865454	12.877535277347821	1.0733983291382323
0.04300000000000004	-7.212133920964092	11.433272553747988	1.100051327164034
0.04500000000000004	34.1636925256239	17.651131980586765	1.248313430800008
0.04700000000000004	-9.069087673174714	15.592409419913501	1.2039739701112055
0.049000000000000044	-1.043029006386753	14.360478577015229	1.0799338496024906
0.051000000000000045	20.536577494789654	14.76090774729476	1.1061201809733663
0.05300000000000005	19.76513083890019	14.259419285991228	1.1327409618632338
0.05500000000000005	-16.078827393961603	13.28771901777217	1.1753314428249988
0.05700000000000005	7.119539565669797	13.533369941017856	1.17681325443446
0.05900000000000005	36.40690285200421	16.643967071410096	1.145945659370915
0.061000000000000054	13.531103927544308	19.384453219942927	1.3117479542416677
0.06300000000000006	-1.0506502746698843	14.230743955299133	1.1228941568188684
0.06500000000000006	-14.835665191781366	12.332329275610343	1.0740558847058104
0.06700000000000006	41.48064476328095	19.330343183337217	1.1863469665414117
0.06900000000000006	-7.4214218857004965	15.331551143839638	1.2468554674449615
0.07100000000000006	2.3991823701052795	14.944199531484433	1.1844183506915833
0.07300000000000006	32.452568533125614	16.8722173077535	1.1705538190964833
0.07500000000000007	24.890627495777196	15.337714270241243	1.1301441017083824
0.07700000000000001	-25.21623816986729	16.241639453491114	1.1693116434126238
0.07899999999999996	-12.372450884035047	14.949155176283773	1.13539365817636
0.08099999999999996	25.872849902297546	17.462742870048626	1.1468783060904748
0.08299999999999996	12.317292054975226	19.374435844107158	1.1634814152746629
0.08499999999999996	14.822253006308017	12.75191596442707	1.0724746234904257
0.08699999999999997	-8.539910005822549	12.003639688567691	1.096544264720325
0.08899999999999997	45.959271461448736	15.734904826533793	1.0749945094177524
0.09099999999999997	-19.480514394709658	14.493892596651289	1.1307793638472505
0.09299999999999997	-3.0407923427011596	15.40435786247081	1.1867132247325425
0.09499999999999997	36.56489456904666	14.739035339937507	1.1449822891996908
0.09699999999999998	12.322645693618739	14.886183144748205	1.1395311775732753
0.09899999999999998	-7.542830856244187	12.27352492115801	1.155644467913019
0.10099999999999998	3.5148086585667926	15.466762836310863	1.1538505108445918
0.10299999999999998	3.546856313985103	15.701358926499536	1.178915345316781
0.10499999999999998	-2.1484206108590698	14.016905938439162	1.1301993676164932
0.10699999999999998	4.1349682251556885	14.658438746023636	1.1233714655077598
0.10899999999999999	8.962155788383441	13.418383588159578	1.1942549981745632
0.11099999999999999	34.746410565222874	17.24515311425413	1.1192050195614414
0.11299999999999999	4.897105499557242	15.3863625986399	1.2019625139643488
0.11499999999999999	-9.898689546150585	14.316438456970225	1.1848190256109015
0.11699999999999999	24.512112619667903	13.49443886326772	1.0719427545812232
0.119	-3.813566362365073	16.211326048876032	1.106354540502991
0.121	-14.332286666252081	13.80790814818822	1.144244941653212
0.123	14.460387716130896	15.596183587569033	1.17824507192276
0.125	19.13298083788817	18.97512769886814	1.2047262800346379
0.127	-17.409121420453033	16.358914263376832	1.2072509971622558
0.129	-13.42239053880867	14.674778648478808	1.1561556927810441
0.131	2.664367014793001	12.642785505209648	1.018361542755069
0.133	21.246881768188786	15.509537767973049	1.1348161385200903
0.135	-8.791395452623085	14.676100226498372	1.1380295277571344
0.137	0.22234660512765458	14.047363922814212	1.104605879242538
0.139	-0.7954016802980135	16.623012958925685	1.1395659445524835
0.14100000000000001	8.486644923477726	15.773945603124144	1.1460917684499146
0.14300000000000002	-4.022450598939464	15.43989402084593	1.1147940887010082
0.14500000000000002	14.44879449485903	12.665760522521532	1.0969645697691168
0.14700000000000002	22.183878541914837	15.948347279197144	1.1950483978116364
0.14900000000000002	-3.710522526789717	18.07760450832751	1.1281379340685724
0.15100000000000002	13.045425700353164	14.360163832625272	1.0865588275366544
0.15300000000000002	19.281218386790755	13.861228382055055	1.0620273651399479
0.15500000000000003	5.925343185664289	16.580233296205208	1.1693192041201124
0.15700000000000003	-14.869345689061397	15.526174995311841	1.1530149950242212
0.15900000000000003	6.929812595979357	14.883214830528503	1.1405226011951328
0.16100000000000003	27.295826814377477	12.819495183838995	1.0855368326485764
0.16300000000000003	3.7439503404179675	15.65030927967996	1.0737597901110258
0.16500000000000004	-9.909135228802768	14.90260686301793	1.1104181722036162
0.16700000000000004	17.22633179834787	12.441122513592028	1.134538089135086
0.16900000000000004	14.207138959498877	16.547379882499463	1.1957096301338541
0.17100000000000004	0.003264636339039839	19.07407142859272	1.180774191851727
0.17300000000000004	1.9740908761001208	12.834276850259247	1.0702083406276839
0.17500000000000004	-12.392347911283075	14.999631398142313	1.0616873483503162
0.17700000000000005	12.649648565288274	15.31176015888778	1.1281115947082752
0.17900000000000005	-18.445123680654874	15.629088828175977	1.2248355860864888
0.18100000000000005	-12.243599876060607	13.034029993117906	1.1429203191718729
0.18300000000000005	20.732775164233885	15.624457595305538	1.1054774025200158
0.18500000000000005	11.920381942198688	16.21336686207842	1.0943152959664297
0.18700000000000006	-5.701462327811768	15.030432286860973	1.0680449732597392
0.18900000000000006	14.382503886745113	13.179510275633922	1.068869505294098
0.19100000000000006	22.783951822313853	16.910127720687314	1.141417821886445
0.19300000000000006	-15.533868251593752	16.746836076098553	1.158957852270978
0.19500000000000006	-5.590540566702273	15.171535158083541	1.1538277104676697
0.19700000000000006	8.93221072417738	15.823851986105232	1.1182299743040696
0.19900000000000007	13.593120939292547	15.201060987869239	1.1188566629147811
0.20100000000000007	-17.171851775854563	14.508067294708765	1.1199761805904245
0.203	0.14323830876961097	17.182493626862136	1.187545342775031
0.20499999999999996	11.917062548771895	15.068637636794296	1.154018977609491
0.20699999999999996	-14.728303261990483	12.314067045266755	1.0692677717596695
0.20899999999999996	-32.4320780596965	14.967290458777253	1.0692765702148472
0.21099999999999997	9.343620184454338	13.057806832832199	1.1887090165446816
0.21299999999999997	-8.490201026445376	17.108121785266526	1.1988232460262493
0.21499999999999997	11.150264467518767	15.885494205640795	1.225616417578821
0.21699999999999997	4.228881923307171	16.301425146709224	1.1282807076800303
0.21899999999999997	15.821861419018646	14.742538538436731	1.0497959031439295
0.22099999999999997	-1.4863090798122869	16.637202717980742	1.205572798997451
0.22299999999999998	-6.786734593977606	15.153657213266062	1.1200184148335248
0.22499999999999998	7.936028376231974	16.209883361506858	1.1117527186836595
0.22699999999999998	14.189277289133884	14.731512011734681	1.1307105488515483
0.22899999999999998	-8.01244225423492	16.82873809575566	1.1723130962846884
0.23099999999999998	9.580970727229854	14.505979161128664	1.1225455088137308
0.23299999999999998	29.110686143418718	15.680466359929964	1.134400554285923
0.235	4.469000445261884	15.919655326915768	1.2174164352321855
0.237	0.5707570971402731	18.09639089732873	1.153027855060136
0.239	22.001780062730347	11.27167676472459	1.0715127199850274
0.241	20.006238788949915	13.248154414578597	1.039865105353686
0.243	7.938003582674824	14.827569920292582	1.1451346474814337
0.245	-12.095928127342503	18.84833588290624	1.1774693872465987
0.247	3.187034679275058	14.845145576027864	1.117169079584543
0.249	13.359158562709084	15.53030653024717	1.10900482756768
0.251	-9.913164166985844	15.88277726122393	1.123698914650069
0.253	-23.260309347072905	14.358454058715415	1.0998795548817963
0.255	6.8387884415432865	13.563769466192994	1.13436508920552
0.257	4.940120969632034	15.50820349652506	1.1213548903597108
0.259	17.29624112178918	17.88894087345319	1.2683600656113139
0.261	6.300465533959354	12.005474498903654	1.0209047176486508
0.263	10.994844514389257	17.247231812739038	1.1346520510366094
0.265	17.875396705724356	14.576188826968558	1.203928790675377
0.267	5.587233171899797	16.081300121368646	1.2377060584870334
0.269	18.1084476180704	16.56650126866865	1.3046326289096948
0.271	20.45494288283045	16.338554740346876	1.119944346429514
0.273	-17.752997927056313	13.127393027610655	1.1330134494966093
0.275	-23.077948777650015	13.421235086850256	1.0880470797898723
0.277	39.382387550634945	15.242437823170883	1.1760905016177818
0.279	-8.95506945663982	15.984643369351444	1.224052042415913
0.281	-2.637332412347426	17.189749435839257	1.1786405721962028
0.28300000000000003	23.91020977499103	11.888339107388152	1.0851532813611129
0.28500000000000003	17.79451405536925	15.367672074783822	1.0966482005371172
0.28700000000000003	-7.425489076728908	13.20344749529752	1.169121185345085
0.28900000000000003	-3.0837718062448616	14.515511987875875	1.1655516172937659
0.29100000000000004	25.11700673424322	15.505355912225992	1.265537686361698
0.29300000000000004	15.548679634491691	16.657333347647853	1.1859027387920769
0.29500000000000004	-19.480853701736578	13.807460738781984	1.0723724216764003
0.29700000000000004	-10.403253067781115	13.676766740585657	1.1273930837182689
0.29900000000000004	18.790881242347623	15.249165401256247	1.2318877973961635
0.30100000000000005	-1.2556872124314111	13.448421153035323	1.1880768960243224
0.30300000000000005	-24.87854800969913	18.787984384544558	1.1524835178236938
0.30500000000000005	6.825120491660286	13.307696586231609	1.1716210404043235
0.30700000000000005	17.60599461153589	16.452703237911784	1.089689791564623
0.30900000000000005	-32.049986920634765	15.542130712931758	1.2495109502197204
0.31100000000000005	-9.667264327495317	14.628677579813095	1.1361616868170734
0.31300000000000006	15.050203026056863	14.81147789707377	1.160506171309282
0.31500000000000006	7.498600750777129	15.26091119494414	1.1556428144337563
0.31700000000000006	-19.48806473150988	14.152137325997703	1.1388521436715158
0.31900000000000006	-32.51295039841118	15.649950728835057	1.1029227473690122
0.32100000000000006	27.35636188089252	15.373997878798384	1.2536991768506747
0.32300000000000006	-1.697913861620215	14.797086076659054	1.133743640905954
0.32500000000000007	-14.771121458756475	19.004804811219167	1.176664814339608
0.32700000000000007	0.7328195028577511	13.308517864024717	1.132251901721986
0.32900000000000007	10.366384878501833	16.980397790373125	1.112939493032677
0.33100000000000007	-18.05812232646975	13.943172827102472	1.179033421509991
0.333	13.607535511717117	14.091793029679156	1.0711726482672117
0.33499999999999996	34.4140001526938	18.674644787851353	1.244177850940074
0.33699999999999997	6.454027966951159	15.54439495863689	1.083149605819518
0.33899999999999997	-5.185921587935738	13.093115864059488	1.0505592934092558
0.34099999999999997	-19.92638036829586	15.728954726358348	1.1986123091190126
0.34299999999999997	24.608744856768894	17.24026100083741	1.2028538393973567
0.345	-2.3935725185220136	15.04424444303311	1.1241932890776525
0.347	-23.225919119962413	18.35972087922218	1.1105271904551077
0.349	-4.146621686906826	13.525454672733645	1.1108933341095195
0.351	29.994081589546084	15.101393605686866	1.0421121749710556
0.353	-25.23243649876772	12.426377153442168	1.0936610180661082
0.355	-20.196386957715973	15.495266113033823	1.101939688262473
0.357	14.249500390972614	16.635919405998195	1.2146060971671933
0.359	8.442399451968896	15.050479212913432	1.0914936507768813
0.361	-15.733960206598674	14.898907465483815	1.146852322175268
0.363	0.2253474260527355	13.722775988039617	1.1197741625512128
0.365	43.280220714647655	15.153749295338102	1.1602469678963285
0.367	9.391019712756687	14.837195386726673	1.121492832837173
0.369	14.248528251270542	17.081753660376283	1.2161517716100356
0.371	15.894953950379431	13.565026035437239	1.1723016867507094
0.373	29.188137011804116	15.016378485348529	1.0755503662788073
0.375	-25.817030158914456	15.162349367622712	1.206878331073708
0.377	20.35339872308306	15.244892160095382	1.1307532340264328
0.379	29.26174512696278	16.78142516384644	1.1584844224397477
0.381	1.2117972079117578	13.888101096983233	1.107075514119717
0.383	-22.96026950920904	12.810524205961798	1.0517609624742807
0.385	-13.01226412453449	13.872653272412071	1.121823783998259
0.387	34.150488785966715	14.048777703009279	1.2034962032473053
0.389	-12.709081649076026	16.955477640241256	1.168302811912406
0.391	-20.215898532627286	19.519476876402884	1.2608392856277608
0.393	4.236454216544061	11.841529014879349	1.147290419550397
0.395	27.639591063444158	17.216365424631537	1.1461807852318862
0.397	-41.93853125655789	12.121663079100378	1.1330498272449674
0.399	9.341250572170168	14.944561307617178	1.0853897755664756
0.401	21.27493601555841	17.189596859140696	1.1762347840435285
0.403	19.50540235107212	15.742673402918538	1.1451300422138009
0.405	-2.8534991344253413	13.473755148235545	1.0448103628883687
0.40700000000000003	-5.58336123501757	14.932023974516932	1.102433291054184
0.40900000000000003	35.89259873892914	15.373285067402833	1.1329349394037076
0.41100000000000003	-3.0198245867252282	14.964971386493708	1.0555926797289708
0.41300000000000003	-12.330447800357192	14.85868571954728	1.1703072617086507
0.41500000000000004	10.61911732591625	12.225474928818016	1.0851697518100485
0.41700000000000004	12.926324033379899	16.377601350086966	1.1698986413496728
0.41900000000000004	-43.89590636599827	14.25296595861196	1.201578659308832
0.42100000000000004	-0.2959547904524129	17.186207469336427	1.2166156512138575
0.42300000000000004	8.75840909952963	15.172065365677817	1.2376944693044607
0.42500000000000004	7.45983013206164	15.449503794203174	1.0971514731172545
0.42700000000000005	-14.31751985447871	14.40404864271033	1.0377145286605545
0.42900000000000005	-26.318100396771626	14.879073237607777	1.1840910073692719
0.43100000000000005	26.742958300740582	15.696107061078528	1.1771915882582527
0.43300000000000005	-4.071303331798504	11.742204989133276	1.0830869985762979
0.43500000000000005	-7.202716312049162	15.24512433235267	1.246992904581113
0.43700000000000006	11.91072432504825	12.41837904463057	1.102267021694418
0.43900000000000006	20.464109507845052	15.47723052018861	1.0545975323573928
0.44100000000000006	-23.64393120224406	14.512849709108963	1.0807034212161946
0.44300000000000006	-12.525980053190722	17.143408468166392	1.1695114931582493
0.44500000000000006	7.229925168550366	14.107460939340452	1.2027661850467168
0.44700000000000006	-5.6038946334435735	15.070733732623838	1.0913783606003797
0.44900000000000007	-9.668022285747035	14.561795573756717	1.0446524189314312
0.45100000000000007	-8.18115350853521	13.337359097695709	1.0877432067579393
0.45300000000000007	49.84592457146775	17.052857701860717	1.1703276663934723
0.45500000000000007	-21.630507320513637	13.954392431382644	1.0961942631698602
0.4570000000000001	-25.220517274160414	15.196180949134991	1.1798994471605573
0.459	18.358981009880537	12.28556041835862	1.0926446774065421
0.46099999999999997	34.365487715515286	15.287397154472746	1.0551431707535368
0.46299999999999997	-35.181993210953166	13.286027651129558	1.0807412893591988
0.46499999999999997	-20.731490047554146	14.671908044605882	1.1782119697495035
0.46699999999999997	11.491344472647214	16.064864914871986	1.2783752005829567
0.469	6.640407780977853	13.549890237581973	1.1005065103104938
0.471	-19.502982588237572	15.307594318183153	1.1206103331241364
0.473	-15.678663283558159	14.416398165053739	1.0940305712053868
0.475	39.72664007934057	16.855037981504132	1.2003104567319371
0.477	-8.757618374710674	14.091846845301971	1.151329496134589
0.479	-25.61101993636683	15.43119131734679	1.3173669136320805
0.481	18.738121189798562	11.799541362821383	1.0580978821430205
0.483	31.06434643429523	14.164644078600293	1.0180117870614576
0.485	-23.936042604089103	13.951835909888809	1.1127972064581932
0.487	2.4177414763570937	12.342036670406417	1.1189599341850736
0.489	37.17541851377959	14.086769024129447	1.116419283908848
0.491	13.104830039356585	12.761568454990064	1.0704360138174118
0.493	-36.968332333353615	12.240907177434389	1.0701209802526266
0.495	-6.3654008926050665	15.98671257727264	1.258250574068985
0.497	33.102393697248544	14.21825044821337	1.1336775167836382
0.499	-12.35000484500759	15.134505921533103	1.3110113893318296