-0.499	42.94496399248615	290.9037551363377	30.681434262907224
-0.497	48.70844612159253	248.34722479173925	29.46204271625605
-0.495	288.541059166203	242.27923757893336	29.65384974400884
-0.493	83.81474214580464	246.9053173088282	28.708290459902038
-0.491	-75.00836426466151	263.0210210078729	29.215646642024705
-0.489	144.74556900201384	252.36418915037498	29.48248929225491
-0.487	23.268025326039776	261.23166313155605	29.703013132413716
-0.485	31.54794943283079	289.6581647786286	29.52149665796118
-0.483	-1.1823542783728769	263.99534668003145	29.396893778031902
-0.481	359.4683513317154	238.31477314899183	29.85052155487304
-0.479	325.84585093364814	259.2034374622818	29.583986775220446
-0.477	163.7993265148907	240.010342650896	29.86950586291499
-0.475	172.53649338155873	258.48524160718017	29.73776330397929
-0.473	54.94320455712298	275.6928616454466	30.401027968056216
-0.471	197.8628907763902	281.6997059195413	28.27913898032759
-0.469	-91.31239429727157	261.3434242652728	29.494969665095113
-0.46699999999999997	372.11141128934423	250.3308134394891	30.668587283818024
-0.46499999999999997	39.27224619992842	260.6271979294705	29.565889805273766
-0.46299999999999997	84.75683316411242	260.3733389616263	28.987583937000775
-0.461	145.5764702011919	254.28472028997493	29.664624177713147
-0.459	15.324954790729706	249.0192016252644	28.729927029408834
-0.457	67.79874512563566	269.4277402833653	28.679131715679326
-0.455	130.34938271050402	252.31171932417533	29.471660319732546
-0.453	-6.3199432014382495	265.16425071797846	29.985558605258884
-0.451	197.5465524557407	265.91659994306127	28.948584082296314
-0.449	-169.10615334153613	255.51477058706718	28.555150394047836
-0.447	138.65513273381146	255.2811895856983	29.930233277973812
-0.445	-197.77776074159092	256.3384769016989	29.03497430553352
-0.443	150.46883651193	256.6856388205398	28.13469946719166
-0.441	-145.65924463250113	242.9233474806427	29.27226623712781
-0.439	101.53059124440311	252.76648359051126	28.824301360556564
-0.437	146.10182378760328	255.12930066964444	27.37169450781702
-0.435	123.83788569891863	248.4033230881842	28.341155942072977
-0.433	65.78820204339308	261.37796533380015	29.469722828034172
-0.431	-86.37581104520287	256.7076986494351	28.577249356911636
-0.429	144.59977742631304	241.25494922632544	28.5055177339121
-0.427	18.2999378830484	255.81841884840122	29.11418981186983
-0.425	-151.01881346402112	266.31022382501106	29.646115623642807
-0.423	111.14689825508783	268.77449833240456	28.56840926158025
-0.421	-15.867520128165502	254.1669677263739	28.430263062948946
-0.419	218.53821266604177	238.62288860508585	29.07468012949035
-0.417	17.490756736293633	268.0842498362605	28.61999529226497
-0.415	2.797150000954929	272.5143563512857	29.388883121549668
-0.41300000000000003	-36.64025126726145	260.70354243955245	28.815243422242453
-0.41100000000000003	-106.26381747003144	267.06471916754657	29.879262124679528
-0.40900000000000003	-10.525545068307274	266.58726255730903	28.041149174398296
-0.40700000000000003	82.40518660107554	237.21707067503363	28.589209120799666
-0.405	200.51509895346874	266.97590546047286	30.162282956358812
-0.403	-132.6314237927173	278.4721786400258	29.558761452203584
-0.401	23.779704088067177	261.24868372750757	28.508493009046095
-0.399	-16.85337231027706	281.5366497877045	29.916816216192927
-0.397	-10.636178730205614	257.940848635347	29.276009884429488
-0.395	71.5464326812576	245.79055064782347	27.60677292546889
-0.393	-191.7202720904676	275.7716999321213	28.750549997133117
-0.391	114.02221601475304	238.76788343568978	29.051983651037606
-0.389	-55.900955017840204	281.41557522323046	28.61718042987796
-0.387	41.108365097963784	248.80614832045794	28.23764292436021
-0.385	86.94266528475048	267.1684706681722	28.954198406969965
-0.383	112.92897097381349	261.35527342666103	29.0961651012923
-0.381	-17.788453207434607	271.017442472683	27.894647073261897
-0.379	116.02805590760212	258.3870450538065	29.118926851529455
-0.377	31.821858428759953	253.19983694051214	28.962567672300587
-0.375	-18.060661683749757	293.7241979791356	29.27432502263631
-0.373	-40.012813777967615	275.6737432217001	28.426413415356986
-0.371	201.4041503901609	270.21881882791513	29.38915422940555
-0.369	3.9038855392803384	275.9161235448027	29.62560838260497
-0.367	129.3753696274269	260.37845126057715	28.63831109552244
-0.365	52.70242368249356	278.69005221043506	28.807028889682492
-0.363	120.38815117820789	280.41305066085664	30.662607728041177
-0.361	-28.799017975922325	271.0083974427319	28.359139335973445
-0.359	213.31901461563163	256.8540703750664	29.208366312691496
-0.357	-144.6520518115779	286.6743548420686	29.80861849574684
-0.355	44.51376364622561	256.21601690754176	29.15280039320033
-0.353	74.4442947444579	257.76093487287386	28.489532533613723
-0.351	-92.32950250193106	281.419404559755	29.144319861589107
-0.349	15.587033333597233	280.96849807692024	29.273222096844602
-0.347	164.93376367887612	263.3001901622235	28.1680041993134
-0.345	-148.18653532366886	277.28482940319856	28.55054535592234
-0.34299999999999997	227.92028814722087	274.29662596035433	30.092769518734972
-0.34099999999999997	-22.815959371702554	270.2788497669437	29.706332573953308
-0.33899999999999997	120.42772585307837	259.4522681257143	28.698526700888497
-0.33699999999999997	31.75305495206615	300.4917777903947	29.498097416731856
-0.33499999999999996	126.74804956880337	265.08725853332606	28.869759308395146
-0.33299999999999996	193.08692988806442	249.11890887328553	27.76959415023214
-0.33099999999999996	137.61460146755056	251.94253870547385	28.227274628999517
-0.32899999999999996	232.85655980065377	297.7602440168887	30.110952810881503
-0.32699999999999996	201.478278482492	260.09505975465225	30.219363358369197
-0.32499999999999996	322.866280938694	235.9028955509746	28.458609951478145
-0.323	90.84441036022461	259.54931748197856	30.298701243176517
-0.321	155.4040901474707	274.1219104386656	29.701360486366095
-0.319	247.363366169262	250.297545896451	27.919007038826763
-0.317	112.81959844633427	267.3032909073168	29.248419374417985
-0.315	127.67434347193962	261.91914024249587	29.365139654194767
-0.313	112.3594239458292	278.55506805906583	29.224726538739223
-0.311	98.04737740237712	241.9593502158664	29.43819947965463
-0.309	176.7070052554054	284.4483038880505	29.87603234532789
-0.307	313.0753523525875	270.12376476874084	30.2604421737588
-0.305	184.79822081984844	257.1942072281173	28.33737339661352
-0.303	47.244092309606245	267.86504043435167	29.125498911340433
-0.301	53.580641736106216	287.53637381917537	29.59583786455657
-0.299	61.52653442881295	264.54075865806686	30.355343242392692
-0.297	198.24246875188578	255.15079206815722	29.18211341383448
-0.295	211.67566675317494	282.42402521194487	29.156073382410145
-0.293	54.508338629633	257.34382067076876	28.956115167021053
-0.29100000000000004	34.073462624073514	280.53109199861353	29.926524428242956
-0.28900000000000003	50.80859312101005	275.4253932711443	29.183104613338358
-0.28700000000000003	45.53713357213773	283.48827403610727	29.6297151590858
-0.28500000000000003	135.24688790900186	255.43795345949454	29.13603595487157
-0.28300000000000003	379.9457039741494	256.7979191989247	29.613761638754905
-0.281	212.042657670386	296.11619377674043	29.223447188262636
-0.279	33.54917422382364	266.501908901216	29.406514266148296
-0.277	83.70036977334294	255.27622136497683	29.16330390913392
-0.275	178.64265996481166	279.1609474630104	31.782382588449103
-0.273	101.89146968686558	272.9146842272808	28.999550050393292
-0.271	211.53294467390893	236.9410175214077	28.68925219762082
-0.269	53.75438969856816	250.624605759929	29.6073462529474
-0.267	193.5556926393467	294.8229986530996	29.778660591279593
-0.265	-187.90472034901916	246.59396622999225	29.857580843826923
-0.263	145.51012052455013	243.99419490504175	28.469047160593348
-0.261	-82.27721479692195	289.8109867378716	29.480821556931218
-0.259	236.01093197300747	262.7718229017306	29.536050192318392
-0.257	156.33401247705513	252.15582212271275	28.48560949152153
-0.255	171.48957173063195	255.4928452242241	29.625141684108673
-0.253	281.1902369352914	280.7487286320449	29.54130119702264
-0.251	58.99609324111488	263.2222659389513	30.00318088801111
-0.249	243.06787638406212	245.84683489225552	29.532600330055665
-0.247	150.72408948357818	292.18726500055664	30.223671744278697
-0.245	142.30682027172037	262.7525440356843	29.20634050501276
-0.243	11.059367091670325	251.4548050695234	29.171435188228912
-0.241	68.3919676258693	280.0437509083785	29.829942259854747
-0.239	166.2394923973576	251.9538833930213	28.885342107009958
-0.237	32.28367289676015	265.0734278517114	31.375815481797876
-0.235	66.4796891485242	245.5284922175739	28.80361284534737
-0.23299999999999998	6.640848478900452	291.4880230229156	30.324823232093415
-0.23099999999999998	279.6150009880538	270.74204508394865	28.88153100663122
-0.22899999999999998	302.47964571894494	248.8002129187571	28.93234698021732
-0.22699999999999998	299.21285657485976	273.1238784559054	30.068838443228305
-0.22499999999999998	40.969206864360785	282.45189741983074	29.532300069064743
-0.22299999999999998	78.71400637582404	262.81327730346084	29.940228822165654
-0.22099999999999997	73.93863839832981	248.48547023972378	29.017980370429292
-0.21899999999999997	72.39766886013577	312.06365306173586	31.158931577535974
-0.21699999999999997	2.4995057668064646	242.96088747231218	30.11000458255945
-0.21499999999999997	191.93819638396724	248.2772711395893	29.116718716859452
-0.21299999999999997	-142.91009374245434	271.25573545011395	29.326902690353204
-0.211	249.79262195112818	263.7685995451263	28.967313726564008
-0.20900000000000002	6.595374196116666	236.34055300148648	29.43130893152198
-0.20700000000000002	121.17230156083458	253.45593385458994	29.847148155798955
-0.20500000000000002	342.18031843202823	271.8351788017092	29.175294399210607
-0.203	318.1273728891654	242.69379710582433	29.612431032634607
-0.201	257.68107240864424	254.21722848819618	29.386928002325146
-0.199	-62.70963965848697	262.3694553152387	30.462439729558128
-0.197	219.65856941275064	255.30074017529412	29.9598883218264
-0.195	40.22352256050077	248.06105264159757	29.257798285479605
-0.193	-131.54298761319794	280.64876733139124	28.998358432715865
-0.191	148.8849600095321	300.17311956870515	30.291396115281742
-0.189	-21.253585694269717	271.8984007411399	29.519635191469746
-0.187	239.97605327275016	247.72889035641958	28.394731639659184
-0.185	50.061955430003025	302.13623171184474	29.9152918771449
-0.183	515.1432963694801	257.10173372743185	30.127091819096304
-0.181	10.731880254466475	243.6613291728472	28.690130088066187
-0.179	130.82237679618027	265.335754143742	29.07801709338251
-0.177	320.844771849238	251.7535399966885	29.147032329764293
-0.175	-84.8531380072126	274.00130469092375	29.49059746044103
-0.173	151.774592388465	261.76334210076243	28.921420165367298
-0.17099999999999999	8.232662527918322	313.5061287187947	30.22146050410113
-0.16899999999999998	329.1378316503391	253.420084974225	29.235619524815906
-0.16699999999999998	110.6806852080311	278.2847579305316	29.346931651860437
-0.16499999999999998	-182.5403943962467	301.403242576231	29.820035558709908
-0.16299999999999998	167.71591215802852	261.6655921374736	30.055624867346342
-0.16099999999999998	-124.43335720191406	267.2518087227109	28.969968338813203
-0.15899999999999997	9.74811911524931	284.34700067374655	29.124377774017734
-0.15699999999999997	-118.31940163331555	301.8575836874816	29.882479812473733
-0.15499999999999997	150.67751718889076	246.51813754348376	29.495906112335277
-0.15299999999999997	-90.9552782116796	265.3470064609987	28.070603806918257
-0.15099999999999997	-64.4213719593889	283.3876097835595	29.432003244933348
-0.149	140.94874421788361	250.27494478075246	29.94105552448111
-0.14700000000000002	-167.35972729331473	249.52243209413191	28.613313645533744
-0.14500000000000002	-15.745933236277487	280.96003232841775	29.749205552369244
-0.14300000000000002	87.48253189194699	294.81788939477826	30.65182735303991
-0.14100000000000001	87.05046798840321	239.72930474577907	28.533771278622318
-0.139	121.25502051518744	281.892964572707	29.487291212929875
-0.137	-33.89192401337393	274.97818494817676	29.12804995657665
-0.135	255.25436806139723	242.99366727986808	28.494092350305742
-0.133	-203.158785246349	247.52883189036703	28.717064860907477
-0.131	-12.271104568140068	285.426485069408	29.257554952357843
-0.129	143.3709641625036	299.7665876145231	30.84232330665925
-0.127	-78.6627512865401	244.9324050801557	29.03461279783969
-0.125	-28.122883398928877	289.0014972915129	29.284260883386455
-0.123	-153.70677234993747	294.16319829644476	29.27630820626731
-0.121	340.8745297379667	276.43817628498005	29.95812015043892
-0.119	-52.53345570710444	255.75093991714624	29.116014627591095
-0.11699999999999999	151.19187386147814	273.0647233823562	29.85802566514845
-0.11499999999999999	176.17878717790524	274.4947986606307	30.02187605610661
-0.11299999999999999	-87.31547310170117	261.12444086937853	28.970559398197995
-0.11099999999999999	7.196194199865502	288.3623786615797	29.527187636488577
-0.10899999999999999	34.054568596619816	274.13433223587435	30.03003043065683
-0.10699999999999998	420.8223034432024	255.17252430316887	29.52436191656563
-0.10499999999999998	-85.34804971127573	247.54630784550443	28.362750633079138
-0.10299999999999998	7.3039475436686985	289.31720639570267	29.451645036695613
-0.10099999999999998	175.67956375486028	248.43089971859564	29.339687201345136
-0.09899999999999998	-129.06781321009308	278.4777738731873	28.670217243870677
-0.09699999999999998	16.104041440367922	283.33927569980136	29.4849820384535
-0.09499999999999997	-47.4576445890218	287.76866619244583	29.20608218004762
-0.09299999999999997	225.54357163606653	249.91436579018531	29.64870754884565
-0.09099999999999997	-324.81180667220946	279.69552813820366	29.120825472206565
-0.08899999999999997	117.29013363193097	287.80665042666755	31.218798233727963
-0.08699999999999997	121.25443018118354	250.84630291999252	28.907357276339585
-0.08499999999999996	-56.55993283570915	276.04363423201465	29.178390756620995
-0.08299999999999999	-47.285999712154414	296.727733079098	29.374218126726117
-0.08100000000000002	-71.68384854272514	298.882309372877	29.440204604237646
-0.07900000000000001	158.40816697743065	247.14579363830123	28.79256504828804
-0.07700000000000001	-178.4434467533291	290.3835921460301	29.519039218687347
-0.07500000000000001	-10.014689582504843	290.9749387488007	29.480031280284845
-0.07300000000000001	545.499766905877	250.6970498251199	29.590012742113842
-0.07100000000000001	-294.20569059912526	277.8910158702051	28.798408619081847
-0.069	-130.14070787609188	303.55681985651546	30.29009027295572
-0.067	40.28989209370337	299.6784881405063	30.678557734682833
-0.065	-59.99137311918368	263.52921804351666	28.61593285709767
-0.063	-118.7629532348744	318.27104957692825	30.232256218275353
-0.061	-185.78279003589327	311.0595966288025	30.094141485216603
-0.059	335.9145044006251	263.1997104201541	29.513435336750895
-0.056999999999999995	-271.2814038862144	280.1835713337825	28.436761905583438
-0.05499999999999999	-35.55110728570288	320.21586607407556	29.898806996518474
-0.05299999999999999	258.7678880356936	293.85030982435524	30.056367116017547
-0.05099999999999999	-245.08095082442782	277.8984277516735	29.597819665627494
-0.04899999999999999	-99.94918873545977	314.0411978779611	29.834944746525057
-0.046999999999999986	-61.97743152591695	304.765012996754	29.747283973875202
-0.044999999999999984	357.4389865288463	276.143959365321	30.134312142699443
-0.04299999999999998	-163.6178792987497	274.80402464356945	28.898939764751724
-0.04099999999999998	119.91004871081401	314.6957646241694	30.01138912504411
-0.03899999999999998	-40.158742282581095	274.0990284052142	30.43939035290223
-0.03699999999999998	-66.27122265234763	281.9589906401296	29.12699115601919
-0.034999999999999976	-92.34206202146655	330.00244719391435	30.06068471280828
-0.032999999999999974	-125.46607685470778	316.34293926632694	30.096517745372086
-0.030999999999999972	465.5868599827695	286.2784996247094	29.359211309517676
-0.02899999999999997	-349.96055921587833	309.5205058729551	29.53857687573109
-0.02699999999999997	54.06037706379152	307.9622573696487	30.21540986909581
-0.024999999999999967	259.82815675207326	280.16980954544675	29.210306549591664
-0.022999999999999965	-26.4659205801987	313.7358571878732	29.92889917334312
-0.02099999999999999	19.600974603850574	327.77658426885205	30.34830433127956
-0.019000000000000017	99.79731030917982	292.3777125694717	30.405351916153023
-0.017000000000000015	113.00388048818277	303.45338862620815	30.644090706053035
-0.015000000000000013	-1822.3596162821875	314.92920926532344	29.362317355276538
-0.013000000000000012	-2703.8332380825427	330.6316682427411	31.1650649877607
-0.01100000000000001	-2822.5263909990026	278.28342799154603	28.727116280035997
-0.009000000000000008	-3635.3179659633915	294.0360580183891	28.433498500978246
-0.007000000000000006	-3502.744306498329	308.0930530664746	29.495202850830037
-0.0050000000000000044	-3641.5690744493468	322.4989859547359	29.280247052118046
-0.0030000000000000027	-3179.06707698179	257.2420658130763	28.570036683392964
-0.0010000000000000009	-3785.6053315727945	309.1729225372128	28.6938676658419
0.0010000000000000009	-3623.6713952539912	301.851534760639	29.594036777488977
0.0030000000000000027	-3329.162971534405	259.203384546568	28.79220082510935
0.0050000000000000044	-3712.3501725503384	320.5876008517729	29.02142631521175
0.007000000000000006	-3495.289913024391	315.9055870141885	29.597675184157087
0.009000000000000008	-3347.3103548571357	285.3713050409194	30.14312634839465
0.01100000000000001	-3138.5529398114677	296.5204417812835	28.547549745716378
0.013000000000000012	-2690.6710705820738	320.7638595873997	29.97448398691997
0.015000000000000013	-1692.63075024495	318.1691333633132	30.0577317912189
0.017000000000000015	178.18721951079476	260.46007335448076	29.23388596855772
0.019000000000000017	-238.26629934564636	289.2930413632469	29.30917567431545
0.02100000000000002	-192.9738787570523	313.5939792964796	30.332852756606073
0.02300000000000002	191.14470600101185	280.5442758158821	29.242049847682555
0.025000000000000022	110.41956743063075	256.1316871985553	27.869082323103246
0.027000000000000024	210.01326524450192	331.3941030090689	30.412777288057075
0.029000000000000026	-131.6904026328336	303.64422424802706	30.20972080434769
0.031000000000000028	710.742823966104	274.2605084834337	30.130154486647545
0.03300000000000003	-139.15636627759298	292.8645587563163	29.065764803753144
0.03500000000000003	-39.99379466812503	316.3129111045048	30.455815916211836
0.03700000000000003	134.8533370004734	291.2401698233159	30.775720286939897
0.039000000000000035	-77.59272582064102	304.32366244850505	30.04890049874493
0.041000000000000036	-46.174812856403236	321.7205146069111	29.879379993926904
0.04300000000000004	46.48222854686246	311.165957789379	30.373919768315872
0.04500000000000004	305.8428890418963	277.41755685281527	29.377879570965465
0.04700000000000004	-177.17583620813215	293.48175484194957	30.24821243912035
0.049000000000000044	-163.1088679512338	320.08339472746434	30.560899122598354
0.051000000000000045	215.63104591959535	280.0307921491819	29.43459881204033
0.05300000000000005	111.4769716736852	316.77078416389384	30.170528232148396
0.05500000000000005	12.35058375437248	321.58662535260953	30.18666535921269
0.05700000000000005	102.66016652504817	316.94899924220647	29.890999930698914
0.05900000000000005	328.5448865446572	272.315058532655	29.22010972628214
0.061000000000000054	-153.95944220741865	335.53583594313335	31.03139863091458
0.06300000000000006	-37.67779695929008	288.0090814134097	29.680347182500064
0.06500000000000006	233.6251465393513	285.3779867270559	29.741864637882017
0.06700000000000006	-156.02997144614773	299.57062443082015	29.15487682666289
0.06900000000000006	87.46725520936138	335.43479126371494	30.730142696305712
0.07100000000000006	-235.34985204098913	306.80882215840103	30.101173233500177
0.07300000000000006	174.9868786291575	278.6680864170397	29.318808129838228
0.07500000000000007	-180.17645940404668	298.8762287427457	29.943491351448685
0.07700000000000001	-129.63471628035794	326.0374931300724	31.067162813921794
0.07899999999999996	405.79950955921265	276.4452066080706	29.5627149160703
0.08099999999999996	-204.99393133421862	318.1639330318701	30.102660187486578
0.08299999999999996	78.44215612240468	314.01701852141616	29.643718191957
0.08499999999999996	-17.984676876747763	299.4588589472645	31.320462559122582
0.08699999999999997	63.12701888400163	296.91461591799543	29.143105859111827
0.08899999999999997	274.68204558500634	328.627783590104	29.96401713123025
0.09099999999999997	-100.28924387250893	314.8859245719114	30.338983097351385
0.09299999999999997	362.00158069088496	281.95208359940455	29.977944778582458
0.09499999999999997	80.86451113942239	300.90854786596134	29.02432881022287
0.09699999999999998	137.65906090057456	329.267055951894	30.17796148250611
0.09899999999999998	200.08328382048467	287.4073668192523	29.893139949875298
0.10099999999999998	248.96467734025762	291.1672785227604	28.79990680564869
0.10299999999999998	99.8243937511134	311.19243576765496	29.94191591045529
0.10499999999999998	76.95821310416129	306.7582232321065	29.87864562316225
0.10699999999999998	407.59615690300063	292.24131283311664	31.21574582357476
0.10899999999999999	-20.960080031051653	298.7678576261726	28.909412573301942
0.11099999999999999	66.64813748691323	323.0599904166585	30.23028194161096
0.11299999999999999	194.71302160689595	288.7539365119003	30.465412002756995
0.11499999999999999	130.51113801343382	312.40065990330237	29.38093270087672
0.11699999999999999	199.93757847602822	322.5576554036312	30.53938725718487
0.119	42.80744699158845	327.2289523519945	30.869677749322374
0.121	448.47922829704953	279.4133875035503	30.035550799847787
0.123	32.7159329533977	292.13900649771807	29.14363420798607
0.125	-32.80336566247044	294.74147203082873	30.172481708374377
0.127	265.23553547841414	288.29867574921116	29.936541337358406
0.129	130.13180388465884	311.6099905944178	29.312313325550118
0.131	67.40092745660675	332.4971659525102	31.012028952020362
0.133	243.51866066685267	316.7691869170909	30.15091583772371
0.135	232.99075804739113	274.3188006834904	29.088563182763917
0.137	80.92659002367775	309.63571229539133	29.279831981873656
0.139	75.17764814912731	304.8068092790882	30.971666564425963
0.14100000000000001	508.9645451163971	294.2301134984535	29.89371906759783
0.14300000000000002	160.48723697803524	322.46265965079243	29.39012931625894
0.14500000000000002	217.0729786499237	301.5139382152128	30.291806986838623
0.14700000000000002	146.95475615011944	293.814669761524	30.20441300876444
0.14900000000000002	315.50570577354443	292.638176644077	28.891506178082544
0.15100000000000002	121.31311605734219	293.1514217747724	29.154655158193304
0.15300000000000002	150.4771179150488	324.3631742242913	30.631129423588504
0.15500000000000003	470.86495977022304	281.6386224304776	29.376566136057487
0.15700000000000003	230.6236950211371	303.1121030776136	27.83783791970672
0.15900000000000003	65.3867521134277	306.5653521279529	30.469223104966314
0.16100000000000003	319.4712588250326	267.6011693170352	29.046114559957587
0.16300000000000003	348.5995009795406	299.40599087017915	28.722825601492726
0.16500000000000004	321.8157173987546	285.3663183344768	28.937918811747956
0.16700000000000004	106.94407128375438	292.67785923200137	28.932428028548042
0.16900000000000004	388.676293747503	279.3090221552021	29.165572425901978
0.17100000000000004	230.20859619049537	304.81397175424183	28.200985462135144
0.17300000000000004	244.12942440932284	293.69833135448727	29.137137676533413
0.17500000000000004	172.334557172249	265.7929468657109	29.711507668647258
0.17700000000000005	537.8169827423562	306.245210780476	28.991013188119176
0.17900000000000005	249.08425330560925	314.457794182844	29.96877038097253
0.18100000000000005	283.85598369506937	295.7356814290325	29.27634415717993
0.18300000000000005	587.7336686088697	302.61091626628064	30.00329927956333
0.18500000000000005	230.54215860351945	315.3239979100841	28.979242070389034
0.18700000000000006	273.17174055907503	282.21871052242994	29.66906190989008
0.18900000000000006	315.5006748634115	290.87841948285285	30.523769417167436
0.19100000000000006	466.69127843190773	326.22067548810236	29.229675228814656
0.19300000000000006	277.43571380201	290.66004779620505	29.367357477594812
0.19500000000000006	171.7897722730566	288.61962438236714	29.71158855981194
0.19700000000000006	662.5584796815521	286.4146514680972	29.34150688414733
0.19900000000000007	310.2664194529758	290.42933536057456	29.120752557323314
0.20100000000000007	285.01684075310504	305.33975710530893	29.80044654013078
0.203	497.833027306438	275.8539046736829	29.688519997600867
0.20499999999999996	371.632847899539	314.64659144313094	29.2240419412723
0.20699999999999996	263.4230747666777	288.61265983536754	29.123765072592608
0.20899999999999996	189.01738305099337	280.29909895147733	29.542184116045384
0.21099999999999997	523.9533235115168	288.6376645824884	28.63585347234547
0.21299999999999997	173.20566579592798	277.3559468055094	28.2079997641713
0.21499999999999997	404.40951732478857	261.7240020093745	28.857255178370572
0.21699999999999997	455.4790791788665	275.53230763253663	29.889343792315806
0.21899999999999997	302.40991832486407	294.88855943450517	28.71184400600913
0.22099999999999997	387.26861724103225	290.91798477554374	29.76885575717361
0.22299999999999998	69.2039264034161	271.26030611927854	29.50624758492732
0.22499999999999998	328.3856117144435	301.1404916244496	28.6314169096982
0.22699999999999998	210.53583530972196	292.93109582809524	29.444649064292715
0.22899999999999998	195.6684034876144	288.2795832894952	29.70029163646701
0.23099999999999998	832.4917935329523	282.0342872411251	29.089372353341464
0.23299999999999998	400.45493938101197	312.3207326564037	29.286421432872476
0.235	278.1223688606005	281.7806703261678	28.637992205205084
0.237	378.7865174649241	259.11012017708373	29.337397816919303
0.239	526.4801830160426	300.9168987891148	28.234627037344573
0.241	342.5788621078674	289.85881954956085	29.60634211101899
0.243	409.6249976610622	277.01455432126727	29.139499679732808
0.245	707.1879528526281	294.3916741918656	29.079718512295077
0.247	372.31554760253084	298.86990592196736	29.034675836596968
0.249	458.85019089664246	282.43642728648246	29.0286220579436
0.251	132.83574916655994	268.98186913352214	29.248166771437457
0.253	458.9547501432367	301.36065715423786	28.861460159576787
0.255	303.33917425484634	277.4266341081782	28.326608157809616
0.257	237.62898166279632	276.4600721124547	29.292442626226556
0.259	565.7593829180296	304.6641146834146	29.130205707742096
0.261	195.22114201731	282.2928562686883	27.97637696388816
0.263	379.49010611404435	272.3366850755975	29.018484468897597
0.265	371.9402528348237	264.0896708342944	29.26358487803594
0.267	486.5106206000114	304.87078352580187	28.99018709730935
0.269	421.3986143757342	286.37636638113094	29.399006445894177
0.271	146.86886513848307	279.7625871491415	29.323684712913334
0.273	568.5964276025412	288.31842045260515	28.51657305401171
0.275	254.86248292394544	309.043465667335	29.17893802904112
0.277	642.3133271395986	294.74114480352165	29.70414975729527
0.279	354.00595273338274	316.18152997145836	29.69076076759314
0.281	150.59374301329422	327.9299036332797	28.510894108402702
0.28300000000000003	436.43584883135134	291.94905251221076	29.097610957461292
0.28500000000000003	163.4007244861735	279.0024919632627	29.38317315269762
0.28700000000000003	425.74324906130556	309.21828824525096	28.378718237473624
0.28900000000000003	478.53858511492933	283.82240844838924	28.779381586734026
0.29100000000000004	319.83510205058076	279.8357105154015	30.12813847770292
0.29300000000000004	546.6984400275265	309.1188368870249	29.40444436491777
0.29500000000000004	98.71909047354244	314.8987280481232	28.520630503496562
0.29700000000000004	797.4810167539204	293.07220739773874	28.435027858651228
0.29900000000000004	24.100777054281153	283.87722482196705	29.74312934538172
0.30100000000000005	674.233884725206	271.5970633391473	27.79483252840098
0.30300000000000005	120.23618519796386	295.12561036742574	28.394013331233648
0.30500000000000005	207.86409898021498	279.86855492556623	28.82963433631312
0.30700000000000005	547.7242536657823	277.7614448846148	28.796959857289917
0.30900000000000005	262.50149990492133	308.8198024610857	28.3194374241286
0.31100000000000005	334.0320491473925	298.37947725210296	29.767318704441816
0.31300000000000006	-12.49576823114662	266.2248338862522	28.800058658858475
0.31500000000000006	258.810108343166	303.58955307184016	27.812361816881456
0.31700000000000006	231.7567401224352	284.71322206166394	29.457455975336753
0.31900000000000006	189.20989688364642	270.02425640860037	28.696103539692107
0.32100000000000006	343.33816533371754	320.2709027814369	30.112233664346746
0.32300000000000006	377.6263875863162	300.4800909419105	28.739799887077247
0.32500000000000007	520.7812105876286	275.65157934297497	29.196987637208572
0.32700000000000007	-77.07506735754599	268.44354946193766	28.51339671506421
0.32900000000000007	289.5285547384052	304.19195905593483	28.57862458471063
0.33100000000000007	194.72684344212786	307.7202672402323	29.778784426422988
0.333	128.13557880519966	291.0980696681284	29.454692164434224
0.33499999999999996	320.35696765575494	301.8794011255776	28.827881931461693
0.33699999999999997	201.47646980639422	306.74828776534935	29.109435818528045
0.33899999999999997	446.95875594791266	268.7758970740359	29.186142902775227
0.34099999999999997	164.3195475660164	295.0182058245048	29.560319235031265
0.34299999999999997	167.29374868429403	303.6924276580919	28.22033112220933
0.345	385.474691932286	283.3909794752458	29.572301545855847
0.347	279.5826588486427	275.74886365266707	29.908135561668498
0.349	412.6804932729211	294.02854903034324	29.043384116692515
0.351	196.3891401211004	301.4759456499224	29.64978127079357
0.353	412.5009659519119	266.2246236764861	29.38487100335888
0.355	356.7159693971256	285.10299314812465	29.282914625896794
0.357	9.584125352679607	308.7302187411249	28.551858511867
0.359	725.9938468264781	283.9890721230454	29.49531361507094
0.361	93.19048977141087	298.3627457050959	30.31378809609283
0.363	385.15840060182603	288.22224576915005	28.833140564438995
0.365	197.71693501202668	284.2157703343321	28.9297372005164
0.367	427.68388229497134	266.06497592704386	30.248650749103614
0.369	333.1573027141044	299.94620600357484	28.94982582040087
0.371	132.4379046303559	297.743841557147	28.828396133650514
0.373	514.7626969328467	275.6522189818964	29.419122539826066
0.375	25.332714487902308	289.4245763259409	29.952495934549166
0.377	258.138246923334	282.77477994995826	27.972656587438458
0.379	277.9850205190115	273.48339219413066	28.495802518074022
0.381	307.90567423299996	271.5776510180048	29.04189200983146
0.383	256.0398035555966	280.9615485665193	29.48426183896922
0.385	185.68386805606352	289.2305837957856	28.477959998509906
0.387	518.4432647942217	261.5755447752327	29.1107551104427
0.389	-74.36623357770512	271.06421641118567	29.195379538335626
0.391	189.61130544203897	312.4915815049294	28.986265077730998
0.393	73.08532643612864	265.03419121116394	29.504119683475825
0.395	204.9485060944267	262.8960280995151	30.084548497465924
0.397	272.23558673949987	309.4361956274011	29.43817259694003
0.399	29.879217072981135	277.8565799631808	28.539357044144534
0.401	492.75980390728336	246.8136373411375	29.30964330637787
0.403	8.785289525414797	276.6152729155425	29.66285701434643
0.405	220.30209904078112	297.61737902347505	29.006811176068936
0.40700000000000003	524.8216244349013	253.50414192576443	29.40851344713609
0.40900000000000003	93.07195321150985	268.80210981687924	30.510139335073404
0.41100000000000003	121.10055735581327	304.47322324316013	29.188674735081012
0.41300000000000003	-18.740332607514176	277.15771929177106	28.56150822091324
0.41500000000000004	449.1404481827832	258.5357158607484	30.318237462378633
0.41700000000000004	102.26474389485318	280.51342303664944	29.72477623232945
0.41900000000000004	84.12664540125014	293.8587316617975	29.25809319649013
0.42100000000000004	430.0125964558088	253.47557577136084	29.124290183388172
0.42300000000000004	-22.17099341217388	277.22551754913405	29.38224054392387
0.42500000000000004	309.8390711950838	307.2670310020639	29.13850781460938
0.42700000000000005	-185.03619153242835	269.50240530201285	29.013862706708696
0.42900000000000005	353.7239873030451	253.00355071396993	30.20402081019311
0.43100000000000005	222.33214874156636	280.48082234349994	29.065224409893638
0.43300000000000005	55.16388079174206	307.596021251884	29.45901620989818
0.43500000000000005	402.71026733873504	249.8638726803493	29.29860091180354
0.43700000000000006	-67.93951225014806	287.9148624360565	30.2030029290636
0.43900000000000006	366.18916969000105	284.3207104028376	28.43191306557698
0.44100000000000006	67.6394279839343	273.96091409754615	29.005065391236375
0.44300000000000006	411.4132223895783	261.0199980146334	29.889444726867108
0.44500000000000006	184.99674288463552	267.13807266004994	28.961331276703685
0.44700000000000006	50.29141925527725	276.1757380596074	28.709088648593905
0.44900000000000007	372.6325163233568	253.99911255600216	29.088188449060482
0.45100000000000007	-200.05093053243604	275.8983568506849	29.52912939302137
0.45300000000000007	147.39033279353998	282.15700676162663	28.69587946580804
0.45500000000000007	137.69430979571064	272.6192977359036	29.717257917205107
0.4570000000000001	322.60601783584696	249.70997837375108	30.437349440433643
0.459	17.085423744456207	273.3086109450344	29.325817468589044
0.46099999999999997	66.72659138473591	259.238005455473	28.188578637134633
0.46299999999999997	194.22997917750706	265.0839476831349	30.026865172166403
0.46499999999999997	60.174367173537746	262.587345792376	29.058931936196917
0.46699999999999997	80.1712084248507	286.2710432140997	28.91732103629303
0.469	193.55362277484465	260.87248005245294	29.199058092924183
0.471	-50.95288066869763	240.2045533933371	29.810047216280392
0.473	110.22714057840055	282.86220568902706	29.428321824425748
0.475	35.71283717307416	279.54548531096555	30.036958941357295
0.477	416.8444836423202	251.42051295526016	29.648707205290748
0.479	4.661426884045028	254.3892892958099	28.666848031833425
0.481	273.750536359918	272.07388486471064	28.490855242643363
0.483	141.6451065554547	243.1370197765428	30.01322148215179
0.485	75.27485792757638	265.90774625111277	29.545802513239764
0.487	214.70409946244828	272.68997602855444	28.05910932480618
0.489	136.85812263486417	268.5608790580936	29.37616209041001
0.491	243.2050975469391	239.10309650417045	29.536915332622847
0.493	-177.01407936465685	272.7962763725189	30.36217578529272
0.495	-28.06304835167861	280.2543576794366	29.560212462711796
0.497	380.2661467786628	255.18112834563073	30.974606087455275
0.499	-32.28761798135249	281.4890275214195	32.11390002513556