-0.499	139.5315811454356	352.8591199341108	57.5959149766534
-0.497	-62.46935510001439	388.0514390110908	57.136692539037604
-0.495	121.59422696633726	348.5077568224422	55.04853634477696
-0.493	-129.4591808237433	358.5084962057747	56.489742533158264
-0.491	452.55678405276	360.54736896117265	56.907078045954805
-0.489	115.07001215527168	344.4049206643324	55.98605426478419
-0.487	-292.2974632368902	367.7030699968234	58.02854235953842
-0.485	374.31763720929825	348.1943415230051	55.464849643895754
-0.483	120.3347042983971	369.20107205944987	56.970601525286256
-0.481	59.57596391126252	373.6250421767342	56.677950890300465
-0.479	-218.48673605207037	400.9281493498102	58.00197817598091
-0.477	-276.21997264504205	373.7856048887347	57.73863927827898
-0.475	673.0118121647255	336.61301235221526	57.816564406768464
-0.473	57.024650093495666	375.3235959231878	57.07333594108944
-0.471	-146.11803035424754	387.1309609990408	56.61744232974097
-0.469	-17.313386557638033	377.30727521901304	57.52869769571192
-0.46699999999999997	315.47247394470014	363.64581846151157	57.835705616892945
-0.46499999999999997	436.99000587560374	357.06498730778804	56.53140736971932
-0.46299999999999997	67.8787491694699	341.91872251699937	57.27827265428338
-0.461	-358.17927031511766	380.0179973528756	55.969873030475085
-0.459	133.04556467286233	391.5486374848555	58.29312181260204
-0.457	50.75510942176287	354.0662608657016	56.947188644906774
-0.455	-20.175186001614165	368.7861969036811	56.23110996845133
-0.453	-70.18199383790335	377.70340126362925	56.47155633063382
-0.451	-100.45245184575613	385.35851769295607	57.22095386748453
-0.449	443.4761802682985	344.18550000152175	56.742567485440055
-0.447	-285.6118220235793	361.51751505657336	56.57251144068099
-0.445	-131.90521858985616	387.57958947443245	57.706813802949824
-0.443	-58.73570671677264	378.6047018515439	55.77468289534172
-0.441	281.84834375233334	356.2018312795586	56.98730406686879
-0.439	385.4767711981566	344.0941932004703	56.74195145176272
-0.437	-143.99989103774936	374.8936349659493	58.0146647418736
-0.435	-265.15855290420996	380.66023219457924	57.200334346763825
-0.433	176.86835285735114	386.5474513581184	57.71888219765166
-0.431	173.6549114106367	355.32605002464163	55.85883723698317
-0.429	-367.7869211654583	367.72991423764694	56.5429358549742
-0.427	25.24017035154813	353.98268060223404	56.679705495111115
-0.425	-118.28052337559126	372.7837877204242	56.98432061795582
-0.423	597.3139279351614	351.59559044073274	56.20197715696702
-0.421	-71.72675575084497	368.79887600063256	57.48498199537929
-0.419	-312.4645962220285	389.19721245405134	57.76340008239365
-0.417	217.18308922502592	364.7806095920496	56.454633094144896
-0.415	8.415275381867815	362.5304486962822	56.18328690904377
-0.41300000000000003	493.18385961050205	356.1279507492499	56.40655727347451
-0.41100000000000003	-176.2739000317204	367.7130627157409	56.97881154873299
-0.40900000000000003	-268.3744801014187	372.8709521211483	56.73967469888829
-0.40700000000000003	576.1264470698358	372.9280308292748	56.96310848850778
-0.405	203.92924678724887	363.09973109586645	58.07455092202772
-0.403	133.48016873915293	376.62233259595354	57.18245590579648
-0.401	104.13032530798283	355.9210006901061	55.96753199561067
-0.399	53.61289126848412	378.5900107456987	57.55454744703031
-0.397	366.7721618429987	366.42192313172774	55.95009704543943
-0.395	154.35766670579554	361.33538533426014	57.56125193858283
-0.393	-213.47835354801336	360.97878701383615	56.99351665684587
-0.391	63.57197668038772	351.6831968678315	54.98799880602656
-0.389	231.07561399582366	340.5657423233957	56.764412141810006
-0.387	258.3226797083782	361.603919620369	56.96124688993501
-0.385	153.7740319752512	363.8426952842971	58.56279197564619
-0.383	-210.3409935102496	359.26816170340834	56.72274260846972
-0.381	485.0856631311018	369.8241721656726	55.98348430524315
-0.379	355.7087035654938	329.7170698177551	56.036261581733726
-0.377	-184.71598474945063	386.64860131973586	56.92270261169667
-0.375	9.895693878769762	368.29532326853	56.5140175033197
-0.373	286.48939204112264	343.2537680903894	56.70635933956585
-0.371	22.98221212226892	353.10355699300953	55.98489256024779
-0.369	82.96297002141628	333.3180319885724	57.852335729235215
-0.367	-452.8931515696	384.55601758406146	57.232597196491504
-0.365	328.28012053820464	361.83274002537974	56.465210990143085
-0.363	205.45029780616454	340.5632185088587	56.577791254564865
-0.361	159.9178686038094	350.11714585370504	57.49364192514293
-0.359	21.769047125586027	372.3580734860065	55.27252304850808
-0.357	-104.16540207025537	390.1679634884691	58.64642567980476
-0.355	271.29368799738705	363.5125030255118	56.93709450086157
-0.353	520.3018843162877	338.4612804904542	58.907859038699314
-0.351	-360.33887248465567	382.2165013820015	58.026857596737216
-0.349	32.45596245382565	362.27253911001776	55.28234972929746
-0.347	-184.92966106198327	358.9613347704234	57.388853015325495
-0.345	682.619486057634	336.40771780679796	57.31328806269122
-0.34299999999999997	145.95076024037644	355.3404636958805	57.03289082956204
-0.34099999999999997	-51.910542470778864	389.9929059316829	58.636534565439554
-0.33899999999999997	446.0234832854848	348.59794235545246	56.68134781390021
-0.33699999999999997	528.3534037949788	332.6830787104263	56.755661112232026
-0.33499999999999996	-214.29206818190937	376.68163986160255	56.9481040116457
-0.33299999999999996	103.68581578412694	362.1234204539449	55.510870358420604
-0.33099999999999996	376.80568532239	368.896876482335	58.04503869675197
-0.32899999999999996	-96.72255741211	354.6085255751527	56.23756387326703
-0.32699999999999996	460.6642904345648	347.79716921608593	57.59988045699218
-0.32499999999999996	-258.29049142200853	370.17333200212505	58.07687236064555
-0.323	119.5257931996263	348.2169407112928	55.298366740833245
-0.321	325.25196248234244	348.56314364088826	57.28376197164938
-0.319	74.14048785459038	353.4710370085763	56.29416841079635
-0.317	194.69214857981143	367.9469958706931	56.636324627183384
-0.315	-151.1322324736497	377.4039378249117	57.837453381681414
-0.313	237.33925414082256	360.80692815276495	58.17816306135216
-0.311	500.68844852169116	331.8452222001673	57.87644547607321
-0.309	-45.104263749262685	355.37025935149904	54.98619832459443
-0.307	-62.721296849810315	375.2764955117607	57.587286018256634
-0.305	278.44853278002904	361.73531105352333	57.8023653752979
-0.303	222.68060651753353	334.0816960222189	56.516864974206406
-0.301	438.8433420752236	343.59016012068633	57.29022329442975
-0.299	-322.500317959884	399.10794094043854	58.579118677653625
-0.297	38.787197200518264	376.2561049644484	58.60138016772292
-0.295	396.5297273182955	362.64556211674017	58.681407825464824
-0.293	-5.104377003184446	347.6873762570804	57.230228190304835
-0.29100000000000004	15.846238235139865	363.9375639794435	57.04069264901903
-0.28900000000000003	35.69841680084451	351.6436570160105	59.20761777134448
-0.28700000000000003	284.4455339525709	390.02585867064766	57.72768527874014
-0.28500000000000003	238.21124338674338	324.4010620706792	56.26318437323262
-0.28300000000000003	-228.79345087967184	363.78556148106424	58.28416421536538
-0.281	207.3827868052103	359.5410093846571	57.49472227467582
-0.279	235.83269362204007	341.9500554920507	57.190867559517756
-0.277	529.0772663848476	328.5101072399961	58.62931912586
-0.275	167.70455727788124	376.20214094965934	58.36197884108677
-0.273	18.449937529085858	373.07908072658927	58.30533085060363
-0.271	37.59229692978927	363.4043205438347	56.766610384358884
-0.269	409.8884491934296	333.2501311680707	58.64135440686156
-0.267	-20.194138023454933	336.0424768505473	56.95598415969716
-0.265	27.570324248937794	374.1167229952296	57.04328219332351
-0.263	-6.194061614062107	349.66292649225915	58.03608558869455
-0.261	43.79119180186741	351.94830944834536	55.731739331151516
-0.259	514.7918490855385	341.6018945081338	57.016213936521716
-0.257	1.9729258402545469	323.9173873197666	57.56602697894414
-0.255	-137.83332823458227	361.941057455707	57.754038424989915
-0.253	140.95256632429277	355.6827383475738	58.589303647712136
-0.251	343.7877836118819	332.06544653773744	58.60168402922157
-0.249	410.78031414643056	351.43374932354095	56.96563091865487
-0.247	225.35985992355734	340.07770184047575	58.522446242292155
-0.245	174.92256299722618	365.13737359327644	56.786138135418675
-0.243	316.2336969535495	339.44206738310896	58.590859138449424
-0.241	25.217351655282272	340.71181153299693	56.153271933243865
-0.239	82.1979989800159	369.75838838712104	56.76889235898484
-0.237	255.12356700385652	364.42755092818186	58.288036269542545
-0.235	214.92879764428707	331.8559648807578	56.200562306767424
-0.23299999999999998	525.1080855601664	334.61327414094745	57.50839840328356
-0.23099999999999998	-232.49170685935016	371.0989630315914	58.019277810959416
-0.22899999999999998	-111.95073555481105	361.8303393697634	56.703339788055644
-0.22699999999999998	307.5055574768282	360.94252821477147	58.89072105758971
-0.22499999999999998	194.58263556648703	329.2623080752258	56.50741194332932
-0.22299999999999998	113.01459474410969	380.34280734813177	56.712923986747825
-0.22099999999999997	-236.3289772614463	366.17608007887645	60.265686264618374
-0.21899999999999997	93.86893302165689	373.1465134393636	55.99344282136333
-0.21699999999999997	511.0397020871016	337.5401756068885	57.534042061028735
-0.21499999999999997	-19.997080501377162	325.4551380556272	56.659556605050845
-0.21299999999999997	2.05988164037052	380.1799369342797	57.06005028043156
-0.211	334.81427069959045	343.4044709432724	57.18774245316885
-0.20900000000000002	254.35065530898805	307.9627268708249	55.75343371072873
-0.20700000000000002	178.38201523723285	367.41141358423	57.73172166062068
-0.20500000000000002	-68.42087919411988	354.61464074562116	59.10344237858987
-0.203	68.8751422492917	361.91579060330474	55.94228213205432
-0.201	463.5756818918146	355.1824603821794	59.49616676569764
-0.199	368.44299313809614	321.75960088515575	57.69105342634789
-0.197	-155.30800544205636	383.63338934503844	57.45471335592046
-0.195	90.00055101426874	348.96367365174007	58.87530246742488
-0.193	93.23999357091495	347.78326255146396	55.44960208653677
-0.191	680.0654288479091	345.3144647201524	57.827141785156655
-0.189	3.2482605774042383	341.37164661110694	57.58963830885778
-0.187	-275.61374913898095	386.5431298398238	57.92044108611621
-0.185	461.03261463659175	345.582857173762	56.46642874353269
-0.183	397.9291454063727	326.8487373979005	56.74754303319124
-0.181	28.394478877924456	361.8061331632744	57.70310434019729
-0.179	-181.33121545149677	346.31348597885466	57.9611192320087
-0.177	215.98976483394594	383.85790810678685	56.745439587382855
-0.175	243.80398630596824	345.51853346582527	56.661235642836395
-0.173	243.03385258273025	315.0581564959468	56.93637017370241
-0.17099999999999999	-320.36868383067406	375.9941333125036	57.527383468085965
-0.16899999999999998	28.850437853389366	374.4632939919116	58.60788363801679
-0.16699999999999998	133.4681127058701	342.02281364777593	56.2155539602002
-0.16499999999999998	661.7688164227698	357.55707138966073	58.509563474962306
-0.16299999999999998	-115.25143673951632	363.8692757888082	58.259164721417214
-0.16099999999999998	20.698641478800184	355.994820677477	57.69364308037425
-0.15899999999999997	473.76928714126797	358.0756114356285	57.78401127919619
-0.15699999999999997	380.85435548751434	319.99476245125766	56.04354935666459
-0.15499999999999997	-169.2487839208834	388.8929167865222	58.43350036982202
-0.15299999999999997	33.0194302993192	350.27444469950325	58.32183009803737
-0.15099999999999997	352.8703259547683	391.51103510744576	57.20589078938037
-0.149	558.8762252228819	330.79907153115096	57.44136832674444
-0.14700000000000002	1.4751126320433627	333.49562300121113	56.38025874267715
-0.14500000000000002	-101.3261573062918	396.2520369873163	57.196651852623354
-0.14300000000000002	550.0790525714283	338.20858376441754	56.91932357245257
-0.14100000000000001	214.2711971946376	355.48589071196574	57.21426765580141
-0.139	395.4154439149704	356.4600074977519	58.29944032959849
-0.137	8.32833871977634	372.69758642740817	58.30551835131286
-0.135	61.69845929493434	392.9364048830675	57.39772634288081
-0.133	572.5779857184143	354.9755528829112	57.10887766050734
-0.131	481.28736882890877	335.6378849863226	56.89454218297226
-0.129	64.96708817227415	379.5677417324803	55.98464758671431
-0.127	22.503937120221806	378.746725639269	58.289953223329505
-0.125	233.8146026701349	361.70311767616505	56.70297186915711
-0.123	648.1352129659168	348.8835441459392	57.76574461230674
-0.121	-143.6029508944392	364.89846605061797	58.051280063054314
-0.119	-272.8308990660455	408.24523090344	57.74254167856829
-0.11699999999999999	535.1476214969786	342.00683908044874	57.99560727985126
-0.11499999999999999	630.6524268613334	354.69882829644575	56.03109514156462
-0.11299999999999999	-44.632856236348495	393.95696048472126	59.151433614368024
-0.11099999999999999	-5.7176253948076905	367.04017790310894	57.20440914973441
-0.10899999999999999	65.08485570244638	407.5336448968663	59.08119031794691
-0.10699999999999998	365.924546401164	352.4103780775656	55.47985740942608
-0.10499999999999998	23.783319865300356	332.71846890475194	55.92853859748244
-0.10299999999999998	-29.328026820318875	390.66802077344096	57.15933963804508
-0.10099999999999998	191.23320080693952	368.8824262012019	57.5049479188928
-0.09899999999999998	281.0012403202666	365.72266380317245	55.922840202190514
-0.09699999999999998	681.4864251718511	352.78066782056345	57.29224082314795
-0.09499999999999997	-331.314573207897	361.1224561801846	59.3276007794176
-0.09299999999999997	-130.3595434194449	380.08062855991903	56.18740822207567
-0.09099999999999997	343.69834940317645	357.5037781600631	56.40996666421026
-0.08899999999999997	302.40824450178394	368.4494401132274	57.00170633041575
-0.08699999999999997	168.71184279576568	356.77515211364675	56.59812600037556
-0.08499999999999996	-197.64575803338235	370.8514519727918	59.46564380275336
-0.08299999999999999	280.8650248233846	378.0181122113583	57.75293001472821
-0.08100000000000002	772.97397726106	342.84774695885955	57.77548693492705
-0.07900000000000001	-3.2795908759819525	346.9678039011808	57.06093700435184
-0.07700000000000001	-153.5222282683657	389.8540477603917	57.80241632677438
-0.07500000000000001	-17.7333014711456	364.8700028425937	57.91713598702008
-0.07300000000000001	252.64467935248723	368.1288552286407	57.87882906304612
-0.07100000000000001	233.9039988665803	345.1768201369644	58.253210112746196
-0.069	-43.07895393873551	388.90605442519757	57.5308494599509
-0.067	-225.357739127241	382.3397046025672	56.57752579224981
-0.065	512.844614294794	343.555975985083	56.52766556739885
-0.063	103.74939730906085	357.6549290013756	56.19340894346403
-0.061	280.31063958389166	382.67816906664945	56.67370331084372
-0.059	-151.61680965947167	371.56750335274165	57.17340722708666
-0.056999999999999995	251.75835363189236	381.75242796907656	58.788550086935686
-0.05499999999999999	780.5746817064473	365.98238264777166	57.49855001051266
-0.05299999999999999	146.5723118223572	338.1235528764878	56.98224693413199
-0.05099999999999999	-166.62345847007208	396.4380166648552	56.18511616781247
-0.04899999999999999	213.84744693109246	369.4126301255248	57.932601996617535
-0.046999999999999986	259.9489895203089	363.44447811629806	56.30010910842738
-0.044999999999999984	311.60631366322633	353.9479966230995	57.20057611835879
-0.04299999999999998	-193.50493166181425	367.46074432914827	58.11617777584474
-0.04099999999999998	19.233571352028633	368.69870547439604	57.627439298592904
-0.03899999999999998	485.5402982346657	375.2649563803759	56.990577422713166
-0.03699999999999998	217.79199094895674	343.93875490485624	55.49135906911093
-0.034999999999999976	174.8803756083106	400.3204453836745	58.03470646975548
-0.032999999999999974	-40.71332950938977	375.660203195109	56.18116695748751
-0.030999999999999972	434.0407103142763	372.60352907706175	56.71446722218042
-0.02899999999999997	573.5725569839811	347.83333389075517	57.493000225539326
-0.02699999999999997	24.093404946468056	351.8576446823938	57.780889561628484
-0.024999999999999967	-230.22163519648143	402.8863495542712	57.66684970062829
-0.022999999999999965	478.53113344453743	352.1948440508762	55.96980820578317
-0.02099999999999999	190.32233413396327	350.36092243628804	56.25890343319619
-0.019000000000000017	222.07380795258302	354.45737530010604	57.107612222268024
-0.017000000000000015	-69.16620705088583	390.410442449952	57.80974779500489
-0.015000000000000013	-219.50051409402872	428.3907165355875	60.59307367766135
-0.013000000000000012	305.62968185043894	350.5427127834778	55.45338151485404
-0.01100000000000001	175.21883023841056	340.47998477240515	56.91489171808403
-0.009000000000000008	-317.7184024348856	396.3343519514864	56.993274791807295
-0.007000000000000006	-647.2526998341222	369.96035271449927	56.37909892985426
-0.0050000000000000044	-295.3533539955533	378.7745201059118	57.51072994486105
-0.0030000000000000027	-431.76835393832215	336.03422883286567	55.981666700591504
-0.0010000000000000009	-794.3656227792362	364.4532329374401	56.73437159874906
0.0010000000000000009	-853.5580365455208	398.3836262234612	57.34575540983628
0.0030000000000000027	-249.21035520897306	329.5110715735808	55.97692310931563
0.0050000000000000044	-500.6576242909677	354.91399038296237	56.78985708606518
0.007000000000000006	-417.5482740383929	358.0043929119766	56.664718263134695
0.009000000000000008	-753.2620268404511	388.7129580485063	58.88626367591882
0.01100000000000001	117.87809569629992	389.0423295877157	56.698277757805464
0.013000000000000012	399.1644501797342	363.0338975287493	55.244127027857324
0.015000000000000013	14.556305005797299	348.9817828052149	58.28509860015098
0.017000000000000015	-9.670622983515287	398.121482424754	57.43040836605653
0.019000000000000017	162.30941344685945	357.89963335613635	56.82337548091162
0.02100000000000002	235.79558636566134	372.3184234347425	57.58889638624574
0.02300000000000002	162.3013902385395	366.6288110541034	56.91463478891784
0.025000000000000022	-104.55067856507405	354.66277193102644	56.49823808862826
0.027000000000000024	-3.789778291296564	386.46806758716605	56.600651618953904
0.029000000000000026	450.91165761101945	354.9499405620076	56.25693131659222
0.031000000000000028	259.8510721878444	341.4211356709415	56.25558013081394
0.03300000000000003	194.90545568023876	380.00755726215397	56.17460430545958
0.03500000000000003	-86.78845637377641	356.8661130861522	57.417421914274236
0.03700000000000003	431.18396423325044	385.63910077533114	56.944492903325354
0.039000000000000035	490.96817686344883	341.8865496639145	55.44305023593273
0.041000000000000036	-63.124650542145666	349.64429653512605	56.269591463219555
0.04300000000000004	-64.80546265708043	403.25249272035006	57.652142124084406
0.04500000000000004	348.0532668769243	341.3452642026267	55.250898042093986
0.04700000000000004	77.7225320418573	348.24607174420714	55.50793259715429
0.049000000000000044	323.3343893134233	371.1035732193094	56.61657845522883
0.051000000000000045	-13.0036828027702	379.09908260495814	57.48112012653465
0.05300000000000005	-244.9117964452574	409.37900395338437	57.743109341625576
0.05500000000000005	255.86718737558022	345.4461980599633	56.72691539067013
0.05700000000000005	9.774291872988172	362.6913295751572	55.690789630834665
0.05900000000000005	73.82021607016398	365.0843079685362	55.435686943752835
0.061000000000000054	-132.0895802704447	364.83711897026694	56.70470945006001
0.06300000000000006	-53.696165401184714	392.14311391546994	56.6630146576685
0.06500000000000006	610.7423999113237	351.5139186435441	56.997968369845935
0.06700000000000006	85.7859047393994	376.97898434425304	56.96358533519675
0.06900000000000006	-54.249497058456164	397.7790132593859	56.33454789998251
0.07100000000000006	344.80244802725935	341.17258249691065	55.19114383285943
0.07300000000000006	311.298108531588	337.8163060756111	54.86332204776008
0.07500000000000007	234.10173971960546	384.3699645616681	56.08668649848986
0.07700000000000001	-164.92715998495112	389.35170748204996	56.930290601190016
0.07899999999999996	-55.92760574846256	386.04308745608006	56.16432213324123
0.08099999999999996	455.70455391685806	340.40115372571586	54.82835238541222
0.08299999999999996	6.538803556388473	341.53776777981125	55.40587597102698
0.08499999999999996	213.77729174854034	378.22527494314596	56.94485068647067
0.08699999999999997	-19.08047611531849	362.1056332495112	55.12795313630779
0.08899999999999997	24.614750125495632	375.49601714497624	56.69475430924445
0.09099999999999997	306.5336763028448	350.85329091928645	55.70990936777859
0.09299999999999997	124.11375750764897	387.9508625334902	57.505201693160636
0.09499999999999997	-138.57756588475655	402.14941855049074	55.87953000955394
0.09699999999999998	124.65046076992614	349.06130525165065	55.73959082118472
0.09899999999999998	362.5890535290388	326.8300975223644	55.19279934759908
0.10099999999999998	-1.2431908592569485	384.17232209289216	56.217652966190236
0.10299999999999998	-252.81546837674364	353.4754684015402	57.18184743940271
0.10499999999999998	202.73289593641942	384.34838556059304	56.6672196001902
0.10699999999999998	189.01696407636058	368.9819065480086	57.54020458541304
0.10899999999999999	51.97043033366988	344.14269546122097	55.527626429341595
0.11099999999999999	-78.19709123157992	405.11293985329394	57.29868575518149
0.11299999999999999	141.3640983842779	348.0130689900474	55.68860997220948
0.11499999999999999	145.99972091233758	352.83526967561517	54.596128170950635
0.11699999999999999	118.91499904725933	369.21906166110864	57.477950261899146
0.119	61.747534672917936	358.58222931758803	56.744830976010604
0.121	163.87133937256772	409.0163498127575	56.64234455172274
0.123	465.583741966924	344.4355743245157	54.943869734966896
0.125	191.19910822595898	355.6847339948171	54.74658264132945
0.127	68.81537715885955	383.83325160448663	55.94419841608863
0.129	-187.71968159003728	368.1602346695215	56.18176220908478
0.131	99.72847266381812	373.78231858024105	55.68219583314119
0.133	293.87350748177886	358.3401189379641	57.78214581646957
0.135	-176.03321793990824	382.0204187499129	56.18755808689747
0.137	-318.2964120986842	420.38610285511936	57.41938900119332
0.139	102.03076038406422	349.97165764712696	56.53602764698234
0.14100000000000001	105.31265919611066	344.2270420072735	55.25628358029598
0.14300000000000002	47.616183282306324	389.06259154006426	55.90632149641368
0.14500000000000002	-174.50830772347547	382.31400104878907	57.833868617079034
0.14700000000000002	-134.4126537523582	394.53817469039626	56.15767993165635
0.14900000000000002	405.0046554924247	340.0983597729955	55.953497890636015
0.15100000000000002	58.95271671030322	365.43915034913505	55.95861466388722
0.15300000000000002	-78.2409894092284	397.96603113842013	58.81125051692992
0.15500000000000003	-52.37822391157554	367.57459389986104	57.73044925608761
0.15700000000000003	-79.358982193245	390.7076071452275	56.252744233605796
0.15900000000000003	410.0882367896741	332.81798994298	56.163830630161975
0.16100000000000003	-12.092508945182878	379.00222577963433	56.983510826472596
0.16300000000000003	-97.20816229064067	394.7728759488282	56.55650587521628
0.16500000000000004	161.33977567522885	338.72352970968996	57.463997609489475
0.16700000000000004	118.14408088928197	343.0301368498186	55.045158234044735
0.16900000000000004	-33.576708402871525	371.3216132494012	57.443208888315446
0.17100000000000004	-184.8950302797414	364.1881271136741	57.180853576127625
0.17300000000000004	34.49797923571474	394.6277394466978	56.43535575928734
0.17500000000000004	342.2590263166825	385.95631452144477	57.38150786130668
0.17700000000000005	187.126906317614	331.10912458881666	56.23782754508431
0.17900000000000005	-174.872950322702	395.30009491219823	56.597613491144045
0.18100000000000005	61.54942432123889	352.5112534433901	57.69477343193246
0.18300000000000005	230.161777443616	387.3014997271278	55.96944643320034
0.18500000000000005	325.53362880616277	371.9395631743053	58.521164268363016
0.18700000000000006	2.677076645030141	362.9907189812191	55.22078926516247
0.18900000000000006	-242.3529495145793	392.21700442168094	56.9036351531228
0.19100000000000006	365.0564514785515	348.00078473653946	57.446666208326356
0.19300000000000006	32.989631083779614	354.4396540149325	55.23319312375145
0.19500000000000006	186.43957294117718	359.16847066577975	56.69184482170595
0.19700000000000006	-51.36625994062172	377.04134988649656	57.74173613435789
0.19900000000000007	79.15723849150069	378.2596078167233	55.738548568464324
0.20100000000000007	998.0514979546218	309.768645384464	58.86660993431929
0.203	-154.2328072580146	353.2210267364607	55.051700656105126
0.20499999999999996	-161.94876197983544	372.6601327709722	55.94392717589046
0.20699999999999996	30.66228491976908	334.71808702092056	56.41231366869244
0.20899999999999996	-63.78813641949588	353.75841295111957	55.52186861043784
0.21099999999999997	399.5712777862259	375.7940519291857	57.671368387536376
0.21299999999999997	-156.84745402277935	387.8282641715316	57.504066055079996
0.21499999999999997	-186.38818596039553	389.98485578198085	56.49555949445968
0.21699999999999997	490.6385941321201	334.2912818780995	56.860901553131235
0.21899999999999997	133.48099380738887	342.11126925241416	55.052159103955574
0.22099999999999997	91.41706149029538	364.4167672300278	58.29575784162281
0.22299999999999998	-102.84478496791482	361.05501670690614	56.440672293387664
0.22499999999999998	137.16701666766085	380.0630496933659	56.71633220490466
0.22699999999999998	484.51495159462786	329.40361237508074	57.294938880727194
0.22899999999999998	-35.728537925106	371.3302899728905	56.44424351166365
0.23099999999999998	-16.142888341619255	399.24182124228724	57.96001533872879
0.23299999999999998	59.06095201058115	352.2085750418575	55.76034550972455
0.235	94.74087037264489	380.85128230722876	55.96581140674621
0.237	258.10102495071874	353.1219022648309	57.209319642154206
0.239	-355.6272481287648	363.41166010162164	55.49760951056621
0.241	-178.10960531294828	397.27697985816263	57.467645013795654
0.243	540.4027114850329	335.5979044515614	56.71899468140598
0.245	182.96880130930225	355.6349358993777	56.50529431659617
0.247	162.22345181815535	365.8370980514366	57.48400750153475
0.249	-126.17528790104248	345.783019693502	55.90392290421472
0.251	-21.03974900635741	383.0330307993331	55.78786921287805
0.253	658.9725786652068	335.9503125372563	58.945650629783636
0.255	9.253101364903316	349.73587836673875	55.770084713031416
0.257	-174.09839621207456	383.1884347200053	55.61553424352986
0.259	304.30638607503727	328.956436114545	56.78637829143695
0.261	205.3152499672528	359.965644099426	55.04260714729249
0.263	177.71026317658922	343.05550848439634	55.546430501803115
0.265	-315.26663621417316	355.6681423238167	56.17622053949149
0.267	54.419396705585044	392.81586148395036	56.17573640910353
0.269	681.4531936365497	326.1692477683033	56.42877310346414
0.271	-35.49884178677409	347.0749316003088	56.52915514970236
0.273	-108.58452321760304	375.60122118229583	56.10226078658272
0.275	85.4227041782174	345.99665003056106	55.98704121447634
0.277	42.829246390985176	355.6572958006854	56.4474579966774
0.279	496.87954246335767	350.9495670041549	56.623672191544486
0.281	-206.41820434064152	353.9559921422776	57.22879050082289
0.28300000000000003	61.14353011521523	368.8910924799244	56.43100768579808
0.28500000000000003	260.3521308672807	345.7194670939455	57.75182854735658
0.28700000000000003	140.26096432662172	361.22851786583857	56.221337849101545
0.28900000000000003	163.14151077256867	329.71133628427657	55.76607018946594
0.29100000000000004	-196.6345924175883	369.0138946762575	57.49929465383238
0.29300000000000004	-192.00627562454554	371.98323594354616	54.78475303695928
0.29500000000000004	653.5099464348715	332.6466959664844	56.95546925400999
0.29700000000000004	-114.06643649258808	361.1332697845389	55.24898456963684
0.29900000000000004	-78.84980150474341	374.21434085737883	55.4475184182475
0.30100000000000005	181.71278380130218	333.64707993701165	54.98287842641701
0.30300000000000005	143.9761367050263	376.957558363052	56.51595136828267
0.30500000000000005	207.72425970450035	333.2965223164133	55.20351146341152
0.30700000000000005	-185.2454958807259	362.818355587992	57.78359534364679
0.30900000000000005	-216.5930068320776	375.1971846074452	55.23952224389096
0.31100000000000005	630.7244768153364	318.57927341631876	58.0642016059958
0.31300000000000006	-21.18613535984082	373.62856438287713	57.49024382131791
0.31500000000000006	201.18622989229175	348.3728818852604	55.98585760991303
0.31700000000000006	202.3438902407637	337.32591739915523	56.89201605352731
0.31900000000000006	-117.44201508756547	371.08283545044367	54.81350201745887
0.32100000000000006	380.0956113162446	329.8571902620485	57.189561663714734
0.32300000000000006	-221.39743410520828	363.89625649725923	56.48211087683314
0.32500000000000007	-295.6490029299985	376.55383720223244	55.86744871749479
0.32700000000000007	188.55129781414348	351.73562983098327	57.10453099767429
0.32900000000000007	327.5109296687617	349.68450738166786	55.420299798145585
0.33100000000000007	620.9308455544793	344.16786640681903	57.81680207139421
0.333	-292.88795750859185	363.27786048227176	55.9433329836598
0.33499999999999996	18.885239196908543	384.0869931642822	56.63129069175744
0.33699999999999997	737.0250096343511	322.08426020872014	57.624076233774616
0.33899999999999997	30.950661124462542	349.2921484532937	54.65727761631225
0.34099999999999997	106.27419482922562	352.7584308032024	55.38967193415437
0.34299999999999997	91.02560337992394	346.5777524831296	55.67438657056432
0.345	1.6740480284216375	366.0609420848443	56.29139911898816
0.347	485.1297695560586	340.6076659672135	56.90398867175426
0.349	-2.921315228610055	359.608988009256	57.501978141492096
0.351	-304.774836477506	390.807580386604	56.68300910694842
0.353	262.1090147645333	347.1813787675255	56.206777943930135
0.355	11.93285963507762	360.25981586652176	54.79305141295284
0.357	456.38608346165734	321.76347983474943	55.49093454091504
0.359	-114.90473762931774	346.3515036706676	56.47173947350258
0.361	-261.53050505406395	380.6901163736053	55.701524079574924
0.363	759.502287648095	321.54440993222465	57.768723844611785
0.365	-232.30411740327028	342.5246143278462	55.76083128751123
0.367	-28.14861058997309	370.03280545146873	55.391030166005905
0.369	199.702111018496	349.1080872713318	56.19685274144385
0.371	275.8813101173541	343.59810050107717	55.1427131301644
0.373	597.805563197662	340.80502657327776	56.44180592176112
0.375	61.47154147928546	379.30554265177614	57.42718706963874
0.377	-371.3607857446233	382.90274002600387	56.695777165281555
0.379	369.916485698063	347.88436787427224	55.96000947307268
0.381	-84.71565081602517	372.9353829514541	55.961186443052696
0.383	293.87257111346264	355.4444302993942	55.28808793943321
0.385	-89.13422100165214	382.34613185217034	57.699662117774004
0.387	-428.3294350426736	365.1126205136076	56.489139589291725
0.389	676.9676644649003	345.19426160550455	57.278203713962306
0.391	-83.63607856476385	377.5371138469309	59.775637411983
0.393	78.11120283895967	366.40545582932504	56.42256151717412
0.395	104.26989937384334	370.34046655048184	57.297666867439325
0.397	222.5483596332012	366.8524519008206	57.434673412472776
0.399	449.53565390959403	344.74469275124056	56.252337224871646
0.401	-229.71488742951072	365.2251259987264	57.4180866704966
0.403	-133.48698645987423	362.9190597762152	56.76332518786947
0.405	671.5950640361345	313.051335729187	57.46909202501412
0.40700000000000003	54.1105216824711	345.3508027347334	55.59374121689794
0.40900000000000003	14.348589140844581	364.3557922030346	56.855408656848056
0.41100000000000003	57.413155928998094	342.66228513759927	56.16589163815975
0.41300000000000003	-369.7711144323712	375.50060354123195	56.07541869038769
0.41500000000000004	528.9354208453112	345.69779379632735	57.41786810804786
0.41700000000000004	-8.67376346658233	377.85547713192847	56.75678371776601
0.41900000000000004	-179.50227509933026	380.15029812537665	55.455544285032545
0.42100000000000004	373.06831620154134	336.4606381226563	55.537044418277816
0.42300000000000004	-11.928946133554774	372.2911519566622	56.67996502400876
0.42500000000000004	370.54459663599107	350.7089041249743	55.48795546003199
0.42700000000000005	-107.48906599689079	365.58192764560795	55.99778013694012
0.42900000000000005	-162.5153982438565	381.2040252328834	56.9470216036891
0.43100000000000005	653.2955640512483	331.930781460892	55.73413890015153
0.43300000000000005	-120.16966106720429	345.5463204374506	57.0763270091679
0.43500000000000005	-120.16214700361073	378.6380129574183	55.867902008525455
0.43700000000000006	187.7223194566291	363.3684122145351	55.7737082770718
0.43900000000000006	-122.03032193536245	384.4861042343221	56.19273794118894
0.44100000000000006	530.131100126674	352.1635945442266	56.950796486823684
0.44300000000000006	79.52423207102655	357.90971480762323	56.60429117724529
0.44500000000000006	-389.90062471611077	380.1954388696945	56.43857689983297
0.44700000000000006	515.1549588462423	342.29278183851363	56.221633461988596
0.44900000000000007	111.54135859481329	368.8814770056221	55.493431567709884
0.45100000000000007	13.364763164158688	356.16553797827055	56.18907306541976
0.45300000000000007	-99.6354785383069	356.0853866507233	55.98062025325507
0.45500000000000007	-148.96431824751312	382.9137746288668	56.69742668376145
0.4570000000000001	835.135498883588	346.5042165119218	57.54173958093382
0.459	126.43979057003207	367.0400684485083	56.31053477292601
0.46099999999999997	-209.8141143376253	398.04309900998675	56.79549902178774
0.46299999999999997	170.20449456772724	381.65538577350384	57.06911306722949
0.46499999999999997	-33.68067054176915	378.42285206271674	57.725061243926405
0.46699999999999997	277.86374525295975	345.5698977594559	57.17167400361697
0.469	-166.3070409281264	361.53278424612097	55.714130292897984
0.471	-193.00219657880646	384.1372864946727	57.421291057128045
0.473	201.95048354221257	374.08559677777777	56.69070442688096
0.475	20.30782310513679	366.53707310255135	57.08176769825942
0.477	100.00325585779457	370.21084394426373	56.1216418076453
0.479	9.041213601124198	365.83439881953854	56.125540982471996
0.481	-264.5496196096442	372.342056030227	57.04819602588313
0.483	378.19536872540914	356.3632598867672	57.21149273526588
0.485	-236.99329282522717	368.45080014604974	55.59387666650034
0.487	-12.797034939726615	369.86328604617387	57.61974422708298
0.489	349.3628698816309	365.9074553245965	56.278513617759224
0.491	105.06165711210436	352.66948080252735	54.52977065190313
0.493	563.2630155101292	368.27830767473466	56.760374212671636
0.495	-156.36131802110322	374.0092930202171	55.7457738818459
0.497	-287.47638796255967	378.3255269608502	56.18240599607488
0.499	509.26408378848544	335.16334180259895	57.748120703773445