-0.499	-20.839403498507103	43.82607630474706	37.283016529251135
-0.497	-26.734842404674275	40.835704665989574	34.82798689512709
-0.495	-27.00407633970947	43.3151139811797	35.11889616641925
-0.493	9.409280266270414	42.11036117452625	34.38324634174396
-0.491	-16.0393396239078	45.702800029320066	34.26927341624022
-0.489	34.517385509413856	46.37737491899696	35.15662912532981
-0.487	-15.638641386206409	38.97240935644156	34.41903200784225
-0.485	-59.34823535092004	40.48245881455536	35.39445346084241
-0.483	-15.294653720188123	44.20417565538848	35.018354677545624
-0.481	-53.73632123961691	44.50476645169125	35.858068594979365
-0.479	-18.70245646717894	43.89460240811413	33.12627099441182
-0.477	29.58637256655905	41.24302370753739	34.55796887861246
-0.475	-4.454151483090918	37.90447832164938	33.76105554126177
-0.473	16.661662670669486	41.464985268515974	35.31124296791906
-0.471	-38.6874265010384	40.91240988325009	34.70483586764052
-0.469	48.55816644444566	46.07394390577374	34.556551516544474
-0.46699999999999997	-7.445740710876336	41.474092925651945	36.13270751207547
-0.46499999999999997	-54.64295520229978	39.170135780507735	33.105956233246445
-0.46299999999999997	-15.845215458942796	41.21055022694309	33.324421502868745
-0.461	24.627197718229965	40.04021955208454	34.205422543963714
-0.459	-53.03789488608768	44.78349118139836	34.14924223574797
-0.457	7.397990975377411	37.6893356066791	33.024677703266974
-0.455	56.46260085701016	42.85320595876694	33.96122596339341
-0.453	-37.628779589904404	41.32600204298294	32.92245172293289
-0.451	18.78720143833057	41.80630183588778	33.422182726873615
-0.449	18.36900238472161	41.17113905636997	32.501878171404755
-0.447	-97.25550655625969	42.60933678385428	33.47923496886422
-0.445	-21.983435891659298	36.170264356360796	32.939719959931466
-0.443	26.769686114258562	41.96126093017047	34.47915042155006
-0.441	-34.35768399862038	38.05236694805144	33.06197624915388
-0.439	6.903812051373137	41.762803384094994	32.65257520007492
-0.437	20.03781588122422	39.949580523202584	32.667131736276936
-0.435	4.712297484665839	45.45199881088162	33.015892530680624
-0.433	-33.72734282935941	36.08918154865212	34.023657340855486
-0.431	30.926816746212893	40.46411404057629	33.16642737043726
-0.429	-81.05012683778945	41.69749031253926	32.39554583890371
-0.427	4.092132282362826	38.417513221154735	31.518227579271365
-0.425	-37.96406165024191	42.43817573083282	32.53888988008251
-0.423	12.53963016822901	36.70947425814581	32.3286488848384
-0.421	31.441917215380144	35.915361628055365	32.70136521086792
-0.419	-17.01801771358813	39.36435373513277	32.35173706089377
-0.417	-9.660912738906902	33.45403224860112	32.864055543595754
-0.415	-29.122099687861613	41.72962796719056	31.907762491215923
-0.41300000000000003	-43.19009797770779	38.65994823709049	32.314905341471395
-0.41100000000000003	-43.76490990531945	45.97558708765201	32.51540958314735
-0.40900000000000003	-25.706861057517294	44.881635846540966	32.73009299498782
-0.40700000000000003	-42.49113646559444	42.87841978704348	34.426777376571266
-0.405	49.71773698869697	48.75279291248902	33.81241253618898
-0.403	-24.813184692273893	40.90691845185333	32.4546111823684
-0.401	3.0249751408195635	34.35688394376064	32.841575748985086
-0.399	-133.38154286879345	35.62020097419173	32.85270424418286
-0.397	-21.671382951615747	40.958411703584474	32.218905315215686
-0.395	46.33943834742027	42.70632453139823	34.00873199087343
-0.393	-16.821552551227192	43.1026893646113	32.71079142317949
-0.391	-0.3743513740106508	35.136077615368464	33.19253107448128
-0.389	-32.38864089993854	41.32570028401756	33.14715298228444
-0.387	60.6054431557812	41.26680769207238	32.482934836764144
-0.385	19.19830712182602	42.34526388944184	32.712607621178314
-0.383	-74.70661505881715	40.7125962424062	32.83248217113321
-0.381	30.854757614218187	44.6854884477215	34.539695797946976
-0.379	6.4379167989958574	44.112223475596586	33.49029828760131
-0.377	18.39362592659377	41.21020386865708	33.54056994812213
-0.375	85.45070725518578	38.4443389768262	32.321596845732465
-0.373	-15.68718724365148	41.45220490831397	33.97580676832256
-0.371	41.36126887366309	35.709916346755904	32.38406722098353
-0.369	-18.83434546701146	42.18408136105203	34.331199364818694
-0.367	7.207028207112387	39.11978597955624	32.097614604310614
-0.365	-3.4543468894199236	41.130746211914186	33.798672080625124
-0.363	-39.92374800410037	38.12706663901115	34.81849613150688
-0.361	-23.129245313335822	39.43641249059549	33.72151608803093
-0.359	36.315589974966755	41.0919807018797	32.736752696037534
-0.357	70.37352147487574	44.256135303565316	34.541874308691725
-0.355	24.07042778607149	36.891235446932164	33.34649257669112
-0.353	-26.563332105600246	45.710624271321954	33.53526934054704
-0.351	-27.633544761651585	42.71001661050653	34.4686384734869
-0.349	-39.38558532523562	40.38902777340325	32.42424322067864
-0.347	66.64135946055083	42.16217901594909	32.59465599621838
-0.345	81.35623713245721	42.42254270622146	33.41990879293089
-0.34299999999999997	14.042231986088893	43.69687470777997	34.360081175318165
-0.34099999999999997	50.14506495726323	40.463063305484226	33.33464308061946
-0.33899999999999997	-24.93859186192271	37.25439242055444	33.550328157385266
-0.33699999999999997	11.000678989070423	36.79038751273796	33.52753675699852
-0.33499999999999996	50.06575631427701	41.14723358305158	32.83275561432509
-0.33299999999999996	25.12590675141091	42.20355924231022	33.70800884054389
-0.33099999999999996	16.732426600496453	39.46895355664983	34.4800651615244
-0.32899999999999996	-21.833715784458363	41.78479706079636	33.69944052742596
-0.32699999999999996	7.000747480168101	46.887259996670544	36.28999029917658
-0.32499999999999996	-45.55643498593831	41.50502182800457	34.99795685323443
-0.323	-35.29101318267003	44.485716276952886	33.01651221999982
-0.321	-0.061232524606325	38.190174105471044	35.736256106754325
-0.319	69.4511014056598	44.12737041181004	34.50361366832392
-0.317	-37.80889770033102	39.96459517968322	33.726538127467144
-0.315	-33.458222353677236	40.61287067245104	35.09424154528601
-0.313	-67.90334843154167	37.83716371810203	34.18008028823676
-0.311	45.48690761008167	43.92253152091093	33.79217738371634
-0.309	75.3557645019054	39.898851423090804	34.43203147565859
-0.307	44.99742057806344	44.7079674742133	34.18737951776615
-0.305	51.613462128008436	41.92730359425697	33.82106824950248
-0.303	28.441483254315614	39.874223640704294	34.06943209963767
-0.301	25.74279799172352	41.04653385317484	32.791615331273015
-0.299	14.255930116835458	39.37765147529708	33.0110860870462
-0.297	-17.994361518391955	39.8452839900644	32.97237278602724
-0.295	13.777754618526927	35.08143980338975	32.9286982715597
-0.293	83.76305803392547	43.42320759320222	32.98415213320359
-0.29100000000000004	15.721038298943668	41.403006727754814	35.59512269110032
-0.28900000000000003	-51.5632659142673	43.786272569263126	35.585580067133726
-0.28700000000000003	20.24357598751081	41.80683747566414	34.66432845583181
-0.28500000000000003	-72.22526396355455	39.21700744564764	34.77473653337167
-0.28300000000000003	72.39974752581979	36.729084090316995	32.82903877006569
-0.281	29.09811158424702	43.596746924349866	34.539428879417265
-0.279	26.34335578011182	42.188584666358956	33.344417065750896
-0.277	-15.146482790107108	42.61887300798675	35.68255905864011
-0.275	44.15063378759854	40.959364096047295	33.77494385196036
-0.273	65.03715784700326	43.52720164195241	33.86226884611965
-0.271	-13.18286299167859	40.54248631138629	32.84995462586075
-0.269	94.8139072298737	47.65876238873348	33.66160508785023
-0.267	50.071955185249095	41.681079899701324	33.69298546062598
-0.265	1.6642032505398419	38.90194657424746	33.63953088928311
-0.263	77.17569042098305	47.24217120325305	33.43362906632867
-0.261	40.45491872939344	49.33252413398207	35.18982009867249
-0.259	62.40826677395006	44.61450827709917	34.036581936382305
-0.257	41.151500980385336	45.0682261511927	32.822164050579445
-0.255	119.98166578286451	40.702340519587935	32.883612417983684
-0.253	110.01193193815872	47.950665963318905	35.173889402757275
-0.251	120.65556129314814	41.784041210440094	34.13598269720734
-0.249	44.80820555885501	46.75658004760811	35.79186392832487
-0.247	88.28838896302038	40.0582102672957	33.58743309343082
-0.245	107.21489072196277	42.80934590322192	33.171328060503704
-0.243	62.9277516026594	41.86498842773065	33.409046654465065
-0.241	-6.104425396280533	43.67567228253529	33.585854856413064
-0.239	4.021500627393593	39.93007616223645	32.96502895473522
-0.237	12.611761163627833	47.33312467849136	33.49802842220839
-0.235	28.948520409688427	44.051149434553025	33.39900904757679
-0.23299999999999998	3.6447974360864777	41.20090171795133	33.15589531278178
-0.23099999999999998	-23.660241312395414	45.49790810944028	34.406375695064526
-0.22899999999999998	30.953038171688263	43.570804256354585	33.53673454720843
-0.22699999999999998	8.208187939784395	43.96195828527562	35.058280263586106
-0.22499999999999998	38.8790987742027	48.069940464975815	33.05224863951533
-0.22299999999999998	24.3989017343349	47.230456703935516	33.92175068635528
-0.22099999999999997	14.654222768362146	47.01169983237489	33.778634571673585
-0.21899999999999997	22.26877939781602	39.76966718511513	32.80930838032763
-0.21699999999999997	22.573135636250186	42.06855194483512	34.24229963887415
-0.21499999999999997	11.276893737255378	40.77723756423429	33.84747371376767
-0.21299999999999997	25.001320067996602	44.807312443301406	33.5829270944947
-0.211	70.76572555897442	41.844601339638636	32.58297677674388
-0.20900000000000002	34.93231084816806	46.81004713324388	33.57988968320463
-0.20700000000000002	-21.715899136132144	37.94441957846696	32.41511689995611
-0.20500000000000002	-12.982268333017188	44.66834620511014	34.3064119986266
-0.203	98.8689907457374	48.17207973176883	32.66065535181989
-0.201	38.67181764816152	44.35812114752671	34.62421449921256
-0.199	49.765630323106436	39.150636468235774	32.790012311223244
-0.197	11.241798154149052	40.05962089399285	33.7895903218393
-0.195	12.030154551423422	38.50495226068153	33.700751775229385
-0.193	50.74336717414418	43.402947677950934	33.06036356224361
-0.191	18.301514880247893	44.84608110843571	34.96706747508157
-0.189	30.37360596547245	42.89941476399598	34.29393875595608
-0.187	60.822965037843346	49.989806216270566	33.18190693728125
-0.185	14.843693493915566	40.89811854281789	35.26676706266665
-0.183	50.417537921898514	42.9946102389496	34.337034528484956
-0.181	49.18258952457677	42.71245394714251	34.42212857044197
-0.179	-5.635307637863463	39.83145660320348	33.00000272343512
-0.177	3.66006383090145	45.211398311200924	33.56644570860836
-0.175	39.65263506411354	45.3707632251527	33.558679319120685
-0.173	39.61729956514226	34.794739498832364	32.72429993051466
-0.17099999999999999	60.92780061428549	51.76045510920507	35.43489957828362
-0.16899999999999998	-24.25853196463823	46.660413227272535	35.05144343654276
-0.16699999999999998	42.107826577986174	43.344638401107915	33.66603695393216
-0.16499999999999998	79.32910273567018	43.235912488802704	33.44661797557475
-0.16299999999999998	9.52298184642153	39.78335386463628	33.92146842422701
-0.16099999999999998	16.80152162841786	40.11746418401376	32.42598495545659
-0.15899999999999997	-5.6219879853713906	43.040537364803924	33.69776646246914
-0.15699999999999997	25.60582882416007	42.76898219710369	33.01515707228348
-0.15499999999999997	45.37338352172959	37.494494468675256	33.8401947882526
-0.15299999999999997	-44.395810273600844	44.69087992811465	33.93822047260429
-0.15099999999999997	32.87210396685225	36.71884695079814	33.70285649426603
-0.149	-3.9264712222708553	39.039157522086384	34.54142975353931
-0.14700000000000002	-13.270554877320428	36.940962977180384	34.3418739565638
-0.14500000000000002	45.77714581532888	48.74761126096766	33.02423157690419
-0.14300000000000002	2.394680833628371	37.85707248999833	32.84388726654507
-0.14100000000000001	60.870577830218764	37.736586034156204	33.61914087489793
-0.139	41.698830650638286	38.89062897172932	33.94166160262605
-0.137	32.23530402252095	41.261098827355795	33.516411301977875
-0.135	47.656486379166196	35.308213218725676	33.69313700912989
-0.133	61.19477878141488	39.514995671691054	34.41978270760075
-0.131	-18.578431220661606	40.92284607221752	32.879786495638186
-0.129	-19.066435318682018	42.55584392464572	33.26451346115154
-0.127	-0.7447112063685424	38.963354590994534	33.65783369451461
-0.125	24.839559733313976	38.189258611633015	33.464707629148485
-0.123	12.734393272761935	43.7322716264239	33.942095312220815
-0.121	-34.99614380964022	34.915241111483176	33.01915752863312
-0.119	28.699517808927766	46.751894457344285	35.29366551889316
-0.11699999999999999	50.063063817162856	43.218022833409925	32.852717215639736
-0.11499999999999999	64.91376687201011	43.57159525847912	35.40367443288625
-0.11299999999999999	-25.884460052028047	39.60145395486242	33.08406323654884
-0.11099999999999999	10.556385389381973	45.500873779056114	35.272275549975305
-0.10899999999999999	0.5361975936590824	35.452157987584016	34.43383992200815
-0.10699999999999998	7.738540838353458	46.64855023108025	34.22792032967821
-0.10499999999999998	54.45399641090809	45.884916123752134	33.39053883438949
-0.10299999999999998	-46.76935345493405	44.44111181360766	33.9545401403689
-0.10099999999999998	53.40541716059022	47.063181199243246	33.669536023748364
-0.09899999999999998	128.29142065107214	37.621181152458895	33.948579578287976
-0.09699999999999998	40.73176475061224	38.447857187085084	32.261992173212555
-0.09499999999999997	41.87420675116904	35.210074339604645	32.87281983415553
-0.09299999999999997	35.905106058331526	44.0237810355285	34.00255922437769
-0.09099999999999997	49.00610868641131	45.39274993899061	33.18409679091924
-0.08899999999999997	40.15402260870715	42.368980810272845	34.413218887968846
-0.08699999999999997	-16.576792631117776	44.17118118681883	32.99766448027288
-0.08499999999999996	-34.404838757606804	38.818384100953494	33.97572672213135
-0.08299999999999999	32.730487298460176	41.34863644668062	33.46847834406405
-0.08100000000000002	58.913830655038524	45.08923402085831	36.47986498706526
-0.07900000000000001	34.71887264638873	45.33737417964439	34.404080056938305
-0.07700000000000001	87.90396340740969	41.01131819561244	34.112853973054555
-0.07500000000000001	93.68869145043313	46.23222639272727	35.99529230250921
-0.07300000000000001	10.292069476225407	39.399146357887446	35.057652704602276
-0.07100000000000001	20.885251980296005	36.697435214698785	33.42298167329879
-0.069	-16.147866973681424	44.30038931370575	35.092059744970754
-0.067	56.335072661228835	40.60978275530344	35.38310722321539
-0.065	57.16339591854691	46.11661986077257	36.13267752203481
-0.063	25.713888808898133	42.80940222039421	35.17035692557807
-0.061	-21.195778406979393	49.52628379556879	34.21855539928879
-0.059	47.2930306367747	45.68613514520534	34.31949074718487
-0.056999999999999995	27.13556926492444	52.45045384719019	34.831419871574404
-0.05499999999999999	13.0718815425368	43.22546869846865	33.23159625679147
-0.05299999999999999	62.72614259072995	43.98188152906251	34.06840476484208
-0.05099999999999999	9.545680638822773	46.229249593737585	34.05576212240438
-0.04899999999999999	20.044222317938676	52.44038935736938	36.17798393942734
-0.046999999999999986	-10.640461272859447	45.954059074072525	34.242304107335634
-0.044999999999999984	38.41320176012353	43.65240383052315	34.7785294010966
-0.04299999999999998	18.21916903210763	40.47959016934	35.33032809749681
-0.04099999999999998	48.54251076413796	38.7646469530476	33.56775803512773
-0.03899999999999998	141.07541678742842	46.1968754050086	35.15126190106488
-0.03699999999999998	-30.289166300323522	41.14111220794451	33.36722046083939
-0.034999999999999976	56.486836278679675	42.68444163223182	33.661750690329
-0.032999999999999974	13.435297889996534	45.71977565851689	33.68328636319029
-0.030999999999999972	23.095528977945534	42.08962232148131	34.36921413290702
-0.02899999999999997	3.219089628414551	46.61902998660417	34.330157288822434
-0.02699999999999997	22.63085949416599	40.686466719429944	33.94835401368443
-0.024999999999999967	-12.716394088285732	40.22619073661114	36.13263230893125
-0.022999999999999965	53.11489069415032	41.88087621937849	34.623619817128024
-0.02099999999999999	48.45258761121407	48.03003071944167	35.51997545556861
-0.019000000000000017	-5.5088826957927495	41.81644669605883	34.36249162450459
-0.017000000000000015	51.28331816761644	40.05552098442342	36.00593063660087
-0.015000000000000013	106.1231735126622	50.26035179757574	35.65880083794947
-0.013000000000000012	-108.48612509684052	37.56419560417425	34.20665543816249
-0.01100000000000001	-256.35763670883716	40.49183380150889	35.06431852831055
-0.009000000000000008	-300.3613863241661	47.222225951456636	34.17119246477618
-0.007000000000000006	-336.11447731940467	44.00307078351397	35.504214523498376
-0.0050000000000000044	-360.55562317116596	46.267412002614265	34.168362445660165
-0.0030000000000000027	-365.3106263545869	53.66617441179878	34.84296083088127
-0.0010000000000000009	-379.04151501677586	40.952561676541215	34.5854314940477
0.0010000000000000009	-400.8368544323737	45.158279499016054	35.699544789616255
0.0030000000000000027	-333.42407168290845	40.59557802207128	34.30142089722964
0.0050000000000000044	-363.0657897156775	44.76020149114227	35.22856024843877
0.007000000000000006	-385.42752488224255	47.704598049929636	34.001270340402016
0.009000000000000008	-362.5097915058717	46.341525162615014	35.15601600636222
0.01100000000000001	-230.85551410617632	53.08877736808136	35.49896756088767
0.013000000000000012	-91.85559099755824	49.64671074233897	34.28946338897869
0.015000000000000013	-13.746391805402602	38.82996568897757	34.68042297663221
0.017000000000000015	-27.759133888527465	40.37044794621315	33.75918336676948
0.019000000000000017	-50.08641682791026	48.60639257549782	34.37742993991509
0.02100000000000002	-10.539487040106543	40.66762814379265	33.043004388939494
0.02300000000000002	32.937818182032785	47.69506914985168	36.25191758268453
0.025000000000000022	-22.57745662348487	45.78292997941385	34.66279889139071
0.027000000000000024	18.93540532149629	40.551290269912656	34.03529298906485
0.029000000000000026	5.879284471710378	45.02268893830636	33.661345041982585
0.031000000000000028	61.00716172552367	38.75734275001575	33.14085361276314
0.03300000000000003	10.631638743818783	42.19984948683721	32.96888884016651
0.03500000000000003	65.006131907408	37.540132767593484	33.40602731261439
0.03700000000000003	-7.617874133947211	48.35440234066462	35.03266674977927
0.039000000000000035	12.978842893085485	40.01083837708903	34.84290928945184
0.041000000000000036	-45.75870986256447	35.69554823219253	33.40468113914038
0.04300000000000004	-4.268638209459219	43.36079462021265	33.99757355770469
0.04500000000000004	-21.056570833954957	40.952195682414875	32.59583915409065
0.04700000000000004	7.096019682517607	44.88132923809902	34.05442122063182
0.049000000000000044	-48.59744302798674	45.19011852383009	35.308433065437676
0.051000000000000045	19.941637271481127	39.642449544932646	33.863384731913975
0.05300000000000005	-22.486709550850748	43.80320159810327	33.91657762636938
0.05500000000000005	45.75741237022868	45.685036824511094	34.7366025787115
0.05700000000000005	52.90873359520276	44.06077220889542	35.20496849243338
0.05900000000000005	45.15003008243035	41.0373358062852	33.65796939489832
0.061000000000000054	73.83789935588858	48.30899789979602	34.994725894391316
0.06300000000000006	20.06656920183758	45.98417801817378	33.9174632262491
0.06500000000000006	17.287849394254096	39.12665278235503	33.236958747638354
0.06700000000000006	-12.278726656433925	38.22856227928968	33.46964825400707
0.06900000000000006	91.09181514332931	37.937474772409885	33.90165164118808
0.07100000000000006	33.1898214382953	37.60710757542431	33.608915883166
0.07300000000000006	-20.847432778525743	48.36990928714357	34.492424358862586
0.07500000000000007	-31.623827785542957	46.41366420822718	34.335417753971164
0.07700000000000001	27.63979030140362	40.66298065238082	33.58086822196354
0.07899999999999996	18.519150271512075	42.171007551404124	34.34452253051615
0.08099999999999996	35.12667588578822	46.36913189552203	32.93484577811057
0.08299999999999996	-26.875468966958138	37.444612637858896	35.05380698632319
0.08499999999999996	77.3164666576509	43.23809368465953	35.07123971315009
0.08699999999999997	66.31731824913167	41.62726062339541	34.04046759878345
0.08899999999999997	63.378566751648435	46.26247744554822	34.11146704733259
0.09099999999999997	55.95533671609587	45.192710297625695	35.755914622848316
0.09299999999999997	-9.096225079607834	40.31856141644583	35.88899575182167
0.09499999999999997	52.300565809515476	42.8496018621062	34.61427585161268
0.09699999999999998	-18.67390674681335	40.99215774905941	33.23738104521522
0.09899999999999998	-15.792411420467722	39.10717790369984	33.47854240938485
0.10099999999999998	55.438408062657984	40.31555273703215	36.233609014694565
0.10299999999999998	-55.160425912248456	37.895842475605825	34.63824625512546
0.10499999999999998	1.7319853757857828	45.55702838028217	34.36454974038182
0.10699999999999998	6.167758171748972	43.01720823612133	33.38957136784739
0.10899999999999999	-37.05198452075287	41.55691261783255	34.102077871836904
0.11099999999999999	21.773647435496812	39.521890710840665	32.89892263896089
0.11299999999999999	-12.993375136161056	37.06334933420239	34.575437072686576
0.11499999999999999	34.95890395610601	40.62013127425351	33.50508156675388
0.11699999999999999	-51.87047087107377	46.58597598935924	34.108696999643605
0.119	-51.24474191064987	46.541640710336615	34.01363659414698
0.121	-10.837249121320447	43.50880085771228	33.55433239210281
0.123	18.63324832029889	43.57838261197063	33.82272943422264
0.125	71.5554684518338	46.629316459827386	34.242315027898925
0.127	55.87262357908962	43.542007678220834	34.04638133022475
0.129	-10.756906967501756	42.05330930446179	35.75494565078124
0.131	26.132473899487252	47.086846813629975	34.90435552568894
0.133	-43.55732731586848	36.776726698240914	33.174543609536855
0.135	25.407812991984358	43.97795959532321	35.43975381970781
0.137	21.66438843809182	37.50358236752781	33.38093324448866
0.139	42.85650303637034	47.09354602017091	35.25438776870819
0.14100000000000001	-10.64243932868969	40.06390243013227	33.359309264000665
0.14300000000000002	53.75869767032526	48.620835822512284	34.38236665178297
0.14500000000000002	33.560621569117544	45.24540452845576	34.220737783596014
0.14700000000000002	-3.393024514131149	38.80542069278501	34.06209497447391
0.14900000000000002	56.71855183986274	45.21346024632507	34.09194687304258
0.15100000000000002	34.327111552157064	37.35974155922601	33.648060837796315
0.15300000000000002	-47.98312926446169	37.983849017847604	35.10831893978943
0.15500000000000003	34.54303223460187	44.796303444389956	34.970998969752166
0.15700000000000003	-96.57119364048228	46.30397228101594	35.02435285586561
0.15900000000000003	-55.519480725685355	40.671928644045785	33.75416390570915
0.16100000000000003	20.689128966022707	44.732111815214076	35.961712052377884
0.16300000000000003	18.1417374305326	40.84537682026377	34.22415443044036
0.16500000000000004	39.42836429304819	36.73433168628807	35.580439405737444
0.16700000000000004	26.154661128874324	44.35269741399369	34.16327205890885
0.16900000000000004	-40.08253139198281	40.74622685805893	34.34503428574771
0.17100000000000004	-28.471951401987106	47.09900282514986	35.91947682845404
0.17300000000000004	5.54666872720766	41.47337957207218	35.25780692364096
0.17500000000000004	53.39732667786201	47.89290893490755	34.962548250411494
0.17700000000000005	-28.921127336212216	43.90308651492333	34.011198628317615
0.17900000000000005	-32.33922236600684	43.53324069431957	35.575290626026934
0.18100000000000005	-25.82981202814416	45.494403433946346	35.347424535016216
0.18300000000000005	-78.88056779414842	45.47164366324497	35.354646615911534
0.18500000000000005	-8.022555637809958	43.95824168937977	34.39648727375612
0.18700000000000006	61.98104388022152	46.24026357210522	36.14638630122228
0.18900000000000006	-27.269530202822523	41.91609993660943	35.31681229590154
0.19100000000000006	18.8684636162062	44.93716750823418	36.689416096398936
0.19300000000000006	40.17057775640431	48.53233600959489	34.942868452402244
0.19500000000000006	25.046996371624886	47.30059100423665	35.269414888739846
0.19700000000000006	-59.646261824197744	42.627550813011105	35.80332267645592
0.19900000000000007	-20.079666551042763	48.64940213407447	34.84208087211225
0.20100000000000007	14.455642532995583	38.6914503667739	34.51455141603995
0.203	-10.490674537622091	46.017043832108754	33.70595485162838
0.20499999999999996	9.558287570987645	44.63908315007454	36.389982794965576
0.20699999999999996	2.074707280641519	42.52370718118758	35.38329857835895
0.20899999999999996	6.924097430083265	47.054004756296685	35.09254883816728
0.21099999999999997	-14.295523389606934	41.62684929762511	33.93002065859433
0.21299999999999997	17.835202138716255	45.82617000376409	34.15991332231163
0.21499999999999997	41.79060284359437	45.38255928513651	33.19278185903072
0.21699999999999997	-42.73352576256162	42.026586541737366	34.79760353410575
0.21899999999999997	28.40132007575491	38.866622608072504	34.78993661921581
0.22099999999999997	15.883699363561377	51.32560257446372	34.46226051003966
0.22299999999999998	34.770861922162055	47.742199335754904	34.781989932961295
0.22499999999999998	21.411612801225388	42.91945072461648	35.25342731389703
0.22699999999999998	-22.944209430830753	36.83450604654987	33.527488253677916
0.22899999999999998	-6.393358709222419	46.20637380220988	34.2081814335679
0.23099999999999998	-12.669361196149254	41.70872407531376	33.866232874134205
0.23299999999999998	13.435865493072185	38.08860557780738	34.111617348823195
0.235	20.729043088030252	47.79360290686941	35.23768097366937
0.237	21.37922778211454	40.43456661614627	33.37651160655769
0.239	29.4006052539153	47.42273807563754	35.44686368909637
0.241	15.167780019087473	39.836897340305	34.48849707583577
0.243	-1.8617707707724307	50.649320446035475	33.98226143422691
0.245	84.85735282715012	39.47568219670288	35.7344467872697
0.247	23.329825651119407	44.96333096111452	35.05186738270469
0.249	1.8095428095943333	47.38822050157175	34.46793866881744
0.251	-20.535015626377273	37.83427062835505	33.94999554749412
0.253	4.0918291666081075	45.90389194968482	33.29763791621603
0.255	37.21738771034211	50.226411611780556	36.21383128074594
0.257	50.99354444437765	46.60668683408101	34.61841853400284
0.259	38.1344256867866	44.741823648264834	34.55613793058582
0.261	14.45858486803786	37.09319844401636	34.87651564663039
0.263	39.527938566541465	43.58960301661194	32.84523655631949
0.265	23.58056008011644	44.19758121989092	35.64539989975411
0.267	60.25014075827784	41.899493897917885	34.481445030348574
0.269	-25.82993566047076	48.42001662933913	34.71415071271572
0.271	2.9119839846103446	40.46963642018998	33.53223018621885
0.273	-55.45020574382331	46.16006111239295	34.86459519141769
0.275	113.79622428520086	44.27081163075036	34.19565142974843
0.277	3.9199332209083337	44.26394636970636	34.76650657171287
0.279	46.475629592812595	44.45075155753941	33.403764454554675
0.281	-25.249015278339115	43.20382438717712	34.84389672514203
0.28300000000000003	19.588925693758696	49.80837339735291	34.48634420266312
0.28500000000000003	25.855301460486757	52.74817527604905	35.4054601456192
0.28700000000000003	-2.289088386508986	47.093636180960694	35.171247268467866
0.28900000000000003	62.50415800002074	40.24790726184077	34.169323831826546
0.29100000000000004	-38.63383844004975	46.60427109996709	34.04792569543836
0.29300000000000004	-13.353858359099746	44.50305798194967	34.707478626504304
0.29500000000000004	12.612310368975699	52.089808490210515	35.72772695684889
0.29700000000000004	-5.009052062132646	45.729640337446426	34.286582129228044
0.29900000000000004	13.651010918103168	46.71925355409465	34.40067307744784
0.30100000000000005	3.606424344271275	47.423802396702456	34.137259966165466
0.30300000000000005	30.40693554745566	44.92018143623529	34.869970332731384
0.30500000000000005	84.63263811075983	44.92712717891789	34.76489587496505
0.30700000000000005	12.11712902216	51.367921917291405	34.73594773498971
0.30900000000000005	-51.99789191323578	42.91982370136462	34.07305798593103
0.31100000000000005	11.737817066981293	38.414144913774045	36.12249562727916
0.31300000000000006	-0.06056343515581375	41.35372632272563	35.244998664562985
0.31500000000000006	4.107502705519295	46.61358864820853	33.94055049067509
0.31700000000000006	20.877778377892398	37.47729219363431	33.435839321629516
0.31900000000000006	68.24602745791886	44.68157252116648	34.16289080704665
0.32100000000000006	61.28986412345938	46.430323978336105	35.137534844494645
0.32300000000000006	53.280734125804585	43.151373922996896	34.26168691704963
0.32500000000000007	20.096914962186574	40.23166439681522	33.92769480980761
0.32700000000000007	-82.93545727544594	41.013155713220954	33.07294984367713
0.32900000000000007	-36.033831590454035	44.285567090190405	34.21879906189699
0.33100000000000007	18.565174472184864	43.85607286063898	34.56328378868731
0.333	10.89866534020878	41.01559708484652	33.89021798754524
0.33499999999999996	0.7785737905496859	43.68798657536968	33.1238191273321
0.33699999999999997	55.515757806379185	51.607039017065766	35.74980332132173
0.33899999999999997	52.3478786293996	43.079970628143165	34.08160850358411
0.34099999999999997	30.0328152111895	46.46245932001174	33.46001093529108
0.34299999999999997	-16.0809697140607	40.04445610672917	33.452574467421485
0.345	48.59777813703836	37.209337687693115	35.5749136711546
0.347	11.865805793265238	41.515315365701674	35.414209283422785
0.349	-32.906024469259165	43.123721443326836	35.62725483647774
0.351	-45.034750796535405	47.52370857540508	35.78610654283023
0.353	46.290469624121755	38.23874715609661	33.696611936585604
0.355	-61.51432026946235	39.21051479967004	34.06307036831305
0.357	24.041167969501842	46.799595932668026	33.97035608951189
0.359	15.499031145171926	43.328336965295925	34.19021310186896
0.361	3.9693012323649413	43.7675609475826	34.207355282888514
0.363	-33.24967109530341	45.60727041633132	35.78560439080967
0.365	-5.318117609731665	49.71045512013663	34.80450320538188
0.367	2.0806502314396624	48.20545319714497	35.41751221320806
0.369	41.295566103549675	37.82851680997389	34.33774757432936
0.371	27.34310821517205	45.012428387658325	35.010232153685294
0.373	12.604217055178779	49.90433042853792	35.886314642338235
0.375	7.298508483577493	44.37359265926721	36.38458491360341
0.377	10.25161752488124	54.50823683309426	35.39859621266518
0.379	-38.21878433118986	48.794790160403046	33.72186480156387
0.381	31.150684369318782	42.04358133419341	34.44593948188818
0.383	31.57960912192337	42.572759925833665	35.57865835970754
0.385	76.37602249688236	46.57028267285377	35.242262367679864
0.387	66.77976594215984	48.08087591342986	36.01672092464851
0.389	-1.659277151677685	43.76902663564079	34.146778441951675
0.391	21.700358847853707	47.52740749848627	35.17137662678359
0.393	35.47907133150119	41.946573971709114	35.77825700028983
0.395	-1.1540777092866605	47.4475923646351	34.011582398724244
0.397	-60.207191473482524	51.93209642146702	35.755572612205796
0.399	4.056281026176833	46.2825977213159	36.234951709490026
0.401	-23.224818339939723	46.99891911397238	35.00356735198981
0.403	-5.241473037154165	42.4432411589974	36.31313161878291
0.405	-3.4686286782825704	42.092510080498165	33.374480845339235
0.40700000000000003	11.183076701337669	40.070879206953514	35.0320243991789
0.40900000000000003	-53.52374716627306	40.04272873974843	35.288339939674145
0.41100000000000003	22.378256169464095	48.65668394041876	34.64819704605493
0.41300000000000003	-1.5414491355558724	43.70224087258363	33.395316181603995
0.41500000000000004	-5.479893883664211	43.412971020690996	36.45590510901322
0.41700000000000004	-36.29754622069825	46.65378412990421	33.730484138961465
0.41900000000000004	-24.209531387264782	45.45261003840134	33.7763349371944
0.42100000000000004	29.045169097630108	51.28250550933053	34.918987411901426
0.42300000000000004	-35.20837787474029	44.36099739983734	34.5566381241456
0.42500000000000004	20.51149457904522	56.15263682703361	34.77127363049915
0.42700000000000005	54.88977666145978	44.393481931809646	35.85932914031064
0.42900000000000005	-29.84177700693369	42.41678815748221	35.08447973856003
0.43100000000000005	-11.251989534999396	38.851601889879035	33.67028331917031
0.43300000000000005	-48.746919466546856	38.847668367851476	33.11347243202524
0.43500000000000005	28.135301241238864	46.61032913231982	34.19510530470935
0.43700000000000006	-35.648320694914304	42.016964273959715	34.917861258223724
0.43900000000000006	-22.874246836002143	43.70387192043676	35.91427107922629
0.44100000000000006	-58.80610842856626	42.69398316246241	34.37900472810341
0.44300000000000006	16.310778976569296	45.04441133647353	34.51361530388959
0.44500000000000006	-42.361627615727926	41.64248958252437	34.749860768330386
0.44700000000000006	16.901830977467114	38.86480266083707	33.96398948887367
0.44900000000000007	-14.942069640366817	42.353489430486334	35.05460619335014
0.45100000000000007	52.198102795442125	41.94722597414516	35.43494814983859
0.45300000000000007	-15.277178919026468	38.82337065331152	34.268635242965814
0.45500000000000007	18.862911920214387	44.839173499234796	35.20647769024802
0.4570000000000001	32.011831244238564	39.77520382418586	33.62408919770126
0.459	3.537352412763539	46.816837353986465	33.45073116396403
0.46099999999999997	27.48914718986306	40.822541098575385	34.726972749588
0.46299999999999997	51.45482305835003	50.75072499035904	35.8531109730995
0.46499999999999997	-0.637146993498483	44.77285628015805	35.714541480679166
0.46699999999999997	-62.761543610401205	48.52195249728723	34.95153181442823
0.469	-9.271564188617631	38.73647773110947	34.12858027343614
0.471	-9.744797585087284	39.86760506653812	34.18601601238495
0.473	2.238852488734011	43.28593058718423	35.80678569198936
0.475	18.97928262306614	44.482752321558415	35.29214570465553
0.477	-18.379474768237536	49.06395051884162	35.07142479121434
0.479	-5.102646773114117	45.20067190276213	33.932465256702656
0.481	-76.90864837417433	43.59972050648031	33.506635778660794
0.483	48.300761732233966	45.34697765346592	34.90720995244701
0.485	30.914911739232664	36.51033708118082	34.00106331010007
0.487	14.982625296200425	50.05353206329699	34.767085995697926
0.489	1.0115021316092765	42.216792836717694	34.880639024322825
0.491	-43.63322416511828	47.24998074531242	35.166336835132306
0.493	-45.7198971840489	47.6002450522122	35.91618540574166
0.495	19.975858114307243	40.71409668469972	33.489980123885296
0.497	-4.326771200435786	34.63760839761296	34.005908387304366
0.499	-53.95189207590967	49.98691062242113	35.28784512333701