-0.499	-46.996507526597675	39.86716701090354	36.528879100196065
-0.497	3.347098944228577	46.0209047085339	37.11984453342836
-0.495	37.432670164649906	36.746085205354014	35.57017661416491
-0.493	-27.117318460279094	42.889396261291964	36.50762128727807
-0.491	25.554238896940973	36.33249359032575	35.090531211857666
-0.489	-47.656420788744214	37.461285812912045	34.422320630709144
-0.487	6.196459603424742	38.81575477130025	36.270174941471026
-0.485	3.4709965650581154	39.28694547457162	35.99318882759888
-0.483	4.21565118613465	36.51034379367763	35.599447489899234
-0.481	-24.1665728882845	35.94761965513036	35.63083438895732
-0.479	7.9220289079806605	39.99287289846922	36.776086395614975
-0.477	-14.066440614635134	41.13594103485845	35.02672273334036
-0.475	-5.943255137919046	39.31986086745251	37.27283761360511
-0.473	-8.65972250851943	36.80933996992909	35.198326449212054
-0.471	-10.346170737474125	36.216873198215495	35.515392606872105
-0.469	16.266959604882558	40.56190063006685	36.380778650753626
-0.46699999999999997	6.143247125001139	35.843827571428456	35.19457721871506
-0.46499999999999997	49.78819995438144	43.0830676101727	35.87160068863746
-0.46299999999999997	-77.52858811893582	36.89593056218737	36.066176340446894
-0.461	-78.79062921301028	41.45428660189777	35.636540967491406
-0.459	-60.67560954747808	46.66268399586389	36.602532490109915
-0.457	-18.063069330498394	43.481961835133156	36.0369820244226
-0.455	22.0989139465555	40.6573262670927	36.850843218272615
-0.453	40.285025646458195	42.71215721186497	35.91047607726135
-0.451	50.41393575511144	36.01345654433635	35.97526440239257
-0.449	-15.769309955282473	42.073253693398264	35.57766102915846
-0.447	36.58933353145599	39.0982402806986	35.467128324204694
-0.445	69.61808341987563	39.433673229771344	36.799411765457215
-0.443	-18.5695964121102	34.68699248577039	35.923124799061675
-0.441	12.683094260834693	42.51098663984828	37.2556904235462
-0.439	-24.213109644621866	43.12433413730427	35.148912141960665
-0.437	24.543751155237103	42.03352973159675	35.73307900234741
-0.435	64.49712043998801	35.60290980083509	35.87264499575535
-0.433	-35.207641599144246	37.96076020164647	35.968973326625346
-0.431	8.589058259955706	37.02127458389263	36.65178085074981
-0.429	37.06157642446861	42.56393478866359	36.47954606010206
-0.427	36.24644862232351	40.09218738234956	36.92694089013114
-0.425	-53.984389660644005	33.68883729545118	35.38423403852008
-0.423	49.09077273707041	41.9537134565718	38.03531584714754
-0.421	-55.00312350426029	40.667302163507344	36.19323978737374
-0.419	55.87900555070746	40.40639924160297	36.9554178021685
-0.417	-37.397566424623996	36.494838458965596	36.454320547057876
-0.415	75.28893085373412	38.49090284717282	35.45837756069677
-0.41300000000000003	-49.57424529583587	38.78200830974671	36.60442424797367
-0.41100000000000003	34.593823455164596	35.738209162125486	36.2610276731716
-0.40900000000000003	-24.90851196790267	42.70428575726181	36.27125087302905
-0.40700000000000003	-3.182552102742875	40.067198789860264	35.552465923939614
-0.405	1.0060604476169743	40.06335744774616	35.58473329887218
-0.403	18.472894938614814	39.17406053854752	36.29460424958016
-0.401	17.775768688998994	37.61973757620875	36.038542353212314
-0.399	-26.31840382139039	36.25963081886322	35.00820544816324
-0.397	-37.346777621238836	42.69222425621333	36.73067154007147
-0.395	11.74642611689869	39.457088355639534	36.42691945919307
-0.393	8.71445766281731	39.754831243816696	36.36356460767902
-0.391	26.402971115224716	36.909043665940956	35.17115765681765
-0.389	-26.11906046257051	32.598314796199745	35.367096211805354
-0.387	-60.82709680332865	40.23313584837188	36.73059892046634
-0.385	97.59999286496068	38.81739280096009	36.92820712222828
-0.383	-25.94063394112389	40.743940168588814	35.400887155040955
-0.381	58.089456286714025	37.9985046014772	35.57720500710637
-0.379	21.069057964062665	38.05066143311511	36.227018952780135
-0.377	-24.754844495156192	39.09260976701841	35.517037231705565
-0.375	69.74761895794934	36.732442850617424	35.66272528698577
-0.373	39.75634805875039	34.485949456233996	35.25442799166992
-0.371	-31.888685701919606	37.4293015276392	37.08864592614947
-0.369	19.01204721699301	39.35172315670105	36.11421581569846
-0.367	44.348925428039365	40.634770967743655	36.07216671480503
-0.365	-26.739041049217427	41.454696701082334	35.62222057000068
-0.363	-1.4814898551263056	37.88869283594408	35.81806217332864
-0.361	64.10900807041209	37.599385281946276	36.304970554883944
-0.359	65.00522687202803	42.67144193068133	35.659804504803354
-0.357	4.139897405108783	43.954924944322535	36.15521438581923
-0.355	-31.730584168054854	45.4730106493707	36.94175530626806
-0.353	-9.431660115466478	36.16822446547659	36.95728644193357
-0.351	-53.93219493399215	35.68380387094914	35.596851136519625
-0.349	-20.00732848606024	29.534366658823988	36.37637622676515
-0.347	-4.0712504227879975	44.59486862851465	37.260312717259524
-0.345	-65.52971589290912	36.67355219558725	36.297564955280585
-0.34299999999999997	-21.42139172001123	42.5635235744073	35.832628475755406
-0.34099999999999997	53.732679192286525	36.9110866984697	36.23577087463051
-0.33899999999999997	-37.354481395412975	42.0349663813427	37.147893282271454
-0.33699999999999997	38.4958181776085	36.45519331880421	35.769840594338326
-0.33499999999999996	-57.83480507759453	42.16158519616743	37.24412779813683
-0.33299999999999996	26.335536633004253	38.64588471394869	35.36384367479919
-0.33099999999999996	-0.41395424876800035	36.64730467554559	37.21055659328579
-0.32899999999999996	-0.15773008699149216	36.39530869358103	36.305531212541716
-0.32699999999999996	10.928718042979568	36.2875325267211	35.447249903914624
-0.32499999999999996	45.52653674960716	39.01122395443526	35.80431716822114
-0.323	38.20162852230524	37.46315806602795	35.44788878233479
-0.321	26.919051320462017	40.14046443913668	36.175296464335226
-0.319	8.088002572792519	34.94463959431061	36.298521631700744
-0.317	-14.733432687763504	38.28859510067619	35.950443346225356
-0.315	21.287492775190486	36.19360304363802	36.92177947859122
-0.313	-19.068813332134837	39.12651535196026	35.91224607555316
-0.311	28.684298274850306	44.226363889992385	37.15664693239063
-0.309	29.726340892821668	33.198067692986946	35.057041307794904
-0.307	42.44155118771076	39.981020034394845	36.94949776458232
-0.305	-8.748592153384749	36.34837932548355	37.16415806123067
-0.303	-20.351196075796274	41.199507144668544	36.24190407041622
-0.301	49.39913314694344	37.33058551846844	35.987655393859484
-0.299	22.874177571852172	36.362336951542034	35.70636475780185
-0.297	-13.561643308679372	41.06840495912258	36.43011948165243
-0.295	58.514571540158045	35.42668619175425	35.38667414505346
-0.293	-25.899665197948174	48.06659194635195	35.87471702094456
-0.29100000000000004	-27.379550320394408	39.22831405017153	36.443505189912784
-0.28900000000000003	44.70425987390669	39.28647029886184	37.06045897394161
-0.28700000000000003	-63.91093274660253	41.66491980706162	36.72320840116304
-0.28500000000000003	-47.401040944028416	36.28046126125093	35.77297212088175
-0.28300000000000003	12.845556568219507	39.62747505102955	35.85748473220977
-0.281	34.7145260604087	40.621005788076424	36.038818912159755
-0.279	12.64567315550913	42.279005796452644	37.0692668597217
-0.277	30.642461614771577	39.19373089899646	36.16468735648671
-0.275	30.40370663209835	38.94764202886028	34.918743214959306
-0.273	46.92491105862118	38.978702903841494	37.549794556979855
-0.271	-12.601262707190308	44.92508226289614	36.993646826438635
-0.269	-6.408195258988947	37.954908410827336	35.71973167223927
-0.267	72.55050083565528	42.031105772793815	36.72074741050334
-0.265	56.49493340720291	44.145397472467415	36.47682743072633
-0.263	-39.562741020127135	41.48743252052815	36.4757786423384
-0.261	3.0664240551203648	38.74548585892052	36.07047966146314
-0.259	49.22926400552363	38.03317074902721	35.010034086854574
-0.257	8.37160590561048	37.90702236445674	36.67985750344104
-0.255	22.3899308797737	36.26768026656551	36.3450435191405
-0.253	5.478245451939756	35.507602550583634	34.84849117480443
-0.251	22.28305627482996	39.02731531273474	35.225632717666954
-0.249	13.222840083093601	41.72220955599691	35.83531870347146
-0.247	51.19842978262845	40.637370940508596	35.4919336150883
-0.245	20.553752116514445	35.69710734996615	35.26262122153623
-0.243	-27.92569870679884	37.48894563334485	36.328372380548906
-0.241	26.754636434977996	40.20417640815188	36.438096003500455
-0.239	16.078971939892384	38.64152537676057	35.48093560569747
-0.237	41.26373296520214	34.37383146798002	34.78152021482879
-0.235	-2.62032863973527	40.993507493304946	36.86948384321677
-0.23299999999999998	-67.76923561324644	35.79659110356095	35.457721406040356
-0.23099999999999998	-50.734055848544735	38.05710827887526	36.21545307942561
-0.22899999999999998	28.91292519535682	37.86833447771077	34.92792888848478
-0.22699999999999998	51.802125104361	43.17947690526267	35.52437183213125
-0.22499999999999998	62.43797702576437	42.483568200437084	36.341510007623576
-0.22299999999999998	41.52615482766464	36.39901636836732	35.73676737749935
-0.22099999999999997	-20.960100864608755	37.96522597443744	35.29585880038762
-0.21899999999999997	81.0586210513442	42.542140513844835	35.51565411797698
-0.21699999999999997	64.16727646074705	45.948784948256055	35.49038938974049
-0.21499999999999997	-12.311587175517502	42.880672162104666	36.2101610153813
-0.21299999999999997	-36.46988285654906	42.168677006070425	35.371782026838325
-0.211	55.69057069232386	37.59375211499183	35.02828615830468
-0.20900000000000002	26.504212744971056	36.87152986276026	35.20181803043216
-0.20700000000000002	21.349372453016713	41.9981345396188	35.53404306328438
-0.20500000000000002	2.139062936556968	41.53132883273993	36.1265756199272
-0.203	51.1065614476891	37.59055602169261	34.557733095005
-0.201	-51.63325387280704	38.08809478735513	35.89360304958847
-0.199	62.40575083449329	36.1689196953287	36.05008862063336
-0.197	-21.516048706149427	38.36508647710509	34.781712544935715
-0.195	42.45387036605486	34.513306687521776	35.825103482395875
-0.193	11.888512140956209	40.65279778969933	35.98009772898933
-0.191	-23.331402640325294	39.33049104543309	34.94688179114956
-0.189	83.4937090328225	39.25822215568498	34.706747918703584
-0.187	3.2886858714054057	35.03313924053624	36.52281862508003
-0.185	0.43925437243075294	39.924035562030845	35.135191197538205
-0.183	28.956263702140106	35.77273774993303	35.556073164235514
-0.181	74.92448518475747	45.87297397409281	36.36298541938413
-0.179	-10.420941059963162	41.92283743262202	35.372668894091355
-0.177	16.835640557211207	43.71558329941429	36.28973725107294
-0.175	26.631131387011564	37.44772899834134	35.40754409810807
-0.173	-5.710168286654493	41.6407613177002	35.42411741726344
-0.17099999999999999	-8.374454611992377	35.14115863437341	35.78170021693854
-0.16899999999999998	93.90140807852276	42.69870843028154	35.0971526461671
-0.16699999999999998	3.154465608057322	40.67823342408301	36.95715897923027
-0.16499999999999998	30.95376853612386	39.34938948396891	35.483608656100614
-0.16299999999999998	20.90669764354125	37.90917506711096	35.720949514343374
-0.16099999999999998	41.06540394155367	42.509374633119315	37.01214398510319
-0.15899999999999997	20.281637837404887	39.52814054917644	34.951540199488726
-0.15699999999999997	12.551345941691494	39.07052349545033	36.25710373979836
-0.15499999999999997	25.30149391088976	40.41673583477725	35.26733360693066
-0.15299999999999997	33.2631814621287	35.71801068498453	36.70753381738867
-0.15099999999999997	35.828278557081816	38.54435634036794	36.01128405526059
-0.149	-21.655836742406898	39.65974702408422	35.71839924145266
-0.14700000000000002	-12.622609580570376	35.540135540337886	35.44436392679594
-0.14500000000000002	35.65089195101123	38.05756053196323	34.369229240581014
-0.14300000000000002	-20.603173827682397	35.42256111865658	36.665268431872015
-0.14100000000000001	33.29345899971692	42.49458629495823	35.79196075917299
-0.139	24.34586578270448	39.26876680738404	34.81367087670383
-0.137	-19.033833613457674	33.8650877402173	36.297244761707596
-0.135	9.927020067079795	38.36916595026652	35.643316547108256
-0.133	-22.98585573778933	37.7009775171654	35.72165048522142
-0.131	0.2362408466627386	40.660786418346795	36.45850842392098
-0.129	23.119509006797045	36.79085820498279	35.435641458861134
-0.127	-0.2725186147856107	40.23181019942444	36.38947027611802
-0.125	71.34396486563332	31.42122550095729	35.66986421520357
-0.123	75.05221879577917	36.74695477042073	35.68585814871834
-0.121	47.621591724666956	39.29110675024681	36.08929505395786
-0.119	51.94122412577329	39.17085742614691	37.06022862486886
-0.11699999999999999	25.837938896211554	38.33426702605793	37.652190878655574
-0.11499999999999999	22.157570757297407	40.27766618427764	35.80385154412847
-0.11299999999999999	21.745650374160874	33.92884747027975	35.928937119120604
-0.11099999999999999	-12.366043523615033	44.593242300294364	36.14662448136645
-0.10899999999999999	-30.335785416446548	41.467741429834945	35.68413993494825
-0.10699999999999998	38.07010116285703	38.0538144797257	34.93828596069722
-0.10499999999999998	-11.44202473002398	37.38575256036154	35.49001902105796
-0.10299999999999998	111.23275861857351	36.48821620573286	35.989567104159356
-0.10099999999999998	-24.865089515491157	38.451793059800586	35.38013391860732
-0.09899999999999998	25.66774457424259	37.78738306551441	35.73543099117764
-0.09699999999999998	14.366296094969755	41.30996339350136	35.55395109216319
-0.09499999999999997	28.1685662140152	35.12207601903477	35.8315993200204
-0.09299999999999997	71.53245767033134	44.993560059129734	36.3409804855516
-0.09099999999999997	-11.459683960435285	41.21113829218386	35.10043210796534
-0.08899999999999997	55.56175893328685	41.81199088000663	36.02321387231433
-0.08699999999999997	20.56689049090288	34.36339875438153	34.823129799323965
-0.08499999999999996	19.047977626973633	36.5767092386969	35.17488232147608
-0.08299999999999999	-18.641088680659834	38.34848130307496	34.887231025754055
-0.08100000000000002	-37.86483990908529	37.31575548839902	36.163552130101905
-0.07900000000000001	-47.525502009038156	36.389876905405806	35.13743857941005
-0.07700000000000001	19.613716478739107	40.858370023609346	35.37765049372627
-0.07500000000000001	7.492931547226078	41.26927593998043	36.34951734748682
-0.07300000000000001	55.99773552789067	35.90206843852341	34.83192973235266
-0.07100000000000001	28.25447771948042	39.36102394332782	35.03878792130639
-0.069	20.341914328092514	45.03336929525288	36.50095411923129
-0.067	32.04790914512756	36.78253215822064	34.528630429803705
-0.065	72.99484673728429	36.855518557986805	35.143147184846875
-0.063	-12.25808806981643	40.693831349489734	34.83010865006805
-0.061	-8.334061164072537	39.89590820227775	35.8890903219823
-0.059	16.305567993146752	38.699335890384084	35.74724158539589
-0.056999999999999995	-34.230347814356854	41.542759410683956	36.216039990072254
-0.05499999999999999	39.72553682718427	37.41694898402986	34.97351354797398
-0.05299999999999999	26.147434180279205	40.11801555502024	36.40923846483073
-0.05099999999999999	32.5284209110599	40.535515890725435	35.11141116830745
-0.04899999999999999	-37.25584496871992	38.02115998759142	35.07683553842585
-0.046999999999999986	63.47455701938287	38.91121724582285	35.35774586950784
-0.044999999999999984	53.79175803588154	34.81303459483671	35.307129426478106
-0.04299999999999998	-6.506759582691757	38.97281837678724	35.49706768126938
-0.04099999999999998	77.89454830353648	36.34765350740467	34.88818883267274
-0.03899999999999998	37.969666047743544	41.09303029542345	35.94290682715489
-0.03699999999999998	-36.49423005569474	35.01339101374438	35.91347003936233
-0.034999999999999976	87.22785661352539	31.649080620869555	34.71244083217687
-0.032999999999999974	13.158219960063278	38.28885255191848	35.4415005997363
-0.030999999999999972	10.423064625619816	38.85007919891814	35.28690594717373
-0.02899999999999997	-13.187546681447948	40.830734520846285	35.99298102519992
-0.02699999999999997	-118.52728974859339	34.420619518850245	35.63310296496729
-0.024999999999999967	4.2699368272280935	38.201428356283	36.237986154121366
-0.022999999999999965	15.917781154728416	44.767750553598795	36.101300849619534
-0.02099999999999999	55.5693034021143	37.39982871861214	35.2644419711186
-0.019000000000000017	-35.18343034059068	38.35131298529677	36.28737315833362
-0.017000000000000015	-18.542965799395184	38.55732608082656	35.010636440475366
-0.015000000000000013	29.02328167397883	39.2121321806009	35.65518800680231
-0.013000000000000012	-23.244499096297666	45.08992694525229	35.881351042300246
-0.01100000000000001	-111.46045144982963	39.28272431494155	34.935269688656504
-0.009000000000000008	-134.66426721930878	39.02640273660771	35.54736547117774
-0.007000000000000006	-133.07650373417522	36.82295456046709	35.92495234443214
-0.0050000000000000044	-145.47929653641046	34.774203904778666	36.15079828762008
-0.0030000000000000027	-151.51434464932834	38.41874366414554	35.42098999510964
-0.0010000000000000009	-197.37399430463933	39.86707581112708	34.87316494917474
0.0010000000000000009	-176.51156964892945	32.88653758866677	35.59473376021354
0.0030000000000000027	-205.64852531712586	40.52064320476349	34.64057810381515
0.0050000000000000044	-204.95719977187133	37.681527568157954	35.74158244312883
0.007000000000000006	-140.99043023740876	39.249466459716814	34.9877475415938
0.009000000000000008	-161.23372297216497	38.51799627125735	35.6726892945105
0.01100000000000001	-79.13859854025151	38.91967691701006	35.264962243293475
0.013000000000000012	-58.82444053861846	34.383019084222255	36.147194682355284
0.015000000000000013	-25.763946302603813	39.47167595995816	36.02098825015496
0.017000000000000015	-14.283669847681146	39.25499658633387	35.48980782779698
0.019000000000000017	87.82029367893074	36.6848834968584	35.921864734446736
0.02100000000000002	41.42571720588961	40.2379105097397	35.04925406235387
0.02300000000000002	-7.702658545438723	35.45907433575393	34.62074034598708
0.025000000000000022	34.558987109356565	38.1615185028254	36.65355527038387
0.027000000000000024	-24.964405838656667	37.52449912253383	35.43883799032868
0.029000000000000026	50.910755071686964	36.89115536101896	36.110824527935634
0.031000000000000028	48.07138518847509	39.89674826302096	35.303827625271026
0.03300000000000003	-8.014343594653361	39.73748215976832	36.418720239453314
0.03500000000000003	-50.0408922885498	33.37983602091215	35.01921655901733
0.03700000000000003	39.77775752894708	36.11998407873258	35.91776816138494
0.039000000000000035	8.24023805656715	36.97272770722287	34.83848581998685
0.041000000000000036	12.936184012657392	36.84383445217559	35.60459438317947
0.04300000000000004	5.936558028718508	35.89918765424792	36.852660327916325
0.04500000000000004	-15.019025762508242	34.66700511431028	35.18157384719653
0.04700000000000004	36.428697999468795	37.966672144490346	35.071788331214314
0.049000000000000044	-2.8882210106884187	42.5141854879587	35.863009357175294
0.051000000000000045	27.825066031716972	34.47447656872033	35.008797199340385
0.05300000000000005	-36.26168216930292	42.98698121749591	36.43623259298273
0.05500000000000005	35.88478106886228	39.002247451697095	34.965378207091355
0.05700000000000005	-52.22750095301709	40.03784538592095	35.32985954030439
0.05900000000000005	28.8561445433988	37.29844157785376	35.443562676936395
0.061000000000000054	66.46511058838733	36.065660815558665	35.231537450406925
0.06300000000000006	-8.538144022463001	36.78974603032004	34.9373321589256
0.06500000000000006	-10.404073744973985	39.25386197783785	35.60664559789841
0.06700000000000006	3.4631347065605667	37.33171347647854	34.64791836847835
0.06900000000000006	-18.08146650461584	40.45286730482911	35.653159904672464
0.07100000000000006	106.27891419368041	38.085260005319	34.5991444208601
0.07300000000000006	-22.36034146207988	38.16830698166945	35.17579909601712
0.07500000000000007	89.33050116510799	40.20154011791233	35.61628774514849
0.07700000000000001	32.14317025190816	39.90892876101295	35.12271239736408
0.07899999999999996	20.342392084149452	31.744788948551893	34.863550122349686
0.08099999999999996	-15.630812391087545	37.697852093143354	34.236160526421926
0.08299999999999996	34.68796288275122	35.33399809337597	37.29832637730988
0.08499999999999996	-1.9582909734916498	37.402851323731156	35.10712289845883
0.08699999999999997	65.67092979437028	39.64605297799673	34.501197279616754
0.08899999999999997	6.930072681932131	36.91896509061631	35.52320538276496
0.09099999999999997	15.826387876449743	43.42014213632648	36.24813477234605
0.09299999999999997	16.02520092802706	33.06953945738214	35.831580372672335
0.09499999999999997	19.008722523583543	39.008245092958546	34.937872228985604
0.09699999999999998	42.66502789418425	34.56074113818653	34.502647812795736
0.09899999999999998	-9.792539788500143	36.43784500732619	35.35595368094405
0.10099999999999998	-26.04807386341612	37.30718051190111	35.5812040535026
0.10299999999999998	63.24287248693494	33.42217497651174	35.34234581311803
0.10499999999999998	11.063646582432085	36.099003912592714	35.10287846320448
0.10699999999999998	-24.68029997115817	34.4746928927832	34.754922889024556
0.10899999999999999	23.053235780112757	37.02668633123137	34.592561860684356
0.11099999999999999	63.93456106135176	39.74103986150894	35.945644890363596
0.11299999999999999	7.444296605596534	37.8764638808099	35.27034626438098
0.11499999999999999	20.389663998754415	40.06063085907282	34.98554870798774
0.11699999999999999	-8.354760280937512	38.897851561006135	35.65664734816315
0.119	90.83021495870369	46.78003744122411	34.75621423035251
0.121	-82.43808651631213	38.926478296465056	34.302226356802926
0.123	8.79687668975393	41.117206370280385	34.83328077683202
0.125	-9.74432139633219	37.60620978801277	35.419269205716795
0.127	29.443325308298185	36.80497653418225	35.494264775294575
0.129	78.64933378809447	34.52180718634164	35.62247617366907
0.131	-46.65728673780567	34.376493623893104	35.14870009135797
0.133	94.63767489559238	37.12566792600723	34.9818361102081
0.135	-26.468802241441658	37.18551696474228	36.053349109836226
0.137	-20.74707928267916	36.60552038641767	35.30948179142192
0.139	-0.6236676562965116	39.200576880149164	35.23174531954935
0.14100000000000001	-10.80301263622907	35.70456738072351	35.70652770992065
0.14300000000000002	1.1141948002002522	34.92554280322702	35.45439642591471
0.14500000000000002	-1.3093684800846717	35.87655809501022	35.67902408532176
0.14700000000000002	68.4210956618525	37.443098882765135	34.30239232914038
0.14900000000000002	-35.57312824575831	38.02914238475743	35.66828198305629
0.15100000000000002	30.781134530588616	38.75445794770934	35.877124622997435
0.15300000000000002	15.956921780579947	38.65103814428596	35.63367678682329
0.15500000000000003	-89.6377301968787	39.66342628961884	35.51177169554746
0.15700000000000003	-12.000760364117014	44.325057255631116	36.05466836551975
0.15900000000000003	4.091500331648845	35.39787354214954	34.64824928180852
0.16100000000000003	13.331454434162282	38.7375953155256	36.07634078222864
0.16300000000000003	17.638469028025128	45.32214272810543	36.2368441519385
0.16500000000000004	-91.15162561734724	36.564141093561254	35.91017554207109
0.16700000000000004	-56.36428929334247	39.907586147534005	36.19791756043527
0.16900000000000004	44.069262402857134	32.6902093155191	34.86005259484486
0.17100000000000004	55.230800831473914	36.91884865833484	36.00404767120727
0.17300000000000004	-8.555990210323827	36.273149001970474	35.2408332285017
0.17500000000000004	46.06107851246044	34.594123962475216	35.472606399528466
0.17700000000000005	9.687419787907103	38.396748911281556	34.126373015748975
0.17900000000000005	11.461622567709995	37.94109245641381	36.12490442223192
0.18100000000000005	55.80452464881702	47.68903579298089	35.59823677361253
0.18300000000000005	33.487289535116815	37.62269217129733	35.45367432596664
0.18500000000000005	4.084886403799004	32.42927801300268	35.69121225014432
0.18700000000000006	-22.792008947059017	37.682037506116004	35.66016025464364
0.18900000000000006	34.057569106460406	39.11678728025112	35.53983578633762
0.19100000000000006	-1.9332941079142074	40.65123461621377	36.70105510479416
0.19300000000000006	-19.001158375941962	38.71748442612476	36.03560545035348
0.19500000000000006	-1.9068733658755832	42.94609200689274	35.84979268706201
0.19700000000000006	-13.28727808969088	37.23775874020756	36.69402219525088
0.19900000000000007	18.594887637668478	41.01740407672024	36.07904086510993
0.20100000000000007	14.492413035194218	36.42835277030614	35.32011610573598
0.203	11.569163889557643	36.61247300619657	35.40814959114915
0.20499999999999996	14.01130894373992	41.00801940412071	36.08601882953561
0.20699999999999996	-122.51853911948717	40.654714965029314	36.82462938120875
0.20899999999999996	-30.664271989722103	36.301326964504014	35.173008239745634
0.21099999999999997	-52.64222758916137	41.16136544060465	36.54347839251701
0.21299999999999997	40.13219926513045	33.793796578458455	35.338417697263125
0.21499999999999997	21.101349521490675	37.47356782025894	35.589272134458554
0.21699999999999997	-29.707547221646813	41.00571877854514	35.49462761313792
0.21899999999999997	21.883977687542355	39.117903662523425	36.171384134792866
0.22099999999999997	-38.741296924493795	35.71599763087207	35.55882438840787
0.22299999999999998	36.61330320769984	40.274061672701265	35.88749770041316
0.22499999999999998	35.93606529239679	39.28016151681601	35.94732670258755
0.22699999999999998	-66.45912573743917	40.59426377756854	34.946160626443096
0.22899999999999998	29.05745078818356	43.22861439656229	37.33194700089944
0.23099999999999998	10.115048038050745	39.6451154117067	35.54525263008185
0.23299999999999998	3.867964719406203	40.1042518910307	36.16854702326295
0.235	35.86460600479846	40.19519780246982	35.96969713984493
0.237	37.379551128369215	35.41708545630373	35.8820698844996
0.239	78.70577822477465	36.27619965686417	36.001199582256106
0.241	18.002265929295547	40.8102102425335	34.93386390130265
0.243	-17.35194659591155	43.36158065282213	36.42270911862745
0.245	17.616760320970926	33.450809361727536	34.67249373877306
0.247	26.23088447606392	36.40935564610763	35.265602785633654
0.249	29.348231912029732	42.64532265996616	35.36011200041086
0.251	-22.40753512339211	34.36004105684136	35.48788364722198
0.253	27.452043978914986	37.446391386544114	36.6005405469025
0.255	12.620342695335296	37.717123750699834	35.427240322640706
0.257	72.18891516980186	42.76240800667146	36.27226544883126
0.259	40.84892113254135	37.324888701346104	35.17341225825636
0.261	-6.385080258519693	43.501169277408756	36.128669519081015
0.263	52.780524182338695	46.44731857427639	36.2325799024825
0.265	-62.04733596826273	37.31252862603092	35.200845429719514
0.267	117.48805231803772	36.50155801628044	36.091581844921095
0.269	-43.869283422481864	37.287884308228996	34.094784513257196
0.271	-13.363137049582363	35.31714417963673	36.95322253876483
0.273	2.8518563832680144	39.4968653735832	36.16076410136753
0.275	-20.33569632098331	32.99033383673349	35.355702146823006
0.277	26.282554769663236	35.33387407434585	36.101141639295825
0.279	46.229522064011874	40.96757669764085	35.85034796857639
0.281	-9.138300863242854	41.88993989435088	36.052547767433964
0.28300000000000003	0.30577143617094293	40.58108800101337	34.56525201725979
0.28500000000000003	-43.26578277080717	36.8063613887505	36.32488381761539
0.28700000000000003	-52.39794670608422	40.011015273051875	35.35159779991298
0.28900000000000003	-62.00184083049454	38.55558279669124	35.69884537239073
0.29100000000000004	18.700272345739677	39.33149088693948	35.473930822770605
0.29300000000000004	44.53884199495661	38.40504218477671	35.771298298933964
0.29500000000000004	-4.0608064152403145	42.66339945104261	36.046485370148375
0.29700000000000004	-26.763185989597815	40.712378304885945	36.1350509471793
0.29900000000000004	39.75275379008991	45.260354685836475	35.97320371116114
0.30100000000000005	76.16293180690015	42.40021314965818	35.48533838136942
0.30300000000000005	-50.21511216030117	40.6601583266372	35.92289646106088
0.30500000000000005	53.13550493002417	42.89805157372207	37.11460191571015
0.30700000000000005	-51.89529963278705	35.14865285123073	34.75455596472741
0.30900000000000005	-33.69196247715589	34.13049657162179	35.96330087121888
0.31100000000000005	47.872323430508956	41.83947838347256	36.37338998310926
0.31300000000000006	21.824123195512968	37.11299863425562	35.28204533612697
0.31500000000000006	13.95166645967727	34.83700317027581	35.95430656988544
0.31700000000000006	34.134547918673874	37.29922524579134	35.24330152455112
0.31900000000000006	-93.65304934716434	42.87761870346747	37.08041505843167
0.32100000000000006	42.5323318034021	39.81804105119774	35.2955357172717
0.32300000000000006	-22.767402323764507	37.76791322656587	35.329534812550754
0.32500000000000007	-61.12550278025708	38.94658732299253	36.82620740309051
0.32700000000000007	31.318194925855636	38.970900531090756	35.003103697287735
0.32900000000000007	-13.806556477424792	38.784106863920236	37.0189107417119
0.33100000000000007	69.44035637324042	37.79928533696638	35.00599800506161
0.333	54.32610507849489	40.88442276339636	34.560250618302916
0.33499999999999996	6.913169053879287	42.05660280890443	36.89266515069361
0.33699999999999997	-33.10234663278511	40.51174978074269	35.25765403230159
0.33899999999999997	45.58356006523212	39.0917430811156	36.502327987899605
0.34099999999999997	71.56561589916066	44.282810024676465	35.74295799830079
0.34299999999999997	68.00743860768677	39.41758402922645	36.702156958027786
0.345	43.30285305798043	39.04451102660772	35.44290850113678
0.347	-46.41693141793635	37.34894382737174	35.36232372869093
0.349	9.856031007560162	37.65814495412487	36.88011332451808
0.351	-34.972558470736104	33.429057058810855	34.83132913357999
0.353	19.253202273139536	37.29468018979338	36.333721187255634
0.355	26.89667915434235	44.30329481322549	35.59687596849455
0.357	-15.418158127666892	37.215271171250244	34.39552422557221
0.359	39.039425778986114	39.63963460014055	36.3646303953131
0.361	-65.72442393681932	35.087462624878114	35.54912644086714
0.363	18.319218385132174	41.59767295621117	36.11687393208532
0.365	4.864992234843157	38.68002078401978	35.972597154162855
0.367	-37.48496951039293	37.56168901434842	36.191620561130264
0.369	32.770974358165006	39.98453739416024	36.355438137168605
0.371	-76.34164297454227	37.64873016297276	35.55506761432483
0.373	13.60926254312389	36.376498811179935	35.86287306728795
0.375	-17.101773822081334	40.48467777349569	35.54892022187418
0.377	-35.78848807994639	41.883918955689225	36.38122215169974
0.379	-23.00487713724486	33.55910611032044	35.02118023281366
0.381	-36.16630334768445	36.96050246391538	35.01530919315661
0.383	34.447710689500255	35.985273392045094	34.69584975982133
0.385	40.97478061670934	41.06868219996772	35.49151416857432
0.387	75.23815526311317	35.474768284337266	35.81556285456912
0.389	37.12081858564531	41.09481267498407	35.817163255187474
0.391	-20.28080498273077	39.066073889693065	35.40967668694049
0.393	-12.597767388267123	42.79522525699307	36.08139963630958
0.395	-52.99411060100123	38.05339076197315	36.057494901836925
0.397	27.736805837674794	40.6189966311425	36.24669091189175
0.399	11.999944274032615	37.681562657994114	35.89088627705759
0.401	16.009581879306012	40.108236158158995	36.325847195769164
0.403	-40.04702613291666	41.01311224558499	35.325324618794305
0.405	-6.805680093813216	37.95330374474671	35.50659733409418
0.40700000000000003	-2.8889690156796988	40.430923329804024	35.85833873741921
0.40900000000000003	11.34289319915105	32.28406168813081	34.909720055238104
0.41100000000000003	29.30555213587205	41.34683735621162	35.64883805631494
0.41300000000000003	21.571339569259607	37.49445561147357	34.76622754456456
0.41500000000000004	3.63267005254464	41.56208460177084	36.870163418625346
0.41700000000000004	-9.247074699403335	35.38985530473147	35.961288282106416
0.41900000000000004	13.049867516823355	32.92408070508595	34.824974550060226
0.42100000000000004	-10.544208455143256	40.16456710942284	36.125404035354286
0.42300000000000004	2.8978310719907086	36.3880192413456	36.298949590568846
0.42500000000000004	-2.6755730708760694	40.000623342669385	36.0824052337757
0.42700000000000005	43.844993748543004	33.21753462848969	35.821242447891144
0.42900000000000005	27.85680161698778	35.463514237007644	36.35969219713272
0.43100000000000005	49.53153958386913	36.750093832781616	35.762665322780165
0.43300000000000005	-27.86230309081983	39.0262962563793	36.35497584067038
0.43500000000000005	14.593711099353257	40.817061338916055	35.91226816515347
0.43700000000000006	-11.480873987945728	37.77267448651075	35.07401290380217
0.43900000000000006	55.9097759600391	39.79177304341954	35.19435278918303
0.44100000000000006	3.349859524659493	34.45325121729638	35.50409736730307
0.44300000000000006	39.480435593652885	42.780178992878845	35.6283293747883
0.44500000000000006	-28.47413179862812	40.138359990314726	35.3224266662733
0.44700000000000006	86.02556489978319	39.26300599225808	36.35810556023203
0.44900000000000007	17.866810804179067	39.90918372356201	36.50378707307887
0.45100000000000007	12.35674726518532	41.48383769533238	36.21838926414723
0.45300000000000007	10.028482562596253	38.74868417768282	35.715846623704145
0.45500000000000007	15.492456247212516	39.83131533921683	34.99220744435241
0.4570000000000001	36.689498121855735	40.81260873515793	35.06907062210133
0.459	2.823583509004024	39.17008568878347	35.80323161059665
0.46099999999999997	-14.343042711639775	32.98043768856784	35.12591373393784
0.46299999999999997	9.957564049978274	34.80906776955978	34.75872599719882
0.46499999999999997	15.01490842326092	41.590862446675686	35.6352435241791
0.46699999999999997	-10.122042913396356	38.755962305515254	35.30812508274656
0.469	32.13867501994372	39.01226302201644	35.71336056746322
0.471	13.002371349379871	38.646506573795634	35.896957375414935
0.473	115.15171873655028	34.57791816541861	36.38399283385778
0.475	-20.635796431189846	33.3761704814195	36.43617415345852
0.477	17.70449126570206	35.82915911926828	35.7782018398324
0.479	63.5600411491577	35.48329030588319	36.38712689740631
0.481	21.221659148418226	38.74354831994763	35.53488939670831
0.483	28.095053513865764	35.43769778490353	36.43931428443682
0.485	-1.3192073571310914	46.210763780751485	37.54493504310538
0.487	26.961035000994116	35.49640809654946	35.46252158049194
0.489	12.221575534931972	42.83000892686392	36.5071939642723
0.491	-25.389798991248824	38.289802775953945	35.898323516748185
0.493	48.88877712927453	37.722796595538455	36.07914035015312
0.495	43.81902514927205	41.74507684511889	35.424832867038994
0.497	-24.578662892293934	40.26317874854355	35.79435683508036
0.499	-1.2065665631055822	38.32735796390252	37.31899707948762