-0.499	-50.60818491875452	90.74823043824172	78.74718859645452
-0.497	-17.161850785374355	74.50706171054647	71.04784083683336
-0.495	-9.568383831259908	74.93828292842015	70.54449352051205
-0.493	95.97831711039007	86.15253249103725	73.97608532157271
-0.491	8.75156003066202	73.044038782244	68.6320994438632
-0.489	-18.505003087754268	88.3840576761066	71.30395656014251
-0.487	62.50159932053023	84.81923554201886	73.57548538538032
-0.485	26.372266427987512	75.05558766312602	70.85625159993721
-0.483	20.78700899610375	75.32091329855076	70.89004807761634
-0.481	72.65736180683824	79.97832037459636	72.21354947488965
-0.479	98.22117554492138	80.52385639381328	72.55508586991394
-0.477	16.978337993966974	74.36870265168064	68.2262083940998
-0.475	-98.2956338853036	74.65851560285105	69.46993593555209
-0.473	-28.75518487444051	86.2940745416227	74.17389358332967
-0.471	137.81460394191038	63.49955793813239	69.25362432074527
-0.469	34.621664516176764	69.00499861631046	68.13949807771941
-0.46699999999999997	23.370952645151988	71.26294853271456	72.61605878415628
-0.46499999999999997	82.43703755383969	80.6199678608476	70.32832862406947
-0.46299999999999997	38.42472121395879	71.60378989732594	75.09870936993445
-0.461	100.51676846334345	70.49263308954801	69.90789097778692
-0.459	55.37589431026113	77.48963898784685	70.55392007633858
-0.457	29.015776813245964	81.2997599892067	71.89434654313361
-0.455	-68.36744028126951	82.22865047311059	68.79463148166029
-0.453	-22.205517848594702	77.5617604710779	72.18349802248734
-0.451	128.64765955078462	72.50965294787004	69.9306042865134
-0.449	5.503400944961712	82.99424655842996	71.6433974691968
-0.447	41.44773457093187	73.86091547217421	71.51436905842284
-0.445	157.46267719629614	74.07262417875354	70.03467735078583
-0.443	-30.933916643327564	91.83153059808336	72.22242417496409
-0.441	99.1613431571281	68.56328106856215	68.16778237123731
-0.439	-111.0289636956363	77.56924754476587	74.71279168056307
-0.437	127.45162368177354	89.18664904670328	73.20016200511259
-0.435	-21.634441494944312	70.13171186953264	69.60903704439725
-0.433	-62.56734545972975	92.86658365516062	73.57500037798127
-0.431	118.23167517599487	80.64118882123977	71.30165806859104
-0.429	101.16748018806909	73.86579014480286	68.7199778132218
-0.427	19.684610436776495	81.25412716163119	72.4176870800283
-0.425	110.15075091358462	68.55466743315823	73.17417427839297
-0.423	52.92394868283701	82.53093683533739	73.26633141054141
-0.421	160.7594058297135	87.279246718205	72.3706774101883
-0.419	45.11709265075936	81.76038114946172	72.8887363918728
-0.417	42.3374351479211	72.02175174200507	74.21527299625028
-0.415	68.90314693586141	79.16757941134236	69.00475569781554
-0.41300000000000003	3.0995852129400703	71.23608002576199	72.55554983733504
-0.41100000000000003	-52.44711467178309	73.57637135264416	73.72653999530098
-0.40900000000000003	-8.95956275692722	88.43668869484608	73.60496551332328
-0.40700000000000003	-44.002519410279994	75.12024057689221	73.99599902810134
-0.405	121.33529510061081	65.28017991410816	70.57349429970081
-0.403	-47.503704981743944	85.41129914341977	72.67333294272893
-0.401	63.57908937393297	81.50091629765772	70.53473198456787
-0.399	72.75119069860558	69.82962074747502	70.3532124575912
-0.397	-10.955460514106008	69.8839801580158	72.47763600947553
-0.395	-111.8591903317423	74.11039059532372	70.39121021764409
-0.393	188.39694511463279	81.67105309290774	70.86051835070485
-0.391	55.85347577397037	90.56780398539794	71.52385928052408
-0.389	39.91770402622663	64.03629626937676	71.35108765461686
-0.387	164.47148052645133	74.2218725476661	72.82251711843135
-0.385	78.46420153079237	76.4151970343474	72.30969090690759
-0.383	5.572720469304571	77.71135539486932	72.3833404017802
-0.381	-41.063713269062774	86.03728109246735	69.41665200392818
-0.379	16.586730901435587	73.38535032527302	69.17756384645631
-0.377	16.388633201191993	70.25203812169401	71.17263736830442
-0.375	112.55567054546667	80.318882752229	68.38002371484887
-0.373	-44.48346711605211	82.08495136421809	70.4488789370786
-0.371	37.44498231417204	76.58759187580867	73.66474961502401
-0.369	-18.41954116810207	93.84002539621562	70.01563967717486
-0.367	57.039731946595396	77.50027237716955	75.05896405447815
-0.365	-9.250932051618754	75.88890472639054	75.32299701911262
-0.363	80.2173278109386	86.76634804251763	71.22341514190713
-0.361	-93.49573661732168	82.38495026394462	74.1766329077735
-0.359	-35.729830163755416	89.80437085640004	69.50027974674607
-0.357	-149.50578535344317	72.95413804099961	71.86710115572126
-0.355	-97.87961987395289	85.31937110330335	71.36001444575102
-0.353	-17.35129956526027	72.35240499088222	69.94748831804579
-0.351	70.76931725369384	92.92943250533206	72.7741083165786
-0.349	90.48110683074206	66.90907535055464	71.79331971041876
-0.347	105.63043190603416	76.3884747998058	71.22308678881171
-0.345	10.854746076205402	83.1046183544314	70.90730380314564
-0.34299999999999997	101.21676682395275	82.26870674226016	71.4785872568365
-0.34099999999999997	-151.9735984947257	69.75678811661216	69.89932764782755
-0.33899999999999997	57.40710086232781	80.16778346454585	71.49759168029567
-0.33699999999999997	-95.51340689428756	82.82284986671412	70.71950644805774
-0.33499999999999996	84.75665088281126	75.44134885890726	74.60436470851282
-0.33299999999999996	-28.983844296615047	70.78872970874882	68.34135715852749
-0.33099999999999996	113.04641804721349	84.87578376175298	72.90068164707354
-0.32899999999999996	-36.25555772157618	78.36978226093387	73.03404311113749
-0.32699999999999996	194.23072246094188	80.87271941984557	68.13434370532741
-0.32499999999999996	19.51749509365719	74.33270112926552	71.65362136884895
-0.323	96.20919927955107	81.7485319250712	72.06284054551837
-0.321	-29.51748598611914	86.38266902761403	71.41371506226454
-0.319	-154.1813198792097	94.7170843321461	74.1175055379987
-0.317	8.797898374046653	77.7238882346301	71.03880641176218
-0.315	-42.7798144234659	79.33163276504932	75.1521331891805
-0.313	70.96885704038769	70.13276025963752	67.87163404830017
-0.311	44.28123991928601	86.64148588851982	73.34006414555382
-0.309	26.48247614356336	75.90694578137467	74.26633421640732
-0.307	79.81035735027397	76.30530087101724	71.15109899571932
-0.305	-142.467913187061	79.9690421722517	73.77587263713716
-0.303	-17.164499379940246	78.14527792280721	73.54297772849613
-0.301	-66.17056785862552	66.35011766406016	68.24164457663841
-0.299	21.302587918325955	66.11219547556782	75.86490315336933
-0.297	47.04130697463782	80.15673229476704	70.3569129870188
-0.295	-175.78074814139643	72.69836988944964	70.59019081157503
-0.293	92.62541143462144	78.57949052641617	75.04995292334483
-0.29100000000000004	-83.2394096662581	86.05687649362334	71.06859908158674
-0.28900000000000003	64.6045134635731	77.38375356298447	74.60520498575347
-0.28700000000000003	180.7141599399209	71.29434358049515	68.96614797400045
-0.28500000000000003	-14.766069878935362	90.37362383696103	74.51901936788384
-0.28300000000000003	-84.65067652363433	70.21410133521245	72.42207903615254
-0.281	13.817530193582783	74.65291687573476	68.28534816597688
-0.279	-30.573089248697727	94.06795181131554	74.35445046727591
-0.277	-15.673819691031099	75.18831961660233	71.4636643770943
-0.275	-13.048093725820387	80.90901127777076	74.56052893535188
-0.273	-52.11607773403237	89.25505616018866	72.22556347092203
-0.271	157.27180195335143	93.06414046589649	72.6149577759919
-0.269	120.99871258941519	88.5541935807442	76.58431795864634
-0.267	78.88285713142373	88.78836444865544	70.1635207462857
-0.265	105.24421845059528	74.97025014631356	69.03443326732865
-0.263	-90.77447836713937	83.71537473565314	78.54828973478666
-0.261	72.27957666033902	79.70521378750405	70.20834851988396
-0.259	-52.63842192415602	77.51174709320138	72.86134642291829
-0.257	182.10568202658982	74.24895373746226	73.00666521523901
-0.255	44.32731118653166	73.2255328138845	71.1378631238206
-0.253	15.99391771778258	84.36878353131684	74.29521706344353
-0.251	-4.718518081592293	64.34135314159425	68.59820156470087
-0.249	-7.051664429380544	85.89956938692427	73.58706563965173
-0.247	28.908691739548686	84.89071675851865	73.5475497170088
-0.245	-23.803818137380084	70.17966724221635	68.40599420283192
-0.243	61.512518197526234	74.96334131294965	72.73075919097936
-0.241	-14.111832727592422	85.79361893811438	71.84674399773708
-0.239	-15.3793788342238	86.85764155943492	71.13378398285366
-0.237	62.84627892538808	81.60754246435695	70.14787283090948
-0.235	-49.474098265056554	76.81233872256868	71.42416397125267
-0.23299999999999998	68.88206700694788	80.2819785058354	75.42128126840095
-0.23099999999999998	96.82456129911365	73.03096436943339	69.75985122933807
-0.22899999999999998	94.8425311273482	82.54607520868755	73.25131392566965
-0.22699999999999998	36.15388550048948	86.09280690367194	73.63615618539042
-0.22499999999999998	-20.19317005708121	80.65752202291137	68.42533206011261
-0.22299999999999998	94.65640977679435	79.42857943943194	71.84050227108474
-0.22099999999999997	90.21460199476472	71.08698759726457	69.69816823641003
-0.21899999999999997	-107.48228223678157	71.22456258571037	69.34681731338794
-0.21699999999999997	31.865593914659485	96.45472694026031	77.91424393104278
-0.21499999999999997	24.436528168969573	67.11748820911193	67.71178335367986
-0.21299999999999997	-6.680336240738605	72.73291578943139	71.75936111009763
-0.211	97.96698797215342	73.64518518445362	72.9226907970009
-0.20900000000000002	64.93638300519855	81.63743924955232	70.01332919720997
-0.20700000000000002	13.015450251119276	92.3693989997852	73.43180695221587
-0.20500000000000002	-136.04647406650906	80.91437907727857	69.14603365732273
-0.203	43.86858353777612	82.18127418215684	74.2655369402528
-0.201	28.15846209558437	76.70733019729691	72.73942491308215
-0.199	78.07131362769226	74.68248867464328	67.9339502575541
-0.197	36.63634497708124	82.4808452956386	74.70084076749603
-0.195	12.312982918594173	65.10772854794472	71.60278211099234
-0.193	-0.5824841528001556	78.79649498075418	73.86283311291875
-0.191	187.48171108162737	75.37865040504724	71.47501184129614
-0.189	14.89967440448936	78.59056048788555	71.70627113771688
-0.187	35.11821482637956	72.65527190637377	75.52261714216013
-0.185	19.516456128521043	75.6110085529456	67.55283491210766
-0.183	-135.6038583328889	80.71060502595947	71.03844446070059
-0.181	-35.417446838548194	84.15366537881502	74.06297700367269
-0.179	-51.95162552362742	74.1435307462451	68.42674216557101
-0.177	15.151196649076937	73.23620064315098	70.06374481348671
-0.175	12.26708776469465	68.68121999600919	71.27562382027283
-0.173	97.32034999432315	79.10503893428698	68.55843842055064
-0.17099999999999999	46.55932405661645	80.76835096384626	75.94992903095117
-0.16899999999999998	-10.06307924655836	72.24079116380175	69.80087903459747
-0.16699999999999998	-47.74140899210799	80.65407164995743	71.14369779301057
-0.16499999999999998	97.18086548926586	69.46146563574605	70.06493247214412
-0.16299999999999998	14.954983944992506	80.96836205440319	68.3427280424955
-0.16099999999999998	103.13687561636087	80.64105456197348	74.81597267877909
-0.15899999999999997	85.65685478911789	74.31559073148945	70.7305549515155
-0.15699999999999997	-56.739340709044406	70.18732568889229	71.40550703222442
-0.15499999999999997	2.085480433233755	82.73905495591438	70.90755854791041
-0.15299999999999997	15.98163498384153	75.73381782150396	69.05036795379671
-0.15099999999999997	65.36462579931346	74.33720832063936	70.958964439321
-0.149	2.5991780989720326	85.30701530785937	70.71331231926338
-0.14700000000000002	-81.00578501779587	95.20334064025957	72.67177005447938
-0.14500000000000002	1.3214234115821455	69.80378938961977	72.02366274058488
-0.14300000000000002	-27.373394201335444	71.32941089307464	71.00423826006813
-0.14100000000000001	-22.482291206826766	81.49484261634254	76.25450876323382
-0.139	15.160645128631245	86.99689046155721	72.10065929581386
-0.137	53.48035490970737	86.98666968003262	70.83993087331534
-0.135	-33.05330352187941	77.30519980014617	72.13098400241194
-0.133	30.894626360078448	74.0487705995591	72.35822991514112
-0.131	-111.26079381695853	86.29843836417659	74.13299953923637
-0.129	127.56372813371719	69.46470337606125	72.28154783039403
-0.127	-0.744604214064637	83.93205154412492	71.627858259107
-0.125	3.877425914344812	89.60679160022943	74.42433361601677
-0.123	95.71572731159605	77.34054039032185	68.09722455660416
-0.121	78.31685397152732	72.37203787760525	72.22710518597236
-0.119	3.460768620788812	71.88439839991123	71.2328211973387
-0.11699999999999999	114.65499492713249	63.429214420805984	66.39028202340171
-0.11499999999999999	232.7035084326301	83.06103976640222	74.1280794426932
-0.11299999999999999	5.758764359153901	75.89385830827203	68.61509264655041
-0.11099999999999999	-126.7112249363489	78.04145703855761	71.76857231689176
-0.10899999999999999	166.91243240796183	71.19390331928213	69.38880988083837
-0.10699999999999998	67.86901126365485	74.25677230754984	71.01074910538303
-0.10499999999999998	-2.4213182275856227	79.55765660194123	71.34139151562331
-0.10299999999999998	3.1499113637423193	72.85355962019645	71.56113857837569
-0.10099999999999998	10.916860832654862	70.76672258765579	71.35576814127668
-0.09899999999999998	140.26972606395736	77.49137105200639	72.79306422824799
-0.09699999999999998	74.85600673429182	82.46843579195095	71.36333569079244
-0.09499999999999997	119.67568894233338	83.13143656912972	73.96524721035318
-0.09299999999999997	5.418895534292645	84.20261584935832	72.83086979896528
-0.09099999999999997	72.89331434257029	71.9506867002022	70.6449074311631
-0.08899999999999997	43.40427732341112	73.37602524925379	71.74245638966603
-0.08699999999999997	57.791364498571696	68.55961727448016	70.30655344282906
-0.08499999999999996	26.102722647580734	77.72793478030809	70.10942582508478
-0.08299999999999999	206.886545543572	80.84400971203006	74.073639929439
-0.08100000000000002	12.672943333846831	85.32200690457776	71.42451561080485
-0.07900000000000001	70.34046445131281	80.29836737047412	74.75932860255531
-0.07700000000000001	77.5059315154536	66.05303909897307	68.369758783325
-0.07500000000000001	16.27328902276126	81.94597497355754	75.9512647867396
-0.07300000000000001	28.49245902591946	84.12672378111884	73.15447206708271
-0.07100000000000001	27.169821239292347	81.9591966729493	70.8003051324004
-0.069	-91.22316729004432	75.53652591726365	75.36110685721232
-0.067	58.49979032968022	69.61532011921634	71.32082680259701
-0.065	-101.08934365216093	83.91271896217934	75.44634405692675
-0.063	36.61669433197012	69.02511536525593	72.57937703587488
-0.061	-59.42580836459932	79.44096409684202	71.22762243404723
-0.059	-53.449659932591764	91.45467447930996	74.80666748550694
-0.056999999999999995	115.33375869010598	70.44779447409901	67.40371775293377
-0.05499999999999999	-18.563969397922264	70.21463735003621	71.46888156065073
-0.05299999999999999	61.37916099380192	88.48275032808567	75.84280673428991
-0.05099999999999999	119.05092754549429	74.14071633726236	70.62358824505712
-0.04899999999999999	-60.31012415941284	87.76503662062609	72.03853631668741
-0.046999999999999986	148.89909505555465	69.28881997961456	72.59190310775125
-0.044999999999999984	76.17062214460013	77.39585339619687	72.03143992227278
-0.04299999999999998	39.349043026604136	75.40121415539998	75.09270056573162
-0.04099999999999998	87.25734809100771	72.92130322428865	69.61296245422535
-0.03899999999999998	-43.61035765365617	77.25535256393395	74.15143617319801
-0.03699999999999998	75.68298742177682	73.32067085021423	70.94846677685825
-0.034999999999999976	17.635946655492063	70.72790606811598	70.25880389820554
-0.032999999999999974	-45.582213595962706	81.44776799085119	73.52210096168282
-0.030999999999999972	142.29077773864063	74.91311434988873	69.37738007224593
-0.02899999999999997	-56.70489110987109	83.15768437398476	72.96727432868029
-0.02699999999999997	117.58026148589451	87.5834720695337	75.98128821414365
-0.024999999999999967	38.02741579739255	71.21916723342251	70.26024024464205
-0.022999999999999965	-99.8441394919336	80.35738864382999	70.6425143398164
-0.02099999999999999	7.304814764186318	63.50256184522443	69.71992793554662
-0.019000000000000017	92.62441160995394	81.10060594233393	75.74890484975207
-0.017000000000000015	-7.348778706894876	75.00421724092357	69.75591280972421
-0.015000000000000013	-42.631227815670414	78.85025926630834	75.20306871015056
-0.013000000000000012	-789.8496652366526	97.66652359755251	73.76314135989448
-0.01100000000000001	-2463.952292380167	103.92454635979253	70.04454702176345
-0.009000000000000008	-4366.3348878797415	102.8137479234893	69.66565903240831
-0.007000000000000006	-5297.14578966023	78.83584145139788	73.2462086120791
-0.0050000000000000044	-5891.98311991923	73.04380506703674	72.36585003861536
-0.0030000000000000027	-6208.284401020947	74.86469607017098	73.10770855205345
-0.0010000000000000009	-6078.86315772066	73.2214851417622	73.48774817411066
0.0010000000000000009	-6119.117478764258	92.65254630951942	76.09028840052163
0.0030000000000000027	-6066.170521548786	98.1194498181422	75.24466883188069
0.0050000000000000044	-5870.398423818979	82.44755273450501	69.68461391821805
0.007000000000000006	-5323.939989684612	89.44553433778964	73.62126066407068
0.009000000000000008	-4469.592158384384	115.69105158744918	76.17441149640555
0.01100000000000001	-2564.7758307525414	108.43302397808306	70.84091314058045
0.013000000000000012	-862.390649748912	98.71409471700541	74.41742511279323
0.015000000000000013	29.065210850554024	79.37947725038441	72.19176465420686
0.017000000000000015	42.9441078773074	79.06226190406733	73.35830705435889
0.019000000000000017	63.26002451984003	76.29904503345941	72.90636962356612
0.02100000000000002	41.62893316794758	79.4420961343891	72.4259811141045
0.02300000000000002	30.46705510101333	83.28910976701924	76.2248254259641
0.025000000000000022	8.551256960309672	71.12902134958097	71.78641724663763
0.027000000000000024	-75.67532571295388	77.50591751415092	71.946686164739
0.029000000000000026	229.72131611576074	79.84352174980886	75.93712914011086
0.031000000000000028	-86.8644487284076	77.90595483051419	72.40272726950879
0.03300000000000003	-121.90271904899407	69.85414532398168	78.22273350882254
0.03500000000000003	25.812487954857133	90.61502538653703	74.21294488141348
0.03700000000000003	10.925144328766123	71.7225650740344	70.81967160625011
0.039000000000000035	-47.35730973892682	65.80532796297815	72.82395153753863
0.041000000000000036	-83.36885581117227	79.95554659106455	73.10298746380818
0.04300000000000004	-1.0794745781694814	77.20918519223635	75.09699109505392
0.04500000000000004	-44.004020147259126	68.79277577391164	72.5564279247375
0.04700000000000004	-1.0958244295311559	68.83196738077974	70.7281615971957
0.049000000000000044	15.828751304791666	83.26111623226038	71.87508623295771
0.051000000000000045	25.416870033545536	80.07531231639116	69.02674965449005
0.05300000000000005	-149.31796415018627	89.26249615641498	73.25659314881105
0.05500000000000005	38.83159378070822	80.33524597567542	73.67712710335157
0.05700000000000005	32.97075677810568	85.44757757199206	68.13200325671302
0.05900000000000005	-68.03178080228011	74.45790961709078	74.27256456082333
0.061000000000000054	51.158116908256446	77.3157404973108	72.7320749768503
0.06300000000000006	-81.37406155761528	79.65882990347266	73.4928576127862
0.06500000000000006	-5.901640831140753	79.61895723998491	70.01586106658306
0.06700000000000006	56.367183872030324	71.53778314943082	70.62088188029853
0.06900000000000006	-19.578667962316665	68.09573103854711	73.78262590919829
0.07100000000000006	-35.92547281550118	65.15911532605215	70.60223630854814
0.07300000000000006	-11.22869026770612	73.803740012435	72.44010882141032
0.07500000000000007	132.39510370710582	79.14416340251258	72.13880964854003
0.07700000000000001	26.901042550653287	81.00709232815416	74.20340337123388
0.07899999999999996	-1.701669965270547	85.41060237513967	70.38134273521126
0.08099999999999996	209.48965917955144	89.63868435200494	70.75893351564476
0.08299999999999996	16.525583506066255	79.82316858564779	72.37664749964934
0.08499999999999996	11.397241746813336	79.31780972043798	74.03011539830142
0.08699999999999997	143.24040979851736	83.9723096916649	73.95346001167128
0.08899999999999997	24.603024586955513	88.59511402849628	77.5365628179259
0.09099999999999997	77.53112804764761	78.93099540847261	70.08444900807072
0.09299999999999997	16.517906709534458	80.10841395725717	69.78410876797601
0.09499999999999997	62.397538161729216	81.51488773140576	73.99180476216796
0.09699999999999998	164.57456366181233	78.34222515725104	77.32664266701606
0.09899999999999998	100.35053205026401	72.83841119141621	71.16551483213198
0.10099999999999998	52.471106146034785	77.1475994303172	71.84798044355342
0.10299999999999998	-95.19758477860574	75.63763250702212	72.11058625143396
0.10499999999999998	95.8597584945764	77.62566467541147	74.22965687176827
0.10699999999999998	46.55568502975882	85.87416664085872	73.7595027489857
0.10899999999999999	-62.209594173689986	87.30054804806363	73.87298614558547
0.11099999999999999	148.4815414227736	81.54153585715419	74.40674343052224
0.11299999999999999	58.55135192178729	71.96035784598607	72.91590301079499
0.11499999999999999	0.24143549848254509	90.47797867859143	74.38559836585905
0.11699999999999999	9.88921883249283	82.72018290110462	73.91640380444406
0.119	-10.659759461351115	70.10997764384196	70.52556534013866
0.121	48.17036351756343	89.27651229624915	74.15077560020273
0.123	-64.00571102138653	78.33724470736801	72.05957194084127
0.125	-29.531358169965216	84.86263838460216	70.8539460725667
0.127	205.34317939691073	80.12339751382882	70.9132915280923
0.129	52.17097404486282	71.24900609681386	70.11159347110205
0.131	161.32608438779172	82.88766680584223	74.07429960407657
0.133	90.89657048044764	80.6834160684895	73.15306123971195
0.135	-48.09930039484378	78.03653703894459	74.30699364230351
0.137	32.90091752528035	87.64337295664657	73.85650940536031
0.139	41.36340345239908	72.54011335338716	69.1018876936652
0.14100000000000001	75.85936915588398	67.02460702144344	70.31874308007502
0.14300000000000002	3.4855776629427737	81.62778815078596	73.36113235233913
0.14500000000000002	-76.80085246430934	64.47951417810658	74.13052939700648
0.14700000000000002	117.98126635209627	68.43731309581928	71.86758881654632
0.14900000000000002	-115.6471645482604	86.91792060398303	71.33830863808828
0.15100000000000002	-85.60159986148452	71.84083195918387	76.01776185257918
0.15300000000000002	-16.84898839660054	84.08312290845234	69.49810768495165
0.15500000000000003	91.55068559474344	73.22570098096827	69.48317114229428
0.15700000000000003	43.13283904999743	82.57424649094962	74.52928631266738
0.15900000000000003	90.60631166790678	94.29661828873266	72.50488418525309
0.16100000000000003	-56.457992943959034	68.6038767868961	70.88900134301807
0.16300000000000003	277.6822980934401	78.71890072738549	72.4773150670094
0.16500000000000004	77.24821285592931	86.60985975884057	71.44142733544612
0.16700000000000004	4.9301107254429155	64.738376194798	72.48019086827387
0.16900000000000004	72.43425832048622	71.99442979869016	73.10649977494202
0.17100000000000004	-112.43298387497714	78.84048213105265	72.77371671736313
0.17300000000000004	224.40401378798214	84.16498776083962	72.03517605622596
0.17500000000000004	71.30053798132252	82.87784749688976	73.0405935707049
0.17700000000000005	78.2299556016941	76.96220773339674	74.9743707573925
0.17900000000000005	-77.94581648479237	73.70336741941387	70.41080366772417
0.18100000000000005	19.93235802411064	83.13341269378422	75.27351567494344
0.18300000000000005	29.385119658886794	61.00790357555435	74.52276138971325
0.18500000000000005	-29.686430653153018	76.01125625636365	72.20175938022277
0.18700000000000006	11.231117839738403	88.05087157936276	76.34694468025162
0.18900000000000006	73.22697719436277	81.60124134355884	72.80738897023397
0.19100000000000006	28.524627954107373	86.75528495634781	73.669111160759
0.19300000000000006	121.84676867299515	89.90392842945226	72.01151687157231
0.19500000000000006	-44.955798391699275	76.94495008658131	73.47760982110573
0.19700000000000006	238.53603556922565	72.63377606004516	74.16927900423234
0.19900000000000007	-2.1598327208938173	87.74204006686833	72.73337504440833
0.20100000000000007	97.72636447213934	73.61285484905767	70.97134039239937
0.203	100.00394848863614	79.3457071834653	74.8751344773295
0.20499999999999996	95.56384849385147	77.4384325785809	73.28135435740408
0.20699999999999996	-52.83454588078662	79.16449292513785	70.9467858838034
0.20899999999999996	23.72914460591069	74.95074827739779	75.35230992964911
0.21099999999999997	182.45721768717084	75.84165945304306	74.08027620233048
0.21299999999999997	143.51545454860394	91.92769347561521	73.37560320573017
0.21499999999999997	166.92556994102324	77.9102256449967	73.59439179680106
0.21699999999999997	49.62954944520703	84.8415003807364	72.05471190070392
0.21899999999999997	48.576350770490606	90.25267989978882	75.78633444181095
0.22099999999999997	28.059077535225185	77.34878468946106	72.05496621246591
0.22299999999999998	56.83616082063914	90.41784978256169	73.5821976689636
0.22499999999999998	29.807939845527542	70.97381331948172	75.60668061703615
0.22699999999999998	18.058857085501145	92.80567074299452	74.18730231626041
0.22899999999999998	192.39634121648308	80.17619623622481	71.8158521890018
0.23099999999999998	128.9037045750785	75.8535434820345	71.63470164929507
0.23299999999999998	182.5718320997982	86.7195865525688	73.41566568436606
0.235	-103.40079245763079	78.20443414441353	73.65690375948904
0.237	-99.77969943941733	72.55736115013022	71.78112982481039
0.239	-106.71093243719287	73.01391548444468	71.0435795597826
0.241	136.17022437584225	63.52756050910634	68.93966597854617
0.243	33.9799778048544	71.53338743034314	75.61908536728778
0.245	-42.776466933625024	80.72100442694038	71.30073363418826
0.247	31.405943343054687	79.50205587203416	70.70900527658854
0.249	19.86995136604719	82.03711543636122	73.51283148012185
0.251	-69.10685552996566	93.88839609552406	75.12202124661538
0.253	30.94958974969586	68.15016158453678	70.86582392630287
0.255	97.8789575383221	82.11245091942263	71.60153420381509
0.257	-40.94812695287775	82.22572546810984	76.8344596520631
0.259	106.24527576852394	83.92020692955786	72.56602145980831
0.261	30.485588141671016	81.23243843273474	72.65078056675064
0.263	134.8379686101353	80.4626159711937	74.30541390375907
0.265	170.8357355365564	90.97969403209697	73.55566711259567
0.267	153.36259250542383	75.68032580203779	70.54334219935073
0.269	116.74715928178259	81.70305926701616	71.52444517841738
0.271	-38.58564596570524	85.42516796974654	74.79279287867867
0.273	150.94814538163524	87.3239443577082	71.8904266726478
0.275	-74.3753653963397	71.57369805207288	71.15994465289423
0.277	-150.02998238689003	80.67760258061723	78.42265918474956
0.279	-19.76017475580072	63.40216359454476	72.74601070514649
0.281	127.46883536318698	87.80577190051548	74.35779049524999
0.28300000000000003	112.3479577691544	73.15381693558481	71.32355777056246
0.28500000000000003	-49.61931104086048	86.21010889951836	71.81162423668427
0.28700000000000003	146.34450176198578	77.72799939437559	74.46788388783442
0.28900000000000003	-10.710674599012648	86.31492378111145	70.04376270921031
0.29100000000000004	-18.483216266851343	81.7392036596657	75.43285925255991
0.29300000000000004	-28.47004644590534	72.90228606325988	72.46801650616729
0.29500000000000004	-4.278475849162078	71.30056740310921	71.68677418294321
0.29700000000000004	151.64161015479573	79.59109268227645	75.57688524652657
0.29900000000000004	-7.346366691307615	72.33979177121904	70.46177818614368
0.30100000000000005	114.03940471743645	78.99345218117249	72.33229793478472
0.30300000000000005	11.20211185234865	81.84884192890124	71.58844895051453
0.30500000000000005	122.73494928782824	90.44004288179259	74.37755489772209
0.30700000000000005	-122.91317242885125	79.26806698720846	71.57578583473847
0.30900000000000005	-137.48184703399335	94.5650153382995	78.9278132641729
0.31100000000000005	21.235769271266136	69.19470597764733	73.15100658627247
0.31300000000000006	-27.25825568727913	74.80485753337575	70.6488884332034
0.31500000000000006	16.305154688422974	67.06086047883613	70.2933190512226
0.31700000000000006	-34.28104523595099	85.16440754412977	76.21552879162765
0.31900000000000006	106.61286842483797	76.48207228553348	70.90056439035143
0.32100000000000006	11.928832173380144	79.46992247002112	70.1125705579357
0.32300000000000006	46.20037305569369	76.38974540494814	73.83674349163944
0.32500000000000007	21.090502500209496	66.54353965339962	70.2461894497609
0.32700000000000007	-11.511726460744498	78.2910093012527	73.7014130386272
0.32900000000000007	46.43870994902599	65.51679178689248	70.00956137068373
0.33100000000000007	22.93468423908429	80.52330352993194	73.2687714922281
0.333	9.04009843161191	75.92805495594183	72.93224019353887
0.33499999999999996	55.55389118905296	72.64747331178695	69.93363735252053
0.33699999999999997	-56.4747755626982	77.76624301449472	71.21286737344109
0.33899999999999997	96.60960279056496	80.2621944156389	73.89362002595023
0.34099999999999997	41.303453631513776	82.08473729399239	74.33288112678581
0.34299999999999997	15.588455714699023	59.99600796315397	69.51674643226224
0.345	74.48827193012875	76.2413042679228	74.49233964923025
0.347	-8.119319987565099	80.69865659312663	71.58409486212321
0.349	-8.837167393416223	83.68092672726951	73.95347776457167
0.351	7.647233303265111	91.60505274886414	74.30879494571768
0.353	22.897540561173102	77.2386493515942	75.42230747431049
0.355	41.568099075961484	90.38861460342461	73.58423057324998
0.357	132.21564515686345	82.96027115446289	72.45783359499492
0.359	114.76415195210699	80.50621961305855	72.50448591870716
0.361	9.064650712931055	84.14155542341989	74.12083656933102
0.363	-56.14996168379349	91.0777797938276	77.9540449100338
0.365	34.90089932278728	69.37187500446932	69.86124703791954
0.367	-37.03650834718797	72.64356066415482	71.26145102342866
0.369	16.206488934855656	83.03895319276312	73.08748351851963
0.371	-66.10816119534402	83.63427282259667	72.81552011086595
0.373	112.14067883691392	69.64830469107535	73.06284141229965
0.375	63.687734437545274	56.596413172587496	69.72585999953216
0.377	129.20360288193322	69.32847042932524	71.64668066417062
0.379	-10.488295096089395	82.47481422498825	75.43169812089116
0.381	-70.56425482299122	76.40451572042751	70.88316284027279
0.383	86.01034608601843	76.7071758460573	71.32207955116509
0.385	-19.86776664586465	71.17030528724662	70.66954515696182
0.387	203.88770250723275	81.0160249955171	72.57150560009603
0.389	-17.03340141345766	84.00455988987359	70.95901206952918
0.391	70.48569070611244	80.89388654393409	72.82081917050384
0.393	44.928344169470336	78.1388110948871	78.80859682566943
0.395	42.772675364677326	89.17978289808954	70.62026249538074
0.397	154.9260930135965	74.63769499636896	68.90018679542526
0.399	19.91725592476179	82.68434420850004	77.4501549433556
0.401	-126.9098539984359	74.28998538738608	70.79435329661092
0.403	84.17565998564136	72.12219638142516	71.41643874484146
0.405	151.17762240346445	73.2124276329904	72.43649584716428
0.40700000000000003	0.9703531800298038	64.79536947995528	73.94877360480993
0.40900000000000003	-16.021465399806978	78.42388540547246	71.63833064808652
0.41100000000000003	70.41007086572293	75.32863469013388	69.15474427588673
0.41300000000000003	66.3437106074305	81.00462276847901	72.04246843935267
0.41500000000000004	-13.79710355287056	82.79650699768392	76.32591098567735
0.41700000000000004	61.9717872663017	75.3366274863185	68.21069296374544
0.41900000000000004	-48.67416483989029	72.28341773743054	75.70661044339508
0.42100000000000004	17.271942455820977	75.99627888058824	74.53658334702324
0.42300000000000004	-31.75365608931724	75.55389656182697	72.81877890694896
0.42500000000000004	54.12184707020984	78.75519279939283	73.06645666173178
0.42700000000000005	87.17741602715101	77.53788482705819	72.8762419045197
0.42900000000000005	166.50219461245007	81.00382514009009	70.15740737416884
0.43100000000000005	55.39586011304998	79.36015157059242	73.88364046626144
0.43300000000000005	72.35512176029246	78.48911231218044	72.50199456015233
0.43500000000000005	147.16511354140317	80.21689035684622	77.25244884353675
0.43700000000000006	86.27073116085349	76.99585283261958	68.81395173361797
0.43900000000000006	46.80721425165402	82.67680791009204	72.9396169242735
0.44100000000000006	140.40484898614204	87.77361346246167	70.29459188462222
0.44300000000000006	79.89090115434472	65.64223970577083	68.54616347018641
0.44500000000000006	45.986350613036464	82.77004879917222	72.72466781993108
0.44700000000000006	-156.50414709778016	88.23902765375011	72.3220468190846
0.44900000000000007	51.005012772442626	84.3100968325305	71.43942817712293
0.45100000000000007	61.869483339638265	86.7509104621812	70.86367176876412
0.45300000000000007	-51.058900500500215	73.32325966499062	71.89641568683597
0.45500000000000007	-74.25212020772953	81.7505333840684	71.95469210965577
0.4570000000000001	59.17696162449637	76.82921113772925	70.40452613732911
0.459	-4.02687273171054	77.33433808380421	71.49641384194344
0.46099999999999997	162.566476660464	78.0189846881698	75.19288386300597
0.46299999999999997	81.88634511174797	79.3393556741016	70.99893967465296
0.46499999999999997	67.10134647769372	79.46386522741754	72.53752994997103
0.46699999999999997	29.56025203726398	84.2568070710651	73.40762523605716
0.469	-135.85721988262912	89.50637122830008	74.646623242756
0.471	21.113849856480016	80.44713985476388	69.5753335139406
0.473	-4.463621157246855	65.38593227479556	71.183755785845
0.475	-29.868991028303427	70.69321439104618	73.6335236460669
0.477	66.90136534714952	77.2230391460997	70.37385409294232
0.479	19.726523938112805	82.98868831957525	71.8985528267936
0.481	122.17399492508996	77.07172096850954	75.48673063716873
0.483	83.94647432519164	83.04213928211311	74.41754065862305
0.485	-111.49766000950746	75.10838797709823	74.2231182325748
0.487	-18.78344644234975	81.63291355514029	76.82580239465362
0.489	-20.63590289347328	80.56425593149007	72.8495581294571
0.491	-149.3625758896	80.93675865327323	73.95264921048165
0.493	102.19965780033924	72.44295992947899	71.26137044712469
0.495	64.06541872561178	68.29041588564289	71.16770558074654
0.497	41.93015157838431	71.58671601786617	73.47157541164086
0.499	-3.386472946398378	77.72647436542472	70.77989207050555