-0.499	41.119534830436066	25.53454042146534	21.43381680969668
-0.497	25.223803653773302	21.48658559184182	18.43016580201204
-0.495	16.503111766708045	23.25665171385586	19.313224395089595
-0.493	-14.857400318479819	22.579957202962184	17.72357468331462
-0.491	2.6274435180884126	22.313083728971545	19.1220324157011
-0.489	-1.3468443899045113	24.039610111147965	19.04859012605843
-0.487	-2.488977247638857	21.193624503601974	18.807686092920676
-0.485	31.60581055872136	23.03375853202953	19.72833459788747
-0.483	5.865628916357224	20.437239717773124	18.170159816384718
-0.481	-12.081796241347753	23.431207770170023	19.419394821751478
-0.479	-28.098072625160064	21.72236238974912	18.82367381840767
-0.477	24.086880461737792	21.98541925073624	18.405416458170677
-0.475	-14.63149390990015	25.512860938006988	19.008758661068484
-0.473	-7.380252680211363	22.596803636937352	18.788327287759042
-0.471	-29.949789413730166	21.17829121193926	18.37499743396944
-0.469	-15.3650112014736	23.00006261608072	18.60756041756924
-0.46699999999999997	-6.145013006220168	20.585676585570464	18.86413902240518
-0.46499999999999997	17.74468049964284	21.79707677069947	18.6739566705401
-0.46299999999999997	22.902888151765666	22.267103678712655	19.196285862967578
-0.461	20.782233707272724	23.447161211749798	18.15097197360429
-0.459	12.703440444905567	23.05456482679809	19.44126158662133
-0.457	-1.7125636490034069	23.20146442679155	18.44726076558703
-0.455	-20.673957541794685	20.618911524018653	18.630600405112535
-0.453	-6.299708951940097	20.985114314645713	18.059789749653405
-0.451	30.801891829579375	22.73079068111873	18.85592690762975
-0.449	12.930424022838949	22.90327250351532	18.460754688476857
-0.447	21.65468468207088	20.38481641103794	18.528788020494158
-0.445	25.23147163113748	23.555630524479465	19.11411815939668
-0.443	-2.6161702715299384	23.26198403350305	18.667448257209085
-0.441	2.9980585705136065	23.808986191251883	18.698197494465315
-0.439	-18.574174626029283	20.800254124236517	18.46612594995369
-0.437	-10.346778351988384	19.45703719914657	18.455967923687535
-0.435	8.6511547989776	20.715089754642726	18.445741480082074
-0.433	6.323175482547683	23.802273267133224	18.932337345073478
-0.431	-15.190942127873974	24.974546237294714	18.901369385441445
-0.429	54.09795185995492	19.31640106983688	18.8640059825576
-0.427	-5.507187488040799	19.078042812108283	19.186677818077275
-0.425	-13.369109231553544	24.196916057592183	19.283075466139838
-0.423	7.976528303199615	22.945320915174253	18.607614905172955
-0.421	29.412173844001188	19.8701584142641	18.141274906033157
-0.419	19.63796264203843	20.23151726942581	19.013556669342275
-0.417	-6.385039706402473	21.411300967177574	18.145538001092422
-0.415	12.196367608519054	24.321539619941383	20.132084647118084
-0.41300000000000003	20.98485780255288	22.59017344353226	18.379580281337326
-0.41100000000000003	25.224259629030854	21.58937503180324	19.000481624555245
-0.40900000000000003	18.754744709026383	23.19918625186313	18.994934042884086
-0.40700000000000003	-2.680467892757221	20.619090993668802	18.394123077328942
-0.405	-17.21106226115765	20.016043422349362	18.9053626236855
-0.403	-5.702430636023159	21.53518461018822	18.58506791903879
-0.401	-22.319741289744677	24.440757791476152	18.381948724199177
-0.399	-8.586166018953456	20.121059639825912	18.66436933526178
-0.397	15.657174199157353	19.720537199913384	19.05768508343864
-0.395	23.22282700450984	22.64554222080332	18.417460100265302
-0.393	-0.12368869506396152	22.66063485056724	18.775878309253727
-0.391	-19.115362239641165	20.73763063446421	18.53354095183436
-0.389	-26.500523393702125	21.880910432735856	18.929715110654634
-0.387	44.115427102475735	22.694208423291197	18.5996335469493
-0.385	-9.282838265622928	22.15994281398236	18.380756111754078
-0.383	26.78663866495512	23.60925496365125	19.52539172668689
-0.381	22.19310778328598	21.397044637505388	18.695215113129713
-0.379	14.66326818078123	20.10934744954752	18.494904164406844
-0.377	13.974452982790098	22.522721289830137	18.829001710401737
-0.375	26.421756508243632	20.744022867080446	19.3677064222919
-0.373	-9.805008137964144	17.426563424354097	18.00035871806528
-0.371	11.128397928716893	25.10991665783744	18.68183359410254
-0.369	-3.3147924473064805	24.104282884258073	18.87754498850201
-0.367	11.54971453010134	20.928307088719233	18.298223373229966
-0.365	52.82978812570782	23.208669158752684	18.870433895111095
-0.363	-27.672038057424686	23.522613221952746	18.306249475452493
-0.361	-13.696038741572991	22.62093020043291	18.851077969285278
-0.359	-37.09795453743503	20.904833833227872	18.371169435161974
-0.357	-4.415334673546489	22.18229543206494	18.703897720119524
-0.355	-28.501635668254366	23.53552584312026	18.819500882333077
-0.353	28.13265924239694	22.62924738292281	19.373317815849013
-0.351	8.381311476846065	20.843930892828173	18.298361375723275
-0.349	21.566816444051895	24.06811508593486	18.85315919966274
-0.347	-25.20234070180205	22.821139544245547	19.16768565604155
-0.345	28.510997915454084	25.370886393709835	18.359935180493512
-0.34299999999999997	-30.112640291846127	22.60452066003427	19.096755955918567
-0.34099999999999997	-12.601574679749206	21.64238815783234	17.789029750309307
-0.33899999999999997	35.36917768931502	23.102393759547212	19.83199200301991
-0.33699999999999997	54.48766843363373	21.779989950534524	18.535602892283276
-0.33499999999999996	14.606909812142632	23.845781532737178	18.848699319155703
-0.33299999999999996	-3.039315517372465	23.1130352437217	18.449368880384924
-0.33099999999999996	-1.9930633007314569	21.584970087370458	18.859375934408416
-0.32899999999999996	-8.582539837487246	18.104495010727035	18.694333483857452
-0.32699999999999996	-45.696804455097606	19.979318480659654	19.02009227176788
-0.32499999999999996	-26.8175930325798	20.8321475845811	17.919737553788014
-0.323	25.748177057360877	22.37581934389212	19.005925714743597
-0.321	0.8594886324875262	22.59101001672782	19.12323595158518
-0.319	-12.461667933671983	22.40619599304457	17.99478914961124
-0.317	21.174605335794183	25.526892071975304	19.206685546577965
-0.315	11.093008532192528	21.437219571511235	18.530140190212737
-0.313	-24.870358276030125	22.152003172967305	19.634466160872854
-0.311	-37.273003668736315	18.911713995201264	18.66060766780314
-0.309	3.0153441727964747	20.736895998315227	17.740459224384608
-0.307	40.83916601049786	24.747688132646445	19.521323864900996
-0.305	30.535702314926638	23.221274908480343	19.46863965989096
-0.303	20.105167383155376	21.103335725637262	18.304111952864982
-0.301	15.628322793226346	25.274648912448438	18.926814113557178
-0.299	20.888155796150443	21.832518664041192	18.885349168806435
-0.297	6.742358003686277	24.127937697800338	18.661116118861532
-0.295	-48.50152995738988	21.546664539611395	19.032520744007613
-0.293	6.852128284107195	19.505838968862285	17.84952523895585
-0.29100000000000004	13.79738492390814	21.12130020135375	20.12082238269164
-0.28900000000000003	30.27098879404555	22.06068870311359	18.856351999141506
-0.28700000000000003	44.33531901204546	25.78798310697516	18.460098996114283
-0.28500000000000003	-10.694247426834558	24.620824688969083	20.009568569058047
-0.28300000000000003	7.954580193425542	22.465114470115438	18.60270749788059
-0.281	-51.612826584057636	21.675078526028944	18.55568009023276
-0.279	26.15406369077533	21.169359970542946	18.908199068909642
-0.277	34.52515693447289	24.637361324701644	18.709400198571544
-0.275	-3.169037234518335	19.34817846040977	18.619993488953153
-0.273	-10.301324043782145	21.438011026948903	18.94481192819717
-0.271	38.610637103975165	24.092914240341734	18.551635545838188
-0.269	26.837454304429187	23.79450746354654	19.030977364522062
-0.267	29.801435810883348	24.376635968762923	19.182433367156975
-0.265	40.202564851821165	19.797813906726084	18.62532228474216
-0.263	-21.282025446489605	23.736471844270007	19.081547151050675
-0.261	-6.472234932441978	24.128460776806246	18.463046513098387
-0.259	35.37302943690257	23.49091832044568	18.632227114971492
-0.257	-4.819607684392047	20.884121092022735	18.905119263012544
-0.255	4.808101723652314	22.032013755771192	18.723244010920645
-0.253	0.16411956860196142	21.465106663370758	18.76049963351785
-0.251	37.55902660462773	22.653974604145155	19.188355774364343
-0.249	-24.766343490689735	20.829614527103935	18.85603435585922
-0.247	-1.6095353907452647	23.15948434264812	18.849156488515238
-0.245	38.44148034937156	22.946457842068995	18.52691202680489
-0.243	-24.660659738384716	24.568176044725526	18.009229068830372
-0.241	13.813266269036006	24.21621731326089	19.83353459403432
-0.239	36.777162294221455	23.620511708353114	18.141052626576293
-0.237	27.89263542068987	23.474259145354402	18.838538042289674
-0.235	1.2337123900252323	20.715343658987216	19.449806049698324
-0.23299999999999998	3.3620394745970117	21.727360320977567	18.711016505902297
-0.23099999999999998	-18.020923339134853	20.328394060519813	18.4418539164587
-0.22899999999999998	-49.525258385196835	24.597154951272536	19.364195540365355
-0.22699999999999998	-3.4409521552092315	18.576673627506977	19.024521758668293
-0.22499999999999998	24.090993361536306	22.28500253784389	18.4506686753984
-0.22299999999999998	26.209595994419743	22.720101828285696	19.311745221614945
-0.22099999999999997	18.814048621473844	22.977016743423395	18.20773197235328
-0.21899999999999997	6.232209882384154	24.415980766470547	19.206939068379725
-0.21699999999999997	-16.56953165019015	20.723732573314123	17.939066058042123
-0.21499999999999997	4.310185237610398	22.41032765044695	18.993540426009776
-0.21299999999999997	28.259668996888365	23.841714688389224	19.183178632601386
-0.211	-5.503044932297918	20.039639789919086	18.035657743932383
-0.20900000000000002	-7.069900510026095	22.35653814626662	18.987962381839207
-0.20700000000000002	75.4476163120632	26.16879540690239	19.11207019929256
-0.20500000000000002	13.872949006676905	22.8945178003225	18.551643753619132
-0.203	-45.894566479520726	20.891582215266304	18.607920122764817
-0.201	-25.774441515302726	20.291902635028794	19.22233503867728
-0.199	35.21242614956677	19.051652319853055	17.99114730960088
-0.197	24.348932420314995	24.32230548705609	19.55598709332294
-0.195	1.409552335518427	20.56530713426717	18.219756347954014
-0.193	22.170701671875293	25.23826410251521	18.934645254440685
-0.191	49.50146016957646	21.98183294562073	18.525507859518225
-0.189	37.16875293369171	22.62858840125292	18.378961275229095
-0.187	-16.52813647590179	25.306305714152845	19.10273952059114
-0.185	-11.238691832726744	20.770669067509434	18.316266720008258
-0.183	-14.670315466869255	19.522579334899355	18.370865940447207
-0.181	-17.88367271504665	21.5862764067964	19.009767313084016
-0.179	-47.968418039889826	18.909362308646152	19.12105512269693
-0.177	21.168911979119187	20.59078545461669	18.278297608694654
-0.175	64.42175791798732	23.094834558415553	19.586432107763038
-0.173	10.700488997761326	20.292610225234277	18.62746522235363
-0.17099999999999999	5.490613456116122	23.132002648350948	18.518235998492937
-0.16899999999999998	-38.74520636071299	21.434569584997853	18.765794947744222
-0.16699999999999998	9.982536560482203	21.498093939318824	18.523813987316256
-0.16499999999999998	32.22151522686012	23.850627358906603	19.536817508818007
-0.16299999999999998	-8.524898015171978	21.91574016488371	18.36500705462904
-0.16099999999999998	-20.410949646776366	20.937615839045876	18.694487098675317
-0.15899999999999997	42.544506071440225	22.766932999651164	18.911610428476532
-0.15699999999999997	19.560607717794554	20.714115723100807	19.211831895364334
-0.15499999999999997	1.5109661513079686	22.03563312754898	18.384893597880616
-0.15299999999999997	-26.550307469674905	21.410505074698282	19.030552157645456
-0.15099999999999997	19.93477699180346	22.01569854033279	17.858164336036786
-0.149	24.684193877799743	24.72164982840075	19.63661018297293
-0.14700000000000002	14.912188756932565	20.590614856084883	18.929400007718865
-0.14500000000000002	6.118774975583108	20.493015607109374	17.704633965138903
-0.14300000000000002	36.75756243670669	22.780525616226157	19.38966846721067
-0.14100000000000001	40.968817665687496	20.021626774679905	18.624983515301537
-0.139	20.509604248930557	20.400083137285275	18.592349683349305
-0.137	-0.5167052479215783	23.231749904536013	19.040811349094174
-0.135	-4.575712056364978	23.579844484288504	18.794031052030896
-0.133	51.877250046850065	22.247274329831512	18.74166695950354
-0.131	-5.8475984840988815	20.027691678550646	19.191561349506337
-0.129	-6.285879321943355	17.497413123705613	17.81168210922821
-0.127	17.669026908029295	22.95630995357367	19.118260606678465
-0.125	35.32772726577704	20.497698790827823	18.873630503015526
-0.123	19.36121460266449	23.78070459697261	18.210218786944537
-0.121	-28.17155368983748	24.975067635979084	19.21752671057326
-0.119	17.540828370909978	22.187196199906545	18.01591366370672
-0.11699999999999999	35.68462152769847	23.022998701272794	19.69413435217533
-0.11499999999999999	-19.13843258072312	22.888110401207644	18.89378090099599
-0.11299999999999999	29.818889954347227	21.745393475562352	17.963961093083935
-0.11099999999999999	14.336181537455417	22.53136593110696	19.149484368486643
-0.10899999999999999	17.51286191420398	20.945791295769713	19.20071518366922
-0.10699999999999998	-12.513781192269313	20.531986616463694	18.542353581303978
-0.10499999999999998	3.7713068112843473	23.56913212126569	18.699839235016835
-0.10299999999999998	20.98468416522614	20.019849539945724	18.507127516731558
-0.10099999999999998	-39.539838821101014	20.5804177389876	18.986174203057264
-0.09899999999999998	-34.42587686508514	21.080235111421672	19.119299921239303
-0.09699999999999998	29.704574501909775	21.088097939752128	18.368940500948487
-0.09499999999999997	66.42637096887505	23.22418300459508	19.72455632901498
-0.09299999999999997	18.77464767829906	22.106556653598926	18.687868446216164
-0.09099999999999997	7.973506360059446	24.080867070384976	19.031613716966667
-0.08899999999999997	10.608651223265042	24.33275412730427	18.597590991992092
-0.08699999999999997	36.158218167381406	23.528673601760858	18.84373771137053
-0.08499999999999996	6.239345186509482	20.096109989922443	18.643941375167906
-0.08299999999999999	-18.82980555489855	22.20286956115833	18.722796780462506
-0.08100000000000002	40.60070471090249	25.0969707434827	18.887779767651615
-0.07900000000000001	8.47302109363568	20.448162897799605	18.67963388097261
-0.07700000000000001	8.12219337498199	22.706039031781874	19.67467857524685
-0.07500000000000001	-9.538398157094008	19.368133476231705	18.452748404051338
-0.07300000000000001	20.074014600801604	21.966502740614516	18.525227266348065
-0.07100000000000001	22.39864312603146	21.869765280385245	18.81439232609774
-0.069	-26.240323512394248	18.514784575757936	18.873739247278625
-0.067	6.309965363993086	20.694896643332907	19.16689915846049
-0.065	26.249011149559465	22.126939215409386	18.552438933691935
-0.063	8.601568756594347	23.501953448089694	18.941754180836746
-0.061	48.58085363967923	19.33976191431261	18.616731365283595
-0.059	45.04829168427982	20.900456064259703	18.712934289565474
-0.056999999999999995	-21.62429784224873	21.469597237287825	18.361142139729548
-0.05499999999999999	7.857358007790083	21.442239294230163	19.63715783635116
-0.05299999999999999	-51.96675270735529	21.91658723246247	17.77736167872292
-0.05099999999999999	-37.280643578330164	24.335918258760536	19.36362781812716
-0.04899999999999999	41.87601808025576	22.29371676158693	18.3100848567554
-0.046999999999999986	8.755279853556175	22.69342123705646	18.713175544784555
-0.044999999999999984	19.77993465041017	22.602848976137366	19.831767007239662
-0.04299999999999998	-38.55184676948564	21.580406300710653	17.949376130259086
-0.04099999999999998	-9.06251734378305	23.329345420008423	18.69631665397502
-0.03899999999999998	7.6887144053738865	20.510623380098586	18.676478123620463
-0.03699999999999998	-0.9942987592159724	21.670921514789452	18.70004859265069
-0.034999999999999976	-17.209584721733506	18.810999857897052	18.438068801416634
-0.032999999999999974	-15.057196547818563	22.866153557693536	19.11823640055972
-0.030999999999999972	11.064768370205869	22.70597436040934	18.31945885961137
-0.02899999999999997	-32.577770638364534	21.025476708356194	19.749902689345042
-0.02699999999999997	-44.897142036592896	24.098076144128477	18.872113124966663
-0.024999999999999967	-19.210533619640202	20.955607503866784	18.058626866868394
-0.022999999999999965	-22.463080816770287	23.23717144304705	18.941532774382253
-0.02099999999999999	-93.56449886344097	20.420193533272215	18.676997063568187
-0.019000000000000017	-37.688172151884025	23.549776592756327	18.90202463399534
-0.017000000000000015	-17.04206651031992	22.40688237896599	18.35756014315915
-0.015000000000000013	-14.403013125052766	21.996830187763194	18.49326764413592
-0.013000000000000012	-51.14398178840407	20.692332852416794	19.068113912082783
-0.01100000000000001	-84.75513443728656	19.80521235140794	19.23863265842078
-0.009000000000000008	-85.61070804458114	21.745985192187458	18.61157724877318
-0.007000000000000006	-45.18535638764476	24.761706060514506	19.085404261630348
-0.0050000000000000044	-51.67522653981571	20.703775555739767	18.634522036805095
-0.0030000000000000027	-55.63581187950639	21.489545647304983	17.988759292857086
-0.0010000000000000009	-46.04835180366251	23.72970004779074	18.872843484732044
0.0010000000000000009	-66.11627675612297	19.958402023520232	18.394700949061637
0.0030000000000000027	-73.08109074244396	21.616231385081523	19.374553093509544
0.0050000000000000044	-70.5424158075063	22.097977378258218	18.5108068131167
0.007000000000000006	-75.5885873551243	24.23186757243247	18.706761556715374
0.009000000000000008	-7.862109505651915	24.961314812846815	18.828991700081257
0.01100000000000001	-103.21742103402975	23.768945124057282	19.11857336882808
0.013000000000000012	-58.26568197364601	19.28437606370198	18.45406484061754
0.015000000000000013	-64.2099133241203	20.79481449476704	18.767750706057893
0.017000000000000015	-47.33283140301303	22.18942508577003	19.183400485241037
0.019000000000000017	-74.67510506831144	21.93926624373174	18.77003397639528
0.02100000000000002	-84.891039267454	19.646560229555707	18.86811785898711
0.02300000000000002	-59.99491175701088	21.026412747334778	18.06180736634788
0.025000000000000022	-39.46683263311712	25.285367685528858	19.934832225795546
0.027000000000000024	-68.0417157251645	21.053556666348943	18.70092119143791
0.029000000000000026	-3.4960548452867	20.865402529921685	18.76281217660309
0.031000000000000028	12.519139636069099	22.274044288075444	19.262577507592574
0.03300000000000003	17.99991459838779	20.940431324847932	18.258673297761785
0.03500000000000003	-9.1484975974776	22.2709975274448	18.739528961222167
0.03700000000000003	-38.327239697877324	23.52759767122919	18.93590609685494
0.039000000000000035	-20.43965043296847	21.918415700568275	18.71215147687082
0.041000000000000036	13.108108078974112	23.15959572852841	18.289441803518866
0.04300000000000004	-36.24155574932786	20.218455088997345	19.132782429682297
0.04500000000000004	-6.181945180872006	20.841413873085408	18.003839826144915
0.04700000000000004	11.686175881875371	23.17711261469026	19.38924959756811
0.049000000000000044	20.739400650171547	20.172075361115702	18.699963562392877
0.051000000000000045	18.75067076007042	20.64297530979461	18.930701293355717
0.05300000000000005	1.6254567913875917	22.226034965016584	19.4554229016817
0.05500000000000005	-1.546315288813993	20.761452521492224	18.06982291186007
0.05700000000000005	2.1920951538412226	20.626009215393527	19.43760114042979
0.05900000000000005	-37.756520801957016	19.816125501365022	18.668427686673652
0.061000000000000054	-4.685179615271373	19.951484842224723	18.020440290699693
0.06300000000000006	19.379951209597124	23.47659204407237	18.90234515406379
0.06500000000000006	47.65800725059499	20.174786281241573	19.774721343033594
0.06700000000000006	-2.263577510319692	22.766970157318557	18.60757424703087
0.06900000000000006	-4.4008396381522985	25.32227721866739	18.544968772248925
0.07100000000000006	19.895584575824188	24.687710670319763	18.678547011957324
0.07300000000000006	-26.139417599102543	20.744236721259984	18.51896112297479
0.07500000000000007	-31.136680190724242	23.915209620901493	19.02917906052764
0.07700000000000001	4.407288104024687	20.412808941906878	18.247483932108718
0.07899999999999996	31.69299332772546	22.442484284398518	19.837863966493686
0.08099999999999996	25.388604154796823	21.04941128572906	18.682698266264104
0.08299999999999996	-23.64469170645922	22.247699674531265	18.182922219231422
0.08499999999999996	9.740993439644186	23.574630373756285	18.291210981466087
0.08699999999999997	-4.556101065755769	20.99472481968573	19.013535579369766
0.08899999999999997	-7.730608844180864	22.60072097152352	18.390470127803486
0.09099999999999997	-40.87279304865188	23.149355173000373	18.672028406951924
0.09299999999999997	3.240211835953133	21.41939565321257	18.54588082551178
0.09499999999999997	6.188026500986155	22.617009318553446	18.594617351963464
0.09699999999999998	19.441134889053302	22.354555544550635	19.220477478128434
0.09899999999999998	-16.946755913793687	20.91057244420476	18.110976750290718
0.10099999999999998	16.163176729699913	22.19692412297946	19.036109333802504
0.10299999999999998	21.890547819980455	20.079991607630422	18.730714021992046
0.10499999999999998	15.647316200295691	19.877593354307177	19.128214744815292
0.10699999999999998	2.87739724447178	26.98501039224401	19.09164625897076
0.10899999999999999	-0.5943475606118298	17.93638110874793	18.30933003761248
0.11099999999999999	37.08458406270765	23.855241654996384	18.482744121090136
0.11299999999999999	2.521799499222155	22.49167982451291	18.70330936298615
0.11499999999999999	-43.69038110418888	22.83073703905046	18.387809304091526
0.11699999999999999	-22.81318207630889	22.31864887456061	18.149776317036483
0.119	7.660279614407628	22.717439350507405	19.559309381041746
0.121	14.65665618272105	21.516184186325926	17.71088290696852
0.123	-10.731433720656547	22.873412512008425	19.55756813683248
0.125	26.9086769693061	20.189731318109537	18.228577504938286
0.127	25.32250511499967	22.15216004343925	19.026393507151678
0.129	45.88342754852093	21.496734638356	19.104242936443764
0.131	3.677192094153625	22.777767837879406	18.26164970792291
0.133	-8.862816746169067	21.123204974651394	18.37151668906742
0.135	1.1881402000035735	25.12544575286227	19.004602690053137
0.137	1.1544664921814274	21.03625624070559	18.70793319157919
0.139	-32.78387979710473	20.19568244172713	18.27957190841342
0.14100000000000001	-2.401103333493637	25.131254009844927	19.565462758502292
0.14300000000000002	15.991159847628111	20.86919279357211	18.224980216276524
0.14500000000000002	23.673275808100414	23.18828440134901	19.300746810443194
0.14700000000000002	-8.117495707282707	22.337619853153136	18.034790304178742
0.14900000000000002	-33.20561153852264	23.808236713736555	18.69364382013804
0.15100000000000002	-10.454084587996348	19.74258248803366	18.66609902409611
0.15300000000000002	11.092109969634834	22.773773565906776	18.23385125353539
0.15500000000000003	-9.568216163824417	21.74026110676265	19.24756045251362
0.15700000000000003	-12.5489446406446	21.920172437443586	18.52468054871274
0.15900000000000003	0.3796487804130777	19.753150459487035	18.72144828317796
0.16100000000000003	-23.908543462236587	25.469403914463218	19.100645243800844
0.16300000000000003	-5.900532509151013	20.908249986949766	18.973535894829958
0.16500000000000004	-12.173686408045725	23.653698067303377	18.37504744897739
0.16700000000000004	-20.548717440949105	20.235335335575627	18.508422803546463
0.16900000000000004	-2.9276901716279724	22.50902419670275	19.10613091851093
0.17100000000000004	6.302228460874915	24.332292179581895	18.76511182825992
0.17300000000000004	5.593013358895504	22.6229182951484	18.94930034759679
0.17500000000000004	-16.96932391859196	20.658842468693877	18.617596505951138
0.17700000000000005	4.897822021954212	23.980877970877312	19.54073614350116
0.17900000000000005	-2.5074639943278854	22.492960955252112	18.383453679425873
0.18100000000000005	-18.24514757831075	21.50120372371093	18.719114658530113
0.18300000000000005	-0.42283428935974143	20.488109478729896	18.739188147614822
0.18500000000000005	24.957070484443733	22.9424092691504	19.236014108977017
0.18700000000000006	7.062587116468677	21.639207807343027	18.356134193430748
0.18900000000000006	-4.076464564795046	20.294605685679898	19.10935383056263
0.19100000000000006	10.519046465651272	21.58883606726702	18.863065847104004
0.19300000000000006	-7.284937464047125	22.448727343428953	18.761032885962898
0.19500000000000006	-42.353990476695635	24.82220315537488	19.1055795417236
0.19700000000000006	-0.048731783386379846	20.642528394836848	18.1576569620749
0.19900000000000007	1.0617119403644182	23.069498762583663	19.056570623552695
0.20100000000000007	6.528126115901145	22.656756489793082	18.30448458285341
0.203	15.856795927415845	20.2989910630934	18.70029242037055
0.20499999999999996	21.66071759579502	18.77365661119238	18.7747688458437
0.20699999999999996	46.45470071262814	23.024517813784065	19.05360210402099
0.20899999999999996	2.329756902508251	23.111957502691464	18.601928335980727
0.21099999999999997	-20.47722683595765	23.024040600309334	19.05957736131117
0.21299999999999997	-7.482591449670117	20.696250722141503	18.290568385416666
0.21499999999999997	20.50797804642457	20.240210853817388	18.756004016895574
0.21699999999999997	-16.720748594378776	21.794559573223562	19.11407731911348
0.21899999999999997	-27.429629492203844	21.15339965527873	17.847590089968765
0.22099999999999997	21.866658767910607	23.967527809559275	19.760070892406304
0.22299999999999998	25.112822430450876	18.67853107504583	18.543928603224067
0.22499999999999998	-8.037267848148844	23.974797022547012	19.44325431469631
0.22699999999999998	-28.482269957108564	22.80769802421535	18.46009938654832
0.22899999999999998	0.8740608132828953	19.743776215966523	18.419487658933203
0.23099999999999998	30.050031066153338	22.44588238749658	19.072918220572745
0.23299999999999998	-30.764304750019456	22.819524008780782	19.03291750828001
0.235	22.462376520815397	20.82844496354734	18.45555430897816
0.237	50.97735587766827	20.669775486546804	18.66905109798824
0.239	17.848436539402712	22.434753173917322	19.474828868604178
0.241	46.31674182209444	23.44896635661069	18.51426986240559
0.243	28.025848861412683	22.340477681432223	18.879018465369892
0.245	-46.05438330718137	21.23284243204044	18.158257169240144
0.247	0.4447081065617198	24.329031295582563	19.267644676577156
0.249	-12.968389229039978	20.990723502183425	18.364402323217046
0.251	1.338546700146992	19.77748176935236	18.47927237337193
0.253	-14.544519967851777	22.02940111330003	19.269533416157085
0.255	10.592673342468828	22.125744743903173	19.02195706244132
0.257	-26.261082739176267	25.708398918338034	18.71567501100096
0.259	-9.831035265084331	20.381367793077306	18.435183857163878
0.261	-1.273940831381104	21.405137767025924	19.476766444557057
0.263	6.635729510540145	23.6018869200909	18.51541922928305
0.265	-2.933819294947959	21.739157551349205	18.861284720731064
0.267	18.42701146315129	22.30658993194676	18.615236798492692
0.269	38.37520339033951	21.525513757265834	18.781353043204245
0.271	23.201557468377487	23.807417264526112	18.614049084453203
0.273	-19.769728128893327	20.05344535591643	18.937611356515163
0.275	16.58652863945065	23.334343187052987	18.690855673769665
0.277	-2.4382629273400624	23.500923092951755	18.61291902716504
0.279	-32.42690769034162	21.458175583648185	18.467557036075537
0.281	-57.036593122172796	22.996508302042287	19.324345021013162
0.28300000000000003	16.535244054427523	22.12302837723895	19.56522059973061
0.28500000000000003	49.940423874961226	21.438803014938287	18.231904758810515
0.28700000000000003	7.78154011649157	23.599057774953714	18.776540591812957
0.28900000000000003	45.30536039237809	20.461478035170625	18.953948758612846
0.29100000000000004	-39.37278978138892	18.41055074541844	18.551967980843973
0.29300000000000004	-30.051934495678445	27.448711121892003	19.088342030828095
0.29500000000000004	-6.067815128574239	22.35624709321942	18.082197115561854
0.29700000000000004	18.058371934470685	24.466748246721966	19.635680958073237
0.29900000000000004	57.766205858067465	21.350465199859904	18.611285890035905
0.30100000000000005	33.951687459232716	27.007956738367163	19.033501399069365
0.30300000000000005	12.362942152899237	24.70195375174989	18.602020466081424
0.30500000000000005	-3.532857105081888	21.058930972407726	19.213288514839174
0.30700000000000005	-16.123059230821468	21.895086449283408	18.153580405899962
0.30900000000000005	4.322319168359456	22.743299017827354	19.092077768160227
0.31100000000000005	-1.4421951246568199	22.114426217209637	18.087837143402222
0.31300000000000006	27.472076620460584	22.016706606675612	19.010216843324816
0.31500000000000006	11.028789968836605	24.796135978965566	18.943468454220227
0.31700000000000006	30.03160240022673	21.209367822329092	18.000546955541964
0.31900000000000006	25.1024833592961	24.26948499107455	19.315535599512987
0.32100000000000006	14.976792267695771	21.489438295330583	18.458595871388535
0.32300000000000006	-20.803976889416376	23.42681546432034	18.605585397315892
0.32500000000000007	-12.556068604063775	21.623046684713145	19.17399151868932
0.32700000000000007	35.169364837273065	19.43862848017582	18.106027270501677
0.32900000000000007	24.694659196633495	25.011924848256	18.816362030884907
0.33100000000000007	3.6205286950696802	22.864703684929953	18.9578921690043
0.333	54.74088207724215	23.638593691498066	18.549488867776773
0.33499999999999996	33.116238544073084	26.288722202749483	19.109167638077935
0.33699999999999997	18.57748479783261	23.704033859349646	19.30926962577073
0.33899999999999997	-15.82925091825338	23.220201844197007	18.599698231844762
0.34099999999999997	-1.1776201233049122	20.93672996183174	19.01471727533905
0.34299999999999997	-10.34633602303714	25.208138189946002	18.320525079185085
0.345	-9.017978081837796	19.791991087748684	19.62029224510457
0.347	-22.289253659102393	21.6191848396551	18.296752252951272
0.349	5.538609767707925	22.475806160494326	18.810326737121954
0.351	57.48784105641391	25.541173560142287	19.19623019040436
0.353	29.66718195174245	22.416204597453188	18.793379230378548
0.355	-28.744258414703516	21.00328989011904	18.230623746639875
0.357	33.42759066549128	21.87157366542381	18.64155666387634
0.359	-18.663028831467088	23.959971039658978	18.967694287003184
0.361	15.034840482375245	22.255247159443567	18.284706527693874
0.363	44.33117933455577	21.783035439498292	18.474115416643382
0.365	23.429560674248506	20.796739376190825	18.316663948055563
0.367	1.8334598430591598	24.29636976713647	19.04728801343633
0.369	28.57324441407627	22.947294852502388	18.67879586589945
0.371	-30.732520972853727	21.26461216289822	18.54845960745534
0.373	3.859192520438981	18.514887595050244	18.20362780896194
0.375	20.86758743380379	22.359460797824326	18.685977897557482
0.377	1.991040626370122	20.29076977510331	18.536314269475422
0.379	33.577431964193494	24.12691805782158	19.08392854369399
0.381	28.643841676778692	22.28338965093299	19.29045261694575
0.383	32.522315466909646	20.98540272672753	18.857358408851773
0.385	-13.223265779349624	23.199457622185957	19.05440421215456
0.387	-18.92488729893227	20.075141307469693	18.00453064771539
0.389	34.614589584425204	22.20261871131053	18.4667464784706
0.391	19.654500315935408	20.196591737931847	18.753005783192318
0.393	32.2963191965453	22.381917787923186	18.60293090731795
0.395	46.606137865001784	24.81635627872263	19.63073082755142
0.397	48.87341506298881	22.599935446329162	18.099342601589477
0.399	-7.405029162743659	23.680121268573632	19.207707418473287
0.401	0.14335528653042218	23.478390142266434	18.955983404633173
0.403	-5.991822126349966	22.578212893270397	18.772680607925484
0.405	-17.555824992521174	23.45181921260113	17.58339543526313
0.40700000000000003	-4.712997535349928	21.661752239442098	19.462581957393553
0.40900000000000003	-1.1743298312660855	22.28107332055257	18.22573958799072
0.41100000000000003	28.066894055989167	23.402756410817883	19.193047242527946
0.41300000000000003	2.7597884100227787	21.47444077355423	18.72061231450637
0.41500000000000004	37.90640511591725	22.150217290202047	18.20941938560973
0.41700000000000004	5.098546595805331	22.278741397459807	19.29791396202568
0.41900000000000004	-17.232747211215482	20.027208693585397	18.43550363117374
0.42100000000000004	-0.0669504683914468	21.944151796860243	18.8363929920823
0.42300000000000004	8.838629436125345	22.81369015873344	18.735985844823137
0.42500000000000004	11.799233927911601	22.748653463231722	18.640634645583177
0.42700000000000005	34.7732836587511	22.654041360198885	18.72317715604722
0.42900000000000005	-3.279222336671772	20.992865697050473	19.057464492129146
0.43100000000000005	4.6793166745828785	21.656497896425623	18.375391895950283
0.43300000000000005	-2.558812698727486	22.608869442545032	18.877127106877953
0.43500000000000005	-17.682336901136964	23.88321878735236	18.16248310495633
0.43700000000000006	-19.233833830512026	23.13426195894081	17.92389435824581
0.43900000000000006	-0.40089841446544483	24.694798719515173	18.840288591969614
0.44100000000000006	-8.542638506803257	21.608250826483467	18.009511365981634
0.44300000000000006	17.028383085371246	22.177864830440463	19.09879206596323
0.44500000000000006	-4.396525743133317	23.20137882325916	18.234394569622555
0.44700000000000006	41.875307009719975	21.030112021399006	18.546189062812257
0.44900000000000007	-9.162404320361972	21.74993413169246	18.60066619432398
0.45100000000000007	-25.01737206095367	20.052596983409636	18.379173449003925
0.45300000000000007	-7.204073832145497	19.60637253748305	18.229985810610614
0.45500000000000007	15.861881960788082	22.79329001759225	18.759704791581164
0.4570000000000001	-0.1541093380685865	24.761391781552188	18.944071223028434
0.459	-0.25625261312889336	22.010810470115175	18.506159618740924
0.46099999999999997	-12.224388074022485	23.217378239903343	18.954662000102044
0.46299999999999997	1.2290184914220958	24.208343591344004	18.947449337572866
0.46499999999999997	-14.193704008458319	20.84369076336027	19.02803277410015
0.46699999999999997	11.374427806742915	23.07786738471873	18.98026834927219
0.469	16.47398182713644	22.55627307746286	19.008704105242593
0.471	-6.297104387931185	21.400729976953148	18.665174423509747
0.473	13.83615139771699	21.0753936651411	18.391981159143654
0.475	34.121283104759925	21.63535464920535	18.54275398967609
0.477	-11.862101168991224	22.247362274162473	18.84508043642409
0.479	35.980907335142476	25.231297374847106	18.919531528810204
0.481	-9.213160412469001	20.25265932492217	18.456963447754443
0.483	4.942034326216316	23.90090602675798	19.01898322759273
0.485	-3.014898503073127	20.44638199786966	17.855422056479302
0.487	31.497977819316958	24.076369867855817	19.464784930868095
0.489	-1.6734656869132891	21.625908561411656	18.554042380466036
0.491	33.73540799511687	23.962202884086484	18.07279466949067
0.493	32.36348327750882	25.267582536171528	19.28790916159792
0.495	15.836591679363465	23.847622004352782	18.393729064328472
0.497	-20.88736248651024	21.97055058720032	18.829508017215282
0.499	-3.981108297912428	19.449530845563014	19.74218851210285