-0.499	220.99864943347924	403.0628471210204	35.68288094723689
-0.497	-1120.3874312377682	476.94278722017526	33.65844407830005
-0.495	924.8975162390316	442.725665418614	35.28754783751138
-0.493	-1133.9996672482532	454.33557815143774	33.209341410549
-0.491	498.16699725480083	462.61555818063437	34.99766108937307
-0.489	-385.01191833983927	430.80195643837936	33.4268154413149
-0.487	-118.01857502125034	457.3170231747426	33.678034227967245
-0.485	492.8343071823882	422.0576520592093	34.267241971779164
-0.483	-825.1656785314143	471.0702180399495	34.39053096221437
-0.481	991.7928127611831	395.930390628011	34.12675994819306
-0.479	-1027.0667938225843	461.2041904192132	33.260460906367975
-0.477	750.4508956952538	434.5195874929545	34.677296776368955
-0.475	-136.45998674527425	441.8985858004322	33.62057562890165
-0.473	-444.4900292888132	475.4574111026779	33.83859510821419
-0.471	470.60190005621115	416.9664279233266	34.80188327136827
-0.469	-1245.6851615333387	480.7584390765856	34.61226316819018
-0.46699999999999997	1360.1983160271836	412.8293132273129	34.89621910799011
-0.46499999999999997	-1006.5576254792985	464.89112324077445	33.9791082080037
-0.46299999999999997	595.0600269006845	448.5717826214943	33.814385779859286
-0.461	-60.177955512275005	436.4984152261939	33.16773712196133
-0.459	-429.4012610870368	452.83553355058734	33.6292404989946
-0.457	592.9215511530916	396.98006202809717	34.02498513828041
-0.455	-1016.1554483016921	480.32367428049895	33.48991278546605
-0.453	1208.044368894212	421.83777845519177	33.96749152983662
-0.451	-929.8804526303162	478.27065493913625	34.28782863593482
-0.449	429.90538229159546	446.2820827577721	34.10640851015548
-0.447	79.09115812365641	416.767879847313	34.05281359982735
-0.445	-341.1957860643966	473.6029005115987	33.109326519117324
-0.443	555.9222819400134	390.87539226650193	34.088802682301946
-0.441	-1269.4314464302136	487.33955845921514	33.78990964331027
-0.439	1028.0961687274548	404.3892556174297	35.45433913539461
-0.437	-825.8482750218566	450.8864894393319	33.99255961034192
-0.435	155.79578353941415	462.83968659429934	33.74115769955575
-0.433	-211.49376773743623	416.2977473412842	33.61216584750413
-0.431	-254.89044444804153	501.2882288376395	33.64463174124414
-0.429	608.7483620536016	408.4805034762153	35.45542167614653
-0.427	-1178.2052913145158	484.8343526342161	34.04893417430887
-0.425	598.1892819415524	399.9913884070246	34.93842113647596
-0.423	-722.2155623596293	465.2040569612864	34.56277819181664
-0.421	244.36284811790722	464.9942365611605	33.184991546034645
-0.419	-26.412573240985893	426.7880744309192	34.52450701992972
-0.417	-665.629065556006	472.21097642385524	33.51752547924542
-0.415	983.5679954570686	416.5551259597532	35.72503087161959
-0.41300000000000003	-1235.826475331825	506.7544363080228	34.87754742655869
-0.41100000000000003	1239.693474158532	418.88670307730047	35.09517194624331
-0.40900000000000003	-563.0799892779592	455.68556494607947	33.66381762869535
-0.40700000000000003	205.6970383315093	462.76886615682395	33.78747195690869
-0.405	188.22992776446057	431.4430659174167	34.07181880624976
-0.403	-728.4370315324695	489.74094527917697	33.678215576200905
-0.401	1075.2927948365354	400.00877508710613	34.316111969628906
-0.399	-1417.3296133509484	478.243805173121	33.822314624854556
-0.397	1096.5703070109357	430.1088324780523	34.73117317167906
-0.395	-491.49071361953565	434.68931890889155	33.80514748659022
-0.393	-2.7215894048415734	460.0602520554012	32.93016965578644
-0.391	757.404263163064	440.46296130528316	35.0772222364623
-0.389	-888.5243020612111	494.9977195324945	34.474337075320626
-0.387	1116.9722672670357	415.10081564006504	35.391624069340665
-0.385	-1268.2216952802917	483.1971243665653	34.37669003481084
-0.383	822.70852831412	454.0557520092476	34.1123992848169
-0.381	-453.0720293940416	444.2186928114751	33.979236698315724
-0.379	-335.06731573429425	502.40404083531365	33.833189598156395
-0.377	513.9238824856118	431.5442953986734	34.226803074096615
-0.375	-1083.154596295488	497.4912481816072	34.47716940757049
-0.373	1211.8416219168982	415.03921157692884	34.98970327362482
-0.371	-1207.1151440461447	478.92697483371956	34.52855594636756
-0.369	1074.365845719294	486.72142365964265	35.112158096677256
-0.367	-427.344263152718	448.15466608976396	34.416205503214194
-0.365	-253.46621544741765	472.99625642146947	33.46325099239591
-0.363	608.9895851406624	436.9432685346454	34.22973433461885
-0.361	-870.3804469577525	507.0057622358925	35.27490378591272
-0.359	1387.3557827241978	420.1035320379929	34.71693035080042
-0.357	-1165.7440848533706	454.70733633508166	34.770227660913115
-0.355	520.2777145256742	459.3618736918458	34.527014844226784
-0.353	-317.33069271056013	458.82215290286604	34.46443380465787
-0.351	-443.92694807182664	508.50596347124844	34.61256017381551
-0.349	538.7800731779802	431.8147881517005	34.44218743775546
-0.347	-1026.9084861252998	498.0706159062021	34.61317038918877
-0.345	1182.1737820036926	432.6691666812022	34.384065557284
-0.34299999999999997	-1324.9683558085312	475.61505885590526	34.94969787825268
-0.34099999999999997	686.8449476344906	479.85108926959765	34.71365329513519
-0.33899999999999997	-234.3274837954823	414.2976347927872	33.99980469525172
-0.33699999999999997	-653.8342877475678	464.17228125496587	33.2698794094285
-0.33499999999999996	550.8480966314178	409.1853708093156	33.87275323807322
-0.33299999999999996	-1094.6064722264782	502.3999127080801	34.99900293712777
-0.33099999999999996	1187.823927941034	419.31799250776515	34.4213885845032
-0.32899999999999996	-874.3629144261079	453.97830293484185	34.42693840159369
-0.32699999999999996	532.6065440351967	462.0943985674211	33.56593290485994
-0.32499999999999996	85.73401307909734	418.5061717233459	34.6095763851698
-0.323	-538.018011312258	475.62541537670404	33.53606509456646
-0.321	936.1088336192757	446.0832841896304	35.61242404089946
-0.319	-1106.9726896147936	456.0301737076592	33.996738573224086
-0.317	1272.0762741740277	421.3647818066046	35.02333561294301
-0.315	-1051.867370372217	467.7215101797573	34.73831820240187
-0.313	532.2158745164618	454.9822163940916	33.90634671689565
-0.311	305.3629535059166	431.3416664105542	34.83786776625812
-0.309	-487.28436927403254	453.7746133839496	32.99140421190404
-0.307	787.7302555630017	438.5204015489806	34.87860896052964
-0.305	-1126.9888683498318	459.6228850300129	34.242449692025424
-0.303	1161.3703249049313	469.33156770916526	35.70452011757142
-0.301	-860.8347587694132	438.48080262212915	34.004598882665775
-0.299	470.848932538237	423.663769999482	33.926115669394925
-0.297	366.9965447625767	411.7587832672221	33.63715917904276
-0.295	-457.858537041278	462.2534789335793	33.60841965035019
-0.293	906.7703756198142	409.52062688487837	33.83858653578216
-0.29100000000000004	-861.8030895428674	456.6161550922975	33.90809432787373
-0.28900000000000003	1229.6851046422753	420.1787419861318	34.067181016184584
-0.28700000000000003	-769.7728020074069	447.99964332625683	34.45268343160406
-0.28500000000000003	141.2613468703139	454.26582259763836	34.01992450872753
-0.28300000000000003	486.2034650743308	431.87304395585545	34.2180156859386
-0.281	-556.9521585733206	473.7861517179514	33.98118940937496
-0.279	851.4517636439845	395.1375626546753	33.78463186936759
-0.277	-1169.4457287162452	491.4126317808121	35.22053786548807
-0.275	868.7147079124991	415.82411456682144	35.182694467431716
-0.273	-647.1694053390431	436.9520374651267	33.64416785257811
-0.271	100.7150056566708	469.4657513162241	34.19488810433347
-0.269	549.6600471679436	381.6015290229485	34.61477973131291
-0.267	-721.161471263776	485.6522413733538	33.90925444379261
-0.265	1054.3269366949382	365.7192519695298	33.85242210080092
-0.263	-1121.1344890301734	442.33874295234665	33.78977391560558
-0.261	537.3796086196592	412.63591813616205	34.671119418297295
-0.259	-556.4443958600007	443.66502859874004	35.37276918058811
-0.257	-44.578368039283056	483.8734958904927	34.0329463426222
-0.255	259.9950048349786	393.7835157889758	34.43833844223817
-0.253	-829.2159624552208	452.80812359257766	33.25833834422284
-0.251	966.6108260009132	345.12251943117184	34.060329384700125
-0.249	-1221.552551938121	463.83484981061764	35.46879003518685
-0.247	721.5662519015619	421.72764959413536	34.04598004426028
-0.245	-161.9528590961483	396.7632337262576	33.501747305227845
-0.243	-368.03228210102736	464.03616410328664	34.42417948451666
-0.241	746.2236836346392	406.3233846171807	34.33113603504402
-0.239	-1134.9757278067418	512.3264844720596	36.2688711205788
-0.237	1188.183504621465	353.7620681481493	33.921541382761326
-0.235	-1268.1288223799215	425.5474059208451	34.054488635565335
-0.23299999999999998	764.5095487622822	448.16882354662846	35.0620210636362
-0.23099999999999998	-218.48020754533513	458.5715343550871	35.733021920984086
-0.22899999999999998	-191.89052870549617	453.9743059548561	34.19126381463719
-0.22699999999999998	699.7298449873401	408.779437951883	34.24881312192985
-0.22499999999999998	-1095.0909533595786	479.84576228470655	34.462805714996186
-0.22299999999999998	1436.8526899111166	385.70634073313914	34.260457251804134
-0.22099999999999997	-1096.767662416065	441.47645823108684	34.59750473665908
-0.21899999999999997	526.0229480761325	444.1441658953331	33.831628466560275
-0.21699999999999997	-66.86289763524478	408.30722200465794	34.537017171390126
-0.21499999999999997	-968.986517164705	466.9932307867906	34.75330870422513
-0.21299999999999997	956.7440765623214	410.0235054447695	34.462225985576396
-0.211	-1094.523034403383	488.9430708844818	34.93678793528771
-0.20900000000000002	1332.1961433596653	384.9746669306385	34.46023145354081
-0.20700000000000002	-1066.1843905611645	411.764771863134	34.39827170612104
-0.20500000000000002	571.9889664361766	483.6415152724155	35.21885415703364
-0.203	-69.47372867027735	408.1432739452696	33.682244969936804
-0.201	-432.01078271748463	459.999196507561	33.40152039363285
-0.199	877.0260059733914	409.31135112494417	34.394101303843584
-0.197	-1086.0397005006962	471.77299972848715	34.0570054259587
-0.195	1375.0206477893823	375.0092148984027	34.70070401546722
-0.193	-1173.2086799296492	428.797085925196	34.40214280900026
-0.191	261.84613449187214	453.3150430359703	34.58226791069637
-0.189	-33.57845677753879	394.37871820930286	33.59213272612267
-0.187	-802.816095174852	443.0618294285994	33.227560116830304
-0.185	998.5516864778888	382.52220225233714	33.461211178142214
-0.183	-1077.6757963315565	471.7547858502859	33.74056770418373
-0.181	1275.832967493784	391.78147451301805	34.63215394810061
-0.179	-738.6468425815141	404.7888607402492	34.34375320387935
-0.177	376.51432684326915	442.4215299011091	33.816524772259434
-0.175	50.6417322096997	392.7131981748023	34.24674992559962
-0.173	-521.3062191593565	449.20873746648004	33.4634157148962
-0.17099999999999999	983.3680038080495	395.2460211460207	33.9677426743052
-0.16899999999999998	-1050.9760525758693	464.33901271457404	34.389313798760156
-0.16699999999999998	1177.1980389563287	426.5533021117919	34.649852900223266
-0.16499999999999998	-736.2145929724617	390.4830088963945	33.10233596606509
-0.16299999999999998	457.2635039534756	445.17922539824684	33.83948322472137
-0.16099999999999998	280.2006234985388	380.6632865452688	33.623005875532876
-0.15899999999999997	-710.6115799246915	480.3903077311288	34.01561906798865
-0.15699999999999997	1125.456876523323	421.3936059897983	34.80199327681697
-0.15499999999999997	-878.1702456781559	451.39729369557915	34.22876965236608
-0.15299999999999997	1140.3839620245383	415.55067780295343	34.21110460964288
-0.15099999999999997	-732.2224623380613	399.6520877624138	33.9985519539098
-0.149	-123.38924655974637	460.41234838019193	34.30007665025987
-0.14700000000000002	432.8272893963092	375.3649986671898	33.866557180111954
-0.14500000000000002	-851.9508745036264	464.7453133748333	33.44313355893952
-0.14300000000000002	541.3492272301479	395.83522031254535	34.865244522133786
-0.14100000000000001	-922.9759510740454	458.18327701355923	34.600147596170764
-0.139	672.3699494510793	454.7455246290533	35.77301860005462
-0.137	-487.18437321071394	400.2128229816691	33.59141138762476
-0.135	93.99629145878663	474.1035611825838	34.44135981910298
-0.133	405.22292045075403	372.66262699266997	33.67257063866726
-0.131	-886.8994234535465	479.52495997867766	33.919336593482846
-0.129	810.2351855541201	407.1786813381324	33.985184566545676
-0.127	-889.7210326699324	439.8448661712324	33.9564757101561
-0.125	681.3283641897705	437.8190047312799	33.69579039061174
-0.123	-468.2360870604807	403.74414151628434	33.631298350387254
-0.121	-321.3196657662065	484.0901037052896	34.60546770095426
-0.119	487.83184286915747	370.5706984385033	33.31966249855609
-0.11699999999999999	-845.049259991848	486.1338864827112	34.15435758810262
-0.11499999999999999	829.7796761704834	434.8816314096761	34.813017607577606
-0.11299999999999999	-876.5313183169976	441.1712856006636	33.257973027251914
-0.11099999999999999	885.0132889488549	438.0423542348324	34.178304401795586
-0.10899999999999999	-359.61239133386334	406.0256320378079	34.54491568169133
-0.10699999999999998	-373.8014093602748	495.9319977598017	34.28249214913291
-0.10499999999999998	668.7093225037355	376.0231355215324	33.83009556943712
-0.10299999999999998	-939.2206767395717	488.46800160981115	34.34904240491871
-0.10099999999999998	831.764728733253	415.228315544496	33.69232754521702
-0.09899999999999998	-968.7376199093434	444.848201087157	33.609884948546934
-0.09699999999999998	437.0262590061014	434.10619436432006	34.35760005784934
-0.09499999999999997	-100.24179928036503	421.29195509298967	34.13259425782893
-0.09299999999999997	-498.22383284170434	504.4305134818624	34.05745999504308
-0.09099999999999997	573.7266696366205	355.2576617154125	34.080571519408295
-0.08899999999999997	-1246.3338483381658	461.02701302630896	33.27400782249953
-0.08699999999999997	901.4179727657723	420.69521396908874	34.49062114098593
-0.08499999999999996	-837.8723169519819	410.77821235938404	33.61083910376153
-0.08299999999999999	175.39951730149994	469.4595616858625	34.957091974873975
-0.08100000000000002	168.89604673964163	407.95985103452193	34.29259693010212
-0.07900000000000001	-730.7149415006764	501.4508802824017	34.44137655801535
-0.07700000000000001	953.6721777829715	375.37933482609975	34.416289956646274
-0.07500000000000001	-1318.7450368832287	490.5368343427396	33.96386224633762
-0.07300000000000001	1162.751860144029	404.1431208000965	34.68726279699536
-0.07100000000000001	-871.6142504573421	383.8653991434387	33.85079777400333
-0.069	169.22649134465394	502.7815828939142	34.96579479057919
-0.067	356.6502660914406	402.0256034841859	34.18760219133856
-0.065	-794.3547403674867	463.75986731854744	33.15631847695821
-0.063	1046.8163726236046	385.8380984332836	34.56901768007922
-0.061	-1195.9907272796056	453.8497912441522	33.712348010623806
-0.059	1351.4937447216546	402.65973247284575	34.761584846562506
-0.056999999999999995	-713.3533849009721	397.466313363091	33.13004632650945
-0.05499999999999999	184.00407234842044	479.78743420343244	34.640136298159256
-0.05299999999999999	312.82782279729025	387.19045106252423	34.87804804850882
-0.05099999999999999	-847.1901820447104	485.75624810064687	33.99185684931087
-0.04899999999999999	1272.7974599600068	385.6623648351669	35.09908651861262
-0.046999999999999986	-987.0911416154371	430.08759564233645	33.65269359818398
-0.044999999999999984	959.633999556786	419.53563198077114	34.68944703827032
-0.04299999999999998	-585.8296648711959	433.8742078366096	34.46053832549483
-0.04099999999999998	99.35765612745229	455.69293966461305	33.65077853389249
-0.03899999999999998	563.3960361728363	382.32052332855653	34.06333194030312
-0.03699999999999998	-751.2866028082099	490.55991400375194	32.94268319904138
-0.034999999999999976	1134.9732630192566	374.8370795377293	34.21922177392697
-0.032999999999999974	-901.8078105827998	433.1364051646475	32.76692193392358
-0.030999999999999972	936.5752937600114	429.8241493667252	34.42738341149539
-0.02899999999999997	-509.67291278647406	402.37050717524454	33.65057138109046
-0.02699999999999997	266.34537831560226	485.9055785822361	35.24884919364537
-0.024999999999999967	366.86613541059285	386.45439723743834	33.878361679877386
-0.022999999999999965	-823.4249217191625	473.4290454948481	33.6164498928391
-0.02099999999999999	929.7443598175192	391.50110648515835	34.23007497707445
-0.019000000000000017	-993.7521502413338	447.93648645204763	33.29115057874617
-0.017000000000000015	671.1401477379475	430.5474351147027	35.56843987539266
-0.015000000000000013	-619.1605754533036	388.17570955590844	34.86070996949335
-0.013000000000000012	-242.0458996147401	471.51005378514765	33.99829691089866
-0.01100000000000001	425.7657830466499	391.91964759126887	33.54549874857171
-0.009000000000000008	-792.9402660528107	486.82090967490285	32.97010993341399
-0.007000000000000006	978.2657346741885	390.5966064892351	34.01980715880566
-0.0050000000000000044	-1182.593307614499	441.6161360907844	34.630431458506564
-0.0030000000000000027	440.61553784957573	455.1224452419803	34.27524194414267
-0.0010000000000000009	-537.4090804410869	390.40971110508707	33.851934916904305
0.0010000000000000009	-281.3164285609959	496.0038718123162	34.279945624076454
0.0030000000000000027	443.211904473717	382.8403519098583	33.639941745761334
0.0050000000000000044	-1123.2836547994118	486.7659172386129	32.9500257618212
0.007000000000000006	799.5357334675823	389.47693582918856	34.67478323868641
0.009000000000000008	-886.4789700526732	458.64707648679115	33.83283958752096
0.01100000000000001	611.14426730291	472.56485553401586	34.403823328085835
0.013000000000000012	-425.9999506511791	382.00467742640717	33.47543861584294
0.015000000000000013	-322.0188414345682	477.7398305996849	33.48896116201038
0.017000000000000015	611.3796053599518	374.3486585420628	33.716972666814264
0.019000000000000017	-954.2981046674059	472.9994488129754	33.304847552292024
0.02100000000000002	672.1471566628612	437.30761015717957	34.73637808408609
0.02300000000000002	-810.2210128853038	419.23636422545684	34.0228512214028
0.025000000000000022	236.58403303228326	498.46107680846126	34.678045246048676
0.027000000000000024	-177.96342475062676	412.15781441320456	33.91422210194673
0.029000000000000026	-485.55615009926447	491.5485116725551	33.830070847785045
0.031000000000000028	623.1978814814631	384.02273781591794	33.32307717625964
0.03300000000000003	-1050.025436630686	450.4582598217852	33.89432221742295
0.03500000000000003	821.7151878970874	421.8205239969995	34.506716071393264
0.03700000000000003	-664.7671927858534	444.7752043767634	34.04919889883968
0.039000000000000035	343.4953603715929	493.7697521797698	35.28364996765918
0.041000000000000036	202.67119887740216	389.85594647837706	33.41547897251753
0.04300000000000004	-892.5697409664091	455.0417019467951	33.95217190413064
0.04500000000000004	874.7623823524009	377.76655341199694	33.50411464160044
0.04700000000000004	-1017.8090175823052	491.6228075104465	34.445748552399834
0.049000000000000044	851.8567929372001	432.2401586610294	34.387994778478124
0.051000000000000045	-750.0130147736206	428.53187219966225	33.278237513217924
0.05300000000000005	-30.248352230644038	490.806306293325	35.29203809781043
0.05500000000000005	174.30224899839254	395.5351593510004	33.49588340204225
0.05700000000000005	-852.5388106460641	512.2044403659188	35.44890549665028
0.05900000000000005	771.0303729306922	380.0029534098412	33.98642545752088
0.061000000000000054	-935.8673993159483	446.80667427489624	33.92566613035639
0.06300000000000006	721.532575262085	423.3456008232502	33.40467559807261
0.06500000000000006	-393.69373926656516	427.3274622017626	34.07953945038299
0.06700000000000006	-3.101404946637132	497.84090475125595	35.40395361017402
0.06900000000000006	247.25674204262305	409.131980714469	33.65053013751393
0.07100000000000006	-462.40682009113243	495.1952057510952	34.80956278666523
0.07300000000000006	953.7621502619942	377.1506762392503	33.45921019368726
0.07500000000000007	-991.1008248525421	427.26902621872244	32.97587386181383
0.07700000000000001	585.9037701718695	417.10419850439933	33.86415529140617
0.07899999999999996	-424.0840768592324	406.59223462678807	33.35346493889334
0.08099999999999996	49.328475487886436	493.295322559379	34.68934061013428
0.08299999999999996	600.4239080732443	384.01378170016534	33.79507204829028
0.08499999999999996	-945.8804224026229	435.1361706278116	33.51591940975275
0.08699999999999997	1053.0140984073012	374.6096765702344	33.31789962412996
0.08899999999999997	-1004.2451728098367	435.1814691620214	33.32862837331865
0.09099999999999997	604.1010054962381	426.80757327239	35.23851125623694
0.09299999999999997	-181.19602797284085	382.3720281996101	33.694339346047634
0.09499999999999997	-127.30286962003845	501.87473761437747	34.51221458475736
0.09699999999999998	694.6781730492457	415.92543125427454	34.00877662117418
0.09899999999999998	-1131.0041912672152	455.3601526816103	34.077734322763106
0.10099999999999998	1232.8138308155267	376.765243153649	33.99503657032193
0.10299999999999998	-849.6138196740777	434.6590294056342	33.74094238734226
0.10499999999999998	655.8594781822525	459.6741035015785	34.275935198943564
0.10699999999999998	-297.25749406617206	370.72220001435767	32.51005893916515
0.10899999999999999	-772.6242017870311	443.0586368174162	35.273929087317484
0.11099999999999999	727.5236368116111	387.72831632252473	33.25450033382908
0.11299999999999999	-1189.1481593238052	438.9448398466346	33.69235475964307
0.11499999999999999	740.7501413356777	392.6399815632759	35.07181987383781
0.11699999999999999	-561.7406410765025	420.10578504683133	33.96164474509203
0.119	486.49835303771204	496.97024043808904	35.08531946445364
0.121	139.41227142133528	382.0601036100107	34.3126305690009
0.123	-619.7699347096908	441.4156544932161	33.90299943998689
0.125	657.6034038838774	383.24664382190315	33.664690445191354
0.127	-806.5312210591147	480.8997125598522	33.52931006036484
0.129	896.4769431234477	404.11342508252807	33.64080758266978
0.131	-674.3903111612326	411.5547451931923	33.38320654579211
0.133	292.3958003557825	438.9864362311987	34.05663025969414
0.135	-154.20142840716355	386.06520936286796	33.661709061913996
0.137	-544.3653175494223	481.309765224149	34.25594136561467
0.139	727.1116814473455	372.53493044348386	32.88776918138909
0.14100000000000001	-1006.0476704997212	427.2716766911087	32.98072919556782
0.14300000000000002	897.9974369132116	383.3152377455388	33.09485856938592
0.14500000000000002	-656.3044681917596	406.5476653619713	33.70530176640086
0.14700000000000002	65.67046004812838	456.8424776970725	35.321121176199064
0.14900000000000002	-187.55432944717043	388.94551104821363	34.429410488651044
0.15100000000000002	-1188.2933257506556	428.97805504369643	34.21925952905574
0.15300000000000002	775.0108293302915	381.6861403643299	33.833967108680646
0.15500000000000003	-793.984237179024	481.034446302907	33.72103974039888
0.15700000000000003	648.0658382992387	372.2886886094064	33.185364410771
0.15900000000000003	-611.6378530572897	397.0065638100172	33.20937448078466
0.16100000000000003	200.0801722872314	450.3829378572606	34.8667072572016
0.16300000000000003	-94.78464750389826	380.1286243952513	34.194891781992155
0.16500000000000004	-872.6478619663914	467.9788109874936	35.96515013570731
0.16700000000000004	843.238869754348	386.6746210695715	33.32464376838409
0.16900000000000004	-666.9829319145837	470.63598514821433	33.798095241926475
0.17100000000000004	503.37000852263003	389.99977340779725	34.97691170817898
0.17300000000000004	-419.32267713729044	407.0829535236792	33.85980045400191
0.17500000000000004	274.4211618153081	489.4174665508973	34.883142581330006
0.17700000000000005	26.12703349380574	377.0943309962849	33.019688610449066
0.17900000000000005	-736.1105884371444	491.9727723576221	34.905795487870215
0.18100000000000005	783.9688422626168	381.6000941276296	33.02474722958794
0.18300000000000005	-552.1169049887975	450.6503370098748	33.7131796604722
0.18500000000000005	567.33118317287	399.5976634636707	34.180020910395335
0.18700000000000006	-211.67389517229296	397.18634155337816	33.56002706942115
0.18900000000000006	174.83385849614842	486.76668298199377	34.672437634971836
0.19100000000000006	422.9237141477604	360.8359799997871	33.50553714723788
0.19300000000000006	-989.690659215281	466.2706640882052	34.45620783932959
0.19500000000000006	664.7296786665979	370.2365625973096	32.514339735206214
0.19700000000000006	-1057.9251193600926	457.3801471415851	35.05753039068801
0.19900000000000007	639.8609262958654	402.0976321250956	34.65018540858035
0.20100000000000007	-154.79325629974562	430.32758292178767	34.685832476016465
0.203	-330.16193338819556	468.49587909518675	35.0280651903005
0.20499999999999996	425.5258724912281	379.9713863315634	33.951886541755485
0.20699999999999996	-914.4066604370727	490.3158600711614	34.73240900406549
0.20899999999999996	656.166800875102	373.8923750527481	32.982458110521506
0.21099999999999997	-615.8047564827074	456.8555661341764	33.677949370464106
0.21299999999999997	507.6584153622665	395.0596778503098	34.32838729767193
0.21499999999999997	-371.771289322087	408.3409833101238	33.85614803610635
0.21699999999999997	10.335999133026519	473.63937562007123	34.04792251100203
0.21899999999999997	409.38138670454373	388.1178998897187	34.32630781087163
0.22099999999999997	-966.3791167701108	463.1061607010758	34.2983422058325
0.22299999999999998	592.2290316826561	379.0492690097065	32.469617095746464
0.22499999999999998	-626.7284383555394	457.6775313715698	34.22626077941481
0.22699999999999998	400.33836599895346	391.0615499473106	33.319245587873695
0.22899999999999998	-118.58612008974757	396.33332482559223	34.281682928439245
0.23099999999999998	-41.819307457391375	473.4651700609179	33.51799250974983
0.23299999999999998	405.7835015467415	377.86083262579496	33.84760635538965
0.235	-721.2578080263432	472.9486388317279	34.64556545488025
0.237	903.0397149309977	399.0962953479211	33.5471666746576
0.239	-426.6006869509953	467.97637863391304	34.57918947538936
0.241	307.53914472780866	404.5644206587055	33.66853250515201
0.243	-193.88172204359844	379.0899581261271	33.84344096286603
0.245	-460.80286262950574	500.72759230433576	35.77744355995655
0.247	815.7284239269646	373.46796452681326	34.48026076885383
0.249	-1055.9907685242508	449.27607064714846	34.03625894759659
0.251	720.0065740251559	385.8710052846386	33.24134343061876
0.253	-647.5613233049015	424.3216760068441	34.07537372956969
0.255	244.32035254240424	409.89625321921255	33.87552226497953
0.257	54.29321822125743	379.0417619632959	33.751643943231706
0.259	-717.5422013353527	502.5323893737691	34.46727800775253
0.261	630.8399307477508	390.33660035926215	34.816018707444854
0.263	-1309.1370590393446	449.85001962846184	34.43111876953545
0.265	536.3344254722957	398.54019185150514	34.458310782784075
0.267	-551.677761926328	392.3544816907325	33.006899473136826
0.269	384.91026185805134	448.33411527985385	34.331880899577975
0.271	269.72088915688806	389.234247006191	33.59964789154893
0.273	-987.4314084444835	480.3282541200131	34.30915896079478
0.275	879.4264082034875	389.21123024645595	33.80739266458968
0.277	-775.1627172704057	452.3237820376032	32.98719773642852
0.279	576.5424625938654	402.7547211356808	33.889883723012936
0.281	-518.1580367593641	406.372427373332	33.758240330077626
0.28300000000000003	135.32067982491293	462.19746957293165	33.18320319792154
0.28500000000000003	-55.00607422581627	385.2515315361041	33.52704374880661
0.28700000000000003	-785.8228073258645	498.39947880480827	34.857000953146866
0.28900000000000003	793.8152272233267	385.91953486578535	33.85966050815029
0.29100000000000004	-590.522495367396	465.47034921849774	33.52709692140725
0.29300000000000004	555.5691210565872	406.7123543170831	33.151789368215006
0.29500000000000004	-461.17054129335423	379.6661839919819	32.81271480807235
0.29700000000000004	95.61752105735621	480.92540056930756	34.241145269481585
0.29900000000000004	350.1338811393584	395.17353110307494	34.59680976130574
0.30100000000000005	-880.0990702989563	471.5454958843379	33.157485821387276
0.30300000000000005	873.7256551294425	376.31293315552546	33.650298929491235
0.30500000000000005	-589.5929043686632	440.17963202048264	33.73455299593497
0.30700000000000005	575.1881680329252	406.02952829936225	34.05665398620741
0.30900000000000005	-360.86752480923855	362.858182377697	32.82721008017986
0.31100000000000005	-143.7608807617341	482.9776000518563	33.71347843162474
0.31300000000000006	365.47491333704943	394.40022882112277	34.1154348559086
0.31500000000000006	-1025.7259031739575	480.78593877354524	33.78160232034731
0.31700000000000006	974.2731612099043	363.14530414039757	33.631730883781415
0.31900000000000006	-776.8078127683431	434.6439266600653	32.2779269899394
0.32100000000000006	428.20791702458115	388.8877985083606	33.29737720632206
0.32300000000000006	-328.1483335719759	383.4839661897459	32.81576410262707
0.32500000000000007	-477.59503029676245	505.05734911559847	35.02298062993877
0.32700000000000007	368.66492708020894	377.16584708048435	33.68808245282779
0.32900000000000007	-998.7238671338439	485.5078876681081	33.62468725015647
0.33100000000000007	548.1703902510127	366.97906153611484	32.832849513224346
0.333	-649.743251616819	454.40064709551734	32.931929859428976
0.33499999999999996	155.43998253342295	389.908994636708	33.097864558912775
0.33699999999999997	-313.15484721594623	400.2105733349082	34.569183407413156
0.33899999999999997	-533.1000935445695	500.5533784902152	34.845173563564316
0.34099999999999997	372.89087280223396	378.74578316398043	33.723043534554414
0.34299999999999997	-1043.1220777981086	499.6132483006026	34.19627725131065
0.345	496.33615489375063	382.0914632702685	32.822816207902115
0.347	-395.1288951921095	437.7420047518178	33.485336344577654
0.349	-142.90884046563866	391.03914907690387	33.647026968339
0.351	17.67316786205342	403.38666861360775	34.77059658863905
0.353	-824.0401391820251	484.1703545641828	34.3945362701403
0.355	578.70875055821	400.76662718210264	34.75132328089652
0.357	-815.7393728852602	451.75532307929797	34.20352234676072
0.359	491.0759559122457	407.41690352052655	33.550943032190155
0.361	-372.5351847558844	466.09949422589295	34.03863950125021
0.363	6.320258764791475	428.7827663887948	34.98004143535685
0.365	-119.1081374906089	419.2446892494468	34.16258023954108
0.367	-445.8941221507917	496.07436711755196	35.2636140794615
0.369	590.1881741805504	390.70605184895965	33.84781469564753
0.371	-1114.071661326932	466.27410998694984	34.761298111827784
0.373	438.8836095889914	411.0046155624815	34.93500807921539
0.375	-460.1948145924739	435.1841584312178	34.18705584301746
0.377	-283.6657327279779	425.767584777308	34.88893063519895
0.379	-16.83115955486425	391.7900355183273	34.41357138572084
0.381	-845.7048963552704	462.48370628802206	33.982362980038566
0.383	501.68051408405745	389.3807709662985	33.882518748734476
0.385	-1068.4570313650443	452.4285083110952	34.25794714609857
0.387	337.6896224733805	426.30746354780143	34.090327894697076
0.389	-333.7356768877697	438.9843870412775	34.1619403643526
0.391	-294.00326601203284	414.2564031039671	33.61167592980842
0.393	372.72180691449995	391.0841353078717	33.46210927697696
0.395	-842.5677121536302	476.8943016217699	34.244888407735665
0.397	797.5451086768004	395.7299503194282	33.87893992826476
0.399	-1007.0646128458316	455.75700353639036	35.228062360580324
0.401	116.58271025272171	423.7348029507196	34.05194989343642
0.403	-311.6093395504338	484.79257135251436	34.20796294650123
0.405	-448.7889230457842	442.72411278725525	35.40136807705304
0.40700000000000003	526.89707670317	406.6981693887814	34.20420905244119
0.40900000000000003	-1188.9565010626545	489.0587726868523	34.194632571529915
0.41100000000000003	801.1833252261624	409.2373217211802	34.311520233126004
0.41300000000000003	-864.3813372398723	452.2969990669281	33.59933798491069
0.41500000000000004	295.2899059960323	445.01839799627976	34.483676515482315
0.41700000000000004	-473.3673193357823	454.36971442574156	33.26368349867824
0.41900000000000004	-430.11082017185845	426.771111882316	34.14893892987009
0.42100000000000004	440.18842633919417	426.6146173279716	35.711173626945964
0.42300000000000004	-1036.4338841195586	491.95245253218485	35.00469487121753
0.42500000000000004	840.8412490767957	399.06429500534495	34.45811517957366
0.42700000000000005	-882.9110687612607	471.6969807925324	34.60800564431529
0.42900000000000005	272.4556028455005	461.9412711787294	33.935972361847995
0.43100000000000005	-180.71697094845797	411.3006683600769	34.662205492051505
0.43300000000000005	-92.27983340787117	462.53025569520224	35.26089179018461
0.43500000000000005	602.3660321261559	401.6538850895378	33.550245198472595
0.43700000000000006	-1649.2243735616307	483.6021045678665	34.99789180986723
0.43900000000000006	1087.545465507711	390.1993480717769	34.31329647439558
0.44100000000000006	-817.4960573091861	440.2519421534304	33.98719320154137
0.44300000000000006	239.0052221512562	448.6128120912227	33.89775236146062
0.44500000000000006	-338.6583809460442	431.9798138450244	34.68763866262343
0.44700000000000006	-700.9872192770272	482.8406627011941	34.033966021936976
0.44900000000000007	710.6121234701224	396.4886735041441	33.3692248645605
0.45100000000000007	-1103.1425533819527	518.6405264161326	35.29363075066139
0.45300000000000007	981.9153270609338	431.4881907587085	35.121903465238276
0.45500000000000007	-522.238069788128	445.3778996702839	34.239511525765415
0.4570000000000001	279.4675347961295	450.3975437209806	34.04289673842197
0.459	-153.14686829637213	413.0942805180399	33.32895596344355
0.46099999999999997	-605.5259214553521	482.36414022130936	34.399737960777195
0.46299999999999997	912.3066923621969	402.24723776118674	33.90320521584183
0.46499999999999997	-1187.861028692838	514.2099804291366	35.02262190978663
0.46699999999999997	1072.9797022739351	419.450712118399	34.67082929940982
0.469	-672.6474058552645	412.3407266086441	33.277136388062786
0.471	-20.49952599636473	464.6291891140534	34.05601466762708
0.473	182.60617681864488	375.69316933261626	33.87439200779476
0.475	-889.3125063750284	471.5395767359108	33.47120813542793
0.477	1142.8960370283291	425.224279029693	34.66995061811926
0.479	-1352.677717907036	495.583320169686	34.34996355353644
0.481	942.857468808178	429.08825098562505	34.85924397284906
0.483	-277.5886420742779	434.716239095322	33.48880661389624
0.485	-33.969369105602	441.59832483868075	32.984034924285865
0.487	-25.67381390139456	420.35220187472567	34.059755478515505
0.489	-940.0308581172245	483.9575454698857	34.63465176390373
0.491	1031.2706033712705	411.2315032332887	34.3024880290057
0.493	-1056.9704053137175	451.3248856755389	33.11132800467467
0.495	697.8108888271439	456.946118575303	34.90465522872406
0.497	-477.8659749860026	426.5993494922208	33.41946672758588
0.499	-202.27411839124355	473.9727369945873	34.773590174331666