-0.499	-235.1696632365563	417.5328718672069	50.25105767870746
-0.497	-62.78715476459862	279.48177705185867	41.77890469690149
-0.495	-122.37992107289043	289.8916705380278	45.4029870793094
-0.493	-44.69632741077589	386.27607885401994	48.890719827914765
-0.491	-148.19515502784154	300.11542891752117	42.29055463576633
-0.489	-85.39261514339813	283.96308443840144	44.40317798726621
-0.487	68.14192258941532	356.50475555453926	48.4213231902523
-0.485	-80.71639542595044	301.81523334656123	43.03744392521829
-0.483	161.90096130941356	286.66639857247867	43.82632974513622
-0.481	-214.13094421462998	325.3269063246255	47.762132357970664
-0.479	-180.06608356557763	327.35676795142444	43.98698393774778
-0.477	-68.74456729477618	288.42667009972376	43.91311599966755
-0.475	-190.80438278429313	288.8435955327271	45.876544229151285
-0.473	102.33478661292317	346.9881605102561	44.648188246758735
-0.471	70.83313332545416	289.6155080625303	44.822213418897206
-0.469	-105.63161116305952	272.53354442672077	45.04599522916483
-0.46699999999999997	-115.76775873189948	344.3513795891171	45.63855414828041
-0.46499999999999997	-47.453626759286216	287.78187758363066	43.6265725769764
-0.46299999999999997	-160.8646490243171	274.0957947862371	45.426712916173365
-0.461	-75.98181467338705	368.93413457120494	46.564917565359615
-0.459	-148.07140304196054	282.4834218492082	43.37894222056105
-0.457	-15.4191464590836	272.33643824819984	43.936026944094614
-0.455	-313.31610918039485	393.10894417183744	47.81126418257778
-0.453	116.81468090052327	295.44988270014807	43.37018115859066
-0.451	-89.7411351318267	276.8115235549914	43.896918275930084
-0.449	-28.63014504328465	364.1022118374433	49.39270350390356
-0.447	188.35534930738973	310.40595123392933	43.118236016053444
-0.445	-242.22292265041466	268.9431505736522	44.348287346647645
-0.443	-219.57931683902476	399.57559985647475	49.70180672479151
-0.441	-8.46119411157531	289.33521209844423	42.30257013945279
-0.439	-96.1594780253261	273.0360220966646	43.952303303203514
-0.437	78.51800013058963	376.51079064280316	50.46341743494186
-0.435	-143.50384267103334	294.29750776584365	41.388626431978075
-0.433	19.3522825613357	286.60366065846006	44.117301265515025
-0.431	1.2576936934127758	363.9217180461611	48.91839568204738
-0.429	0.2573994435373095	317.99711799836047	43.66670452997235
-0.427	-68.27489755867333	284.27486376102775	43.54938822732747
-0.425	-306.35673371581794	338.9440677715224	47.64760287747724
-0.423	-44.043480638245036	327.35797052477153	44.02475624537363
-0.421	140.9754586669809	306.0428198697654	44.018957936366384
-0.419	-79.07501842119302	291.228915140934	47.27098600567335
-0.417	-227.2918900007026	342.046818710945	44.93442698107204
-0.415	-87.67027297829077	294.8768265486062	44.095911416465256
-0.41300000000000003	162.80631992038332	269.5485267805468	46.26514326018936
-0.41100000000000003	-340.0816300028753	344.3937907384812	44.85543196069338
-0.40900000000000003	57.92408142402117	290.93351509883536	43.34682064602472
-0.40700000000000003	-126.27678831322875	266.78703881847645	45.044009872110045
-0.405	-88.6268132334056	364.15073561648364	45.70275009359623
-0.403	126.59685137461629	291.3853044642138	42.619029599945705
-0.401	-100.10821142614202	247.52629167381622	44.09678245626567
-0.399	-108.86504260343432	386.2002182479707	47.34856506153666
-0.397	100.61639367076047	290.948024972148	42.532105196295916
-0.395	13.928516290340198	238.5846354406152	42.378773507090195
-0.393	-220.48638075689018	389.7874353486105	49.90810537759319
-0.391	131.6751168733976	305.49929327503247	43.01288613558699
-0.389	-78.32655608663863	253.45122927039134	43.01025497246056
-0.387	45.761595998117244	350.1782263500351	49.62871123134283
-0.385	-113.23460578660516	296.3821761313979	42.37428676375357
-0.383	51.37571663871299	270.31756144598245	44.29755491724135
-0.381	-286.7945982728548	365.76745693309584	50.17251197145557
-0.379	-139.31035981762375	279.0740986357164	41.66349881540906
-0.377	191.81697063253011	272.97090096826213	43.984171248522884
-0.375	209.03537285010822	348.7916880623742	48.900117864826576
-0.373	-27.907906511193126	299.20880111028487	41.234514297024546
-0.371	72.23033895176201	270.3069770387264	43.18463971855474
-0.369	-18.16872172688555	337.639547138504	48.882098640835636
-0.367	-88.25054432315405	304.8325397876959	41.88556429971564
-0.365	53.16028092150482	287.44701619220285	44.06161866164918
-0.363	184.83477114616954	279.00799704031385	46.65851605133865
-0.361	-174.7842751884665	327.42250245109375	43.64161941344802
-0.359	112.82984431582044	287.5721973472083	42.67201969921281
-0.357	-33.3939862118271	269.6998959613491	45.6759710062189
-0.355	35.48519888751933	338.4756330902742	43.92198628317011
-0.353	109.71922465308204	282.1076713321235	43.325468494409655
-0.351	66.95949145685276	260.97942737279436	44.0662050006846
-0.349	66.82716565875602	348.27832226797653	45.91730852552742
-0.347	70.87009995165872	295.87177438883174	42.11895807964404
-0.345	153.8059752732579	251.71506410106443	44.10291594238256
-0.34299999999999997	3.161897420556059	335.81164586053126	45.529759377026394
-0.34099999999999997	-89.20237135601195	307.3532359572529	43.421492329027224
-0.33899999999999997	50.08946175033557	241.83006719573328	42.88975973841457
-0.33699999999999997	-148.4312868025306	364.42172612089075	47.137247588544355
-0.33499999999999996	127.04883680569878	301.01519021192973	42.705590124815345
-0.33299999999999996	109.86859854478226	255.9511507720533	43.330427184104245
-0.33099999999999996	-51.106210719575884	347.16114934642155	48.896256735067425
-0.32899999999999996	4.402451222018655	305.0752605406358	42.03350409077791
-0.32699999999999996	41.72171991045914	256.3975435564156	42.34304703957744
-0.32499999999999996	-94.0841950203275	337.75279503280075	47.91607780044276
-0.323	-64.6873494376532	289.547256537037	42.22969276186605
-0.321	22.38112738628395	275.6994511890704	43.88333898684026
-0.319	188.688914295021	334.86098022689094	48.15484547900166
-0.317	-168.883824261834	296.355189936664	41.35218354256556
-0.315	-29.846173643321983	278.79524711124094	43.387083146504075
-0.313	65.95550418775353	309.13707197239484	47.62348888596965
-0.311	182.6680152046123	294.451531605882	41.85761874335642
-0.309	90.83195176029513	282.09575815480105	44.23910735325002
-0.307	-96.86260836949678	299.270884493315	46.08708709448447
-0.305	35.30947090935044	303.72585256567294	42.577138432939115
-0.303	56.34715710844951	295.38925577880565	43.319997467426695
-0.301	-2.0553692381408695	274.9384029327629	45.13932658550426
-0.299	-9.041536706555497	328.60673752777825	44.278599546642305
-0.297	-109.56691664099071	296.7853629101712	42.99836542587776
-0.295	-67.73116040748039	262.08592463777615	46.01414545393055
-0.293	-29.13445027541428	328.69082279937055	44.09809249454514
-0.29100000000000004	50.30455966270608	310.95568510682165	44.583609188555236
-0.28900000000000003	31.438571272301985	281.25954794883677	45.175064684142
-0.28700000000000003	27.610617197915133	336.8290068830277	45.52569732519906
-0.28500000000000003	130.29446205914397	299.53646070261703	42.425304736740046
-0.28300000000000003	43.0952202852275	272.7431350780187	44.240366900816774
-0.281	-214.28648750254632	335.11562749301413	46.43787786235208
-0.279	223.67661206201817	309.14598865758455	42.55135603570675
-0.277	-44.93473823152794	254.44863057151227	43.71335004805802
-0.275	-68.32885284835388	327.5476360802025	48.09114691450937
-0.273	175.2057327499834	303.5720493694797	42.65069464812206
-0.271	20.205816092966344	273.7697463279478	42.674468190188435
-0.269	17.431460360706197	316.1425148515383	50.39573149224055
-0.267	164.89102784866816	294.58963560202545	41.33389672926797
-0.265	106.97695892947223	292.0191137803486	44.0842010921921
-0.263	-59.91363694024532	315.0607532828843	49.105861592721375
-0.261	149.57174241603255	280.4980800137419	41.653621688305314
-0.259	-106.41639210418052	292.8888600437439	43.57593194835442
-0.257	80.55504701354188	324.9064878301053	48.607453924674175
-0.255	64.55780817149481	290.09441385459263	41.83493406842689
-0.253	-198.81050735293115	290.06467239253385	43.69460603251275
-0.251	-18.6071659689091	313.1528082344514	47.16007029918909
-0.249	163.21071401437237	296.30704331845396	43.157474930387124
-0.247	5.749787974185239	313.3815816718109	44.025882131796195
-0.245	101.29041244066883	296.80118270810584	46.19433449869034
-0.243	-36.486112544698024	302.69015925630765	43.31176883900825
-0.241	128.06424831213192	305.058188936839	43.739069979220574
-0.239	-139.60316255812177	284.9878285072804	45.63930232664708
-0.237	147.05774334911047	308.43143188759507	44.34083510216214
-0.235	42.154421139306564	293.6792188235892	43.49649758322353
-0.23299999999999998	-239.8921111120833	276.92740607035984	44.42877962983359
-0.23099999999999998	-44.555161672232835	298.710457833707	44.94449407495984
-0.22899999999999998	150.69871126960345	317.7572270528982	43.681237240647164
-0.22699999999999998	-33.75406677441628	291.10198791669626	44.198149968343934
-0.22499999999999998	2.647591327287202	309.86595735343764	46.18173931089255
-0.22299999999999998	115.10038463624639	313.6843533422193	43.83938527603492
-0.22099999999999997	-53.05746738804018	299.1225427241642	44.05511688922812
-0.21899999999999997	-40.54780879458875	317.30134585282696	47.59142499765249
-0.21699999999999997	-179.8776084233067	306.08928066883993	43.013947011373865
-0.21499999999999997	-89.77046653091404	294.77325936561624	42.79242478694434
-0.21299999999999997	-18.744829848094113	291.18103030635524	48.421588728773585
-0.211	143.17143226394435	291.06954858862207	41.7869861655777
-0.20900000000000002	48.80655231720432	306.9391907796682	43.188969771789104
-0.20700000000000002	-44.695941843087006	308.0138043144493	48.6412789000189
-0.20500000000000002	98.19541999300796	284.74820324367437	42.637447244254226
-0.203	-121.44609521036465	308.80342147977615	44.072688189231094
-0.201	187.0270560242471	338.3181585668437	47.652226530806594
-0.199	-62.0197730891725	285.60841296240125	42.986356019889335
-0.197	-41.64365542702608	305.23460493863917	44.24817113091773
-0.195	-6.0654803245574485	329.7102162594823	48.09227910818703
-0.193	5.2579533402763445	272.5452576470719	43.15353566429255
-0.191	-187.96334058768238	326.6899895061015	44.995938277794
-0.189	-365.8002685841266	294.64606192806195	48.476875840083935
-0.187	-25.917374754214073	275.7085126650969	43.27730725077474
-0.185	152.09467152588195	309.24944990650937	43.8252349716665
-0.183	-125.82157983598296	311.78321547381853	47.00997962393062
-0.181	129.87312796619577	283.87479469322193	43.883259137211816
-0.179	-180.19853332451595	314.7231511741575	44.58243163081288
-0.177	-11.650779629057695	305.0376928238237	46.918578713756496
-0.175	-210.97853139129262	279.5172661938012	44.89877642957101
-0.173	157.90337111631914	316.07436630980203	43.8401782557992
-0.17099999999999999	-288.7876197190664	295.4434647159608	45.79683768953212
-0.16899999999999998	-181.41204077715133	283.61636897405174	45.94386138015644
-0.16699999999999998	113.95545492076664	308.68892043339565	43.82268030800696
-0.16499999999999998	-146.58932770406085	311.462735361918	44.05166541923223
-0.16299999999999998	-118.99964995853995	273.0863184919152	47.54528407054075
-0.16099999999999998	50.6141783200853	320.56364029722624	42.86514553657769
-0.15899999999999997	-157.5808231538689	290.91004486880115	43.67965628717186
-0.15699999999999997	-158.89848489714086	245.6698424017662	48.564255868697245
-0.15499999999999997	46.145049907853064	310.70082005423086	43.38077496244335
-0.15299999999999997	-285.6394346650859	296.1981205534693	44.08185556951792
-0.15099999999999997	80.05138734246131	247.4303955615912	49.63816587673716
-0.149	14.971995347057288	296.05617419109086	42.592803663392935
-0.14700000000000002	104.85030964035857	311.31130450023215	44.47319935153496
-0.14500000000000002	-122.72674048430244	288.53469357505975	49.38124356662133
-0.14300000000000002	-22.82581907664394	277.81779745389605	42.599070720575526
-0.14100000000000001	16.996871579300077	318.94133350286546	44.499227788468254
-0.139	-62.87399075843858	311.24958285937487	49.61000194213725
-0.137	215.0743117854681	262.45971096403576	42.129958797454385
-0.135	-107.80965141321542	319.1921193480596	44.2263347698879
-0.133	-232.59249048968033	305.9021304932879	48.59031075430099
-0.131	93.10515508675898	262.98773053895263	43.24032224066554
-0.129	-115.94286431260147	333.50345656184203	44.40467213283762
-0.127	38.49126130561764	313.32658709055676	46.68099158226529
-0.125	151.37656042019108	263.3354976932988	43.816402439897345
-0.123	98.47589893774433	321.3088263071669	44.405978207222766
-0.121	-301.68812624764564	291.88968736852337	46.47581271117193
-0.119	-19.259642378255393	272.5480432955487	44.49055555233297
-0.11699999999999999	132.98822514595798	320.1967679321733	43.61270419387017
-0.11499999999999999	-208.72596919663255	307.6347124654188	46.65051146315658
-0.11299999999999999	113.98705636489481	264.74509183109853	45.31036075543954
-0.11099999999999999	87.02853113384812	324.56107512373245	43.29657835087114
-0.10899999999999999	-78.13919094801224	292.5838644639866	45.17739593030846
-0.10699999999999998	30.62403647069445	249.4847923817646	47.29341281562661
-0.10499999999999998	183.99438075245024	318.61164479602286	43.653191902483
-0.10299999999999998	-66.13628629981162	309.5021724197628	44.990647651501675
-0.10099999999999998	8.002902762482833	252.76045049602476	48.52855192965911
-0.09899999999999998	-98.67512257977218	318.06750007483794	42.830828148487186
-0.09699999999999998	-137.17164506521496	314.1694361044145	43.59248139084949
-0.09499999999999997	233.00158327121954	263.5879614585926	50.44258782573222
-0.09299999999999997	108.04489376492477	282.26745714068	42.80629898271804
-0.09099999999999997	-175.99460111483722	330.81362616465674	44.08447925770081
-0.08899999999999997	18.91815301857669	276.66735398739667	49.34059826781455
-0.08699999999999997	-51.6833431600805	274.9296194544233	42.30159520771345
-0.08499999999999996	39.64347005447344	325.0562665083842	44.64821682383679
-0.08299999999999999	-72.01978942028563	319.1549685047307	49.863770468444436
-0.08100000000000002	-35.66619034411911	264.22380568117757	42.98972061894067
-0.07900000000000001	-97.95379018873174	325.3564400270952	44.79123247880519
-0.07700000000000001	54.386946882534204	312.9032148198247	48.92096598008084
-0.07500000000000001	65.50469691668503	264.602439662838	43.42716753759088
-0.07300000000000001	-8.788536977610839	328.5229655091833	44.02289700609729
-0.07100000000000001	-112.37574918465666	317.14605378919316	48.523331908811784
-0.069	-111.61125890113422	256.73587827544185	44.06482069539298
-0.067	480.66111426403603	300.61953768856057	44.43454461104856
-0.065	-60.47823469224056	316.1980010238286	47.715711179849386
-0.063	71.96005279830331	257.87662316486836	44.84195031801684
-0.061	97.40626615029058	330.1630398684958	44.80456728483908
-0.059	-72.82474598513389	305.8217412283602	46.44308738143805
-0.056999999999999995	96.8934254372833	250.7347861243475	44.320931042942405
-0.05499999999999999	184.9802750999441	311.5764976606567	44.40403835727765
-0.05299999999999999	-13.875115397188331	317.3010970007927	46.22131693067278
-0.05099999999999999	-88.45709204896579	249.32446703501037	46.57515978371409
-0.04899999999999999	50.232064732647075	309.34561277766187	43.09944225490481
-0.046999999999999986	-248.41115119966784	325.88556989782955	45.82330235309217
-0.044999999999999984	86.27537783434391	227.0717447961989	47.58208344718037
-0.04299999999999998	-35.444927011241134	328.611198269712	43.778478115413705
-0.04099999999999998	-108.94056858623546	328.58436779278077	45.04218482880445
-0.03899999999999998	175.04552559710618	235.13806574622313	49.63515353872766
-0.03699999999999998	-118.11367502312376	299.20932859920936	42.646543201092015
-0.034999999999999976	-59.90736894334603	337.93939208197986	44.488365342050656
-0.032999999999999974	315.9126954321856	229.4825291608967	48.937112257998
-0.030999999999999972	-272.60632731429536	283.4035520153536	42.64118559894367
-0.02899999999999997	30.343112052744203	326.1159410268838	44.464980388750845
-0.02699999999999997	15.4188707972569	279.2019814924933	49.3822262953819
-0.024999999999999967	-228.6465560861206	273.9032181720237	42.81668621742507
-0.022999999999999965	-30.93990284130932	325.79647606569154	44.477903204553144
-0.02099999999999999	23.206733708702743	326.9002547793547	50.22046242367952
-0.019000000000000017	20.282878682387206	263.0545460129971	42.50011367799834
-0.017000000000000015	143.19932937967295	298.0124147170614	43.85648416473545
-0.015000000000000013	-326.7090694365482	309.5091682295751	49.63220667346759
-0.013000000000000012	30.76894598330604	249.17225039140052	43.41095153920776
-0.01100000000000001	-129.6751677767327	323.36110992047264	44.655694717963186
-0.009000000000000008	-396.6557224416301	315.5984514056244	47.5190386561435
-0.007000000000000006	-471.89610325315545	243.89721958936903	44.193627685882326
-0.0050000000000000044	-371.14885879918626	319.26001894049824	43.38650722469106
-0.0030000000000000027	-701.6195250745261	331.26780075214214	46.95420751710674
-0.0010000000000000009	-669.3041525451804	244.54048506382122	44.872731046261116
0.0010000000000000009	-506.9937378930911	309.3971221579228	43.54958084725123
0.0030000000000000027	-664.5840448581408	310.99413609941246	45.57605235607457
0.0050000000000000044	-647.0862066446648	226.0083993022962	44.76766634592631
0.007000000000000006	-485.64396181738357	305.0332310405538	42.82091531175052
0.009000000000000008	-307.9682789824956	349.4386866792591	45.57739846541182
0.01100000000000001	-113.53183233631103	228.3539255903727	47.57330750933732
0.013000000000000012	-48.42045409081397	300.8262352066335	42.09397200072283
0.015000000000000013	-94.70026029922974	316.1591514828626	44.602357009459936
0.017000000000000015	40.01527443020514	224.28661071104582	48.599960142898304
0.019000000000000017	-225.37704525971148	289.9137931076875	43.62712717260238
0.02100000000000002	-77.84944333144583	347.23708488339093	45.37439498604031
0.02300000000000002	32.038411886370355	237.4214384423192	48.42899455071977
0.025000000000000022	116.79202715697556	261.04419013053496	42.68324278123741
0.027000000000000024	-184.2952974726586	338.2788063041877	44.515382521327304
0.029000000000000026	41.822325183904496	265.77764095996883	48.158111946058256
0.031000000000000028	-30.558260850188645	260.7217915973504	43.203267783938465
0.03300000000000003	-58.203355632224785	306.5941094032725	44.23833896771582
0.03500000000000003	-60.00293655150646	318.1194107494708	47.96352492896616
0.03700000000000003	-79.02842240836705	252.5774099883114	43.215342497464995
0.039000000000000035	67.9572500803527	305.1567323576375	44.629977117507984
0.041000000000000036	-48.82981167531053	319.9277721818639	49.19061928684404
0.04300000000000004	26.285832869232806	238.50316291896917	43.204143373998456
0.04500000000000004	-176.53750293855632	307.52902005327314	43.293306932845695
0.04700000000000004	-129.30129517307876	324.6074862244248	47.379573260507314
0.049000000000000044	-119.7057408452995	219.19835047414205	43.35847837373773
0.051000000000000045	162.971579695137	320.0974035935819	44.56560816549184
0.05300000000000005	-120.0355282334753	338.9614202925337	46.59152469948532
0.05500000000000005	38.87302514971047	228.08199592894545	44.66379944893705
0.05700000000000005	207.16925875241543	311.47406632482375	44.2670904432265
0.05900000000000005	-103.55877857404217	329.98028643352677	47.80256797154029
0.061000000000000054	42.680960159469095	233.88957967281218	45.125980982094106
0.06300000000000006	282.4410915960307	308.441673968541	44.06612978468863
0.06500000000000006	17.97053021102002	357.87847074561375	45.588680164245226
0.06700000000000006	61.72818335214991	230.4829837702209	45.9526894937239
0.06900000000000006	-159.9765481560267	291.2083358988153	43.344271408696436
0.07100000000000006	-35.37495619254649	328.60868385178753	44.832131502691574
0.07300000000000006	8.067843095815874	232.9186511450687	48.042524706463574
0.07500000000000007	-276.835151429955	310.2384174936722	44.54110905246389
0.07700000000000001	-96.10802818116326	325.5209670370558	44.256682681960385
0.07899999999999996	-40.95487497113304	247.46796431569535	48.36731118798782
0.08099999999999996	-160.5660287744559	283.65501915474414	43.357232425620175
0.08299999999999996	-131.41781300585188	346.2329802719444	44.27914743286388
0.08499999999999996	120.6231139063707	265.6543547695608	47.0218463737387
0.08699999999999997	-136.88987873139436	284.78150108660503	44.70342770237673
0.08899999999999997	33.799841271164865	339.9096810910646	44.30113207438873
0.09099999999999997	37.29369430671703	301.3549885619321	48.141702578443436
0.09299999999999997	9.13050884188138	255.04541991129435	42.69915990398291
0.09499999999999997	-64.77171715335572	305.18368953564055	44.10044400762098
0.09699999999999998	-1.7874422818531244	333.85421088161735	47.72899072170599
0.09899999999999998	-68.62508026572733	252.00097033527356	43.94019605388764
0.10099999999999998	-85.1267450195925	300.57072560865856	44.37594541661751
0.10299999999999998	-77.23132899650764	343.50145100785625	47.048596260101284
0.10499999999999998	9.687600565744248	253.8967725505515	44.359450007596124
0.10699999999999998	-174.1232838416984	307.0502699858132	44.77864045446343
0.10899999999999999	20.71096088496205	363.5015313598977	47.277206875914466
0.11099999999999999	186.2346451593222	237.12094180111475	45.733203595394336
0.11299999999999999	5.475517507180783	304.83961747718814	43.511429887294035
0.11499999999999999	-63.325144946335676	370.14220991497484	45.83064625115773
0.11699999999999999	100.12159603767223	226.31179947531524	45.52649389468853
0.119	-316.8293543899248	290.138252150547	44.08439935506447
0.121	-36.73516530655618	345.3169157122296	46.01821661928541
0.123	97.55283605206166	237.4954585920663	46.15631936193847
0.125	-42.42998185322033	298.15905062071283	43.694913744543655
0.127	6.203485799050057	362.0742847843746	45.38198121175128
0.129	80.4125835296432	232.35586303340204	47.5384055031444
0.131	-162.0353354911952	303.05179258295124	44.18035394754802
0.133	25.13963165218236	334.5535248650828	43.69564194559741
0.135	4.616146330738147	235.49151089033023	47.41427573762022
0.137	-319.22358446756505	281.8632856730516	43.79217443730645
0.139	60.20415154406322	351.05110049943505	43.53099231525282
0.14100000000000001	75.18927545469012	279.12440096515985	50.02028236815225
0.14300000000000002	53.10540422387433	256.0243086482256	43.05128446045407
0.14500000000000002	-114.87691732270378	338.408600973175	43.88169241106023
0.14700000000000002	78.00953844827596	311.31711867452043	48.41412600500968
0.14900000000000002	-83.36898022243133	267.1666103568683	43.386623659417104
0.15100000000000002	-34.562985353425724	316.67500735277554	44.07120072001485
0.15300000000000002	163.7547293891206	354.1338587411011	48.436405849548215
0.15500000000000003	-129.99432706883863	259.1802951202348	42.9730961797825
0.15700000000000003	-30.060877856952217	297.0294685972184	44.637213617759926
0.15900000000000003	52.492999361275494	355.9665930015143	48.95294048433967
0.16100000000000003	54.7378468682691	241.75776594878084	43.7326788413432
0.16300000000000003	-31.786900895336423	309.36012034110115	43.856108220830905
0.16500000000000004	-190.49749292887608	369.13152649632553	46.9638452765234
0.16700000000000004	-14.945324875448307	240.35943932459907	43.66229617650977
0.16900000000000004	25.036812825174337	315.4584357257707	44.99936247441083
0.17100000000000004	-224.6348347939575	374.0884767302537	46.581041815137326
0.17300000000000004	23.283959448949787	233.35059402666735	44.71806765614627
0.17500000000000004	-120.86373118436188	318.6003602526029	45.43038809086209
0.17700000000000005	-138.9395278583727	376.1855129699068	45.83978221316811
0.17900000000000005	46.63623962608554	244.70794235955083	44.75392484873536
0.18100000000000005	-167.41172721712604	293.32267045862733	43.90010636144481
0.18300000000000005	38.816608013414466	361.0405770967898	46.60984602133804
0.18500000000000005	-182.25149372541605	243.86298744199834	46.202833405784894
0.18700000000000006	-143.9176762627614	306.46898194398176	44.84059676598969
0.18900000000000006	-211.08265031410946	358.44953692093003	44.875243895765486
0.19100000000000006	100.57273829389146	264.12040280134664	48.797673967673454
0.19300000000000006	-146.26636264980507	279.40209876030644	43.2976311798407
0.19500000000000006	-253.91271668417926	356.1466646468011	44.24251036996482
0.19700000000000006	97.02559572333236	288.0982841289498	48.67511667453098
0.19900000000000007	-176.1942998869115	265.253387673721	43.89792362514004
0.20100000000000007	-144.99927904565448	331.6024667122955	43.35715938706733
0.203	101.25470024169303	324.202437874521	48.6489062075988
0.20499999999999996	-294.9897320735362	260.5078782089757	43.21501879031063
0.20699999999999996	-149.75891045065913	329.7709105847626	44.06334748688015
0.20899999999999996	-46.09557928392238	361.3572182626967	48.84017601995989
0.21099999999999997	-330.36978536915564	250.97305798353923	43.05892260415725
0.21299999999999997	45.28119045943413	292.73037132051496	44.33528723450247
0.21499999999999997	-143.9829954550387	398.1916426849119	47.925110713978476
0.21699999999999997	-66.48525342600742	247.35920483574796	43.01118228221515
0.21899999999999997	-146.7285740115454	308.62307556038587	45.6756880589781
0.22099999999999997	-1.1579881318279917	380.4848222754126	48.1481622760424
0.22299999999999998	35.26630765326999	244.99871778194478	43.61222320647009
0.22499999999999998	70.60395583247114	305.32893618356246	45.440990664198885
0.22699999999999998	-142.98188779449106	381.8101327022708	46.19695554704954
0.22899999999999998	-137.18337397172763	250.70664098562125	44.07130405027198
0.23099999999999998	-16.315933778821012	306.1492656153717	45.21831256274812
0.23299999999999998	-36.079712095293814	388.38679646282765	46.73176017891836
0.235	-204.44311413148063	263.88147462160254	45.45190153242331
0.237	-95.39763610455498	296.4853213829162	44.672181456992206
0.239	-140.2947453544856	363.6737494987131	45.375629786528556
0.241	-35.84158848113361	274.8169133595221	46.41747801368337
0.243	-166.8865676480724	288.503824312691	43.703747994519816
0.245	-73.92454961963057	363.02982619383914	44.93591610526956
0.247	-15.998350499479841	275.6969510477185	48.25055566280564
0.249	-203.59827901361706	296.81710417922517	43.869990567020594
0.251	26.07981685609495	352.23638781600357	44.05415169807112
0.253	110.69387258877406	295.17235493374824	50.08706755134332
0.255	-279.82687462491106	277.8647153952657	44.123693236451786
0.257	-56.19069101381324	329.32650496540845	43.31755166677863
0.259	39.114564886810754	350.8486567751191	50.47784792756035
0.261	-125.77088650445046	265.43283146615084	42.49654908598853
0.263	-57.19709946294671	332.3293440853399	43.88071575529864
0.265	-155.24958438384306	377.71347595941455	50.4246007581528
0.267	-87.05581120593831	268.1794788903771	43.64994450801341
0.269	-82.23998662171272	321.4351232637362	44.23570859305555
0.271	53.7992775180296	383.9491784874347	48.672690557876265
0.273	-174.45379894232005	256.31207106464956	42.972329940933335
0.275	-52.64494460588409	305.8269425637768	45.03734803367339
0.277	237.6841375484329	415.3357416019092	49.395715241215946
0.279	-65.61564544504961	236.36717899804154	42.70283732894112
0.281	-57.946244286788406	315.6200269237958	45.00860984466361
0.28300000000000003	-135.6691413669786	380.97091107979213	47.40061341045371
0.28500000000000003	-88.02078353309372	262.6410215052142	43.978498327298254
0.28700000000000003	98.06054094174677	290.23218286874015	44.397974254779214
0.28900000000000003	-177.20330500592408	376.68967423234125	46.56316313093904
0.29100000000000004	18.101896335442902	258.7606085620773	44.4528517801179
0.29300000000000004	37.62976800603113	297.88875340417695	45.016666284916845
0.29500000000000004	-215.05329102089465	365.81668111201213	45.60228261950595
0.29700000000000004	-13.709662580962956	284.6953207011638	45.125794101539746
0.29900000000000004	-167.9048108114145	289.95680005263193	44.250194519862575
0.30100000000000005	-75.1792600865997	344.161769827023	44.41676114022186
0.30300000000000005	-94.98162619514528	301.1163381452055	46.79989650984889
0.30500000000000005	-26.99095559177689	285.877385093107	44.61715535748186
0.30700000000000005	-222.03780989038523	317.81912575420705	43.50413257693444
0.30900000000000005	34.03929153078522	320.64735096725747	48.0566633228312
0.31100000000000005	-114.84665495620217	278.101230367855	43.22926128975276
0.31300000000000006	-160.33063233933387	318.62510804549083	43.468347931275275
0.31500000000000006	195.46463433584017	341.9012511951236	49.388341197677654
0.31700000000000006	-10.562621418297446	266.0704832652118	43.684082519047585
0.31900000000000006	-13.258338109278789	310.76386147367134	44.084806243812245
0.32100000000000006	-18.02381115689755	372.4705935697079	49.12740269664421
0.32300000000000006	-153.0186830136504	266.2542102292602	43.52147601278267
0.32500000000000007	51.082224526988185	315.7041465124944	44.47082074041802
0.32700000000000007	194.8873231969461	382.28392691256215	49.91047237321574
0.32900000000000007	-183.8763019267331	258.4517461673442	43.09507120068733
0.33100000000000007	-104.73925935317041	299.3056824525919	45.41922068940025
0.333	-215.35801319572113	402.31533743417384	48.42387140093519
0.33499999999999996	-64.86200796806952	261.8888784313669	44.21419569289632
0.33699999999999997	26.69419775513937	285.35119011116	44.203531107742286
0.33899999999999997	-250.63852999351877	396.8444939087145	47.89896669315931
0.34099999999999997	-13.410755414278164	252.01253742808052	44.063835037447234
0.34299999999999997	5.653401623284537	289.5544813616598	44.07300366818301
0.345	-296.87376071907414	374.53194110540306	47.32676478427167
0.347	-98.31064757781505	275.355547734166	44.97526174353187
0.349	41.53207677748405	296.47936407482604	44.96349214729765
0.351	-44.865099068425174	365.4151949816619	46.080874549659036
0.353	-341.0857272525547	293.32193070026256	45.834375855965256
0.355	112.27894683729644	285.0996022992036	44.36702045670928
0.357	-328.08229106373597	328.34720240545056	44.42771506831508
0.359	48.44343694632158	315.0455903391186	46.10919544652592
0.361	-93.51022054537862	288.25384827603733	44.55818556450993
0.363	-193.3221429387677	329.02814801177857	44.80359888654666
0.365	-207.6661423441317	339.1753091483017	47.75694965739792
0.367	-115.08685808980789	277.98879322026477	43.93976953194668
0.369	-92.63204018483684	307.1690388173818	43.132188431369975
0.371	68.53370893056265	345.1245728242074	49.349289490724225
0.373	-118.05144001608703	279.1058527140993	44.21665460256876
0.375	10.930507009510038	298.5131382607337	43.51796023338507
0.377	-126.15940735749564	381.18960669907847	49.93437184076264
0.379	-220.93606466311311	261.6315794103953	42.76352848267012
0.381	99.28341721332501	298.44409170188214	44.07759802725128
0.383	-330.7970404855531	380.8935501207131	49.370644351334064
0.385	-153.01044562499033	258.19982992942806	42.93749866588757
0.387	-85.66527167430671	287.41339267080383	44.453351601454195
0.389	192.8753604822919	403.71214561056047	48.90612796839536
0.391	-156.07831843289512	264.9696069138279	43.12628791713575
0.393	-233.0017592875322	288.70771834449977	45.21769322158702
0.395	-132.43815928476454	396.63157560451464	48.85808568852337
0.397	-206.2836804492818	250.16932950579022	44.80106170201273
0.399	-60.417421969827245	296.2871545190279	44.20125526476144
0.401	-122.733658423968	346.18553753073707	46.92353802810562
0.403	-76.12114808031035	276.608527662082	43.09171772273221
0.405	94.55240538214227	285.22508857463237	43.8700341396905
0.40700000000000003	-373.13995587429093	337.8364462272536	46.32089635506533
0.40900000000000003	-57.264786105681864	293.9424425454999	44.8245057089519
0.41100000000000003	30.494737156105955	282.2196515553931	44.06712933062805
0.41300000000000003	-128.7025960076127	325.9030520755669	44.478679356783864
0.41500000000000004	-167.0106461926224	308.956636269832	45.04956291447589
0.41700000000000004	-221.83588724111746	290.92597389690457	44.16649216415154
0.41900000000000004	-47.9617564888013	315.3009254311947	44.26940302043154
0.42100000000000004	-118.57209845278493	340.4872625936062	45.970339853093435
0.42300000000000004	-204.49473299899435	277.13189193020185	44.14038170479525
0.42500000000000004	36.61736654381187	307.2796328289304	43.370664862430246
0.42700000000000005	-113.92027514478542	363.04075170308505	48.28474915473981
0.42900000000000005	-44.213310119611826	270.343703677457	43.71182631789509
0.43100000000000005	-59.266610234476325	303.3328257641293	43.00696748292919
0.43300000000000005	-107.95367649396593	409.21609647558734	51.041606116257164
0.43500000000000005	-318.5343907564642	281.7713126500544	43.63226559430865
0.43700000000000006	-50.7644015967923	283.93662821991006	43.20910022050675
0.43900000000000006	59.477007524399994	382.5614234480871	49.919065109225926
0.44100000000000006	-75.18403644446448	270.998916285449	42.47267094856372
0.44300000000000006	89.40081182506887	286.15213873402837	43.91189669935606
0.44500000000000006	-102.75231017808917	377.27333722377165	48.88026940001147
0.44700000000000006	-207.24949989436857	268.58168437282967	42.12185388642177
0.44900000000000007	-67.57514984823132	294.55573715551355	44.15008792669563
0.45100000000000007	-148.16519615390433	380.13636456881164	48.20409269177417
0.45300000000000007	-232.9294670107007	282.00138332029474	43.65196447891857
0.45500000000000007	-111.34194566508882	299.4491378884165	44.57789106435655
0.4570000000000001	-168.68986555784727	373.05783989762887	47.919243361672436
0.459	13.651635906608561	295.30875971225106	43.71778094732378
0.46099999999999997	5.149157696004991	291.7967905681161	43.85731997882411
0.46299999999999997	-262.8237920591081	323.53739350054224	46.179113222626206
0.46499999999999997	-287.0750217682794	315.00052935768815	45.35832419584278
0.46699999999999997	-11.03377823097329	292.2076084094477	44.193908930634244
0.469	94.22497003797048	322.80839759362544	45.6606953248882
0.471	-207.45014861722754	337.9783880826457	44.43655612767562
0.473	38.84339676951676	278.6070390865471	43.471158287772575
0.475	-162.36986356421568	295.37617426344383	45.007086237041584
0.477	-251.47691554427976	371.6372382945638	45.69385688005091
0.479	21.632083443856587	278.6107038040067	42.75488280723733
0.481	-61.074218930645685	285.4243542882234	44.453179798114455
0.483	-217.2214785913784	388.3475750855754	48.02992216189242
0.485	-51.94568522881582	268.9519684520098	43.20611765289802
0.487	-45.28592372177176	273.18307423502785	43.15875257882057
0.489	-274.7309579167467	415.9402229935482	50.14601315176072
0.491	-257.37963871363957	285.71333090486456	43.87726457982676
0.493	-114.20067341427753	278.68442747926014	43.31083877628701
0.495	-165.06147258699144	402.8198455617729	49.40151613483631
0.497	10.095064733484094	284.0917413724033	42.95594883601398
0.499	-233.33037767336862	273.30676020758153	46.230924653144484