-0.499	-96.70747700307736	73.60433069634871	27.65219902952113
-0.497	27.171812130299955	71.55916248189445	25.769265057131108
-0.495	58.370057798073915	71.62391341858984	27.945836129307292
-0.493	-20.591692957538932	76.59607803629746	26.733628399877972
-0.491	-2.630694233896058	78.10279581950647	25.99546765051783
-0.489	11.565503804877864	76.34538581187468	26.627983818884953
-0.487	45.241847568489035	67.30372982798598	26.005693368229046
-0.485	-42.43874643916623	83.49078766256643	26.499169190266635
-0.483	-4.1290407766236825	55.0213342300291	24.31857967317747
-0.481	38.7881310102145	63.192459971104	27.03923152527296
-0.479	-65.55444352052132	66.49685818325034	26.820194813768218
-0.477	21.509614360981644	65.15219103750064	25.88466865132403
-0.475	25.813527643414602	68.08436831750056	26.31757002943847
-0.473	59.13197512463775	67.91417710500897	25.814260687532094
-0.471	-21.079416217539837	69.17338844624588	25.966022915091774
-0.469	-3.5524168169320802	66.45007196966401	24.719336262958294
-0.46699999999999997	76.27789347441905	69.26565904549807	27.189396782296164
-0.46499999999999997	-62.359610780826635	69.31228955763117	26.227966484609606
-0.46299999999999997	-0.9094710604617973	66.42805953782863	24.65398982446327
-0.461	76.39610789844653	72.93893196573758	28.28657908224799
-0.459	-5.231607061340071	66.4268159099167	25.52201741966285
-0.457	-15.329735238100994	82.33287911840517	26.63802292961299
-0.455	-37.373392080763956	64.33339983030933	25.853676295002376
-0.453	32.312627230579594	64.95761586935818	25.287457982417095
-0.451	-35.03029225460086	71.30987191709264	25.699992406723517
-0.449	-1.342040814145129	64.31765114361929	24.533723711509648
-0.447	11.53183424928983	67.90868483537173	26.575063059626185
-0.445	-105.8719776434458	67.6501968459656	26.15878132027604
-0.443	81.87205744425441	77.02944274570997	25.995151489495008
-0.441	28.66739316931266	64.73855376636531	26.108173696588935
-0.439	35.046728158016904	71.68834759492543	25.63327453840118
-0.437	-29.908969680580988	72.4382736438018	25.448367703843747
-0.435	-36.85272913334092	58.546312686377796	24.799504228761915
-0.433	-41.50076384124013	70.76617478437144	25.853538644316473
-0.431	-56.54783310027334	74.22568342197549	25.382042216493016
-0.429	-8.145778343404686	76.20101720010004	25.746064741982686
-0.427	40.61509511510408	68.71908078732488	27.809965703567467
-0.425	-23.346185064831992	66.36499714500648	25.535624192923837
-0.423	-49.687251782004616	75.54212553853466	25.185866530865187
-0.421	65.00002453613263	59.47469759362577	25.041783968073176
-0.419	66.40238247390684	73.87867531076874	25.554836587122324
-0.417	25.161149354691048	82.00623545095564	26.457615653833958
-0.415	-8.50904051230561	74.73304226413784	25.733827459992828
-0.41300000000000003	27.9875696209686	67.85925557661726	27.742827482108684
-0.41100000000000003	-17.266389768622048	75.86126390124018	24.747766197686087
-0.40900000000000003	-22.89100557306689	79.34445980252853	25.66094506271144
-0.40700000000000003	-10.016441560067868	63.94243262176172	25.497498255356113
-0.405	9.52097400297447	71.91823978652141	25.78954749157311
-0.403	-115.33121766715837	90.54801536463376	27.006773884550164
-0.401	41.893308492690906	73.04530044326374	24.479522285739222
-0.399	-1.8711697924445048	77.75878167550907	27.50649427474709
-0.397	-75.37042932725946	80.45085999482659	25.714849151753906
-0.395	-24.72146049081747	71.71287888149665	25.21994859049165
-0.393	-21.450752013651986	78.00796928986064	25.67650076121815
-0.391	-28.76598994960844	76.70537648704642	26.3293558796045
-0.389	3.2343756060093654	78.74264353099971	26.42598803047272
-0.387	17.12818667320981	68.48485709193825	24.95411072958058
-0.385	-22.4614518061772	74.05018240199212	27.05896302323819
-0.383	-117.33411526948512	79.66525413302683	26.258515658741636
-0.381	35.583911702108395	70.77537834410941	25.29322073723737
-0.379	-42.06793048455726	77.10396953660336	26.73707101623651
-0.377	-56.40082671531932	76.62812349069489	26.18083453697973
-0.375	-40.831774966054724	89.05410489905208	25.948941789060523
-0.373	-84.22840140953625	70.89826549703122	25.974115359314027
-0.371	-5.093235290631881	76.94813231071821	26.14014583426461
-0.369	27.941301692147036	81.11641801741311	25.675625117752446
-0.367	-38.65248404266719	73.74498269252855	24.53833903459176
-0.365	-23.383807998711426	69.76523965614041	26.669894841610326
-0.363	-85.4576725412004	78.5482305209816	25.688401800845917
-0.361	-33.25600835146769	71.00538052104407	24.884101913191646
-0.359	33.07964291510146	63.71893271332716	25.776084324653915
-0.357	28.855667632887716	74.7909128739384	25.229637928625735
-0.355	-61.507480364153544	94.18152308769612	26.267920585214192
-0.353	47.9562768558317	70.88635283989626	25.536219595690344
-0.351	-20.12448140087386	68.5554421897109	26.60944216262811
-0.349	-65.69419922364261	82.00677571984795	24.854194877942568
-0.347	-10.075685218824404	72.62296390420046	26.195155390328623
-0.345	15.21476905841368	72.62205881372324	26.707028822516424
-0.34299999999999997	-146.94944321558268	68.60898491662947	25.071521640372538
-0.34099999999999997	-93.59837500821922	71.78952884046218	25.565426339497105
-0.33899999999999997	38.74435216100203	67.13239724767621	25.35300848802471
-0.33699999999999997	-33.585921402901064	66.39340236924973	26.416461192467
-0.33499999999999996	-71.23512080686734	79.98365921467226	25.508928985212524
-0.33299999999999996	43.45524957227731	69.97056060034308	25.438086495458883
-0.33099999999999996	-70.71542867687074	65.88023420077927	27.205657539647394
-0.32899999999999996	-49.096346599997176	78.35366822588735	25.25439302560184
-0.32699999999999996	-68.84727573108762	79.56156253625292	26.289388821235676
-0.32499999999999996	-46.3586019482376	65.51656794365483	25.137853461566174
-0.323	-6.938191282279682	74.2960754198324	26.01863599867844
-0.321	-122.3576885770461	87.75323480633453	26.301275940432102
-0.319	-55.73858739016391	70.06529900520515	25.706252166445683
-0.317	-87.5809779790071	71.18772089119815	28.524006860172264
-0.315	-6.00519413362921	79.01616811336204	25.439583809508626
-0.313	-11.12408160863776	79.92128452964063	25.416101469561706
-0.311	-69.58145742019806	70.91403639029231	26.50801405520156
-0.309	-19.682032605050637	76.54375069228223	25.420481215514677
-0.307	-27.323814991819795	76.46213614065613	25.408153727966848
-0.305	12.840846129291705	70.48986197029953	25.058783455066376
-0.303	3.615480577146002	66.54152961693333	26.45679316756904
-0.301	-23.071383989270444	74.61659561855338	25.285646540808113
-0.299	-32.28121299381215	69.10260532587728	25.54869013984391
-0.297	-62.10514616533658	74.99279286866874	26.56367309923612
-0.295	-54.23873596943629	76.62728578158057	25.7983377728263
-0.293	-28.682703954063804	83.57604651289807	26.50085592120972
-0.29100000000000004	-30.97226731740843	61.72803539629317	24.419184693828456
-0.28900000000000003	-102.8713201770559	77.23957624762863	26.31753956713465
-0.28700000000000003	-110.56712816559511	90.87192834693926	25.820752276952152
-0.28500000000000003	-36.684559125754745	70.03356535513406	25.97008348831782
-0.28300000000000003	-130.82309363143807	66.28954545118577	27.5784633200219
-0.281	-134.34103908438465	75.81488295339982	25.19777468210219
-0.279	-54.03470127984811	82.55199113338179	26.106573411938815
-0.277	-98.23679534126661	69.5376160936485	25.32136930123017
-0.275	-60.60424949050347	71.46793784534815	25.39312755688734
-0.273	-42.174322913424156	83.78901153399883	26.345119933002024
-0.271	-37.81636982147507	79.41628165277305	25.551581746308386
-0.269	9.146993870778886	74.42646309476798	28.153561527516374
-0.267	-53.91716284897097	78.15027656156721	25.08612050375138
-0.265	28.98424157016244	74.64467765996345	27.451828623643188
-0.263	-34.6336535806957	70.42253421108119	25.55896727977043
-0.261	-28.7326212800032	76.0226580278985	24.830847888095725
-0.259	-8.300951370499021	90.8487702151317	27.013491379531036
-0.257	-20.190353679616635	71.24797249145585	24.34123799220637
-0.255	-15.903045031406826	82.36094218402062	27.87366706925201
-0.253	3.7733885676072276	78.93133429699648	25.366365937914818
-0.251	-42.627625367108735	74.18519341805774	26.380257920066153
-0.249	-82.93340928744453	81.94107318610321	26.515558492423697
-0.247	-17.963867580017556	68.33701775505753	25.371717553641478
-0.245	-17.595867111475094	84.02962848021399	27.663381438507137
-0.243	48.01172322377312	68.83574705702561	25.013307946834466
-0.241	-82.44941446833298	69.05341155510655	26.009182712448577
-0.239	9.122597933286514	84.96670775447238	25.96616941807959
-0.237	-24.30656160989919	72.55229119383064	25.456152138354966
-0.235	17.367410515500836	82.63116332935532	27.282789968229086
-0.23299999999999998	-20.769648310325906	77.71371716074253	25.473892216211723
-0.23099999999999998	-52.19167869763286	82.4525056110616	25.79341555460364
-0.22899999999999998	-17.863677395979494	71.46958334334843	26.07555261039231
-0.22699999999999998	-7.518655193328172	72.21648045284282	25.6193420223536
-0.22499999999999998	-128.67960159901327	87.13013663249752	26.33386221724557
-0.22299999999999998	52.58257899187768	77.46463143111075	25.570518510160813
-0.22099999999999997	-59.62296389494526	66.80649829388909	26.775187014534342
-0.21899999999999997	-4.61632777926102	75.17126904758558	25.352473360796107
-0.21699999999999997	-56.67752968296913	75.18738381573519	25.79850416817033
-0.21499999999999997	-13.437247618153236	70.37846348771559	25.568235372006136
-0.21299999999999997	19.264308204425262	70.45140143875066	25.445559437371575
-0.211	-9.880034659293102	84.45295299780302	26.08521006830986
-0.20900000000000002	46.153847407692794	70.08599699500851	24.868986650310667
-0.20700000000000002	-35.769176992994645	76.01042707840446	28.443188072744487
-0.20500000000000002	25.07397589068816	83.79739107647244	25.300861073284242
-0.203	8.659691847157092	75.7147592933909	25.526686378472355
-0.201	25.068966735375398	74.34258070608048	27.259946773458807
-0.199	21.12662955333633	84.16344037946152	26.303995826958676
-0.197	-47.90960229861252	79.87548265801786	25.680781761305525
-0.195	78.46791526056052	68.19873670884074	25.353564234900077
-0.193	4.30439072185429	62.874977539378065	26.50667790352056
-0.191	-7.704963925658781	79.97469634861382	26.106610092295146
-0.189	-19.553980997177867	64.1560662407411	26.21080980813255
-0.187	11.839591900875135	69.92124990590763	27.23165381835616
-0.185	34.33512831296781	75.84849654182732	24.906578873697608
-0.183	-34.43137313918765	76.8845646060594	25.071092178622727
-0.181	67.0054520310881	69.27767581538785	25.742196097818837
-0.179	-5.969450453946479	66.0508298563454	26.565366192660672
-0.177	-43.37907048945766	76.38800519553376	25.968187666367324
-0.175	54.384352925263	71.85763338288099	25.031629869279737
-0.173	-84.64494785043186	64.59419235596853	27.770780880251554
-0.17099999999999999	-4.258168576298793	81.00264984688862	25.30157838637067
-0.16899999999999998	67.49961361296464	67.67998360683596	25.721404758276282
-0.16699999999999998	-11.582534814702505	72.71835511691046	26.621143917313077
-0.16499999999999998	-2.9954910316654093	68.19898100274102	25.58184670331209
-0.16299999999999998	-82.55983340021977	76.66867067338696	26.490215114872626
-0.16099999999999998	-11.805817955012898	71.95853530717226	24.823403600832727
-0.15899999999999997	58.31305187653513	64.7782046133612	26.044087748518706
-0.15699999999999997	-31.074007525333514	78.55781489862756	25.12928643469328
-0.15499999999999997	-64.77507050361986	80.91420050552905	25.396216500972105
-0.15299999999999997	23.031845028276265	70.88865273744413	27.496582861370484
-0.15099999999999997	-74.39746807358372	71.42441653118745	25.499577412294368
-0.149	-99.81873994246993	83.45123594956821	25.522140635933077
-0.14700000000000002	98.1371041446355	67.04442572311743	26.252000729979358
-0.14500000000000002	-123.10123024661391	60.46769679602321	25.950051800378795
-0.14300000000000002	-87.05793469543366	72.49534953978143	26.107492199098715
-0.14100000000000001	12.195557403948953	70.24264570801466	26.511537742131893
-0.139	-67.72016398259862	66.13660457873705	27.99501004377183
-0.137	-78.36966860241823	77.55151054746366	25.008050044866142
-0.135	-48.10753259687495	76.48238995960672	25.973666588727973
-0.133	-4.66083937300521	67.00167805608292	26.762234723052785
-0.131	-71.63175741387029	66.99566398814407	25.972706517019997
-0.129	61.19720741804002	69.9948879764056	26.373887184117994
-0.127	-13.524966427147511	67.18664664165485	25.708478915779338
-0.125	-44.782413509469876	68.95539944786903	27.17324984737001
-0.123	-48.86739645659777	73.89275775198888	25.64577921841484
-0.121	56.79189579277377	77.76864587177116	26.486872148195495
-0.119	30.457687475671236	70.84985400154659	26.34311673332221
-0.11699999999999999	-31.68824410348936	63.44346413433227	25.155643716213167
-0.11499999999999999	-92.91322126880885	77.3436113245237	26.55078344225021
-0.11299999999999999	14.056189738154146	74.80361087367925	26.361059615041167
-0.11099999999999999	-17.840808752667137	65.38194860496864	26.511709474299096
-0.10899999999999999	-9.621930412651025	72.35337103894979	25.608980368189474
-0.10699999999999998	1.5944641158505135	79.14266595257251	26.692043127654298
-0.10499999999999998	-4.358365618406523	74.06579340137394	27.70522584433647
-0.10299999999999998	-60.835694075667135	69.09667894129574	25.51367630027975
-0.10099999999999998	-16.594620135368388	72.99246243557825	27.874426510001662
-0.09899999999999998	36.79438094628118	71.452191542239	26.1355243611107
-0.09699999999999998	-3.1699811731122907	64.13289674234113	25.59945667921432
-0.09499999999999997	-7.542947022987079	76.9167331121387	26.417978598626295
-0.09299999999999997	-43.96667168227175	72.922275747553	26.469889671484545
-0.09099999999999997	-58.16519329226999	72.43891352988686	29.05763807306961
-0.08899999999999997	-19.500518223969365	67.32872567900148	25.01889309382209
-0.08699999999999997	46.86433867617801	73.73648954132628	27.287462616643563
-0.08499999999999996	23.012252005960576	66.60291746614423	25.68171067048162
-0.08299999999999999	-61.689211785398435	70.34086945534119	25.74693906588685
-0.08100000000000002	-11.022484540545996	78.10694941371729	27.732981351374594
-0.07900000000000001	-48.71841001918842	66.90038266981777	26.747116002693254
-0.07700000000000001	5.627285885712041	73.2237671380327	27.082045853049173
-0.07500000000000001	-51.87581619581216	72.22607293456134	25.136480469420306
-0.07300000000000001	1.164381973062234	76.99121181091724	26.8736251307128
-0.07100000000000001	-51.12896004011436	86.6140698888825	27.236043983270516
-0.069	-32.21086283322627	71.69344803247368	26.281835800457923
-0.067	-23.624209380401773	71.32930612277512	25.995177688075657
-0.065	-28.425723635927547	68.50699926241765	26.653641759840156
-0.063	-25.58588468792866	59.58168763425667	27.32069913691379
-0.061	-127.34721978635565	64.67672314788312	25.79946944880418
-0.059	-50.473454639266	67.10814111197911	26.294009206166525
-0.056999999999999995	-11.819244929989203	74.07500222967445	27.470520322450188
-0.05499999999999999	42.12454604446414	68.02773634945962	24.873549116643435
-0.05299999999999999	-141.05181419643566	70.56285851912817	26.486284485489765
-0.05099999999999999	-74.18823221116978	71.58898648805781	25.811101194598542
-0.04899999999999999	-11.147200275396507	65.86292671291109	26.732658644392792
-0.046999999999999986	-0.2125463950397588	69.75894966317098	25.693007755306944
-0.044999999999999984	-38.47560585545917	68.38405647226115	25.578663317706805
-0.04299999999999998	-37.297970494787336	73.62532663454171	27.62847109774594
-0.04099999999999998	-10.3570870558789	79.54100821947515	25.89285011253132
-0.03899999999999998	-143.4426505704245	67.80883741868851	26.26569547891182
-0.03699999999999998	-22.809550819458124	76.52845522695365	27.079848044183354
-0.034999999999999976	-22.85870052587402	71.49261366402582	25.649746104486688
-0.032999999999999974	-56.70560804482694	80.04360952348873	27.461295551620513
-0.030999999999999972	-48.25689448051396	68.05142108074675	26.386220378557724
-0.02899999999999997	-18.91234323236901	74.79766975390447	28.075755751990375
-0.02699999999999997	-50.14424538629658	77.85249303097031	25.19580867883119
-0.024999999999999967	26.057444951765873	74.79225315329907	26.527598173999312
-0.022999999999999965	31.783203390922665	82.46471775894463	26.435196912661475
-0.02099999999999999	-44.7065990955009	73.67731300891425	26.10526331313615
-0.019000000000000017	-40.99919887567971	83.7944633230921	26.749492442710196
-0.017000000000000015	67.1225033292977	78.4677392106478	26.81666006106809
-0.015000000000000013	-119.2559229739043	78.83567476088034	26.655666244982434
-0.013000000000000012	-47.47067784027781	75.58222098766453	27.170772375825717
-0.01100000000000001	-35.86094836438569	72.09349360856936	25.976209315253723
-0.009000000000000008	42.77900813276503	81.22338166222164	28.652092395055757
-0.007000000000000006	-37.354367488307005	69.49096925537592	24.748763149561704
-0.0050000000000000044	-339.9655292330994	63.335535675344836	25.89377887741911
-0.0030000000000000027	-455.00187681679625	65.4607783860802	27.082867175092108
-0.0010000000000000009	-448.6296214240015	72.30136344161193	25.80049477232986
0.0010000000000000009	-448.76142894123564	75.36285129294545	26.18071649415513
0.0030000000000000027	-450.80985757528504	69.28068899137855	25.883387937523207
0.0050000000000000044	-292.3693593209764	87.69280659553569	28.067963818643207
0.007000000000000006	-109.6544990634163	73.16111497702136	24.941090164274215
0.009000000000000008	67.10397567299964	84.15876865338055	27.190211978813352
0.01100000000000001	-18.878246478171157	90.71572877262697	26.50040739282378
0.013000000000000012	6.083375048815398	73.70565917314788	25.384395051722375
0.015000000000000013	22.61505449152601	75.94854409177415	25.988769500636003
0.017000000000000015	-66.03439316965608	74.29922966609696	25.859860768852542
0.019000000000000017	-15.424971058664028	82.66421936415244	27.80017835269899
0.02100000000000002	13.54749033888325	65.13938419996637	25.53360817220089
0.02300000000000002	5.351578562518	73.06524492190479	25.68246314593123
0.025000000000000022	-36.039227230499904	77.03359233480509	27.046450009898077
0.027000000000000024	-40.51787404957263	68.14792380342345	25.27137315371607
0.029000000000000026	-42.49835855429929	74.27759702587228	26.496685618051643
0.031000000000000028	-0.2834981399635339	70.49406425746943	25.343949398845723
0.03300000000000003	-43.400910307300755	65.07299856779238	26.412364461807595
0.03500000000000003	-28.77498421982594	66.89404314505492	25.7860509198301
0.03700000000000003	-79.8490812483621	66.95886827001353	25.714134288606367
0.039000000000000035	-25.06135425761613	86.6256183039369	27.576459598458325
0.041000000000000036	-45.599438886045895	55.641850829446405	25.614322298283717
0.04300000000000004	14.677961506004422	74.2542087153493	26.389472394495694
0.04500000000000004	-58.22157742862988	70.39202804978888	25.62761743619983
0.04700000000000004	-33.0541192211653	71.87490116069004	25.747475113514504
0.049000000000000044	-9.204992283184943	69.99266034577019	26.216808508040987
0.051000000000000045	13.858866278138038	73.59685711192793	25.491447249549555
0.05300000000000005	-34.44118833562104	76.96168504109355	27.60715199180127
0.05500000000000005	-0.6953537798892739	66.47970587329222	25.31451946762385
0.05700000000000005	61.57662003691833	72.46840487322032	25.521457783528824
0.05900000000000005	32.41816014187826	72.50283999119301	25.856332328652996
0.061000000000000054	-9.701335833778302	72.05719246255524	24.94919825091992
0.06300000000000006	73.08508313252915	68.28589352503725	25.79270986680137
0.06500000000000006	-13.106696494347148	69.39762930457535	24.839311071809394
0.06700000000000006	-50.92639208215122	76.66291662432998	27.47417284670543
0.06900000000000006	-41.78517672071003	64.18323013945579	25.374025797845285
0.07100000000000006	37.75903274139125	72.75613679627547	26.086036224164356
0.07300000000000006	33.40036427834647	76.16663189048305	26.72590369817484
0.07500000000000007	-14.802004222214116	62.80584910853009	24.713484101877608
0.07700000000000001	25.454430756521873	64.71754872348203	25.643736866276928
0.07899999999999996	1.4729371287103277	68.83405870915385	25.32230860148733
0.08099999999999996	86.12566599230931	74.72004320761168	26.179364505700267
0.08299999999999996	64.98534490906316	63.96276780680689	25.833557602746207
0.08499999999999996	-21.246294555909984	64.87331477444977	24.870969907343664
0.08699999999999997	-40.568585397582346	65.61393690050458	27.372780556890284
0.08899999999999997	9.453967819705866	70.98720126384457	25.367147314536865
0.09099999999999997	-13.948332528102014	66.00635926295982	26.345414739013474
0.09299999999999997	-25.372829400849284	63.24808664910468	25.588325740495023
0.09499999999999997	40.92801286370573	63.00576889704693	24.868271064103048
0.09699999999999998	74.76539495332446	62.87111819073571	25.078242722499176
0.09899999999999998	26.634933305347275	67.33054030903875	25.805869227603917
0.10099999999999998	5.589070890543724	69.14081930747037	27.055393050974192
0.10299999999999998	1.6088485699228272	60.04111956389743	24.40045563646762
0.10499999999999998	53.61668260372987	75.79292323808234	25.778961289072868
0.10699999999999998	88.29160199330666	65.11686121034089	27.146533211363035
0.10899999999999999	10.829841939452578	65.65398910558987	25.838985354598815
0.11099999999999999	22.371366156903605	64.79543392606573	25.42862057773374
0.11299999999999999	-10.458317820205565	64.03201440037041	25.504341637600866
0.11499999999999999	56.25562020483699	61.85026705157038	26.471605169092754
0.11699999999999999	13.255579626392233	61.323810238539345	25.293928176808734
0.119	85.18206468610678	74.80861721071386	26.136482335340908
0.121	-11.846600397102947	72.75458440581639	27.22522253203316
0.123	-14.551109272509244	69.89599527366734	25.527728681078766
0.125	31.8849691891554	67.68543030356676	25.738450214458425
0.127	48.50276235934814	65.32273824050701	26.079382004944218
0.129	-10.414943032999169	57.29465283512762	25.374128329590995
0.131	65.62033277202062	60.951997859815954	26.009599940914264
0.133	39.483119254946075	60.74932508594735	26.435618143358553
0.135	74.26613369343471	74.7761197651893	27.336476249027445
0.137	36.68027951775343	59.883831683890364	25.609047802905508
0.139	61.89846210769012	64.93913200976407	25.54554970647044
0.14100000000000001	44.53584603680838	68.19322456291194	26.363397020822738
0.14300000000000002	1.4219002835158534	61.61254967381884	25.85844899338834
0.14500000000000002	36.437826101298754	58.59976272089494	25.403840534518036
0.14700000000000002	86.19314022961788	65.31870725587441	25.963657240668184
0.14900000000000002	69.12806346193179	74.74958044502654	26.413086942297394
0.15100000000000002	35.23556756390711	66.34334840729258	26.129795795189892
0.15300000000000002	-0.09732290340291883	60.07750732139383	25.4751711128777
0.15500000000000003	126.95794362982404	67.88903869276685	25.675553973156536
0.15700000000000003	62.20927952371724	76.30561686563593	26.77854764345216
0.15900000000000003	29.240631161497888	61.337073643460606	25.867615604070764
0.16100000000000003	-5.452903825475808	66.12504884379594	25.085246092606123
0.16300000000000003	149.97365017777042	64.24285474714202	25.95733596640041
0.16500000000000004	40.41963380818636	59.93625468574402	25.241695143931246
0.16700000000000004	57.530215680889896	71.11596096581539	25.289487782375417
0.16900000000000004	108.33801753906691	71.40866395330816	26.824345866209434
0.17100000000000004	38.82379519515311	63.653936277892285	24.96633510325956
0.17300000000000004	57.51689096422652	57.852993556931985	25.65703969623013
0.17500000000000004	40.71448149822743	63.53833711541289	25.708595891890816
0.17700000000000005	35.17202189828872	67.16545469697316	25.092274066694863
0.17900000000000005	27.17930378004496	55.1395463456175	25.42541283310345
0.18100000000000005	5.81587308157161	68.99092645345344	25.931484043352633
0.18300000000000005	8.900927750632448	67.5264424600645	26.667981126551034
0.18500000000000005	83.67224504768345	63.134768487965125	25.41219916680409
0.18700000000000006	39.10647164517833	65.795501339025	25.94907661464687
0.18900000000000006	39.42621205710317	66.0735347756185	26.066885357656865
0.19100000000000006	31.756332824706135	69.6207241399622	25.30016537313554
0.19300000000000006	124.46928856046924	58.91073485118419	25.175449880918496
0.19500000000000006	82.65655470562905	65.3591431958985	25.380581269307825
0.19700000000000006	78.7611699246682	61.77315136759465	25.897226680131606
0.19900000000000007	106.38089128400807	58.292463095312655	25.10319960292201
0.20100000000000007	102.69506317839294	67.00363131995282	25.45148515419647
0.203	-1.0308724279761705	74.05893992856755	26.905023930225497
0.20499999999999996	90.33017741089111	64.59343176201703	24.878065371081
0.20699999999999996	43.51976549643588	62.18137269192616	26.035129996085796
0.20899999999999996	25.316115933593508	68.66112777323181	25.155920687089104
0.21099999999999997	33.86506431724001	63.275348286978705	25.047821423067887
0.21299999999999997	72.495256631111	62.5000967125202	24.900893592175954
0.21499999999999997	11.609164394243976	66.86978762034788	25.685707492622555
0.21699999999999997	5.768701106134699	74.61563748260393	27.47021235746577
0.21899999999999997	69.86226288940856	68.11882800680931	26.118286349141208
0.22099999999999997	38.21854630081667	66.8468296553349	25.983045219287813
0.22299999999999998	48.195053626409745	63.540154653689406	25.499488456225333
0.22499999999999998	78.91784284930203	69.02841153784914	24.958731179884367
0.22699999999999998	64.43442915782249	51.874768462762454	24.545065379197574
0.22899999999999998	34.59213004042283	67.46019171027808	25.866055145324953
0.23099999999999998	36.751493869058294	68.3317163998868	26.427301848005005
0.23299999999999998	56.63774514541586	56.4050838759585	24.99123979266246
0.235	42.8355297905636	64.09752049760206	25.083485214790265
0.237	6.226036289636028	65.34033281196261	26.331000622308682
0.239	111.93474829340744	62.59521352916033	25.409758889035544
0.241	46.31468162141772	58.601776116787896	25.04838752127214
0.243	36.93630892165345	58.85010235794571	25.206092280130694
0.245	11.764451510298812	65.10232454769277	26.982902007886086
0.247	48.31944664807075	55.591140716296835	25.470407477115906
0.249	90.56978499666357	63.51182651525062	25.168550440413508
0.251	85.58695252780524	68.9989966692997	26.794948003860913
0.253	-18.085698332059863	67.13908116782808	26.25466583017595
0.255	63.20523485126017	59.5386203431043	25.058415728079762
0.257	34.10608811593718	60.52360474252975	25.158424461707163
0.259	9.677089948700868	74.3565029971948	26.036328150865103
0.261	7.319901582425459	53.66369358383084	25.506300011445898
0.263	24.488872816696983	74.32374125422932	26.273452219437836
0.265	11.21377759361053	72.67177944230784	26.706693043128702
0.267	43.81350856430544	64.89218844844427	25.208315923410584
0.269	40.419814148151545	65.78548123941431	25.97347885756607
0.271	100.08558836882564	61.12512145891355	25.332558117370876
0.273	93.32391963545739	62.23137679208543	25.84444541354302
0.275	44.14171732114447	59.620938883944284	25.71253990706821
0.277	40.83165672197353	65.69184984684954	25.56255162707639
0.279	17.686351046375393	68.39062778838266	26.415870866571
0.281	68.72009264657919	60.68957707828896	26.235217676514875
0.28300000000000003	13.698779254722737	61.9825390687713	25.783038535851393
0.28500000000000003	33.64178443709953	64.22240972938782	26.391863504286366
0.28700000000000003	109.34292676822999	70.33377756742826	26.340512058474534
0.28900000000000003	95.17993776397837	62.14667723850784	25.0009880636676
0.29100000000000004	-29.34643302487938	63.31147472091925	25.198670969898966
0.29300000000000004	2.2848380643036847	70.14327526489876	26.087895062348892
0.29500000000000004	101.15192091220138	55.49248469115478	24.579850443190946
0.29700000000000004	17.774262173197997	69.16594311115662	27.167302851222388
0.29900000000000004	8.11575839443357	67.04798625381808	26.009371925169805
0.30100000000000005	57.190906841197986	68.3275893519645	25.98803025354222
0.30300000000000005	55.11932906188122	68.51929093593021	26.043761541108644
0.30500000000000005	-12.635613148237468	70.82733215313854	25.459958127466077
0.30700000000000005	54.71311185822891	74.86645408446259	26.053514862333774
0.30900000000000005	23.65069830556621	58.22705579345055	25.452257164121963
0.31100000000000005	16.56950949979752	72.33344677362905	25.336855265537327
0.31300000000000006	3.7959030696477214	74.70780707644727	27.18979480873852
0.31500000000000006	16.999637999726147	57.869407694655536	24.854564947734662
0.31700000000000006	28.562045119473467	65.75995433195857	25.876743628496097
0.31900000000000006	72.3750194013828	66.47445664158761	26.44438100165718
0.32100000000000006	40.06342606022173	65.28098570546926	25.74180747879055
0.32300000000000006	51.307764195485106	58.3705133384922	26.87530139060232
0.32500000000000007	49.12766027476145	66.14723263085449	25.218395106546833
0.32700000000000007	55.97959048952994	77.08593604072102	27.101769346065964
0.32900000000000007	8.756529598308305	60.53063146916393	24.57746763262966
0.33100000000000007	-10.884297551694289	64.70504787144546	26.89500392045544
0.333	36.23673436647934	65.58228034195245	26.422869613526842
0.33499999999999996	-5.141184025725387	66.57467568212847	25.5607552865565
0.33699999999999997	38.578082829587856	61.574305954930324	25.817256608380646
0.33899999999999997	36.98676287244851	55.06642829593736	26.761652618144463
0.34099999999999997	11.032984563064119	68.77463826031695	26.84261603404939
0.34299999999999997	17.96306025436678	61.90664999446486	25.85093975117569
0.345	34.81253087067593	73.21993289992619	26.044813836701294
0.347	12.878328508714176	68.13779459992234	26.64371033651807
0.349	11.091463956613978	72.3868685483577	26.303789325031524
0.351	34.176889418535694	69.75239940560373	25.816634834707383
0.353	-50.39862640232595	58.15519163335528	25.961398989994837
0.355	43.94764419179964	74.12821978133766	26.43229448233554
0.357	57.57379659154793	56.77250463747568	25.327345921212007
0.359	-20.06833986878398	64.34845313014648	24.97062551794272
0.361	32.90935733901712	67.630986276914	27.47385156214249
0.363	68.84826486563966	59.037364917478016	25.046764799495417
0.365	61.96840621863764	67.55053609694964	25.508973099702988
0.367	22.493019275815485	65.36029219462111	26.360488729375245
0.369	64.44129582194869	62.88370397546207	25.60768591560769
0.371	81.37353813664205	66.84071034050274	27.209039654420177
0.373	10.170841199919067	67.79544414694051	25.955803466269717
0.375	30.619370176010463	74.20985667292506	27.649024758113832
0.377	42.03938480928926	68.37463303316368	26.217703035923197
0.379	-8.846774441018113	78.90603604585627	27.314863503653207
0.381	56.744728396784794	80.61251893709483	27.29365342311448
0.383	-60.69612643655464	70.9638637646075	25.8130698338212
0.385	76.14176762049674	66.26357385026303	25.8474460163473
0.387	-30.842553300658437	55.14958509249007	25.852389708711367
0.389	80.75172964194799	76.36261969065471	26.858038622484766
0.391	11.177234036763295	67.92776401379984	26.703145538987
0.393	-13.167556855986362	61.961189797289386	26.62543054994017
0.395	43.55448994131095	66.50522926445359	27.10308683437241
0.397	-107.26433749719266	62.92290376413545	25.97770884268166
0.399	-28.372051176450697	70.43654112967293	26.431990729087257
0.401	23.431929541128937	61.57711564136528	26.334860020775437
0.403	77.34860715435943	73.15775786814493	26.299419328291773
0.405	35.25548819860447	67.7454029370929	26.169071111723024
0.40700000000000003	16.580701213131377	66.46405163796587	25.010584752335916
0.40900000000000003	-27.833541841104648	73.22663122249203	28.77215794184194
0.41100000000000003	-19.13760066896142	65.42123144695638	26.36105560038574
0.41300000000000003	1.1904587313704695	68.69560035844474	26.869399350045278
0.41500000000000004	-0.023126680348539708	64.5703249915835	25.424601790902447
0.41700000000000004	59.40095238043952	64.61699333401666	26.356954256771914
0.41900000000000004	1.0637902732035798	69.53913826804165	27.010586786858727
0.42100000000000004	-27.4533266323429	63.62823688298096	24.790138477805574
0.42300000000000004	-67.56789840589583	73.3043726805983	27.42161420605691
0.42500000000000004	-11.294034869324676	63.54775510635591	25.685657022386398
0.42700000000000005	39.989191637834764	70.63089405281177	25.68852093204653
0.42900000000000005	14.306069844094438	68.15291981186243	27.35846592612808
0.43100000000000005	-22.134725139788536	68.66033188814477	26.230752842682232
0.43300000000000005	24.843642762339968	75.82817835582576	26.06069373141862
0.43500000000000005	-35.74343140255731	61.88749766124187	24.65824649683733
0.43700000000000006	28.865387788012953	82.86029824666916	27.060028457897555
0.43900000000000006	-29.5840379120893	70.38584254207272	26.548309933096824
0.44100000000000006	-21.6241784575244	74.09432739047236	25.82265010444475
0.44300000000000006	85.82502690313021	75.23510926488065	28.15520150299219
0.44500000000000006	93.68945212218094	74.06770070954495	27.315760949173814
0.44700000000000006	-2.237902184898388	67.52320739670897	25.99863808442774
0.44900000000000007	-10.702073151014346	62.195804234060255	25.60556803692198
0.45100000000000007	42.23881882148284	77.38031820753125	25.651380588169072
0.45300000000000007	-33.0015921008453	63.7014196186099	26.980244918249443
0.45500000000000007	-7.316331724460667	65.45498857823571	25.579476349834245
0.4570000000000001	69.05861153128079	70.41103987614204	27.936274895198295
0.459	13.258212662403679	66.77162874633498	26.34944128476839
0.46099999999999997	44.63033738000277	79.70680333570076	26.27838226252188
0.46299999999999997	-7.954146758137881	65.08956376422962	26.048647994230503
0.46499999999999997	28.571294757195886	68.04750872743826	25.70130864123864
0.46699999999999997	12.07576798645249	69.96351756724721	26.576852233121745
0.469	64.05285547739226	65.76544163354157	25.023824727059747
0.471	0.666201817711709	70.65647056425752	27.575915786261103
0.473	22.053245598119275	65.9814136664654	27.064249384284263
0.475	27.85916977887659	66.94993276668623	25.325769726814908
0.477	-3.526594001712624	68.1179896608658	26.79006454834044
0.479	-36.6500800873526	64.86141113134107	27.170169165200768
0.481	-52.74236215191408	70.24243851305295	26.91525638299665
0.483	42.90076862778491	62.344099626791746	25.44845088842008
0.485	3.802480995629409	67.09005518811226	26.684578717437482
0.487	-10.847908560429609	71.74772629977564	26.057053312744348
0.489	-33.91720777345952	64.47796175779776	24.490276430431294
0.491	44.74303607238106	72.54523863675915	26.832982955607783
0.493	-113.00647998591096	69.18984436710794	26.194897746049328
0.495	-47.37325294146277	73.98482950659282	27.098436212558962
0.497	35.15301605050425	61.502317656994144	25.768213115698156
0.499	44.05421469866333	73.79465321095564	27.125108312852916