-0.499	-7.816642619062897	37.66878215685732	14.380831095549473
-0.497	-68.97312938514145	42.889800895648506	14.107032908686172
-0.495	34.80513151421505	47.496147863063044	14.973698130836505
-0.493	4.523589100635661	48.49118592217901	14.437787630862694
-0.491	1.9020668089453352	44.50381658127044	14.076671586276177
-0.489	-32.21072584069784	41.266287704158536	13.773516910998898
-0.487	41.33314546295175	45.53668367787764	14.66858791361695
-0.485	-21.683457542498452	48.159511665794334	14.09426943610267
-0.483	-10.915929869570462	41.515196560192656	14.401678638757575
-0.481	-19.30266086280774	37.82323915903373	13.832995388965397
-0.479	0.45687367844493565	44.93463889895857	14.864355808622129
-0.477	3.362054705968731	46.34143046428615	14.384097754141955
-0.475	-38.03941316748993	44.422968260597195	14.803201740255114
-0.473	13.348913546096242	37.112387226473786	14.106109027775808
-0.471	10.47389002017951	46.20411492680423	14.301102289417784
-0.469	-23.16148495717929	46.27309376490165	14.782142912311837
-0.46699999999999997	27.146142111966753	45.50444631594026	14.526188612191271
-0.46499999999999997	7.5707117614953745	35.19180384254759	14.679447380969458
-0.46299999999999997	-22.64434425458539	43.09462596016356	14.436081140439056
-0.461	-5.259789322198394	46.058287738281535	14.933216476548825
-0.459	-11.73846515156729	45.97168875904707	14.249563755830156
-0.457	-8.651064537068542	36.24923115658997	13.933884659368958
-0.455	-31.135480502042512	39.948577067254696	14.197012331398042
-0.453	96.62499543106051	46.42617022386604	15.075051452912026
-0.451	-2.7242452601550227	47.71096770055849	14.833426751187801
-0.449	21.306623035011185	36.9133835377075	14.40688338096216
-0.447	-24.004624697093746	39.06175726694188	14.423467541169371
-0.445	41.541077398843385	48.416141971669475	14.692476032874652
-0.443	12.063479346791084	43.65405122313602	14.202239836144358
-0.441	-86.80542310890438	39.799416004842655	14.75001033529492
-0.439	-37.00319588939571	38.51274656405424	14.367070062369708
-0.437	45.39063928477027	42.24739977969244	14.128520703350148
-0.435	7.844774897458606	45.20647509851931	14.683826343267876
-0.433	-29.31611907941445	46.29991541477304	14.841797576246785
-0.431	-22.080721754802468	38.16940105095867	14.398940447042873
-0.429	-15.487985658646508	41.62385291851246	14.56757518752372
-0.427	-2.6821509095942275	48.13040247138422	14.50799362946996
-0.425	-52.259810276789054	46.43403560657589	14.655613447518943
-0.423	-11.563636007072553	41.20364585847157	14.552760972130917
-0.421	-34.35956751973723	40.28195872040049	14.184533503499365
-0.419	-7.093989360162922	45.24002315018619	14.227146889350335
-0.417	-19.58579588834386	49.65955571402042	14.89487928132787
-0.415	-7.497612615203764	37.850153824638895	14.574954689071317
-0.41300000000000003	-14.23818892998252	43.857731449465916	14.51661243199782
-0.41100000000000003	60.2014154256203	46.465105185138114	14.836704671718879
-0.40900000000000003	-33.12274825084671	47.78065409322375	14.215486172670506
-0.40700000000000003	-23.3651817392877	40.029606608498774	14.510310608288181
-0.405	-16.04793301834828	40.44994497130277	14.42968060179426
-0.403	58.93856525518437	42.67850702266958	14.724800842795474
-0.401	16.672440323217685	48.68717381100627	14.4056787234343
-0.399	13.220996126106499	46.643509606003605	14.48848851630077
-0.397	-53.32696511162194	42.9213086763212	14.157141202625573
-0.395	19.67355739940224	43.71166144527917	14.756708605833019
-0.393	7.271977181533273	46.84868659588172	14.420705297069947
-0.391	-39.53187038741035	43.61309107655881	14.418289564977355
-0.389	-7.890935803223087	41.810820521922466	14.0377272702646
-0.387	45.021237890852106	42.90935975300493	14.65410600156946
-0.385	-10.569546446070888	43.54160544883185	14.907768787568795
-0.383	-41.39081014664647	46.483530124000076	14.596752085649918
-0.381	56.25791074415076	41.867220829569035	14.356022447116906
-0.379	-53.03232830622395	44.04592197738007	14.59040169396777
-0.377	11.612943760397343	49.102197958644986	14.823463943258913
-0.375	-12.798781991563146	43.857308003694094	14.582077103426274
-0.373	54.446415888920185	44.50685147908385	14.85740802361098
-0.371	-40.47704234477756	46.43254623036827	15.597501914993302
-0.369	8.548595161750328	45.57131535305322	15.162700158136772
-0.367	-8.310033585923193	41.429302124381806	14.368539938747386
-0.365	12.601473904139127	40.22003161368098	14.612947353792931
-0.363	-61.642976106557335	42.76226441025371	14.281754783476122
-0.361	83.40793121131007	45.93778138003957	14.970512434473212
-0.359	7.912434708101657	48.4969987062393	14.652845985517288
-0.357	-0.17428320009393872	37.734061739112775	14.596968506372253
-0.355	-18.4382554156981	45.03690578516828	14.960515305967292
-0.353	81.87904367074061	47.152980341930004	14.711945008240829
-0.351	27.783002583881	46.01495531223478	14.124554404063836
-0.349	-29.50783055455375	42.22513289578542	15.22966601326053
-0.347	-44.080660253187354	43.97422536318264	14.41799700057127
-0.345	32.76315634725968	48.77642303164899	14.751184214961665
-0.34299999999999997	28.93106777124288	43.872575544689354	14.575169353406713
-0.34099999999999997	-28.269226598265362	46.93926740287022	14.764962561181019
-0.33899999999999997	-10.822770617924249	45.89831825658333	14.522803943588153
-0.33699999999999997	-33.64686213580548	40.74015434314885	14.504418928771376
-0.33499999999999996	-33.70637284039191	47.24757401724269	15.2433678936374
-0.33299999999999996	-68.3110856112279	46.337406754145995	14.765545259646098
-0.33099999999999996	54.45959932592892	37.35776901826055	14.31575601207976
-0.32899999999999996	-35.76681840078422	37.84936210470139	14.386799122571544
-0.32699999999999996	-38.3035611378757	49.27582060449118	14.715683480173668
-0.32499999999999996	40.50095993446412	50.86567967038116	14.29277242415234
-0.323	-10.993407063342175	42.308610837077225	14.283698940834574
-0.321	-57.012148836577126	44.95713742154021	14.63856685915824
-0.319	5.619942345713724	46.239486957888786	14.805589788458088
-0.317	-19.289739438432818	46.86644961049401	14.30179348837244
-0.315	-30.109093168695367	42.729588623642506	14.355658559585828
-0.313	-73.19450654819093	41.63003038313045	14.384958903533352
-0.311	42.860425773616484	43.021497466205545	14.46719421943301
-0.309	13.718163729192767	44.159239141584294	14.163247116761198
-0.307	-20.676132024166627	41.6377995534478	14.372806311476024
-0.305	-77.10294786777982	40.48057120319274	14.242659592396155
-0.303	47.393156064279296	46.11457689787424	14.579197893579334
-0.301	25.842234659290142	44.467138675522996	14.435277023489895
-0.299	-58.711683419421234	46.17516402972143	14.979652484250376
-0.297	-37.736716605230036	43.6016939535835	14.592618826989636
-0.295	21.456234350791803	41.32219969502273	14.677677638704058
-0.293	16.178977374492476	39.438472490876315	14.901953574577362
-0.29100000000000004	-13.957534267139415	43.816596884244994	15.016475346914469
-0.28900000000000003	24.634404897527773	40.9108511902294	14.125831465049174
-0.28700000000000003	-46.55312677248613	45.33370766436539	14.943559997216223
-0.28500000000000003	5.891287085946217	46.433011599297565	14.940366202145523
-0.28300000000000003	-68.39280760884137	41.786158810331735	14.15943321110695
-0.281	9.911008154395162	42.26748699311245	14.321403488326656
-0.279	-35.246703342095564	44.764035044957474	14.64780998445455
-0.277	39.9043806618149	49.13820695074623	15.199259652003361
-0.275	-44.78530263651859	43.63778933863353	14.144473364681097
-0.273	-32.88084989805373	44.16112100290358	14.624002976732234
-0.271	-28.886356243207345	41.54287928664041	14.460238561400923
-0.269	70.06800837539018	46.72383831908308	15.556600875594684
-0.267	-36.179798363566995	41.01636798190798	14.180973226401575
-0.265	-13.562710379333431	47.786724065041824	15.283742981010326
-0.263	-50.97735651271584	40.487529892358076	14.838667440922894
-0.261	28.951125588649873	42.31344381011735	14.433702806569343
-0.259	-28.267924836344882	42.9690665918945	14.16552352165986
-0.257	-49.691800308893086	47.53208012723765	14.973886414033817
-0.255	-29.492176211398657	41.06979840535897	14.781138143244338
-0.253	29.171364016367107	45.06834087499176	14.439744384289687
-0.251	21.602402513698493	46.24009052737013	15.193595520795038
-0.249	-52.06947314362331	45.57990621903965	14.937638046306615
-0.247	-5.61340891536144	47.1852761189657	15.117634723356828
-0.245	10.660853302812967	47.41651328515392	14.68359171755771
-0.243	61.581587777137514	43.25367794150047	15.068277040666253
-0.241	-65.79419993923975	47.69501145687281	14.564755012043339
-0.239	27.21862405374864	39.24434093723974	14.525562501157177
-0.237	-61.08947269856113	42.970364190289644	14.376112850829182
-0.235	-12.724002244612898	44.42654311094211	14.9239822398914
-0.23299999999999998	-6.807081370463486	44.634259054035205	14.213953811966913
-0.23099999999999998	-18.166722201451435	44.513303438538536	15.061939455151155
-0.22899999999999998	-58.164515100878056	42.43605637490112	14.74959985499727
-0.22699999999999998	49.24403423922641	45.712264313260434	15.087322763426295
-0.22499999999999998	6.775661450797443	42.86615195680049	14.046507930423276
-0.22299999999999998	-8.521684018658604	45.26316417844003	14.682695813190373
-0.22099999999999997	-80.07082396022102	39.004969808722294	14.555706278845815
-0.21899999999999997	75.54955874167213	48.12028721712609	14.801362619331801
-0.21699999999999997	1.8902601757186943	43.78277955994423	14.576385691307557
-0.21499999999999997	-47.65698005704255	48.14874740428198	15.199207379532432
-0.21299999999999997	-96.81636396552395	41.51777692711442	14.884919499147014
-0.211	29.881486010463476	42.05083804069081	14.394573350136044
-0.20900000000000002	0.9945639383168725	41.94557049048234	13.878815616557164
-0.20700000000000002	-40.87335014235638	49.185899177615205	14.591781609110466
-0.20500000000000002	-59.37048034410086	39.89924441392438	14.800636138154207
-0.203	24.994738287320573	44.82153065960211	14.205247833725835
-0.201	-32.83936103737339	48.94492197763024	15.112067017850853
-0.199	-65.2837804615558	43.24682105536604	14.16927175483327
-0.197	-41.59371894929542	43.87309739026005	14.705320422823222
-0.195	-6.140236281981792	45.379666636113335	14.697942317701765
-0.193	45.56199765692881	48.47585107832945	14.677161328232474
-0.191	-38.345929185501504	45.01427797146098	14.307481737121202
-0.189	6.531249672647732	44.7938144098796	14.496269719743612
-0.187	-16.413815349891614	40.94989468248844	14.290698305858042
-0.185	32.738707876012185	51.66387859643158	14.925319801862024
-0.183	-35.16821034110773	45.105420655127325	14.279722693926185
-0.181	-12.13900041308058	44.211752033258165	14.417042811145366
-0.179	-48.40217683654835	39.80704402213534	14.072810525414171
-0.177	89.7787119451543	46.11207462973506	15.066548887931733
-0.175	-41.35414345063371	40.650037741807346	14.278820143245367
-0.173	-31.572358424325486	49.02149127356229	14.862298193459038
-0.17099999999999999	-64.40583086142482	39.984510526635546	14.722947079324905
-0.16899999999999998	8.035224305924515	48.64154796465254	15.066331559706526
-0.16699999999999998	16.140102502504305	47.102600741535745	14.05155315083386
-0.16499999999999998	-27.425361740385235	47.617261755726076	14.66674519170864
-0.16299999999999998	-50.786800670166166	42.87218051512448	14.551626219564124
-0.16099999999999998	27.390711521135813	46.36702708187062	14.776526760740145
-0.15899999999999997	45.65703921133313	41.703215120435125	14.078168299870917
-0.15699999999999997	-82.44033063709023	48.05655324597324	14.685286565942368
-0.15499999999999997	13.300468911126018	45.031847635142896	14.714201432043133
-0.15299999999999997	7.634966696645762	43.69965255477207	14.486433469658666
-0.15099999999999997	-3.7085462998298624	40.925381114060336	14.490771862912862
-0.149	-98.85054411074012	43.38962315726272	14.345913811654398
-0.14700000000000002	41.22787807592232	45.90951666711871	14.6414268155264
-0.14500000000000002	-10.488293627375356	43.32355960776553	14.34584788851152
-0.14300000000000002	4.109916483141518	46.22772542286345	14.329180893397284
-0.14100000000000001	-32.20347523713585	45.48460721594612	14.590037424451955
-0.139	-6.364483990051184	42.50022169952371	14.882153939971897
-0.137	-31.74178826392815	38.433654875629756	14.244096406848294
-0.135	9.137930219393908	50.62706475434572	15.778905524921546
-0.133	-13.318608364398798	43.63411360620812	14.113884480697644
-0.131	-4.228891726132389	43.6577860264112	14.404893634184624
-0.129	-43.13885883755475	36.3322605716715	14.39714946221029
-0.127	34.340640750141205	49.500619241374636	14.8809044301541
-0.125	11.163941108671693	41.12168597448311	14.548075941869612
-0.123	-13.883200483233438	45.84418304003862	14.846519953308032
-0.121	-27.89108625123049	36.36471891588999	14.162374722951801
-0.119	32.990073607352954	47.200433584552	14.479104887002542
-0.11699999999999999	43.78674007377015	39.1927376360073	14.063391619472378
-0.11499999999999999	-27.34438183826793	48.829767176144664	15.190019033098674
-0.11299999999999999	-19.547231038807844	42.075869738820536	14.460132792038019
-0.11099999999999999	43.594283328562966	45.49551246793233	14.082829129208873
-0.10899999999999999	28.82490714806174	43.02142729012746	14.64975926751807
-0.10699999999999998	-50.949339473804756	43.720320111769695	14.44384907761301
-0.10499999999999998	55.02312961835898	44.22709345245356	14.646257977095551
-0.10299999999999998	-6.745118204087852	44.85182623982194	14.527200563144843
-0.10099999999999998	49.34878085083305	46.84569694116447	14.491998563318306
-0.09899999999999998	-35.49170888894615	44.50887959058712	13.950675536019915
-0.09699999999999998	52.26397937740934	46.52285623577564	14.748900470211636
-0.09499999999999997	-12.308574138364392	44.18570895621018	15.078495892094702
-0.09299999999999997	13.683570473155271	41.72454760375764	14.460409394703928
-0.09099999999999997	4.230683761541343	44.23471253339633	14.322234658445609
-0.08899999999999997	-19.7664842475076	44.52367327272682	14.944543088474932
-0.08699999999999997	-43.539498232436635	38.51414316735386	13.95064642424451
-0.08499999999999996	93.62239638610603	45.88153433552204	14.8431063374776
-0.08299999999999999	-13.884199846492251	42.99131794741721	13.625066285140267
-0.08100000000000002	-9.417946097212138	44.10202943762471	15.025794532312691
-0.07900000000000001	-19.151280848950236	36.32471292232063	14.985449640975247
-0.07700000000000001	-12.326791388850289	43.984427838829085	14.555015359156355
-0.07500000000000001	-8.384323157084594	46.55423212551109	14.020206164453091
-0.07300000000000001	-11.706941307365604	46.4120179042749	14.893316599001853
-0.07100000000000001	-65.1497356138897	39.97084410646481	14.333087869580696
-0.069	6.921783750390986	40.847953282900555	14.249504699970744
-0.067	42.36573253146858	44.11808165532034	14.62607672667659
-0.065	-81.02495912620799	44.08826407012666	14.560664114261774
-0.063	-23.322306766604406	39.81065784979761	14.311261283817576
-0.061	28.507073986272502	43.10108497702595	14.788125121990266
-0.059	40.71467644362059	46.16018313068039	14.73651861320194
-0.056999999999999995	-75.9385921916822	44.54845131491922	14.444000408853173
-0.05499999999999999	-43.46533500809713	41.95599935499967	14.32289950527794
-0.05299999999999999	-45.717695810520986	42.161439186247186	14.169766454584666
-0.05099999999999999	-0.860373750244392	50.19135987118272	14.683036773752622
-0.04899999999999999	-33.804898946665496	45.39871994764026	14.293308950882276
-0.046999999999999986	-1.4779343709969694	48.1443214450202	15.15944830066265
-0.044999999999999984	-44.80573643927954	40.467836002372934	14.069669740895677
-0.04299999999999998	59.58557658702901	52.859237586965406	15.275743225305614
-0.04099999999999998	12.264367005077048	42.075521995359544	14.144979578023365
-0.03899999999999998	-18.70532663261759	46.4651367272582	14.415814016998887
-0.03699999999999998	-73.60899069841497	43.31395986668129	14.508817728782043
-0.034999999999999976	64.0591718426009	46.86438669801898	14.559176463622341
-0.032999999999999974	-10.419415445106495	45.83288758967184	14.296065845094816
-0.030999999999999972	-3.045366155696172	50.11379382524056	14.795728544525176
-0.02899999999999997	-82.85828891929637	39.91589549632373	14.505566285439919
-0.02699999999999997	32.38106893821424	49.72088418767283	14.338541586560185
-0.024999999999999967	18.551155595014635	44.947746061786894	13.95246511177013
-0.022999999999999965	-30.086045350818935	50.673103746134245	14.735302296978373
-0.02099999999999999	-56.938824295249546	42.89073392392331	14.724205491540417
-0.019000000000000017	82.85427691712144	40.22170808576229	14.411013186296518
-0.017000000000000015	-4.964562307030462	46.29996171444049	14.502346210354055
-0.015000000000000013	-109.97696728620721	41.88108754259993	14.224034305223142
-0.013000000000000012	-13.36487684810983	38.23133547148394	14.43621139715954
-0.01100000000000001	-65.83624969680457	44.959115027093446	14.840076838600988
-0.009000000000000008	-8.546457682889752	42.69808668195713	14.446310335856579
-0.007000000000000006	-110.70022111614452	43.826508818476576	13.909254664668417
-0.0050000000000000044	-25.98953201904397	43.42391501544191	14.643118150427402
-0.0030000000000000027	-121.80130828731706	36.83589957120774	14.408226234348112
-0.0010000000000000009	-25.313870762766477	46.571852860336186	14.567621390530029
0.0010000000000000009	-67.67697476450785	41.75596681263865	13.680355746096577
0.0030000000000000027	-1.2662927953988046	43.88254013565879	14.457790652927045
0.0050000000000000044	-113.262432111072	42.22487714349451	14.31786174013333
0.007000000000000006	-23.413644622216623	45.58660546529904	14.676203037856082
0.009000000000000008	-56.9377194349352	36.3883532509052	13.666013887056781
0.01100000000000001	-59.27903647795496	45.83956780571734	14.580485002849723
0.013000000000000012	-80.72312531270941	37.284988320127454	14.557058627822887
0.015000000000000013	-7.775216580241384	45.22213551660296	14.487571983597462
0.017000000000000015	14.184705271702569	41.04267056690607	14.290215644677678
0.019000000000000017	5.307825110989484	47.97106897197484	14.451123696198037
0.02100000000000002	-67.84604062182176	43.44812117838563	14.480509236675097
0.02300000000000002	-3.6971109392824886	42.30815129034295	14.302036410020373
0.025000000000000022	33.50094179954688	38.919416557554605	14.677197218943988
0.027000000000000024	-48.44258022196346	46.232277488215495	15.006521709271233
0.029000000000000026	4.854195825521046	46.55945965101276	14.163484667374727
0.031000000000000028	20.688875669305773	39.65799182177905	13.952937830266693
0.03300000000000003	94.18634271951554	38.51784728973575	14.646609189351336
0.03500000000000003	-44.79824676628663	41.814009597149045	14.417481257606743
0.03700000000000003	-17.068517815355122	42.43960680409386	14.570611354524363
0.039000000000000035	-17.06900316689186	43.45780136208546	14.033775547846792
0.041000000000000036	17.800518430366452	45.543862670735	14.438590314516954
0.04300000000000004	-44.98358863325169	41.04984908163565	14.140726533033279
0.04500000000000004	62.82065992468944	48.756857512942155	15.091103564737884
0.04700000000000004	-2.685103856703286	44.256130923285184	13.809129275096147
0.049000000000000044	10.497892141803078	46.244230107673445	15.321288296863218
0.051000000000000045	-12.82749300979269	42.9281701441878	14.191531114639547
0.05300000000000005	67.37685444391239	45.11558790493476	14.369675818215311
0.05500000000000005	-64.22562730934445	39.90469234269169	13.975704405663926
0.05700000000000005	31.796839611741845	44.76860390606185	14.486905359464071
0.05900000000000005	-18.759775372800824	40.844383289405435	13.893261560586268
0.061000000000000054	0.5152804016805845	47.961759672363165	14.82366721048879
0.06300000000000006	-66.41454891298525	43.70569662915407	14.388083746006531
0.06500000000000006	-7.105142392438424	44.65887025767756	14.354414458318255
0.06700000000000006	-5.963778189843616	41.98508231676612	13.976287825991502
0.06900000000000006	-20.999270411103943	45.012622993009245	14.462646880498871
0.07100000000000006	-32.45757160286189	48.300887756099975	14.622051947040026
0.07300000000000006	33.70763970345081	43.7720041547152	13.913636618402526
0.07500000000000007	24.136490462955962	41.90284384110688	14.752703469762631
0.07700000000000001	-45.94203954144671	45.66906432891296	14.90471190933413
0.07899999999999996	41.29809505171167	45.57520710335609	13.881653688240933
0.08099999999999996	-6.158361860020278	44.69846266079153	14.21353761409954
0.08299999999999996	-55.3965092008335	42.298334859015306	14.588451221435893
0.08499999999999996	-35.05640851741987	46.1759518304078	14.872226446116843
0.08699999999999997	12.341325605236264	47.38703221692438	14.877958751792821
0.08899999999999997	8.611188254903368	44.69362228232594	14.140498365860706
0.09099999999999997	27.80695326665139	44.962848415362174	14.791991430444163
0.09299999999999997	-46.75650035956824	41.136409754106666	13.727054878875329
0.09499999999999997	26.20151504140189	46.375557058649896	14.53152383451039
0.09699999999999998	-4.832958230061024	45.73713937277443	14.434362219708373
0.09899999999999998	44.018393074329865	42.510432863512996	14.549761734488596
0.10099999999999998	-8.93271533874973	36.87755278721685	14.009800864288502
0.10299999999999998	7.577138109615689	51.061950644668876	14.789829684041461
0.10499999999999998	2.7537469782235036	41.12093127613893	13.985842145810494
0.10699999999999998	1.4032748265613293	46.19417844606422	14.185548628750874
0.10899999999999999	6.38159360466517	34.830641751527146	14.503001974851456
0.11099999999999999	4.65871969779208	48.75944109248556	14.800889024298634
0.11299999999999999	-50.017278721115055	37.20550027534312	14.47576292840339
0.11499999999999999	-26.365926303006937	44.368655512443425	13.994642973585284
0.11699999999999999	39.19914507966027	36.532294207899355	14.482598723349971
0.119	-16.259883993230417	46.330528762063246	14.606872645660196
0.121	-33.63616288121207	43.38296770919332	14.838180640126751
0.123	41.95068216139575	45.889533065311745	14.109963172881583
0.125	-45.380398944194766	40.89751435619902	14.947809887079838
0.127	-50.2048886665829	43.907612702215665	14.662638534501701
0.129	29.119488924145287	46.1740314104365	14.50805564145427
0.131	-14.811334264508424	42.802524599864256	13.938281832085073
0.133	0.5157253937237982	38.16465215580125	14.701439957812983
0.135	-20.6871216883453	40.30791995889953	13.807995618884636
0.137	33.80802486496748	47.91137676432044	14.956050695542011
0.139	-15.900694701920237	39.57512081706677	14.602104334686794
0.14100000000000001	15.91774171760818	41.004550928213554	15.092374890779835
0.14300000000000002	-39.19269852648011	41.75425597830863	14.437818478534746
0.14500000000000002	25.66194918895981	46.619872889231836	14.896830850090096
0.14700000000000002	-50.69368924148776	40.66554819547137	14.206086962962235
0.14900000000000002	18.28605976172959	45.013214238580325	14.664838895659974
0.15100000000000002	28.015156629201954	36.50035015704548	14.274006574516108
0.15300000000000002	79.9630669350293	45.28776562291078	14.89626591214374
0.15500000000000003	-67.24511933631217	42.81985874163816	14.219932622711356
0.15700000000000003	-24.3728275149957	47.6046014375491	14.540361170814759
0.15900000000000003	75.34429043354329	44.145624379503865	14.81698033362972
0.16100000000000003	24.881866748316384	44.023716748959565	14.544318142006773
0.16300000000000003	-37.32108759535446	45.32793620863667	14.533028242554684
0.16500000000000004	-15.682887191337258	39.95092202289347	13.81582922861226
0.16700000000000004	68.66560160556645	38.69247675584915	15.678194946065386
0.16900000000000004	7.038219667299117	49.39983656928507	14.330153194298436
0.17100000000000004	50.47964660631621	42.864951757091575	14.813322695833033
0.17300000000000004	-19.888872245021894	48.90499940604736	14.287367414411948
0.17500000000000004	8.498768659936928	39.793868706460316	15.051827326802925
0.17700000000000005	-9.220773983242836	41.76534319329653	14.280933431468652
0.17900000000000005	50.837554971927545	44.25319699090251	14.86793618767188
0.18100000000000005	-25.278324817690212	46.019002311306814	14.563410019560317
0.18300000000000005	32.33235074562302	41.12855876102943	15.303142955492667
0.18500000000000005	-18.195087990169334	40.25085520274105	13.965577382777315
0.18700000000000006	15.791924963259873	48.90018236187877	15.159791203440205
0.18900000000000006	16.32346963198472	43.885704906739086	14.501198609704222
0.19100000000000006	-5.442833139635006	38.606592094943295	15.1366939813656
0.19300000000000006	-15.482004024347518	37.73835398386773	14.696067005367716
0.19500000000000006	26.331366420606628	52.345794855517546	14.415802442437803
0.19700000000000006	4.866166332995192	40.81423025683782	14.82038120255297
0.19900000000000007	-51.77674622647288	46.12772186544658	15.207608815299023
0.20100000000000007	4.462161026674849	36.83506785099968	14.5216563411759
0.203	-16.09305535887895	52.564489494409386	15.277441019863806
0.20499999999999996	-23.87494262912071	48.35986842546927	14.675399629056338
0.20699999999999996	11.170046297914737	41.62177808601018	14.31935888685148
0.20899999999999996	41.29920038264956	39.73909063979342	14.857430779059888
0.21099999999999997	-46.369862668149686	44.65791510065771	14.30182484044329
0.21299999999999997	-63.35516272448771	49.28668982658361	14.553615666447403
0.21499999999999997	4.671381905074767	41.763670095960315	14.066423756486337
0.21699999999999997	11.478543349596748	37.97260500995681	14.76139577023262
0.21899999999999997	-40.320108047664505	42.763874652083054	14.511309973659959
0.22099999999999997	-11.001995616988225	46.45787646431323	14.673124187085074
0.22299999999999998	25.886073354408623	45.7361622137381	14.094134714376027
0.22499999999999998	29.043380783466688	37.63282483154502	14.996030941102013
0.22699999999999998	-30.85675717817704	39.87285863418115	13.964280937509734
0.22899999999999998	22.694592871630448	50.56881856440962	15.693022858592546
0.23099999999999998	4.231669985976794	46.37828856996057	14.169838631013743
0.23299999999999998	-41.91081023852128	40.8736508323131	14.953994378210762
0.235	-35.895155977239135	42.54379833744586	14.443090793435085
0.237	34.16765414310241	48.69238114034127	14.062912931721169
0.239	-25.735053262976315	45.595429493859996	14.74548367895456
0.241	4.278907384858144	41.58577268820752	14.331389713902523
0.243	-25.982532660728808	38.09933058640031	15.048576879310698
0.245	55.77492618669133	49.84899889574783	14.383844089791316
0.247	-46.493381533507794	40.07914110489379	14.593204900193848
0.249	-58.33967473189983	42.58823713468991	14.255054865212804
0.251	-21.184121392958666	35.623541678612426	14.857022625319747
0.253	17.00514000946285	44.5158295802948	14.380029399801801
0.255	-13.539299738241084	45.22692171116696	15.196265796567806
0.257	4.842715700448252	44.19123237570659	14.173327104923409
0.259	26.276298339622528	38.4387967130663	14.935532442299834
0.261	-52.190079547598245	47.08789643721224	14.869999509266309
0.263	0.5706482970602167	49.40262898437868	15.165199024434457
0.265	0.4097263308633359	44.256975358328695	14.244703686539287
0.267	-17.38319673572075	41.6706458654123	14.769400595938777
0.269	-18.394534465060453	43.55248894608287	14.299713238635263
0.271	59.30579233837108	49.412835944118356	14.530598375008765
0.273	-38.69605289430478	45.80749353971045	14.416056206175572
0.275	-16.068805570812472	38.61787280901712	15.433563971556755
0.277	-19.009831185634596	45.591109944829235	14.373721673048848
0.279	51.719841570152525	47.371033840137585	14.637708294506384
0.281	-19.56154570181834	44.26477339627133	14.398553865363334
0.28300000000000003	-33.22367517555325	40.06868417727785	14.364150077418705
0.28500000000000003	-5.011382606112669	44.99760541236275	14.92469880624973
0.28700000000000003	76.3303475359578	47.71091788351658	14.70113609802448
0.28900000000000003	25.262103377610146	44.858080368317914	14.470567523863904
0.29100000000000004	-52.566287882194196	39.745766132598966	14.74517365534398
0.29300000000000004	-26.320960193504384	34.94741091344313	14.546056442794741
0.29500000000000004	57.528094048908684	48.51313391259465	14.733055685302293
0.29700000000000004	-30.842959411025994	41.00388346232606	14.4766654447999
0.29900000000000004	-4.670171228182696	46.753754332592315	14.276563957526905
0.30100000000000005	-20.581594570967532	35.9841157941496	14.4132380861685
0.30300000000000005	-43.8805118661012	43.3863178928428	14.736554739656203
0.30500000000000005	4.519236431077545	44.619421675493044	14.554378653671924
0.30700000000000005	8.74944992257376	49.24444723347551	14.76999859891566
0.30900000000000005	46.38566972903213	37.319036814584834	15.46124518025818
0.31100000000000005	6.922071307480238	40.70329458022723	15.131209639617522
0.31300000000000006	13.612490421754941	41.516132627638086	14.742569601077452
0.31500000000000006	58.85514684433879	42.64651713313667	14.71711765027563
0.31700000000000006	-12.89851881824955	35.20075840815743	14.651643952771087
0.31900000000000006	-40.752843708635744	38.819859465912835	14.5532411030584
0.32100000000000006	-8.392292165426696	48.082120773118795	14.92333703928785
0.32300000000000006	-34.87646085531537	43.30238333469957	14.377087850261839
0.32500000000000007	-4.120102554683314	40.53426924177142	14.774361811602729
0.32700000000000007	-52.472115319779356	36.98465880011378	14.083989209267218
0.32900000000000007	8.745587183112136	47.45886497180815	14.61201517998569
0.33100000000000007	-29.6371514402205	43.76419069071257	14.392933275236807
0.333	-57.55447975075434	43.67649971029531	14.321420829799578
0.33499999999999996	12.467450890119025	35.65564470530528	14.46300120259576
0.33699999999999997	37.73537064999388	47.061057167797905	14.933495786101238
0.33899999999999997	1.6553319739376349	45.569162173298835	14.506040920656531
0.34099999999999997	-37.39906042665719	50.33315415694395	15.18385762531954
0.34299999999999997	-54.00391047383213	37.87242523576677	14.638028650227403
0.345	-39.563348272153576	45.072419917268846	14.586828337999068
0.347	17.051558528491384	45.80709375725289	14.407249047788396
0.349	4.7425742899509515	44.654385755875026	13.997401352925735
0.351	36.767550073646404	38.34845604007334	14.602558051159665
0.353	-86.36439423603815	41.33579998663043	14.798082150744479
0.355	-6.800071185586454	44.63851990741877	14.511958479876988
0.357	-0.231329364663857	53.86920166865891	14.950355053876804
0.359	-12.91425089366971	38.74000094647704	14.763361791107084
0.361	-92.25674410606732	43.83008003297465	14.907921654276306
0.363	20.609947898542202	47.65192375180043	14.706578654375022
0.365	-22.670982179451293	50.11340514583024	14.462174707096947
0.367	-19.834993631340225	38.12026591245566	14.426011033499615
0.369	-44.995801661618096	40.439502714100215	14.249242232406512
0.371	-0.29885874819335356	47.926403287383884	14.51866472486419
0.373	8.051886109639028	44.66592075299008	14.60302751709385
0.375	-52.62040648990052	43.789170495599386	14.235454897066456
0.377	-31.744577613235236	36.87796638618211	14.395180675852696
0.379	46.267698428748005	47.03040263296687	14.354895695895925
0.381	58.65402307314582	45.71899857860954	15.314628534386484
0.383	-28.364486130416644	47.28500965569704	14.622639045152287
0.385	1.2961456981042119	37.153139514311576	14.314559678632344
0.387	-3.865996804797156	46.193033486851114	14.480280796023044
0.389	-12.928544046553192	48.31511699457166	14.558690666669657
0.391	18.9476455090265	44.961691781534256	14.402183806164382
0.393	9.134289126189188	37.43306324318284	14.655882989348349
0.395	-9.435585623718268	42.944320820934074	14.71505209581284
0.397	-11.973326112357796	41.35243216874098	14.253452715599117
0.399	5.507042967201059	50.093771632996166	14.339206986749538
0.401	-11.058099605332217	39.54399495063983	14.491619217472474
0.403	-41.91111677898096	44.81201160946634	14.540887973635655
0.405	-21.01223308270672	47.34038504016529	14.750261768297756
0.40700000000000003	11.316904116265292	49.60478193481314	14.371983914908379
0.40900000000000003	-9.73592349406971	41.29770871231809	14.326420295226951
0.41100000000000003	-44.81071417061777	42.1562661882227	14.353165654915871
0.41300000000000003	44.35994661844411	47.11333649991841	14.934947356017952
0.41500000000000004	7.764312016211861	51.292816184637275	14.497828292313244
0.41700000000000004	9.363481525026529	44.64511255600088	15.284848770900014
0.41900000000000004	-1.408909237055056	38.01029913255142	14.285272621241349
0.42100000000000004	38.256725610530395	46.82139959247237	14.400091937542422
0.42300000000000004	-34.380694897806485	46.791495613626076	14.612305508662072
0.42500000000000004	-59.317716909257356	44.15538208137376	14.672744216227333
0.42700000000000005	-16.21755305969419	33.214579642354764	14.112456736005258
0.42900000000000005	34.909568660257406	51.22052277703212	14.345803717662232
0.43100000000000005	27.3964881591926	43.09889740609985	14.48893489807848
0.43300000000000005	6.609363177201288	43.13982637586888	14.665389690053383
0.43500000000000005	41.80966056233082	39.239077136996066	14.606527127579449
0.43700000000000006	23.436790169695243	43.55125305283789	14.08332278759316
0.43900000000000006	-50.90795472917353	48.20904059795855	14.473163622323272
0.44100000000000006	21.12296690914839	46.61157878065424	14.660285536159874
0.44300000000000006	47.22028213621776	36.10252582349409	14.464343895891021
0.44500000000000006	4.682390236876444	47.06170608631774	14.667409591404798
0.44700000000000006	-10.935900431996437	50.55265845381279	15.08151589908354
0.44900000000000007	34.417229154426465	51.55985091227775	14.083978084782261
0.45100000000000007	-16.426067410812983	37.94277935316963	14.546296790182016
0.45300000000000007	5.050426827635235	40.74044105481314	14.171173365419094
0.45500000000000007	33.52225518660212	46.04886849923394	14.344044268693233
0.4570000000000001	-2.3210437440912557	49.6736181386943	14.270429711211982
0.459	-12.452996424161533	39.381032727160495	14.09135577905441
0.46099999999999997	-78.88668243660746	41.39010064662078	14.254328109549812
0.46299999999999997	14.466992616313235	48.88832616086386	14.76197499288718
0.46499999999999997	42.77462215873662	50.48315733957513	15.175315187544598
0.46699999999999997	-12.822165008641306	44.13956125931232	14.55263644187751
0.469	-6.198561493531152	39.28154583241103	14.295739589344103
0.471	24.87298481068656	44.646014341033606	14.762097694637578
0.473	31.93337868445667	51.29959340389571	14.605094726751453
0.475	-57.86747653913071	48.39378615552049	14.657659658499146
0.477	16.2322794938774	42.0591185989389	14.82628521906174
0.479	-0.24757307015566	47.667242506996445	14.614987866443162
0.481	-29.602210378731897	47.433854460502715	14.566385133964536
0.483	-52.0319268246805	48.562515798222385	14.939510387757267
0.485	-3.926996191117027	36.406150509580065	14.571411245417446
0.487	-6.500029227973769	45.981876912263665	14.677420377762108
0.489	7.585768117213121	44.741257662608454	14.323839692833644
0.491	-59.36561443564692	47.84113844491131	14.291233763706495
0.493	10.473582112924262	38.78889675421087	14.528459443679887
0.495	-16.29178791107133	47.16783228813629	14.345002590287061
0.497	-24.58576476471741	44.2496063615877	14.744523673222492
0.499	-4.444736369846325	56.62979231015383	14.760651567846226