-0.499	24.670102659385407	32.145271173308096	23.340122133847604
-0.497	-17.02562887273551	34.73631361535067	24.46618737641904
-0.495	-1.1397612487140663	43.47582770162479	24.781591656793164
-0.493	72.2768977330368	40.96178039028411	23.591266574564244
-0.491	10.292093172159511	47.62672970324189	25.08728384530083
-0.489	0.5748936007243799	42.54429313877378	25.116057646386114
-0.487	72.25027838830833	38.29355106756341	23.89067964958544
-0.485	63.45999918222489	37.05776460731165	23.884021021337286
-0.483	-19.151779400816693	42.277814652292875	25.226213854637756
-0.481	-6.408505546229293	39.19211754770545	24.014168319212477
-0.479	0.956478627411883	38.72683588459973	24.150754711812386
-0.477	78.01800302686956	42.209671487768944	24.4249357033651
-0.475	-1.8306221114539056	40.6486993346192	24.01784331283032
-0.473	-31.442506999490583	39.9772179743491	24.324980759574416
-0.471	25.4201633613782	39.23770158754001	23.64062600579054
-0.469	-8.379720690565584	37.14531273092951	24.237587176023773
-0.46699999999999997	-2.8760126327131985	38.119002461206314	25.43924010284621
-0.46499999999999997	-21.500564849397108	43.1122813674137	23.97086417440931
-0.46299999999999997	23.727330364264887	39.27735641879517	23.02160537672579
-0.461	47.53789440914424	43.73970147661564	24.849378531890277
-0.459	106.76483126270675	46.48789551674532	25.55440791121752
-0.457	51.04234441821731	39.39514360895005	25.309035444313647
-0.455	27.623370247864543	44.340837868538976	24.662394773614675
-0.453	-28.090343310860355	37.44090133539612	23.706818522942818
-0.451	4.115756983003038	41.78449522843365	24.447541517788732
-0.449	-18.510869402521557	39.296712000960056	24.339777477760524
-0.447	64.76004336852803	43.97140757539123	25.18937011269038
-0.445	85.06461323354308	45.10851704413752	23.745610943855695
-0.443	61.27696781055292	36.922063237181305	24.260215426039792
-0.441	52.04576564232788	39.527582415601096	25.027219976034598
-0.439	29.22872531563314	39.88923286452356	23.827746487428612
-0.437	-36.32616328697047	39.09729179756292	24.561400287797802
-0.435	-1.791176558074703	50.88093638789275	24.16414673121149
-0.433	49.41602472730011	43.847605262158616	24.097080321404665
-0.431	-36.32875344306008	44.54016826758882	24.783423945304733
-0.429	75.32626637574147	39.76854875699509	23.66562384220841
-0.427	3.5251294596694294	41.39432156296409	25.01558408065319
-0.425	17.746554502817702	41.25741031081064	24.383185120202512
-0.423	27.240276342821446	37.49644588892393	23.773485438599312
-0.421	13.775952109940093	40.4939605971392	24.818490281189092
-0.419	-28.672385398387235	45.39671549864729	25.024230295413965
-0.417	5.644046152886162	38.09122205283851	24.53291807550743
-0.415	-3.8222822930089606	38.52150874882107	24.333059144488498
-0.41300000000000003	40.4002541134485	43.1308464487037	25.1218689328139
-0.41100000000000003	2.7071135833001136	43.17207796493494	24.260284594044926
-0.40900000000000003	-28.42812699921371	39.05769931415202	24.195371013043044
-0.40700000000000003	-4.775185301841844	40.649002369281945	24.623403858169436
-0.405	5.749834386392649	43.64613372545002	24.368680046754307
-0.403	25.482631618389817	37.973287961613124	23.15679603747468
-0.401	41.991502441884876	34.74718013002865	23.710779873358486
-0.399	41.577905329104325	38.53690515293461	25.047878998459517
-0.397	20.26707300051278	38.66530423596038	24.514240424113527
-0.395	96.45153916970628	40.31120220288378	24.48810582480651
-0.393	42.29226530094721	43.881243445890036	24.748244795338167
-0.391	-4.112189944338596	39.85607661533582	24.03649196357436
-0.389	-24.45196259015514	40.62780251190626	24.354047091039583
-0.387	68.95109758131568	39.77073057857336	24.973169344498643
-0.385	73.72320712084601	40.45611966704449	23.474847587849684
-0.383	44.75523387648117	41.2657713436202	24.326827399957704
-0.381	-2.118885929269787	46.12490028610299	25.023819391748297
-0.379	41.00213181312817	38.67397569657224	23.57580922200611
-0.377	-8.136262297342434	38.52380945326329	25.000464013982768
-0.375	39.4952578604002	42.47223215392363	24.18769872344698
-0.373	23.90916225802897	38.97156267640546	23.226670588396008
-0.371	30.555552400501895	44.768737487025966	25.57784685248779
-0.369	51.76767269632343	41.051751409893896	24.83163218722458
-0.367	64.76376960051766	44.61764698365028	24.868600848052825
-0.365	-3.322630053315123	39.100436947682205	23.86185957760696
-0.363	-17.937398730460963	47.03541671220355	25.18742118394004
-0.361	22.64082158220937	42.216866029990406	24.182973737723742
-0.359	-69.02152498045044	43.172065585997686	24.462994257602766
-0.357	60.417735007201046	40.22940042138642	24.48766462477441
-0.355	11.096023477374928	40.20567712578269	24.280621360569384
-0.353	42.99726422418715	41.093144120504085	23.68766152191742
-0.351	70.15160020640288	45.35861596211119	24.31211642569325
-0.349	-46.4386628753477	36.385413079976246	24.292993948823117
-0.347	-36.44957549653327	37.536332384369636	24.26465476210833
-0.345	39.84212083829597	36.262011779882314	24.66137783114649
-0.34299999999999997	69.56932959378825	34.81248079749978	23.78194867903478
-0.34099999999999997	88.5237552465945	38.08390059568659	25.055396466771604
-0.33899999999999997	-12.165383851514555	40.107977784449886	25.25818925457659
-0.33699999999999997	35.39440263544691	40.12652587508251	25.050625771946518
-0.33499999999999996	-48.11619056133143	38.6316376387374	25.10235761246797
-0.33299999999999996	52.619208349424795	43.61574394748384	24.569857993460026
-0.33099999999999996	77.89541728642213	37.39088630639168	24.256396734727506
-0.32899999999999996	-28.73367303535268	42.791573913600956	24.646916449115064
-0.32699999999999996	52.9690393233917	37.50788444224429	24.820185962829694
-0.32499999999999996	-40.87397208218935	40.99931554156575	24.1066027848345
-0.323	36.56785110206506	41.94733106277921	24.432804411914
-0.321	26.07880865257428	43.738505906079716	25.30851893950409
-0.319	42.43103553447369	42.23604892207987	24.154380829114668
-0.317	3.6172370019293965	40.33802996119251	24.65274212858604
-0.315	38.11840903344965	48.159221188018165	24.724830970480244
-0.313	61.84898622785262	41.012039380561646	24.286348907334762
-0.311	76.17501123058368	36.46968080389585	24.5316605841626
-0.309	-44.058494163112805	38.32234097397359	24.74085651801754
-0.307	13.326985466743935	39.73046534331606	24.047383164962564
-0.305	30.855307379340502	39.71472605114122	24.526300034594627
-0.303	-28.004492800381975	41.431241941019515	23.943691615781116
-0.301	16.26613970162616	45.362400487269944	25.769571596410028
-0.299	52.51842258324757	42.21086555338336	23.703875645382414
-0.297	3.5514355198884573	41.84820479947331	25.139539773553036
-0.295	-62.087869929339234	47.642507211671415	24.91638773657747
-0.293	42.4545856239078	39.5369322878265	23.91874718577687
-0.29100000000000004	21.424625269883535	44.45910915322375	24.107895385403335
-0.28900000000000003	56.944224366084484	41.60344044018739	24.21503243295268
-0.28700000000000003	-3.9296179273895504	40.89570273724307	25.336172182324493
-0.28500000000000003	-57.51966486688964	44.62940495942953	25.23825824669043
-0.28300000000000003	-15.07013870793994	38.424198565880296	23.597645931954695
-0.281	65.78934128942393	42.77761933439901	24.787981902374835
-0.279	-1.2449219354282448	42.35862675167911	25.483080179687633
-0.277	-17.650180299533247	37.9711550013513	24.374553903872194
-0.275	32.93678848703685	36.96555564499178	24.94687437896372
-0.273	-61.249677579811035	39.36838795154003	24.04332850209344
-0.271	52.06768805665618	38.59935443345452	25.535179240479444
-0.269	-48.07795409556004	34.569236701012116	24.006291674405322
-0.267	48.51313002318669	42.4888506327514	24.921585803672123
-0.265	-17.441367533455043	47.21652812660918	24.83296880149986
-0.263	120.20452980365803	39.84217873899509	24.59444177658905
-0.261	14.823636512062421	39.40282531828807	24.483596361091468
-0.259	49.018921224774914	47.38165745666132	24.96759769567904
-0.257	8.745416518518567	46.63235970669759	25.492515475263705
-0.255	-19.45648693357782	34.77079407679942	24.076470209188916
-0.253	43.56157680240891	37.07681353134262	23.74821767957741
-0.251	-52.16311572875387	38.80024614198447	24.456051134715725
-0.249	13.295481625430483	42.51875904794635	24.833584297497246
-0.247	48.57001673586048	39.83682285136403	24.230606558271727
-0.245	-5.738378009212397	39.52378538470231	24.597343156701555
-0.243	23.26973371702401	42.43260547848854	25.265781020949323
-0.241	4.965175798732346	41.84147058278448	25.015526768535754
-0.239	-28.94313323209552	37.466451978708086	24.834354439631035
-0.237	-17.097865801285472	45.53127644970677	24.914335234555196
-0.235	-55.75469332830263	44.279834444772845	25.02337591590493
-0.23299999999999998	39.79969037848363	40.50340045679046	23.7708738577756
-0.23099999999999998	32.704322989296486	45.63430279614631	25.117958504107534
-0.22899999999999998	33.068816486903074	38.94408085773302	24.41069456437589
-0.22699999999999998	16.15389137321621	45.37572260669422	24.258568892432056
-0.22499999999999998	-26.569878638360578	38.33450149095111	24.53166519192633
-0.22299999999999998	9.544181781118155	39.72458213767916	24.35865041788053
-0.22099999999999997	35.717138327173714	42.41849192622301	24.61375848856486
-0.21899999999999997	-16.634861226272335	41.70391072751369	24.967037628785384
-0.21699999999999997	-4.392818959586542	42.63348755028619	24.247718674739126
-0.21499999999999997	46.19021962093406	38.650186568455865	24.88125648588164
-0.21299999999999997	-27.15142756193334	37.604736063369494	24.220550298241935
-0.211	43.983156108762245	40.374103530604124	24.418537588085677
-0.20900000000000002	-9.096140542119713	40.424018238393764	26.055495640119794
-0.20700000000000002	17.409741990936922	39.71275928806915	24.118368837117885
-0.20500000000000002	-40.93803012050756	45.170443522168846	24.16111980770985
-0.203	-0.49773212884574036	39.78513862803232	24.974565453535607
-0.201	-26.72953761073682	44.65563997244791	24.58634595729968
-0.199	17.961271550737123	40.42282384410359	24.25603644557843
-0.197	-28.192044921437898	36.401613565735545	25.230990368067285
-0.195	52.85321535164478	39.91590110438655	25.129656255961834
-0.193	18.915046704259808	38.92383267302842	23.939613644123128
-0.191	3.3000878336686412	42.8526678676402	24.235998246978845
-0.189	31.322271860867446	48.01079873769042	24.969471303513327
-0.187	-8.208581076973864	37.629808004744724	24.82927754229287
-0.185	17.043074028944005	42.79111724914629	24.464041584428294
-0.183	3.252358987237969	36.21862190623269	24.33641767870538
-0.181	20.117243561212916	40.23681673247271	23.913056747264033
-0.179	-49.6136586285445	39.76592631567211	25.61721129852117
-0.177	8.030285328697317	38.782025224581844	24.656038984912083
-0.175	65.11613550319595	47.848338764423765	25.37250653271785
-0.173	45.15600221233207	41.5725537332421	24.094303666982157
-0.17099999999999999	-7.103588945178707	40.43003951794386	24.619391479853704
-0.16899999999999998	106.31055329723971	42.826094618908435	24.536261773147018
-0.16699999999999998	33.00870439204573	43.02874010427065	24.15943008935712
-0.16499999999999998	-33.98831831114002	40.75585251762032	25.624806063554278
-0.16299999999999998	51.73110436706985	38.0314870792459	24.071702707100535
-0.16099999999999998	-34.715378518845874	36.02877598494862	24.1374119964991
-0.15899999999999997	31.55551358768882	39.698632543385614	25.249507696882436
-0.15699999999999997	-24.965371450802465	39.7187111109826	24.336209527208315
-0.15499999999999997	27.97483337868556	33.94432488634896	23.359077492238402
-0.15299999999999997	20.530102314175736	48.285403791757275	24.545299782135494
-0.15099999999999997	-20.558415846250178	43.87850232398278	24.52941213575417
-0.149	-34.16713277237804	41.28888207908452	24.934611366069163
-0.14700000000000002	-23.770883206264415	42.90672410075777	24.481213245227057
-0.14500000000000002	1.2456082010281477	37.376544685505486	25.095677640037923
-0.14300000000000002	25.601107526140865	42.295691403948574	23.525360273795712
-0.14100000000000001	-31.934280267043036	40.16984497285254	24.83624220442101
-0.139	51.493555058845786	39.73717983987014	24.74136141643329
-0.137	-19.22261398246139	36.23388814457893	24.317752058594607
-0.135	10.85333159234203	40.818201216894415	23.929124984042815
-0.133	17.844045211212745	44.63234754230164	24.49061579104735
-0.131	1.9724048376801306	44.35743351009356	24.54593714695559
-0.129	51.026209271221035	41.25296846704075	24.097080983014244
-0.127	-27.794373414158358	37.41711182182166	24.174938695172802
-0.125	45.056524413888965	37.99462777744183	24.064686058837502
-0.123	26.088317478523138	43.30272012350899	24.80462793602931
-0.121	-33.6831507816715	40.63300735546947	24.20963634116029
-0.119	16.832272273337168	43.738611354915726	24.11792119916481
-0.11699999999999999	20.314186752745655	41.310577987531865	25.030279959909823
-0.11499999999999999	-33.065239100182886	46.523360638866215	26.29019960610593
-0.11299999999999999	56.798794110690665	35.119564485241064	23.13950420583721
-0.11099999999999999	-7.034683190632052	37.21023234778227	24.14669325586234
-0.10899999999999999	53.05806890820719	38.60963963760356	24.71959741414461
-0.10699999999999998	-4.7614757219260895	38.041130112649476	24.988268621742105
-0.10499999999999998	-24.684254275375572	38.109662210644736	23.314423251617455
-0.10299999999999998	-23.99606719283298	38.57951815160986	24.9513671134178
-0.10099999999999998	43.17162753064707	42.94062341567083	24.780356442189714
-0.09899999999999998	20.573337288887217	45.97120785393276	24.650379487299805
-0.09699999999999998	20.77300531322379	40.00760832207899	23.616772766903143
-0.09499999999999997	41.09143249309	38.27660223696549	24.70373198807348
-0.09299999999999997	50.554453032702895	40.96786532946437	24.322935334204434
-0.09099999999999997	13.075498545456199	45.13107075062042	25.14062590903029
-0.08899999999999997	-14.122812409533836	37.53026667149181	24.76334645031972
-0.08699999999999997	-33.72438097715147	40.46620996168846	24.221926829176017
-0.08499999999999996	32.64804198988003	40.20427059018015	25.13536586543423
-0.08299999999999999	64.73447420973777	46.37108068860793	24.716235451704904
-0.08100000000000002	-19.10128728788152	35.331374999286815	24.753910932055373
-0.07900000000000001	-42.542681043422625	35.73595973528197	24.122410291409313
-0.07700000000000001	25.80460885215352	39.32109176801767	24.929370523246714
-0.07500000000000001	16.23239386638886	39.01694833722105	24.32689027955783
-0.07300000000000001	-7.293353285753312	35.31483770900362	23.55200813640756
-0.07100000000000001	48.15732016338892	41.206253895933926	24.851836592235475
-0.069	-66.2788666833114	42.68206475973871	24.13552136305524
-0.067	59.949042122253715	39.17353731339738	24.978352400012174
-0.065	28.719800471588286	39.663413040205654	25.220587929247973
-0.063	10.057507259908505	39.11356125698217	23.740984660721104
-0.061	-30.314997300440183	42.35094630251241	25.283538417886493
-0.059	-18.897704734399667	43.36543590037611	24.051563232366835
-0.056999999999999995	-14.002842608107358	42.49665639272495	24.36336229129174
-0.05499999999999999	42.38680233026315	40.64848008733788	24.906338631775785
-0.05299999999999999	73.39269519279767	41.62726827360464	25.169521932073028
-0.05099999999999999	15.742590288025937	37.32072790110884	23.85347069905579
-0.04899999999999999	-25.032430276628048	36.74939664106822	23.388006922897535
-0.046999999999999986	-57.05447168646849	49.6658327046288	25.197993666707703
-0.044999999999999984	-8.92942085728432	43.61013945361784	23.56186681195749
-0.04299999999999998	-86.06496286156506	37.94299002251636	23.158042340888517
-0.04099999999999998	-9.32796938557523	46.148291312749556	24.7661526211223
-0.03899999999999998	-40.86638726374936	42.54970697782364	25.03557443108554
-0.03699999999999998	-37.70964883720307	36.35531500516119	24.08274392599966
-0.034999999999999976	-32.98725971268013	41.11592296114283	24.37496847440286
-0.032999999999999974	-122.47306699841864	38.8047864627391	24.31090563558641
-0.030999999999999972	-124.88456914205858	42.451739440241404	24.466498763726747
-0.02899999999999997	-149.41899188014585	45.503160807555055	25.188014610498715
-0.02699999999999997	-115.1886881094466	41.64623070068153	24.77066518725352
-0.024999999999999967	-222.10172065773025	37.3597434618634	24.87687579412725
-0.022999999999999965	-153.28151514215625	44.911748058331945	24.258636786842587
-0.02099999999999999	-200.8935002670853	37.570481635025374	23.94435266765135
-0.019000000000000017	-207.84744224322526	41.91697554163465	24.13650800765085
-0.017000000000000015	-153.96235379283584	44.19650135483146	25.35560577638548
-0.015000000000000013	-234.36107564267505	39.363974557724944	24.279359006007418
-0.013000000000000012	-242.66113217064066	38.45195239220737	23.181339923867146
-0.01100000000000001	-165.94099668831853	37.89236202381245	24.974530591280978
-0.009000000000000008	-207.0040796547934	35.76251818906935	25.037372888184567
-0.007000000000000006	-204.80831647073927	37.723541939222955	23.958927569609887
-0.0050000000000000044	-264.2097100952201	37.65499949220782	23.653398066966997
-0.0030000000000000027	-216.9082658179944	42.03856141939321	24.509534770270292
-0.0010000000000000009	-164.88221924060298	37.958999248476054	24.32453716324624
0.0010000000000000009	-175.16812602536015	42.81433940817953	24.979262533966946
0.0030000000000000027	-296.4977780532951	46.17775886513234	24.876209898965882
0.0050000000000000044	-232.9502162971009	37.27222806823681	25.014006094826236
0.007000000000000006	-134.97317699262544	45.90801015108699	23.690896959852854
0.009000000000000008	-214.73574671182493	38.3322488832868	24.431118944174358
0.01100000000000001	-219.82457247604614	39.09037456258166	24.78788966846596
0.013000000000000012	-209.17409352816384	45.0986233075067	24.001244892330092
0.015000000000000013	-238.32484948571596	40.06566929332542	23.781767378479415
0.017000000000000015	-199.64357563762024	41.48981716870871	24.598614998628623
0.019000000000000017	-199.07365742399818	43.227628092021035	23.475597022374988
0.02100000000000002	-163.31421620363608	43.764090362718115	24.51959542238841
0.02300000000000002	-225.4294278645208	38.42780623097495	24.18625942718719
0.025000000000000022	-157.41473996155887	38.44770175717675	23.68191290795896
0.027000000000000024	-86.10723631796714	42.016347475341355	24.374385172328232
0.029000000000000026	-86.51144472593408	41.766148043252365	25.429700200557857
0.031000000000000028	-153.83783886113721	46.24981343092468	24.757831554116375
0.03300000000000003	-157.46234534719238	41.52017982904295	24.697144328753186
0.03500000000000003	-111.19597831399375	37.381843653542	26.264620906336848
0.03700000000000003	9.634425885085562	44.20913114464696	23.447762141411552
0.039000000000000035	-26.332071957457792	46.59546775764791	25.987905709436795
0.041000000000000036	-74.28434382494854	37.423368330937365	23.729276682044887
0.04300000000000004	-62.592893235957625	40.74463893369442	24.52045348223481
0.04500000000000004	-71.09730274446058	43.04625059406286	24.467622013996344
0.04700000000000004	-10.235462354679647	39.24925728892609	24.63643511485856
0.049000000000000044	19.055814331814247	42.37087388812798	23.72411668249306
0.051000000000000045	13.852959244609053	38.64845969281175	24.233465117352754
0.05300000000000005	30.140536787737204	37.74632080978023	24.293922000922514
0.05500000000000005	-29.643664853362672	38.574311991431436	23.19377640658144
0.05700000000000005	46.809240084932924	39.50680922698889	24.919963256687705
0.05900000000000005	21.40430637909141	42.78523479421869	25.94605220777706
0.061000000000000054	65.26836733677932	37.31956001215545	24.424860654442277
0.06300000000000006	16.035550630899564	44.09904852670283	23.529524741857944
0.06500000000000006	29.892747054338642	43.84392357376806	26.39052355245426
0.06700000000000006	74.89520846259978	44.62918910574116	24.00144903082299
0.06900000000000006	-0.4716427078887975	49.635416277687625	24.730450339349545
0.07100000000000006	43.6563661772027	35.36876981497684	23.665100442369052
0.07300000000000006	40.55648729650585	40.86375322460438	25.97574010346728
0.07500000000000007	12.898847645104183	45.75701979962108	24.813071224021716
0.07700000000000001	28.195517864038067	39.20022797225831	24.913311292976672
0.07899999999999996	23.590692623587373	39.9049621325335	23.580107502839386
0.08099999999999996	-23.093051979117263	33.328776591370726	23.58222939900479
0.08299999999999996	12.361523547221864	44.31405607837973	24.886968191348934
0.08499999999999996	-28.271698973458825	36.110863592054265	24.225083295214283
0.08699999999999997	3.6608793518855265	41.289510083380485	24.62434200003885
0.08899999999999997	-14.122952585737814	42.79096751665708	24.743588549022643
0.09099999999999997	89.02428841905952	43.21116038530493	24.63260074619394
0.09299999999999997	34.40281662392408	45.509785710295816	25.258551923317906
0.09499999999999997	17.350641488000917	36.16325544081238	24.831775690958892
0.09699999999999998	64.57972074902507	44.41317673383507	24.3007252260596
0.09899999999999998	20.758030621736978	42.23942290237802	23.78635585976779
0.10099999999999998	42.08485875345502	34.66758285052344	24.37154684228444
0.10299999999999998	-21.678370634270472	37.12890133468098	24.094006622911408
0.10499999999999998	-91.02213092837542	40.58499470937651	24.72939939816398
0.10699999999999998	51.2911580645703	44.589058361214136	25.05559815568557
0.10899999999999999	17.404060277614875	33.377743387541614	24.699318019749576
0.11099999999999999	-63.24293861903474	36.46230934205426	23.830061877347713
0.11299999999999999	-3.913268501465339	41.03196798280102	24.135230652262713
0.11499999999999999	-36.847473136925046	32.639588740134144	24.98503009672804
0.11699999999999999	92.51321642267385	42.529786313210735	25.010366708903565
0.119	-31.90954132825663	44.45809735464637	24.829507373344004
0.121	10.8063767265687	45.912139728493045	25.1018243214541
0.123	49.32274617952537	44.622678003842104	24.567992358815818
0.125	-14.342465097350043	41.16560599574736	24.811259708909446
0.127	60.146689872642156	42.63814017189678	24.055358287325095
0.129	23.77732412672806	43.460890146170165	24.715591335838237
0.131	74.72170675515422	37.08234911290157	23.43992147281398
0.133	50.75225097717073	39.61773757707721	24.88139530340657
0.135	12.593866960841638	37.05028202851687	23.97393790323203
0.137	18.415169025232103	47.30106924026446	25.294173521543062
0.139	69.93248065145785	34.34950751592111	24.054686168882487
0.14100000000000001	-25.517803271313255	41.53335588377419	24.58681887324953
0.14300000000000002	-11.034925456065992	43.60880158631963	23.46443629160301
0.14500000000000002	-43.39139917786117	37.449151406205836	24.242390129805653
0.14700000000000002	89.39535845353674	46.810258212412926	25.126384621950315
0.14900000000000002	51.033753257101466	40.21265738213447	23.84513734917418
0.15100000000000002	18.356264617880313	36.329820902850685	24.798626818131822
0.15300000000000002	88.04994396971466	43.9297002774604	24.750273844351906
0.15500000000000003	1.4398099557055843	41.50160278524159	24.51750351900702
0.15700000000000003	22.413139862953457	42.452134474066845	25.30295058259087
0.15900000000000003	16.842295468721957	41.525483509039105	24.37421901220775
0.16100000000000003	25.397568615304067	39.4590045625264	23.486534335606194
0.16300000000000003	-6.127628110585981	38.543150750738754	24.696419689256008
0.16500000000000004	-7.82304383251109	38.152589324890045	25.379586464778747
0.16700000000000004	14.462694509997931	40.106662856184144	23.49407389582163
0.16900000000000004	91.5592898182993	39.06718238581222	24.506761735559834
0.17100000000000004	25.831562259215346	42.873540646511564	24.266444347612367
0.17300000000000004	-39.73393986533846	38.61551174378343	24.655720812378565
0.17500000000000004	-22.371037192825405	38.42765232646281	23.431770140225566
0.17700000000000005	64.25884274618987	44.442902210141554	25.61060620827258
0.17900000000000005	-15.355469241917774	40.753006454480364	24.377945592338282
0.18100000000000005	51.20708921380057	36.43100988810682	23.581041891110072
0.18300000000000005	36.36681209484571	44.40504027599846	24.708870489396244
0.18500000000000005	-5.932575475764423	37.52338725663726	24.058718778510535
0.18700000000000006	72.24558233054346	46.50357369467283	24.817597086093983
0.18900000000000006	23.183640101454017	38.88588428527862	23.837938463039933
0.19100000000000006	-8.720206687073961	38.73562771179744	24.12963518469085
0.19300000000000006	-24.868902835595286	39.55222344104857	24.599676405669005
0.19500000000000006	-12.979996178663633	37.18713971417697	24.923439247543147
0.19700000000000006	-27.495858397674766	39.23283322396168	23.551274841938117
0.19900000000000007	66.30992172973471	42.80650797166829	23.50183268134421
0.20100000000000007	23.745322622836795	43.46943644735161	24.673579953952643
0.203	-106.15276983005906	40.24090743450118	24.200509591945597
0.20499999999999996	-2.712129727688861	36.60897724955585	23.161337344529674
0.20699999999999996	49.82964369126819	37.89241787110593	25.54476588417231
0.20899999999999996	31.930662551804545	41.10048842032216	23.808591700843888
0.21099999999999997	4.4666896896750075	38.14188454343035	24.878863463370696
0.21299999999999997	-8.351946263696064	33.32451289283387	24.374244249997044
0.21499999999999997	11.879717803919831	41.90083921057898	25.780581970688658
0.21699999999999997	-20.890131079975838	42.158231591309494	25.21612406867591
0.21899999999999997	15.982309613971069	36.537162959216516	24.871732804952977
0.22099999999999997	1.110988095520682	39.19212081076672	23.7061351935318
0.22299999999999998	-5.270063492490706	44.90190104877726	25.466150764206336
0.22499999999999998	5.5702634966792175	37.07958770698986	25.7143105442265
0.22699999999999998	23.695063432249697	47.57677880294582	24.23703125234142
0.22899999999999998	-12.149775644121341	37.33704316372713	23.994067735445874
0.23099999999999998	54.48071767810703	43.607222257522174	24.742011653864612
0.23299999999999998	-73.89126433621217	39.20550310638701	24.28221580067371
0.235	-32.355645118276044	37.66450137677302	25.136822747826383
0.237	10.913649140409376	45.04596044717808	24.71172859463992
0.239	-30.330670059530718	39.289775597255286	24.354660936595153
0.241	51.99176632197933	37.395415644153545	25.19874993189195
0.243	5.687606651427757	42.36326401181911	24.43746633909556
0.245	51.20178396245123	42.290408566466645	24.809719263780273
0.247	-12.103900287163682	48.00913615224526	25.210561455374194
0.249	58.58536551905935	44.63769685112814	24.236491416849404
0.251	25.275774790944894	37.71314337009338	24.08546823888131
0.253	-17.950772935093617	41.30703948319384	25.06202829737111
0.255	34.96670235603183	39.796284060197856	23.6332038311595
0.257	42.407376064312885	47.05850179794543	24.944174226092542
0.259	39.440040479288285	39.914025486114724	23.98926918049534
0.261	-23.285321698152117	44.20203981268568	24.098726618926246
0.263	-63.971074433233355	37.035980257569165	25.37989725917117
0.265	-45.21082898845119	43.192922902289716	24.87410306078629
0.267	28.284653279975203	41.77084108788385	24.665861665822128
0.269	-54.082060902072016	37.35823717531581	24.11360111969917
0.271	51.006169197176376	39.0415894775873	25.76888750339579
0.273	39.20515363398103	35.898141861781916	24.02013585577151
0.275	50.94543727524048	40.6292138214548	25.564939014817238
0.277	-3.9286950642702934	43.28745618924624	24.589997433618194
0.279	14.587007149513553	38.940450513516524	23.753378919044756
0.281	14.946948184491049	40.83446086731164	23.606206699005263
0.28300000000000003	29.370715783016976	36.23674876148594	25.007500622040297
0.28500000000000003	11.098080493487927	38.50838889197562	24.179247674862943
0.28700000000000003	22.008095219572255	42.425068253682355	24.48535244672897
0.28900000000000003	51.38827619921571	42.002398195011935	23.480417093544844
0.29100000000000004	-46.011885480368164	45.86491549560089	24.625396889116143
0.29300000000000004	-73.66925086538245	34.69081026213246	24.870935076835902
0.29500000000000004	-10.340615859805169	43.65383724239326	24.98512518821555
0.29700000000000004	63.018805535941524	47.82546896975232	25.519585590860586
0.29900000000000004	-33.71512247585251	37.498779964286236	24.455249276639318
0.30100000000000005	-34.593121838621954	46.0388331704461	25.482435620205592
0.30300000000000005	-42.45677978187423	37.53188422162353	23.81192252116796
0.30500000000000005	1.4700175863247011	36.78088577912114	24.17145591178225
0.30700000000000005	-28.57797645683391	40.81211788981765	25.039857798835662
0.30900000000000005	23.240825115289354	40.581037576459494	24.351157214596867
0.31100000000000005	21.293746792938606	37.657023721151106	23.402300035097422
0.31300000000000006	-5.378840613690095	41.389044568442195	24.94381471483626
0.31500000000000006	20.030150642336153	38.91103926413416	25.3052508021537
0.31700000000000006	68.03512023534353	43.168798097737394	24.071291224117395
0.31900000000000006	54.251840188479505	42.84459348971727	24.297599334944625
0.32100000000000006	2.0500968040959577	43.828505580185	25.2327097983135
0.32300000000000006	-52.45188161118186	40.367867691538834	24.35477217211135
0.32500000000000007	-57.67037513682016	47.74728731472492	25.280582176249496
0.32700000000000007	56.900377284785364	36.026097591455205	24.16159158449043
0.32900000000000007	-27.44956525357889	47.94190017052307	25.01086868652323
0.33100000000000007	9.1157426005406	41.841088186135245	24.880904561915038
0.333	39.39364593952277	34.263448204719744	24.402151556968267
0.33499999999999996	78.67860410892824	41.9944348939374	24.408250518726675
0.33699999999999997	-12.262606156943079	40.517508563429615	24.59791393299532
0.33899999999999997	46.54112242086228	38.905526589652204	24.171398328212934
0.34099999999999997	62.6709085898014	42.120247699610175	25.626349386274384
0.34299999999999997	55.992849958608204	40.996886985236436	24.307961607514844
0.345	35.730345895101934	38.903175701337574	24.37462621661462
0.347	31.899091499143495	42.486874195406564	24.094657918876266
0.349	7.341293500440216	42.2590554286189	24.590711655728544
0.351	46.773527940136006	35.256417122431834	24.745648812753398
0.353	-37.35716646457998	40.74264541691574	23.844926677731642
0.355	-34.69804752731509	44.50009388852384	25.481827960310294
0.357	15.322481689450385	36.68020471901761	23.90504390545244
0.359	-8.562278691615077	43.5902053720853	24.2711047114017
0.361	24.22610840890904	41.36066229745475	24.27735192838567
0.363	-16.371805794501704	34.47652306335225	24.587798206345006
0.365	-2.960539084662095	41.86318351012107	25.410359654386696
0.367	-5.86655987588891	42.05115545811412	23.90882471646097
0.369	47.234425708753136	34.792454359112554	24.740762828197294
0.371	47.764269596184405	44.4598376683714	24.841015440826215
0.373	26.965549628332752	42.895956067148596	24.02493183176655
0.375	44.340209074400505	43.51465493183098	25.671294499266317
0.377	53.62038759804122	41.75575642038736	25.172491567520392
0.379	54.238328896616395	41.13544987736723	24.209377016519188
0.381	46.27222237330031	37.23721055973333	24.849955263880773
0.383	-0.48893545834260976	44.70160410364965	24.587982761865714
0.385	20.56225792812505	40.90690973505057	24.013767193622424
0.387	41.73408628060926	40.18740128073466	24.361268556280827
0.389	-21.443337265281137	42.54345366852212	24.58490595003009
0.391	72.98050939841261	42.134475283223956	24.80377289729671
0.393	-2.65129444199097	41.75378716562693	24.14942075157009
0.395	57.757215677689544	40.53972222280861	25.362506850181617
0.397	-19.11610275018294	39.43515020672088	24.63824780483729
0.399	11.94914492064214	41.34939016271757	24.70609967455189
0.401	14.440692893025187	43.91129692482337	24.835375760271663
0.403	61.61587352715436	39.95779966034285	24.544196986606444
0.405	-20.00534150559119	41.591592015882775	24.795072575700882
0.40700000000000003	31.339913529215835	40.81644693611382	24.265157621351246
0.40900000000000003	66.84223953645763	40.91433123396338	24.239069791430385
0.41100000000000003	-2.667838640002529	35.890111484008116	24.257183131926976
0.41300000000000003	-38.54827457772103	40.67573522326945	25.468289302640866
0.41500000000000004	30.468607949307724	44.43576848264259	24.089275775810002
0.41700000000000004	98.1177866994365	36.61153435245275	23.61555104098778
0.41900000000000004	-5.617559400095118	42.08211743788179	24.77065831551036
0.42100000000000004	-5.318789516817191	39.04229171184677	24.21786419525042
0.42300000000000004	26.039892137896814	36.9619281551443	23.953557333409986
0.42500000000000004	12.214385633368963	39.880798460399134	25.192563390790514
0.42700000000000005	-30.794656902921602	38.61202731267223	24.225346151566885
0.42900000000000005	52.719268459400226	39.07122321188143	23.755972007702148
0.43100000000000005	12.612453327509598	35.046589005659165	24.323585713906947
0.43300000000000005	46.23941933701303	42.779136788633984	25.118340663061648
0.43500000000000005	-6.391317232234961	39.40396623085501	23.88956260113417
0.43700000000000006	37.4634398370155	41.97640925298261	24.42770594151591
0.43900000000000006	55.67780253912247	41.16320328507638	25.228205671633958
0.44100000000000006	20.6898196903893	38.90038850321615	24.396594520802612
0.44300000000000006	13.68105413157572	41.59215258911081	24.424329945698265
0.44500000000000006	63.37235351727699	36.870511191007004	23.948336227500832
0.44700000000000006	31.075943655256566	40.988155551016106	24.37171815756395
0.44900000000000007	-1.4479973317049755	42.5900719606144	23.96340537168114
0.45100000000000007	88.84387436691732	42.29259246667687	24.776521647359093
0.45300000000000007	-10.453906856611184	32.906747520711924	23.893062343312803
0.45500000000000007	-7.669735644366682	46.72439592092826	24.789772917059015
0.4570000000000001	35.85949442186376	40.7565749947029	24.135643691463997
0.459	53.89143704581656	33.616704489388006	24.326563944834056
0.46099999999999997	-33.412985191105804	41.6059412259827	23.80185208402515
0.46299999999999997	13.991750436703754	40.73960424628784	25.178782629987538
0.46499999999999997	-38.836724230995046	43.85776054963305	23.553408250891675
0.46699999999999997	-1.2989334604585068	41.81475686916196	26.200087260424073
0.469	48.61092169528014	39.398914525708335	24.41499200367273
0.471	-12.106076578421998	33.3566103787962	24.005975373868488
0.473	-14.746313028668467	35.716194278841954	24.30423866582428
0.475	-37.30936713131072	43.780610168459376	24.48688117513577
0.477	56.10852875315153	38.31584451365248	24.45717183038708
0.479	9.165447347081468	44.87946861942313	23.72365996012085
0.481	-14.204442957410635	41.99453492767281	24.850164062287366
0.483	29.359921526639354	38.211366648237096	24.146008614122604
0.485	36.99507256249568	37.05809888880868	24.22037726189058
0.487	1.9755817901589978	46.37117346974664	24.641044061448685
0.489	35.20225721320713	40.130852439513596	24.782220028380394
0.491	-24.945397749776	42.988855361556574	24.186587680539226
0.493	53.40850308810374	43.612178872554985	24.65308623079313
0.495	28.42535334357521	41.685868981734686	24.206101580087903
0.497	51.995144400462934	37.55257530141241	24.24351218379921
0.499	-16.356559161323503	38.11355083187208	27.877917627644436