-0.499	-34.488169600943586	41.72897690408772	24.646230266100698
-0.497	32.766392941141476	43.27374529367921	23.686411375729843
-0.495	-16.52795887552294	40.22218586454109	23.0404714030658
-0.493	8.109474426643004	39.75986264182671	23.722291659335674
-0.491	3.3191026209689056	36.983758958224094	23.373913099275157
-0.489	13.656273675666242	40.46086622464936	23.4906967068528
-0.487	-42.644327368890345	38.79239051967294	23.416149204963553
-0.485	-7.180441773613211	38.88491524103028	23.292674028394398
-0.483	21.370986553970184	39.34939074147737	23.190087883703
-0.481	-6.017895648913196	44.64687274601076	23.802590160082634
-0.479	40.076223352780715	36.595278441039895	23.11634668222052
-0.477	25.560930449586294	38.25602572233285	23.43373668338503
-0.475	35.37666113606619	39.91611870737271	23.008276981930027
-0.473	5.732073586450781	41.16836888406943	23.626906449536676
-0.471	64.0899932431438	39.20904134413046	23.17745429893425
-0.469	40.606748105131985	40.66299855066712	23.920628488942736
-0.46699999999999997	58.21229864744204	41.714976067851445	23.412403185703518
-0.46499999999999997	40.47125268069607	38.32383990885439	23.386748801521364
-0.46299999999999997	53.70176658647807	45.68526731256859	23.23146189013517
-0.461	12.688306718189324	40.14592351309456	23.311951924247783
-0.459	31.38863854057483	41.24656955777733	23.062474165736585
-0.457	0.43091081436408274	37.27845971687351	23.103108292449665
-0.455	64.80330345493002	41.77519493633589	23.754413751138
-0.453	60.48195774166487	36.0874117249324	22.972358402149442
-0.451	-5.357840810460424	39.30196920871638	23.900408525620843
-0.449	-2.3463810835400167	34.39759316733257	22.993609890689072
-0.447	47.80787398828146	42.915181796769645	23.289121201982216
-0.445	19.237032403474075	42.49678260129333	23.068807519114486
-0.443	2.570559142656137	37.36281102574147	23.17017306841389
-0.441	27.512679183772093	39.20064671845735	23.247771198088362
-0.439	67.08001940225472	42.26042624217423	23.58791139799702
-0.437	9.842630968259769	38.66379933226034	22.854693691423353
-0.435	33.375862165785364	42.530822153904325	23.789747866385024
-0.433	-10.534893836622317	41.801486323936984	22.92174241161861
-0.431	44.69373407700594	41.3366656261048	23.776314086723833
-0.429	80.44689925945647	42.074436622714124	22.925431067246556
-0.427	5.808927979966683	40.74204786917147	24.33859354403424
-0.425	35.34472941013611	42.84103497267864	23.133980140089246
-0.423	-42.755855635845386	39.387201213221104	23.69389261085809
-0.421	22.905157532226994	43.59708478808244	23.32804648726241
-0.419	0.15579709833346556	40.028792489187936	23.744095149464034
-0.417	25.551989864869284	44.09241617918274	23.44650853612835
-0.415	-4.8223358980470366	39.70284750808186	24.28626282234223
-0.41300000000000003	75.58968505350094	48.21353624066644	23.180236997571935
-0.41100000000000003	-17.565589375712065	37.40804320245032	23.769710869404005
-0.40900000000000003	44.572257538399995	44.326996131938934	23.3529557378954
-0.40700000000000003	4.622504186313492	41.13273292312336	22.858261145280352
-0.405	13.546241109274604	42.67299341460087	23.676891805529333
-0.403	14.918843029843032	36.07823211970822	23.356831250074407
-0.401	4.607113589516487	41.15876067809666	23.6665794901609
-0.399	9.393624083031682	44.06352672998413	23.572812306411354
-0.397	81.78385508639252	41.700578772687756	24.035357820141968
-0.395	-11.843736380079406	38.72206353786966	23.16026229683465
-0.393	87.00850229237389	40.297979790434916	23.672858407387583
-0.391	54.227525693395506	44.309120247804834	22.672625883951287
-0.389	44.38158208897036	44.93433692920547	24.14318266878029
-0.387	18.945730275721218	38.9307711654603	22.468347244328978
-0.385	74.48149393796122	37.82658828443672	24.003816513451316
-0.383	-25.9046643567018	42.737164885409115	23.009264526979397
-0.381	-9.242752163074464	39.7397276104437	23.68034998334955
-0.379	24.274592860029642	38.63890268730438	23.401887109017455
-0.377	-40.0057726084313	37.391392509064616	23.63218220171221
-0.375	38.6000464382974	43.537696906350725	23.626292161877753
-0.373	-13.488164204655817	40.54544897155137	23.394538668676454
-0.371	14.54665890476825	40.2133356569651	23.23334023169769
-0.369	-6.389469927370328	37.150477123448894	23.22419785638831
-0.367	22.967389451178377	42.65240639875073	23.325888058238025
-0.365	22.105481511713876	42.77423993558974	23.11746186057511
-0.363	1.282511589373314	40.95447647116642	22.43188727849107
-0.361	-29.502538092196495	39.90142804231337	22.97147319692883
-0.359	40.22821744342764	39.649079053078694	23.040911319224602
-0.357	-21.27634869020234	40.53918918418387	22.755809051957353
-0.355	18.4161286378437	46.83348505912414	23.596848608827123
-0.353	-22.5612280284615	40.72216679307861	22.779740516801283
-0.351	73.21085963751806	41.163462256591025	23.46009528616332
-0.349	2.1094574507163344	38.40484599610147	23.00518387177557
-0.347	91.80535506048138	39.64473863138904	23.701623175263013
-0.345	-37.56903886442675	39.64691552660777	22.861021793183973
-0.34299999999999997	30.886803420004938	45.80711249900657	24.057508818933716
-0.34099999999999997	-11.598422557157484	40.39342236279778	22.325579689242115
-0.33899999999999997	49.62969037070053	42.15138717518586	23.840577757372408
-0.33699999999999997	-6.313234495403108	41.891545896826514	23.04642151157703
-0.33499999999999996	38.97033557831442	40.53609593331304	23.378132654017573
-0.33299999999999996	-22.63854093242923	45.217814654335044	23.0071918439509
-0.33099999999999996	43.488652496481706	44.982666258357845	24.242648210454213
-0.32899999999999996	9.20558918915404	44.86491781041522	23.086168040859256
-0.32699999999999996	13.187740674602821	43.690763553049614	23.078470357512195
-0.32499999999999996	-29.240715115341764	42.8890887746613	23.283414874820657
-0.323	20.0019827618636	41.95218651827387	23.189067837400405
-0.321	83.07086059033963	39.551423394158284	23.077337449480492
-0.319	-19.486932177237293	42.777441056966055	23.79807859779725
-0.317	50.7006983745395	45.04389546130456	23.02115250531216
-0.315	-47.27152408989799	42.50474557928031	22.7930538367192
-0.313	51.130739030069705	44.46428655333491	23.166357847774787
-0.311	2.4452880797998233	39.30359843374354	23.567565955483893
-0.309	62.40976266713716	42.91384972566314	23.580620606215806
-0.307	-39.56778523039883	38.958763174399074	23.31893066369828
-0.305	92.42673676856938	46.813765658012365	23.751884688791197
-0.303	18.256346511424937	47.7903722511156	22.601569517313482
-0.301	72.14508262132213	40.59205331351675	23.872337367006867
-0.299	-21.283953224648933	45.79805874156103	22.679525922600927
-0.297	68.30418773429159	44.45819494399733	24.101553097239652
-0.295	-29.83668063383238	42.75946963625135	22.9688882816135
-0.293	-2.952335303674225	40.68693790571479	23.94410578540632
-0.29100000000000004	-5.262686334717159	40.75573170684252	23.36028171708431
-0.28900000000000003	34.99247566263186	40.020653661935256	23.940864392904857
-0.28700000000000003	-4.7426216349677475	43.4612750316207	23.28188283234362
-0.28500000000000003	52.13629909039952	44.61077337576682	23.64202100427219
-0.28300000000000003	-20.508394119822526	42.262401835205985	23.23424814221906
-0.281	-10.35268812921153	43.96386108815926	23.80914133866431
-0.279	36.85027608857361	40.46245485525351	23.476150713727588
-0.277	23.689224086798077	41.93994489367841	22.75681750824984
-0.275	75.06272308521744	48.78356651200377	23.513345912226306
-0.273	-3.5694640165839786	40.17849490424031	22.919326662093493
-0.271	33.6143282246848	43.79293513379087	22.850158902572296
-0.269	-45.484193910372284	43.100433355400966	23.498195805083423
-0.267	-3.2827030691517933	43.97181455189552	23.615277219721158
-0.265	-18.13775864134559	37.16391199504703	23.734592934876424
-0.263	66.94086762126794	42.23037851302359	23.067900484675494
-0.261	-33.59831454441409	44.59547018399854	23.648379521830943
-0.259	6.543057120333984	43.25783484527332	23.123158217993023
-0.257	4.722634646459056	44.00142693077297	23.10346128021042
-0.255	74.82197818542424	39.90239094651537	24.372013740502112
-0.253	-22.75372338644832	43.78718751454179	23.20393821921844
-0.251	22.056573539153135	44.38313635321676	23.959999656557468
-0.249	-3.2542905017418633	41.748298721427275	23.02474118960028
-0.247	50.03784780832632	42.72906408910456	23.399702963376363
-0.245	-36.32964391231397	43.65755881850006	22.898493324794025
-0.243	57.61742808729764	40.34220885276748	23.168293293488762
-0.241	-21.852449660686446	43.13244040164214	23.400805626074728
-0.239	8.99992507763514	37.363312355289956	23.327003437768244
-0.237	2.250585441343489	42.2082824750164	23.4983145235429
-0.235	-13.676984767063693	35.39981446971465	23.21753422167424
-0.23299999999999998	-4.59963098509153	45.63828164853072	23.399399420855623
-0.23099999999999998	-36.1669902552153	36.58374986899327	23.580539653478173
-0.22899999999999998	55.38931241666489	44.77756690719258	23.338690111258416
-0.22699999999999998	-54.912181406852056	38.90729230588153	23.10373099385323
-0.22499999999999998	-27.516730018439794	40.641298378746576	23.570521920610457
-0.22299999999999998	-32.131036816540615	40.42543256239788	23.223304819424865
-0.22099999999999997	-4.5609021548376205	46.532722896863326	22.95443698873726
-0.21899999999999997	13.094330211904648	41.24711099679854	23.9587999493846
-0.21699999999999997	3.8603480805310397	40.68835562317256	23.289469650826636
-0.21499999999999997	-24.916460540258534	47.05254579686939	23.313715595507816
-0.21299999999999997	61.33487053272546	36.93167866359933	23.352210812266907
-0.211	-23.347877577739595	43.729105967383134	22.98857124650261
-0.20900000000000002	20.970634128536503	36.04978339170053	23.07122449746717
-0.20700000000000002	-9.203390495815533	46.25437961645102	23.004456942977452
-0.20500000000000002	1.5543312472665605	40.04467265217579	23.20646130075218
-0.203	27.72091374847463	41.70792706319946	22.94120402353073
-0.201	15.07351955920555	42.29459374830904	23.8491275763428
-0.199	4.004825737258244	44.16531495131381	22.747626787533648
-0.197	-4.858417544717497	40.32197506384208	23.067793660251525
-0.195	21.049332225464568	43.85360446217612	23.33518378800263
-0.193	10.100660066791889	39.23488498467708	22.716395487556866
-0.191	37.06309006235031	41.81321673476931	23.813014620841223
-0.189	28.550620770895208	39.53454152218485	22.992219545501882
-0.187	3.0589790815938045	44.06153325116751	23.35553444767761
-0.185	-3.3106808569050017	41.373797832936866	23.37114539609074
-0.183	-5.640580234778092	43.74114451592503	23.33679768660861
-0.181	16.419986314408774	42.32433100949914	23.63338836652417
-0.179	-8.622411507785976	42.8513679846518	24.020388638460943
-0.177	-4.287181702311571	44.031140338622954	23.58967282810833
-0.175	66.11073821605196	42.696977883511366	23.66956927152846
-0.173	-9.630977608532376	38.37672834027602	23.833581209610767
-0.17099999999999999	45.62390071449762	39.82647414314439	23.385846760451514
-0.16899999999999998	11.475545072192617	44.86330764144392	23.46740295070885
-0.16699999999999998	25.05696806265334	39.252011170093404	23.48453926581765
-0.16499999999999998	26.016774188564185	46.640111056931346	23.848327228602983
-0.16299999999999998	37.33644116676871	39.663001105040145	23.450510088679707
-0.16099999999999998	19.125492553895285	43.48359922475567	23.00607185349853
-0.15899999999999997	28.62270029257985	41.31569607897012	23.682867075667914
-0.15699999999999997	33.525907315201664	46.032763380700196	23.14385281934015
-0.15499999999999997	17.021357607838183	41.49562291434644	23.407453746148054
-0.15299999999999997	34.26939499462378	43.81257045439272	22.966229319969347
-0.15099999999999997	81.6449994227586	40.708396127419505	23.232925636998196
-0.149	-13.213048736249178	44.18303697231956	22.913687185287518
-0.14700000000000002	76.10490238785239	38.678460569154915	23.51938043378669
-0.14500000000000002	29.767168780114872	45.75910823013814	24.121932391763117
-0.14300000000000002	-22.039676645158046	41.69845096359561	23.58928673911235
-0.14100000000000001	-30.635174351867356	47.07864091963147	23.51237538411533
-0.139	81.73612553763476	39.51972845610013	23.21831634501221
-0.137	31.383275503005237	43.26764715366169	22.930488256110145
-0.135	33.947898838260215	38.328140071463665	23.14981750396969
-0.133	41.40601219160267	45.5363813138158	23.824181093537092
-0.131	25.41434491010186	44.469529141825724	22.940904148485032
-0.129	45.70964328931559	41.90396207714862	23.073432686629385
-0.127	22.84698287158271	39.09496568092472	22.953092816833163
-0.125	23.52337998678955	41.627648036864834	23.71544140941752
-0.123	43.563990760997484	40.37759533320256	23.468236333789427
-0.121	4.234673409264644	38.90080675058889	23.37848005825788
-0.119	16.182645047768673	43.46323094221069	23.383691028394356
-0.11699999999999999	68.921431711777	44.348922920863586	23.888896832554614
-0.11499999999999999	70.02751846862942	47.65722728329906	23.510013963061695
-0.11299999999999999	28.8923046509737	45.63355953012973	23.55733391352117
-0.11099999999999999	17.032574867181793	43.28587201388882	22.93612615922836
-0.10899999999999999	24.442639919630693	39.33381955192228	22.94927228034583
-0.10699999999999998	35.50086110526429	45.40551219266291	23.502001078358035
-0.10499999999999998	64.81262892754636	42.8153075831517	22.810715862459706
-0.10299999999999998	62.27792861612791	43.351371716339635	23.521798410540622
-0.10099999999999998	23.483890964959286	43.3880161832901	22.81370021342154
-0.09899999999999998	8.528120213568968	44.56421112959806	23.35739698189537
-0.09699999999999998	7.395668006449085	44.55797715143143	22.644526701735902
-0.09499999999999997	32.974020462761544	41.44525964849282	23.619004018945052
-0.09299999999999997	36.79468402606467	42.97021902196806	22.804190495963965
-0.09099999999999997	66.75637871222939	41.015309221815464	23.0302213031866
-0.08899999999999997	49.83602216857008	43.17837331419831	22.745762431759825
-0.08699999999999997	19.397113490748907	45.13113378782678	24.195187298698837
-0.08499999999999996	54.096552757343375	43.70548911023058	22.754335892184347
-0.08299999999999999	51.02932412492933	49.6816491170031	23.565506090712468
-0.08100000000000002	70.22665747413726	40.959403285602804	23.525984775854983
-0.07900000000000001	9.31870474163432	46.04614334091273	24.15938652871277
-0.07700000000000001	67.47898209669145	43.167758060644175	22.944248535214243
-0.07500000000000001	48.685027527861635	47.881922151049146	23.276620723505943
-0.07300000000000001	22.673930466510228	46.68277664271743	23.407408077954607
-0.07100000000000001	70.39548179754718	39.5603182057768	23.36166708562033
-0.069	77.79001260366236	44.295425896841515	23.11340192866964
-0.067	49.83419732318417	39.29542782856908	23.020026545723674
-0.065	40.7451703865469	45.99293589878542	23.33817101819046
-0.063	82.05276181838528	48.46334437274029	22.996766472303662
-0.061	15.811674423327204	47.27673084098197	23.523785317121614
-0.059	55.13851697958039	40.392254031957684	23.44580007006267
-0.056999999999999995	61.42396895092439	47.95521199341105	23.773486224585177
-0.05499999999999999	3.637299726744203	46.38548775372381	22.88976782995649
-0.05299999999999999	67.76394386998064	48.114505211224724	23.257186977390084
-0.05099999999999999	121.35522596956605	40.10964660359269	23.253532488215594
-0.04899999999999999	81.56573122031219	50.139456042792624	23.968028471791524
-0.046999999999999986	76.93386001705882	45.53709639908193	23.35508770611483
-0.044999999999999984	24.456055845112346	47.88467785166663	23.427525482979586
-0.04299999999999998	38.94732879472507	38.413986530978775	23.081856931408286
-0.04099999999999998	5.461367591497179	49.55358473897966	23.291208828303947
-0.03899999999999998	79.57520474177748	41.05674235008684	22.6687251386447
-0.03699999999999998	24.257747743616775	43.34140647292769	23.74670840431337
-0.034999999999999976	31.05014352988711	45.45706567860934	22.91394651795028
-0.032999999999999974	64.39701658544905	42.50514986299849	23.638552481118257
-0.030999999999999972	50.98138761061577	44.89472361108487	23.076567948406755
-0.02899999999999997	27.646700207384356	46.215719664102075	23.172682331605674
-0.02699999999999997	56.59143842784431	50.27470806111008	24.05708413304315
-0.024999999999999967	-140.7132486967999	50.87490141472032	25.79514381166633
-0.022999999999999965	-1255.640367709865	67.28698892717097	23.074247974655552
-0.02099999999999999	-2897.045764183037	57.303973750064415	23.28855029671637
-0.019000000000000017	-3710.8716718021738	48.65666219280725	23.109308903174878
-0.017000000000000015	-3970.294686526432	42.03495222553592	23.24941036036206
-0.015000000000000013	-4198.991845863032	44.372610913132746	23.152683120227763
-0.013000000000000012	-4279.7797838795	43.805775535385834	23.35156928209174
-0.01100000000000001	-4423.707740795812	47.20107226701569	22.643132654316485
-0.009000000000000008	-4523.211592650012	41.990107984160126	23.047879363511374
-0.007000000000000006	-4549.372425056819	45.04656893841606	22.92972814152491
-0.0050000000000000044	-4614.459547553573	39.52229478161332	23.13164658560515
-0.0030000000000000027	-4599.891644390786	46.744312266230395	23.079102486393364
-0.0010000000000000009	-4626.810646584323	41.66003006043573	22.357462646836076
0.0010000000000000009	-4627.715019733913	43.58644054062811	23.645490335141616
0.0030000000000000027	-4619.370195073858	38.364915392559155	22.65612911582626
0.0050000000000000044	-4623.371665159249	44.92442908595153	23.447725176931865
0.007000000000000006	-4538.47406986918	42.10475321408623	22.63864111458485
0.009000000000000008	-4491.840346194098	44.707461691956446	23.437553231249346
0.01100000000000001	-4387.91120484161	42.21493152602794	22.425930876816924
0.013000000000000012	-4317.868807885538	42.903937907362014	23.38207945604547
0.015000000000000013	-4141.827261377018	44.855523146458154	22.80634693450904
0.017000000000000015	-4005.800398190873	44.95411001344423	23.479863307927797
0.019000000000000017	-3685.385107101702	39.95411076202903	22.36555330715994
0.02100000000000002	-2864.257861345698	56.26707243932619	22.888983163336203
0.02300000000000002	-1245.2346353543087	63.26866882261832	23.29305812705246
0.025000000000000022	-106.55771943579583	51.23827167434454	24.675915894146176
0.027000000000000024	13.592449063626333	42.146403566149935	23.474397243650746
0.029000000000000026	20.664324680730317	39.08022876317137	23.34675211148149
0.031000000000000028	3.5953232746521735	44.381215305966904	23.252720182347186
0.03300000000000003	41.80939732734146	38.19743807656051	23.231281508771485
0.03500000000000003	63.938889656611764	40.784922108490825	23.78125870423116
0.03700000000000003	66.37483602167649	36.63245418067638	23.494031066808347
0.039000000000000035	60.62116622329583	44.95957239104372	23.38167553287926
0.041000000000000036	33.815789490354575	43.51896121650623	23.665113136447047
0.04300000000000004	72.51650298223389	43.76049579727646	23.429947073682147
0.04500000000000004	66.56098220303441	40.64226079712663	23.084008217833798
0.04700000000000004	51.1885663876388	41.46303501679456	24.135025179619007
0.049000000000000044	69.35066073676666	39.96802908295281	22.85806736564715
0.051000000000000045	14.641255467795489	47.03347094241683	23.950892318902294
0.05300000000000005	53.215760652536304	40.84203499055817	23.1300292453882
0.05500000000000005	52.066258572569524	39.12977959656436	23.72062195729284
0.05700000000000005	37.676734227165554	37.959375582826986	23.666776605863518
0.05900000000000005	1.9045630921254997	42.810248748612636	23.494167291001524
0.061000000000000054	96.1609187783985	43.410456460481846	23.250188054052895
0.06300000000000006	41.90722179475692	38.568168790565885	23.70669492881132
0.06500000000000006	51.93957031202068	42.47101835264254	22.952480071625494
0.06700000000000006	2.559470897001148	44.29832930667222	24.092593557012403
0.06900000000000006	26.76424539416189	44.31361481790168	22.873035585704063
0.07100000000000006	31.710513980653943	47.235126038400246	24.600875093417237
0.07300000000000006	-11.935646600402805	42.35458289127744	23.23861321280348
0.07500000000000007	101.67756532108996	37.782517120543645	23.351146735425118
0.07700000000000001	42.61190023790995	45.49683299384749	23.431688663537123
0.07899999999999996	42.28715096554758	41.033319730030165	23.74120634399434
0.08099999999999996	41.60515980666801	45.51078384594759	24.23671838716785
0.08299999999999996	35.013183645515866	37.91263157277773	24.428532249926292
0.08499999999999996	61.85008428394312	42.23234902211685	22.67936208828661
0.08699999999999997	-0.45334766829441264	37.13284038512148	23.527629563385624
0.08899999999999997	45.35896223378799	45.35312917641374	23.62455325161276
0.09099999999999997	50.164811948194554	43.511304450142525	23.627680853653686
0.09299999999999997	21.21619932227148	45.15916235326545	23.36642565622023
0.09499999999999997	85.03755207089903	40.35225942704411	23.06317577038129
0.09699999999999998	-34.59702662556019	39.73240546958545	23.597401044508267
0.09899999999999998	90.7664269695907	41.05402960704074	23.360550434180606
0.10099999999999998	13.165299191042479	43.979006508666316	23.73436051115526
0.10299999999999998	7.535256194790563	40.52913243849046	23.34218580785872
0.10499999999999998	23.08692382801958	43.37540398311429	23.507595085457083
0.10699999999999998	43.55874557471218	41.530260883999304	23.081308607243287
0.10899999999999999	47.14932437943631	43.204487346804925	23.49112119952327
0.11099999999999999	82.09885216015067	45.9977155959176	23.5563527607333
0.11299999999999999	-19.725096493061756	42.3359598524647	23.356280523229916
0.11499999999999999	3.351941603169095	41.57742112855685	22.810875735939053
0.11699999999999999	43.172802593138826	41.85683451614108	23.722024602047465
0.119	16.24986584447541	43.3558067486984	22.73177790935092
0.121	25.905885574717402	41.19785105071184	23.48128902525795
0.123	-39.36513014934917	44.8586254635119	23.296061232980247
0.125	56.79043090944802	43.02166674212859	23.457447523689343
0.127	3.136770524658772	43.42538857261203	23.03084417850061
0.129	16.759744254191133	41.948209179294246	23.064832662515204
0.131	22.61771490164044	45.58911275608068	22.975437488511595
0.133	6.383225191974873	40.72355803844518	23.39157428229076
0.135	52.35374557099881	41.66178692033007	23.12317263525889
0.137	58.98174334695305	42.79664642992069	23.754709959145256
0.139	71.9217522129334	40.36197395694694	23.021503274269556
0.14100000000000001	42.27314077920319	43.75767854599129	23.14858028398807
0.14300000000000002	5.530685365684462	41.37206255893174	23.78844141488154
0.14500000000000002	58.69650255174719	40.50583798787345	23.364202884007213
0.14700000000000002	49.40467708669516	45.80127852287348	23.72624850256409
0.14900000000000002	66.51111304600832	43.76137672840569	23.155582980265002
0.15100000000000002	37.41246875366144	42.559581507036455	23.583354865152277
0.15300000000000002	4.334536936489997	37.99605716465009	23.291763993689685
0.15500000000000003	8.114170625184158	42.45525301939863	24.339324904996605
0.15700000000000003	24.466202291018035	43.23550872214189	23.194766060490515
0.15900000000000003	-33.03792366027292	43.135565257806476	23.864457262568564
0.16100000000000003	8.819146188443483	46.88633818861627	23.55024496016312
0.16300000000000003	17.964315083940363	38.751904281470246	23.855151804515
0.16500000000000004	5.115299163582776	42.2946761471473	23.252717493977006
0.16700000000000004	73.68985432387731	46.81119807699371	23.83154974509764
0.16900000000000004	36.074190907120496	40.987767268706236	22.97801230038055
0.17100000000000004	23.324159751592077	39.93954619743976	23.864344948589252
0.17300000000000004	48.922027433784265	41.433548251073844	23.103208578045145
0.17500000000000004	48.43109822028069	38.36197379548264	23.158303438585964
0.17700000000000005	27.17894637638274	46.91730385334655	23.938164994332556
0.17900000000000005	29.63716568693542	44.83815372309303	23.53066958818829
0.18100000000000005	82.75001359692169	41.67180204584961	23.315620244633383
0.18300000000000005	40.41412192612448	46.78476618613997	24.0543611528337
0.18500000000000005	-8.44894684259856	44.01850978641804	23.368225839521543
0.18700000000000006	6.238547402448447	44.08114886758817	23.338804790321493
0.18900000000000006	30.65057762974277	40.03951072052285	23.743815916569236
0.19100000000000006	57.707273090290556	44.99054846560815	24.31468858693978
0.19300000000000006	17.998970712307383	39.56081435777449	23.019069670213533
0.19500000000000006	51.364694917621634	46.51024573197162	23.501952975452614
0.19700000000000006	5.691976856958547	41.794250126166	22.977110695319862
0.19900000000000007	58.8889306256668	42.85003523411105	23.618545584724796
0.20100000000000007	54.08408520524155	43.81957695961115	23.642982790328823
0.203	29.61375499510588	46.938743299548705	23.738903052928787
0.20499999999999996	21.73898492618953	43.34784400761034	23.56154104460813
0.20699999999999996	14.358888477783438	42.847349514120886	22.929649204099437
0.20899999999999996	42.89391365186468	45.70599303602329	23.887323350049208
0.21099999999999997	-10.605654262141329	43.66732531632426	23.376876434291813
0.21299999999999997	29.416078797472878	41.68835803904062	23.632139202744135
0.21499999999999997	92.1898567074475	41.714016545664066	22.772706567819682
0.21699999999999997	-29.889706070096445	45.00953627295799	23.870271274976037
0.21899999999999997	51.69063929288953	42.2033209196458	23.372984835719087
0.22099999999999997	-5.069058476525612	43.60746265084551	23.16426976404554
0.22299999999999998	70.81241465467514	45.163879178878744	23.957186739170307
0.22499999999999998	15.960878347431873	43.90084782688209	23.139155861135198
0.22699999999999998	37.595395274703236	46.48866435204863	23.243331647505467
0.22899999999999998	32.269088718228645	50.07576115246632	23.308605396952895
0.23099999999999998	38.84813206833648	43.876370047360886	23.29053788179852
0.23299999999999998	7.224644215542142	44.50564397768329	23.38154599912363
0.235	29.48524688317633	44.74908967087031	23.521182694864482
0.237	35.90063419500744	47.071502746747875	23.376105899471096
0.239	-7.826929254273196	47.21940999972294	23.175109319704504
0.241	-1.7097089483053551	44.66707644096061	23.728575124798997
0.243	4.789084597334181	44.43365995573196	23.19861755045959
0.245	11.00109373020075	43.91493984196936	23.07402262301998
0.247	51.95455706119567	44.49060916732282	23.288011065609357
0.249	73.5543101302305	39.039642061321935	23.5307897062309
0.251	33.00719220944437	48.11194750595135	23.655175429266812
0.253	53.28360274603483	38.38683618723365	23.11408361389628
0.255	-5.276177301394291	44.45289620887727	23.962246137404996
0.257	81.77440422985072	43.65595423316768	22.83324760822682
0.259	31.427373819781224	40.10775786539511	23.366347396534497
0.261	7.245759358065484	40.93642507572684	22.79698545721479
0.263	42.869286045466026	40.97313107448413	23.296366050584524
0.265	39.78077203603547	38.87323336457066	23.28009453330266
0.267	8.975302687286302	44.73843037457636	23.455862861863604
0.269	31.14403397197485	44.781594690267454	22.89107724553189
0.271	59.16025813990089	39.29910181454152	23.431754774823524
0.273	18.04278063888276	42.280254345638916	23.36119533333229
0.275	64.32981654413972	38.92155411003425	23.220401084765037
0.277	46.2114945531944	47.99863816465527	23.47421609830547
0.279	59.910878085656094	41.602595640391485	22.967849220310896
0.281	9.861116292197991	41.086169620376396	23.08035304977531
0.28300000000000003	1.6610408857253844	42.61452622518688	23.583151155342332
0.28500000000000003	26.706316623936743	42.089135072693345	23.51966343970062
0.28700000000000003	12.44437046210578	38.93567326672691	22.968303780966288
0.28900000000000003	55.65560007614323	41.6103023741778	23.525906988010444
0.29100000000000004	43.58696997752709	41.23772079658446	23.38022613330264
0.29300000000000004	-36.51878101251782	39.05196435871129	23.464120747309497
0.29500000000000004	38.48518047000482	39.133015147662924	23.51321576804045
0.29700000000000004	-15.186757489238367	43.322005811365436	24.002833921073105
0.29900000000000004	6.226839627476721	42.861880550733105	23.45357153036032
0.30100000000000005	59.07505960434101	47.07551782871574	23.29862313551573
0.30300000000000005	6.262423576597342	37.20053641846515	23.168528721637927
0.30500000000000005	17.153126791846773	46.14740829567752	23.355554620169805
0.30700000000000005	58.77289565936472	41.372375468290976	23.325016746733894
0.30900000000000005	-6.199356419656077	38.436870373148	23.423817863429687
0.31100000000000005	41.80334605119462	41.08448313088899	23.064503155104987
0.31300000000000006	-25.285071012737248	41.88904363692577	23.38474734395612
0.31500000000000006	-25.578640011736375	38.38311074673903	22.905320471816935
0.31700000000000006	2.9225661426490745	40.08986562111356	23.31849421303231
0.31900000000000006	33.211134598865044	42.61438891960341	23.708459793999467
0.32100000000000006	-22.430124816730235	40.519404726008126	23.40917321823407
0.32300000000000006	96.27603880169033	45.04267822611933	23.846442739483784
0.32500000000000007	65.82868850002477	44.73487559695726	23.45930323807959
0.32700000000000007	-1.2602682183393554	43.60813219330831	23.946959712746946
0.32900000000000007	59.765040742787434	40.68054808796751	24.185115455598034
0.33100000000000007	26.221379862079175	46.172089303124494	23.75085263161327
0.333	59.91872899935302	40.351206725647145	23.726034125233063
0.33499999999999996	-29.583766289587032	40.95021664726692	23.538474561375867
0.33699999999999997	21.484361918400197	47.2111374711758	23.59401529664103
0.33899999999999997	-18.405828293932558	41.85278949960246	23.915899147380294
0.34099999999999997	14.076114121186478	41.321553072590966	23.44429151160229
0.34299999999999997	-17.648232271239017	45.47865321680719	23.777466073715683
0.345	38.211718824676666	41.40735323357924	23.48051491728688
0.347	-1.9080757103218104	42.793496659123775	23.275431151558127
0.349	81.51966207758932	42.444280864784425	23.99370783093949
0.351	-40.016197349723726	41.627504947794584	23.032621929354157
0.353	68.1290191402173	39.92988648667859	23.054628902347673
0.355	1.1859324993146458	41.418509353620124	23.43475950752552
0.357	20.444088141724492	40.795136252889165	23.05737892185176
0.359	-78.8790684939089	44.75258521200829	23.46900557997865
0.361	36.23459984658517	42.69103006975994	23.6786495227018
0.363	-12.026721439628574	40.90849099570279	23.639852599684737
0.365	56.234341707206426	43.658283892027946	23.815581284634476
0.367	10.04885795596877	37.23759436386347	23.524422094450646
0.369	51.79598080040648	42.78573748127157	22.975230375799217
0.371	-31.05018105931112	41.792333135038454	23.580854253423748
0.373	53.589714215540596	39.70275250891771	23.18509510441599
0.375	21.451967117780413	42.94354749257297	23.37455377819775
0.377	-11.393592808328634	42.27156530748169	23.48978083528517
0.379	54.136158950557345	39.331442263587356	23.48886428236643
0.381	11.54254855184611	41.24393445832289	23.34764175679439
0.383	43.87859479249023	39.79736962203987	23.743006394257208
0.385	-19.65214631216572	43.5884454768113	23.55733097434015
0.387	57.917666878015694	38.390224094358175	23.10534178683906
0.389	-13.77761767495933	39.979423263725224	23.967091511154784
0.391	107.80614273442346	37.53519877069193	23.357255534886654
0.393	-47.68581773462177	47.228704878426825	23.607963996440624
0.395	44.540269006132505	41.212532007457924	23.404283239205345
0.397	-26.30230000499889	39.47037845225985	23.87653735012868
0.399	-17.150159116186003	45.644912403792226	23.767194643280455
0.401	-17.810996997713602	41.18285776453186	23.072777347438475
0.403	21.402849271101587	39.81867349125956	23.502295819480366
0.405	60.32949798839837	40.486837344960094	23.43108948087136
0.40700000000000003	37.413342449665876	41.903994210574425	23.130539920078654
0.40900000000000003	10.389929022469602	40.554451497302004	24.096104899638355
0.41100000000000003	-14.782741025620716	42.24051681665849	23.193792983311386
0.41300000000000003	-16.231572259828297	40.131449342029406	23.268635205292824
0.41500000000000004	44.36299251042719	41.106719970673254	23.634117551677505
0.41700000000000004	10.726381370229632	41.17177702704009	23.589297583494815
0.41900000000000004	-9.029813823890898	32.2536633244368	23.4192924970062
0.42100000000000004	9.53320413832337	41.06980912278121	23.155510265019743
0.42300000000000004	-22.979664782596387	42.47267500485119	23.38201342045946
0.42500000000000004	31.165768017871187	36.00657314256978	22.851765437988853
0.42700000000000005	-22.417681486808227	41.72681114387877	23.735182056713764
0.42900000000000005	25.284452895846243	37.70792278895409	23.07629951939738
0.43100000000000005	16.64366493403513	41.41729493321985	23.37022615472566
0.43300000000000005	-12.141433117562883	37.76540419571939	23.01854526685786
0.43500000000000005	-46.90863086886932	42.21085577233983	23.296892787132606
0.43700000000000006	42.94970491680594	42.07698352534653	23.363327678398388
0.43900000000000006	-59.866525816021365	37.92428981451331	23.502492134362434
0.44100000000000006	11.51442370206368	45.28741369009403	22.987036661824
0.44300000000000006	-13.071541311471258	35.119496050780924	23.321222480973795
0.44500000000000006	35.215724662585046	41.43392428022332	23.66899992775925
0.44700000000000006	-43.378852971120985	40.45911946418959	22.985002494791935
0.44900000000000007	25.425698304770705	40.68629010646838	23.539431297672618
0.45100000000000007	-6.974607652088238	44.3957833163521	23.156474359415874
0.45300000000000007	0.32463163268658946	37.49024860495707	23.01745015706907
0.45500000000000007	0.20553724899841086	39.648771718566394	23.09270922255373
0.4570000000000001	-0.3064254192608473	41.711226299982705	23.715876690740988
0.459	-16.39260549235466	43.42291428016716	23.256258072992406
0.46099999999999997	2.2227746356850986	42.44228830594788	23.621723006639577
0.46299999999999997	8.538783965672536	41.08589489920329	23.57787593128505
0.46499999999999997	-19.486546712799147	38.17446086874116	23.369906601233435
0.46699999999999997	20.630783603037273	40.46801326307972	23.26423212625541
0.469	4.59933960095249	42.337478869970255	23.72458350935925
0.471	22.03617718032902	36.30058425746939	23.604510679033304
0.473	28.225263372760878	40.17211749608052	23.810226782165348
0.475	-8.973375555831886	37.08949431743193	22.98892108789197
0.477	7.81201186073055	43.19507739018622	23.45315873087739
0.479	19.731881364171144	40.07098974187977	23.20198350926031
0.481	8.182333456119295	37.80969814835823	23.445085459978078
0.483	37.144724196469525	37.752896952489515	23.23536872103405
0.485	-49.15899794821765	40.41249913231073	23.406973996309365
0.487	14.653820929133587	44.912487792154266	22.87985147882778
0.489	-9.657161629927913	38.102741785775926	23.11326745256885
0.491	2.8416313562207307	42.75744177809986	23.58684577536623
0.493	-21.810781030917603	43.92070222607348	23.277508555886985
0.495	6.3977516000512935	39.938625893845376	23.47815452361866
0.497	24.22711311900194	39.56400681033927	23.05861755453894
0.499	-24.420608607411687	48.67054064990218	25.585182498073433