-0.499	-804.3545481946079	350.0811003832972	63.7634878024673
-0.497	219.32042031180822	354.35982907143523	63.587281466859615
-0.495	642.1854020406404	451.34978333835994	66.44934162237556
-0.493	474.69697653235164	415.7870867427783	61.41817632226099
-0.491	-193.04959403976252	377.2991542590605	64.99029222410253
-0.489	-234.9248757158584	349.8122960019171	62.685704441599846
-0.487	836.5713871738567	443.92323616909516	63.42684348958475
-0.485	624.4257826746314	438.9755138774606	63.82906475322755
-0.483	-309.80800418423104	373.7922938305934	60.384448838798455
-0.481	-276.62416538432046	325.67379667841453	63.44587692586649
-0.479	596.7516448406318	426.98317123254355	63.400361181811576
-0.477	841.3859232461185	409.4316472245622	63.55653630995929
-0.475	-101.36125549442542	407.25129472874994	61.55751225003411
-0.473	-612.8935332564422	335.42983678618157	63.3083799116783
-0.471	867.0903967007426	410.3546729733848	63.7450186438806
-0.469	749.5416382494735	416.95292830313	63.12340741828808
-0.46699999999999997	95.10726106376488	417.5082080989691	60.332042001730166
-0.46499999999999997	-501.70764703416637	313.02126330436164	61.97574363371106
-0.46299999999999997	577.3571566327629	452.96845845493874	65.91799188242327
-0.461	860.8826370486433	412.2481022827476	61.861440594906476
-0.459	378.1755997658287	455.4763193194511	62.88918151626391
-0.457	-578.9661377161303	325.8455466206368	60.91718740838951
-0.455	676.5652435167801	408.8345512988205	63.70259307593169
-0.453	660.7896871391183	440.6721225111736	65.8495980466326
-0.451	781.8276248718892	432.19142536096984	61.99485804877123
-0.449	-479.92046786049514	353.9457805713641	61.852203848153394
-0.447	-60.901214435582496	351.33988882563835	64.33885927253841
-0.445	844.1682258262251	459.6944324905768	66.36441543654685
-0.443	516.8145012837133	427.40378282334564	61.092930075541126
-0.441	-440.82188558280944	361.8582065687034	64.4100572063608
-0.439	-118.3174286361055	345.45832397783164	63.70974142202814
-0.437	557.7502576969983	455.7582826319927	64.67746569305051
-0.435	380.27592975065085	428.7177936795592	62.22476431698379
-0.433	-584.6014442779657	372.7116714745452	62.44829723140917
-0.431	-561.4073981449197	335.6080882731371	61.68967848509817
-0.429	865.8565677208685	472.6145089510943	65.6964595689861
-0.427	722.5026518937749	404.99439678881765	61.5208503754663
-0.425	62.61407488938886	408.7566435433194	61.918643267294264
-0.423	-642.8323636573641	339.12876185837223	61.14156177346068
-0.421	542.0716877619914	449.29018011358175	67.13024492258923
-0.419	781.0503346710185	420.8391810655193	61.80226183727333
-0.417	233.69697909458864	414.4917503555451	62.1939612464006
-0.415	-373.0768431337017	362.3919788789072	66.50131870395151
-0.41300000000000003	568.702054897452	418.5294511575151	63.83579022642556
-0.41100000000000003	783.2199749002733	418.1800232098071	62.253926798106995
-0.40900000000000003	200.49537685684626	455.9403641351874	64.00683777447912
-0.40700000000000003	-702.9082346955429	311.06919475146907	61.00827059032961
-0.405	410.6159452916813	417.387547500187	64.46136260529794
-0.403	692.2923721872643	433.4785648892821	63.55247630680433
-0.401	707.6607215292796	468.9469042070429	66.15223320085687
-0.399	-936.5730236705616	327.50316456266563	61.049900700210465
-0.397	477.94461423356086	384.07673383809737	66.13500464376398
-0.395	842.2611517084899	417.0768532298284	63.34139113884983
-0.393	541.6061682512741	424.6916376949286	62.60954848962661
-0.391	-614.5937984904925	363.51691206350426	61.71822715221706
-0.389	-260.5442785635903	360.51378772922243	61.513464775227774
-0.387	928.9377852432779	404.5261615551392	63.642573570985924
-0.385	699.5877944226958	429.5997252260665	62.94734479600846
-0.383	-504.89192854796806	372.09754980747863	61.479612956132705
-0.381	-383.3311526967309	311.9240520593074	60.04687621235855
-0.379	758.9062699071558	420.61295961060404	64.0685256935677
-0.377	758.5895480468619	394.3939852752745	62.75517192921844
-0.375	-230.08696669024607	427.6805113757974	62.6716297393039
-0.373	-779.4373290966882	346.7186305317483	63.72921972755566
-0.371	562.5325730047592	438.745525917142	64.51656976550781
-0.369	454.23897827601144	415.679961470538	64.06497193307915
-0.367	-73.35610737702058	414.6975455589396	60.5168693193761
-0.365	-557.613336164886	352.54110414468107	64.7133701783127
-0.363	493.6490677827088	394.51604236375965	64.9509721041729
-0.361	723.0583932347212	414.76715731462485	64.49812078809553
-0.359	138.7521172098172	428.40341087232906	62.80016744534488
-0.357	-602.018556401851	370.18492848570367	63.8101913740314
-0.355	407.0093019357124	399.6543305865964	63.95102846510454
-0.353	734.2005771808768	396.59407539523096	60.81872323978927
-0.351	169.82536092280398	455.7489512073048	63.48986135928338
-0.349	-903.5186497696745	360.6417106372503	60.66349880242474
-0.347	331.36373240294506	382.3386066157917	63.364849837587165
-0.345	907.0517301728032	413.7970022840818	64.51694702767482
-0.34299999999999997	561.2061519930655	426.92289878590975	63.673429515546324
-0.34099999999999997	-809.0419455183406	355.96441676344836	60.17731952070208
-0.33899999999999997	40.33532080693902	327.1954987324718	62.33075006170385
-0.33699999999999997	928.5244595971243	423.8171001466574	64.65613182831142
-0.33499999999999996	543.9189738594141	432.9365242294172	63.299951460555086
-0.33299999999999996	-215.5692857267466	370.30440330196825	62.497308649984554
-0.33099999999999996	-347.5221900687275	329.28274486152947	63.606004974623
-0.32899999999999996	829.3675608557205	422.4876281021259	64.5562961197854
-0.32699999999999996	357.9867273348913	411.5194936586088	63.60923611956647
-0.32499999999999996	57.57769046144112	397.96189399576883	62.61535062482951
-0.323	-519.3426343946817	311.5679546802523	60.28630125730513
-0.321	842.4130570650057	453.77458663513056	64.55085711980901
-0.319	430.7658787050528	408.387711540489	63.463551115590185
-0.317	328.12663913039944	398.1888490056154	62.11188930418324
-0.315	-718.4098972917718	336.3028615643293	62.86008939334524
-0.313	949.3315666970759	409.6989985210681	63.19107823188408
-0.311	582.6318653210371	412.3190539336749	61.83652809071892
-0.309	72.40554884591077	421.19715773472257	63.05621101917364
-0.307	-712.6035886110271	344.88844645976036	63.630771313777714
-0.305	754.1560913686407	397.72569516945873	63.214843083358545
-0.303	585.597317678932	419.5426713095713	64.07338550891554
-0.301	428.714110080719	431.0635980126125	63.13224257331636
-0.299	-824.0047471114176	333.4780462820283	61.43315401164432
-0.297	520.4569363002065	410.2963864209476	64.82313331114977
-0.295	649.8013077393949	416.4185385869125	64.9792814890845
-0.293	853.1593833380757	421.4670745206222	61.85046992177268
-0.29100000000000004	-795.0103451573875	347.8294889872801	63.087364650832114
-0.28900000000000003	223.24846367460793	347.68932218305974	62.50319145421004
-0.28700000000000003	957.1865417794534	427.4862431144826	64.23990101444112
-0.28500000000000003	28.674110484017135	455.9359067346098	65.74652063120142
-0.28300000000000003	-377.72728145912816	365.5564846275885	62.548635765689426
-0.281	-315.8544255027484	336.02949937290737	60.258378965724404
-0.279	963.6573981965935	409.38378120197154	64.1740968452911
-0.277	468.24071547768574	425.99294137093955	63.15522881278713
-0.275	113.66246652633194	381.0451143577504	60.21751273605334
-0.273	-274.06001083052354	347.5629247587192	61.54243424625574
-0.271	663.3978174290789	404.827853940327	63.24003886023505
-0.269	410.1477178684032	432.36524209401676	65.00518113671725
-0.267	281.8694349147055	403.7728342934558	61.42303397866756
-0.265	-882.2979660421115	302.5202837997672	61.139143120586034
-0.263	866.3125684824636	402.93100654737754	64.06331858245112
-0.261	731.0227091634758	418.2728096799257	65.0515879103172
-0.259	592.1888577946621	404.3167099487902	63.68893394146906
-0.257	-1077.1730738234896	343.1028530364056	63.12211098770409
-0.255	520.0180491320427	381.5060354564507	63.9243574217544
-0.253	868.2898959739838	428.6040042583942	62.743507560232906
-0.251	495.97487828267896	434.2923062015272	64.98940116637472
-0.249	-356.8935756568248	327.8736956118541	61.74304743784477
-0.247	172.6162209019222	394.45339021860866	62.586303198419174
-0.245	778.4022325532103	412.02947511770554	63.66778870341821
-0.243	621.4490657650007	454.39531060985666	63.67126431194861
-0.241	-737.2590059488981	352.9466021243259	61.90391749533563
-0.239	345.9480994747466	361.7643176335912	62.707547434352946
-0.237	788.1082453884413	414.79504893515497	65.10015766699851
-0.235	421.2826633751554	418.7311796674028	61.865073047526934
-0.23299999999999998	-325.986378502896	392.0292892567618	62.81849485462243
-0.23099999999999998	-274.3457227383228	329.17615511961196	62.04523311369292
-0.22899999999999998	873.336240130973	413.35068595795843	63.83637139650908
-0.22699999999999998	396.19615055719316	457.265481968837	65.4388200060264
-0.22499999999999998	120.26535276388195	385.1110889545893	60.860440088721774
-0.22299999999999998	-674.3940455433694	348.780213950064	62.796998983657716
-0.22099999999999997	869.8525522541356	398.4459144271744	63.72388553430276
-0.21899999999999997	393.56417227587315	408.3533134137987	62.0971236035073
-0.21699999999999997	75.58833905285667	423.4788132416081	62.79121781177826
-0.21499999999999997	-880.899339040897	319.7754017863842	61.75022410844663
-0.21299999999999997	948.6963009412985	425.4103269240051	63.29296776476485
-0.211	385.10337469732644	407.5077584002857	62.714297708439155
-0.20900000000000002	112.01507858582538	425.84058041365694	63.284240808132125
-0.20700000000000002	-1072.0047383140363	352.4575190898735	62.613910096450965
-0.20500000000000002	317.9817241323324	369.9955162083788	62.59532866307064
-0.203	371.8939350458861	407.8643251133707	61.64213295714157
-0.201	369.4409110222008	424.3733052398086	62.647040797905014
-0.199	-843.9825911576993	335.1169402646898	60.09549677471118
-0.197	250.79163544949878	395.0052804050185	63.055962823795085
-0.195	809.5417792806093	416.56836764995654	63.83898029788336
-0.193	278.8866015348557	448.77509576836087	64.42373931484543
-0.191	-851.2944426734003	352.5449840579706	61.907976112093216
-0.189	297.3659779768045	353.39439427073484	61.440211639023275
-0.187	889.7565395948881	409.19214961940816	64.61556573156913
-0.185	606.0665618226046	409.50388294129993	63.15933464114282
-0.183	-474.0243454144366	376.03757848137815	62.688190563215535
-0.181	-117.23192886903266	372.03160951794473	62.093490257040195
-0.179	665.0208130793977	406.0347907113135	64.66117717569834
-0.177	493.2683298728424	437.4515999505337	65.07268152499685
-0.175	-250.5255997422573	400.07418560144237	63.0351261213573
-0.173	-566.1604472162462	354.2636928514159	61.977277064508655
-0.17099999999999999	795.9655687177492	398.80517097897405	64.9859985426695
-0.16899999999999998	234.39304980676923	429.0700162678993	64.23971059767341
-0.16699999999999998	-21.348917126351452	422.09472581632417	62.25230606154381
-0.16499999999999998	-787.0025169788297	304.24249804896994	62.361570615708516
-0.16299999999999998	739.0298026570541	403.1270658709576	63.92728202416021
-0.16099999999999998	275.0560429334303	423.743621839892	66.35778194793777
-0.15899999999999997	-166.455516257491	403.5363127542235	61.511070816751406
-0.15699999999999997	-534.6649188291419	371.03821234092965	62.37735534966486
-0.15499999999999997	496.4410665846408	418.8367371235382	64.53626138280808
-0.15299999999999997	399.55812232839173	427.65785701473254	63.94451457231472
-0.15099999999999997	139.96823967143968	417.1663285292037	62.59819647683722
-0.149	-876.4060596937462	366.2505764263845	61.21231928731857
-0.14700000000000002	329.5126909583779	418.7371509870185	64.94765225494108
-0.14500000000000002	879.2293880495183	393.0223182601986	62.56478988139234
-0.14300000000000002	167.72651070451337	463.15398312844815	65.80442781348118
-0.14100000000000001	-783.417732333147	360.91253494823394	60.40563562882817
-0.139	338.02720935227626	389.63933353615505	63.697154015681754
-0.137	596.1121326298891	386.7580619077024	63.27316163423298
-0.135	247.9385108766774	426.3568160458664	65.8645512681644
-0.133	-350.6473292528289	403.56551907277156	59.87960108276062
-0.131	-181.4195143194919	352.9998085675133	61.624560062525795
-0.129	370.7670825883191	414.85475508912026	65.86694500143429
-0.127	418.2877235474614	443.08189384240666	65.7325284553113
-0.125	-36.300078323336926	376.5875659129268	59.66294791203483
-0.123	-457.8983245928647	331.31142188213266	59.701552851853556
-0.121	678.6906740581244	407.2123336169082	64.33339053431285
-0.119	589.9005736200725	423.67960130571464	65.21591483245474
-0.11699999999999999	-266.9312756224951	438.6980842521493	60.28124726382974
-0.11499999999999999	-602.3233612021395	319.0702730332403	61.53831125970309
-0.11299999999999999	873.3509528811023	426.70966811104984	65.94210136598521
-0.11099999999999999	314.4823148726328	419.3419766127428	64.99067439395438
-0.10899999999999999	43.765135145479306	402.3863668630106	60.342157441814464
-0.10699999999999998	-863.1542705644923	356.6552347077329	62.33966167969026
-0.10499999999999998	631.1140522319292	370.54010737120814	65.33766720466744
-0.10299999999999998	684.2335969294844	431.37162960418726	65.49192675436854
-0.10099999999999998	337.0987401869474	429.86265356124824	63.52179007895018
-0.09899999999999998	-348.3276425101378	354.2793758083627	61.45358545598963
-0.09699999999999998	473.7564890850976	389.5846395521815	62.643577185798456
-0.09499999999999997	654.6018341744286	389.2869651414202	62.47058865707263
-0.09299999999999997	435.2797493134552	450.37577400953086	64.49596827390991
-0.09099999999999997	-773.7511714860368	373.5987849364013	60.36833450717064
-0.08899999999999997	164.64309421770906	397.9067579076722	66.21922910214852
-0.08699999999999997	468.62080017717744	390.04945964657435	62.213235880013215
-0.08499999999999996	618.6149292848331	436.92876045721323	63.97354202039037
-0.08299999999999999	-432.1581833982568	377.0618717206108	60.51533522422688
-0.08100000000000002	291.77106141897724	339.7960735195519	61.89682661169701
-0.07900000000000001	943.5324963709136	417.15268003123975	66.34704216666508
-0.07700000000000001	585.8960717284311	428.18499197790504	64.14563547574504
-0.07500000000000001	-335.45277854230005	400.32939551741237	61.063640277916036
-0.07300000000000001	-567.687004552897	335.08948204441003	61.56868176628593
-0.07100000000000001	891.990650486063	399.4726929817164	65.03039906550659
-0.069	228.47732578035186	430.3773245130531	65.05707463875554
-0.067	-57.352105726216074	423.90861663278673	60.9546155943916
-0.065	-597.701731606004	349.5036756277526	62.19960281536985
-0.063	609.2417084664348	424.46092542609335	66.16945870130093
-0.061	455.76246810652424	415.7525951152314	63.831796228700235
-0.059	-77.07947322754816	398.90679815950955	62.324387066846626
-0.056999999999999995	-569.708033277272	339.81501664999917	63.48575327213965
-0.05499999999999999	602.7937260579819	395.351185586568	64.11406281197584
-0.05299999999999999	645.5521698045529	389.7172210056778	61.952259646568
-0.05099999999999999	427.6584973843534	432.6582660579537	63.221217920931416
-0.04899999999999999	-559.9706042924702	364.7713865652957	61.13828190357593
-0.046999999999999986	238.61751288833943	353.6190053835829	62.63707449542321
-0.044999999999999984	689.886750975477	406.4037359306029	65.47133926496817
-0.04299999999999998	509.6012410745754	412.8864137952498	62.592882598136015
-0.04099999999999998	-539.8538858533142	372.7373997422804	60.57278799015386
-0.03899999999999998	268.84325882048364	365.5047232551619	61.79080978110209
-0.03699999999999998	529.723355595646	372.66919677889217	62.35947646476965
-0.034999999999999976	673.6786506988946	438.58397421909325	64.90512557248422
-0.032999999999999974	-754.3945056823765	403.47733562869536	61.636526715155355
-0.030999999999999972	187.8542094451152	356.19565151424985	64.05283896064707
-0.02899999999999997	421.4846169914299	376.5352559797305	63.74217165259356
-0.02699999999999997	406.5579918348661	430.2797325097703	64.87210468381238
-0.024999999999999967	-483.2174670389433	425.05440265409453	63.11025259975407
-0.022999999999999965	-520.9083985496799	339.07554823506354	63.64028854203009
-0.02099999999999999	447.76575204075186	412.37630586084947	69.55894267306508
-0.019000000000000017	166.5562101635931	406.044317697515	63.70220699853532
-0.017000000000000015	-873.3737107095019	435.1732001454874	62.29987858096145
-0.015000000000000013	-5036.044995497924	360.68913843503657	60.41583969655984
-0.013000000000000012	-10396.335408689118	444.60312567449074	64.75182509790245
-0.01100000000000001	-17598.832944092814	472.34386393859216	64.62132663780733
-0.009000000000000008	-25629.506355247966	444.9294059394366	60.14166793186476
-0.007000000000000006	-31841.11419148661	372.01310908948017	60.38432445872685
-0.0050000000000000044	-34096.76855398636	379.9792683560092	62.985098567916815
-0.0030000000000000027	-35344.46972357974	400.6690289278287	63.01818412166282
-0.0010000000000000009	-36384.91008972233	391.3793746548139	65.87674457389267
0.0010000000000000009	-36962.81303979976	337.2028197126076	59.81315866590511
0.0030000000000000027	-35606.48895887819	351.4006229437428	62.40618811169106
0.0050000000000000044	-33951.9921791378	384.4404215552346	62.103892485546
0.007000000000000006	-30777.081244606765	401.2955506564812	65.07043126563603
0.009000000000000008	-26481.268756691767	385.2915127494414	61.53915981472545
0.01100000000000001	-18311.30536240766	437.7262792584788	61.21878758691837
0.013000000000000012	-10076.109548378232	407.75694283145356	63.91822150920229
0.015000000000000013	-4076.545427588951	406.7348955035548	62.34545524758586
0.017000000000000015	-1922.879962241719	369.5337346771535	60.1804861925082
0.019000000000000017	-48.99661642066011	302.2783470867114	63.338987774847276
0.02100000000000002	528.143424120886	404.6967784455698	66.85095380764137
0.02300000000000002	203.0897835190171	380.223201158937	63.45240185243223
0.025000000000000022	-481.8107849484665	411.1255465551549	62.44115393096221
0.027000000000000024	-593.3186745827878	324.7029987568231	61.997320896144394
0.029000000000000026	497.3860341221936	374.4343120187212	66.30235603474672
0.031000000000000028	328.2425674564493	403.03124971955555	65.8362714399528
0.03300000000000003	-175.4682440217037	382.5572059017886	61.08196140290885
0.03500000000000003	-695.824101798026	327.7374775702196	62.11815480099369
0.03700000000000003	438.2649576202269	347.16774890387927	63.203896235108196
0.039000000000000035	688.8903300907856	377.0066832209354	63.31143410886073
0.041000000000000036	147.885708613682	378.78117179820833	59.90982307282094
0.04300000000000004	-920.1112746438645	320.1793735332292	60.1190009239727
0.04500000000000004	468.02401228007716	375.49914763430695	62.6607563353092
0.04700000000000004	450.191170942249	371.350001481849	66.35000890330565
0.049000000000000044	315.5393847575905	388.6304558806168	62.35829597609894
0.051000000000000045	-874.2729624253709	374.99165550489715	62.76170670120368
0.05300000000000005	139.34454710473608	330.8471454969275	64.13570896802636
0.05500000000000005	435.40974896960626	387.5445123121377	63.822979295588375
0.05700000000000005	467.7474880849797	410.6446961689847	62.42667438429671
0.05900000000000005	-900.1598748675788	361.14940176006826	59.89088132445104
0.061000000000000054	184.53457305955823	346.84240339013974	63.320060812449064
0.06300000000000006	458.05304137558346	351.3180387413568	62.946462583689886
0.06500000000000006	562.4084793001139	373.21525187728065	64.03572988676818
0.06700000000000006	-513.7442203181353	362.48740529026816	60.64073164466882
0.06900000000000006	378.5323405829377	338.172694618219	62.77002518285357
0.07100000000000006	558.438348310375	369.39375746352016	65.1281375354166
0.07300000000000006	154.58409581303732	385.85653486401065	63.13566222241816
0.07500000000000007	-173.76017590231552	389.5573270945422	60.51397785649061
0.07700000000000001	-277.1471997563557	304.9769091213568	60.38446505368255
0.07899999999999996	447.7823755375532	346.7556485670527	64.79234680142801
0.08099999999999996	508.8642100161689	426.03638702575796	63.61733078852309
0.08299999999999996	-411.92960672453705	398.55695942860024	61.15698983704745
0.08499999999999996	-518.2848809788254	307.4394359341279	58.706743424307334
0.08699999999999997	344.05513272606214	361.61499025690017	65.53499218180589
0.08899999999999997	165.11544734454375	398.10190095024603	64.96462068229033
0.09099999999999997	114.47054907787191	384.9860105487678	62.269266461262234
0.09299999999999997	-911.2472868219035	316.333201078148	60.037478501698764
0.09499999999999997	564.5062456443029	359.02171011369524	65.0072718704193
0.09699999999999998	523.8968922243181	411.5533253004206	64.11638686936975
0.09899999999999998	233.88093377096908	374.86272331091544	62.291240529277545
0.10099999999999998	-877.1939903312598	364.7197722222336	60.39237539618978
0.10299999999999998	540.5685015942297	337.14202156478785	63.817435142608176
0.10499999999999998	418.47982244580527	383.01285409916085	64.71865333850818
0.10699999999999998	-35.78980814078481	408.35076389830994	65.93187756267348
0.10899999999999999	-741.6091286198689	339.21320607770326	61.03519522695581
0.11099999999999999	24.66690882352296	341.25796865567276	64.95462511816395
0.11299999999999999	580.1292268279301	379.2540064881043	64.14645036422066
0.11499999999999999	225.54255318318894	409.4453020396312	65.78987323221
0.11699999999999999	-703.1073628575024	353.21170428684906	60.522613981981465
0.119	171.59347528261648	332.72533183019294	64.09044066182602
0.121	480.165621788764	370.97313948370277	62.77635336149116
0.123	407.3127634136586	423.7024365623212	63.31792485886862
0.125	-368.41697970535495	389.2158211652951	61.101993958193596
0.127	111.72688819471865	353.63929198528064	64.68446195020032
0.129	551.6394402131918	359.18034125087104	62.94899324319458
0.131	471.3372575539943	429.27925870144924	64.0669452118028
0.133	-22.741864212028062	385.0378757663926	60.40937340308501
0.135	-108.31910770403574	308.1197515828246	61.40525482127721
0.137	672.3474394310092	349.8540047945197	64.6668406367439
0.139	499.0936488902253	427.71308058748275	66.9316276439621
0.14100000000000001	34.60247198372457	388.16776343958117	61.49713399850805
0.14300000000000002	-515.5653599449029	318.7818774641515	61.002342366550096
0.14500000000000002	396.1887282410981	373.3887119532036	64.79956185590069
0.14700000000000002	569.5329019694829	403.7648716927387	62.793801274035694
0.14900000000000002	378.8540154023856	364.5648069459546	63.49564897545144
0.15100000000000002	-482.27710092296763	395.89925510642524	62.28212432294288
0.15300000000000002	399.1601565951353	316.7001547667829	61.33961533248995
0.15500000000000003	479.92588189949004	386.55299058893587	63.87242432894999
0.15700000000000003	456.8877172512753	418.61850951310817	64.17410981096015
0.15900000000000003	-299.01003388255185	332.26668237722185	61.645201556007436
0.16100000000000003	25.51067170286636	351.32857124655294	64.37274059982697
0.16300000000000003	326.1582919660277	362.14751742402797	62.99959932289346
0.16500000000000004	657.5311547454277	398.05322266405835	63.674017755701314
0.16700000000000004	-346.38103968998024	379.49476169830115	62.68529419154042
0.16900000000000004	-27.62703608638617	333.91439550547926	64.53969553057753
0.17100000000000004	581.7732281261367	357.8769177431942	62.19848201768479
0.17300000000000004	1082.9134003460529	405.4765592043516	63.37328224723502
0.17500000000000004	131.02439971057754	392.79217395227477	64.12672067168886
0.17700000000000005	39.42772730725075	321.45171593628066	60.16692644298838
0.17900000000000005	624.9920217189508	392.7128381527871	65.10878550967472
0.18100000000000005	628.6257549954488	398.7565671698947	63.028229263839364
0.18300000000000005	58.043715762901016	374.90914698000205	63.27035549395007
0.18500000000000005	-338.8826091482722	338.30359652921913	60.670031427747524
0.18700000000000006	414.3635393278888	331.3778552313101	63.42005754611387
0.18900000000000006	610.9554014737117	445.1381378509494	65.50708822531519
0.19100000000000006	237.22294938544053	371.86603362365526	60.8370108448384
0.19300000000000006	-698.9643109673871	325.7660958302001	63.811642422805384
0.19500000000000006	217.4745159901903	353.0726488568472	63.5181890592628
0.19700000000000006	538.1353844198245	400.95313186099855	62.52314464593885
0.19900000000000007	168.13160886597345	388.01658754764634	62.77494253283422
0.20100000000000007	-410.83069098879486	342.56871731318387	62.12589004062415
0.203	274.4977566260243	342.44790407787883	63.3907456733088
0.20499999999999996	801.2449910788089	378.3215627930639	63.5567235906947
0.20699999999999996	303.5091963239367	403.6577012947	64.15406639193964
0.20899999999999996	-171.6691601585385	330.83183130067493	61.3525742844911
0.21099999999999997	378.11769640816453	322.5419401276146	61.8648833696062
0.21299999999999997	358.6477800894272	357.2760797287353	63.26605532330441
0.21499999999999997	429.5628231671955	383.813675177357	63.030785806740774
0.21699999999999997	-468.36975764597	356.16268765540315	61.37203376989253
0.21899999999999997	42.734263845378706	339.14696711714475	63.73996522633508
0.22099999999999997	376.4036661375592	353.23927273776957	62.49957878803601
0.22299999999999998	676.8695574226324	403.1412894431644	63.53380130932726
0.22499999999999998	-326.6361008100738	386.5866375719603	64.30698218009516
0.22699999999999998	-101.70559954669756	292.90576909044023	60.6524286373567
0.22899999999999998	543.7626226869608	372.74177867437754	63.62025088523861
0.23099999999999998	885.9565886194521	417.45754217371405	64.7855427699582
0.23299999999999998	74.46751190243184	383.62021365526334	63.84131143256654
0.235	-785.4257299948486	299.845114422951	60.51749025936473
0.237	653.9234273394978	347.3666084625651	62.93710172224983
0.239	634.5796139006766	419.77788756197333	64.76148393809488
0.241	177.60157155155554	366.9814140995036	61.0737255226464
0.243	-399.12437437616967	325.96445943097035	62.08886014426485
0.245	357.4527028920027	350.23847935117817	62.5943550420234
0.247	588.3535828679065	429.2433560447456	64.81647597583215
0.249	136.326154841937	362.6657377957297	61.61641051376115
0.251	-465.59582589089655	350.3430901502888	61.35836473272241
0.253	-68.66301068630953	341.179928594263	63.76603081324201
0.255	538.9232650929721	380.8824441409632	63.22203361637745
0.257	402.4589023652325	411.6590528996087	64.3292912108508
0.259	-481.4845030441939	352.93217264335306	61.16680905979247
0.261	-57.95302924238577	309.8495464662953	64.3971269955359
0.263	816.1761007174916	384.8940637870144	62.68449586044268
0.265	546.9622276521591	405.081602846683	66.30451087537674
0.267	-107.57763958790801	340.9779339423646	60.18691144352724
0.269	-250.51098798534179	352.81263453110824	64.1758957972827
0.271	470.7183060721487	387.3777888398702	62.552074255902
0.273	325.5356102163098	406.00583428288803	64.56924617752429
0.275	-562.7172344421227	354.120321668127	61.34257660463114
0.277	-177.04414919594848	301.32756291772273	59.98397863170506
0.279	685.6106971684372	371.90614186201725	63.98974028050816
0.281	682.8650771388833	405.9543315729023	64.98256554259791
0.28300000000000003	-152.45509440209304	376.3558596028432	62.460008685939265
0.28500000000000003	-450.22577882136704	337.2046891596737	62.448262097164914
0.28700000000000003	807.6626017687882	379.04736314865676	63.95649343596701
0.28900000000000003	416.252620673907	426.9624464076062	65.66293769612675
0.29100000000000004	23.8143225783638	369.6232158377813	62.619686454685024
0.29300000000000004	-685.5616926965124	329.0767062510877	62.07242164897475
0.29500000000000004	843.2974284924288	365.266962649208	64.63878879841701
0.29700000000000004	683.4316866708434	445.014401137208	64.4671686694439
0.29900000000000004	41.52508687016443	363.28476147403507	60.541668957497826
0.30100000000000005	-197.0373148114657	337.6376545867141	62.84873939393283
0.30300000000000005	170.7751033450666	342.6280723434768	63.32923285557925
0.30500000000000005	578.5473352690751	436.5016260179511	63.72437115281087
0.30700000000000005	380.6694122636678	382.68604364977955	62.8057460386946
0.30900000000000005	-608.1612799542224	354.3826736624526	62.741885842923075
0.31100000000000005	276.3460567967169	341.49694317980635	65.52094618228033
0.31300000000000006	568.5009833824583	471.4230795178786	65.89058781696917
0.31500000000000006	327.3198997941762	399.9343471936207	65.0113779709015
0.31700000000000006	-225.77857995886853	347.1557277846819	58.93865720311121
0.31900000000000006	119.45743827124211	349.5087953444116	63.58759916430599
0.32100000000000006	579.8122569751207	427.0232985816866	64.5668501057096
0.32300000000000006	393.86705550592535	426.1074653627163	66.15987841392243
0.32500000000000007	-227.23217386555473	404.86242129216487	63.05353445648117
0.32700000000000007	-229.41171885804135	326.1592923944841	63.45028383269582
0.32900000000000007	568.9499030916422	378.1560998783026	62.68876716904523
0.33100000000000007	152.94578472913045	418.52546441664134	62.62246462737698
0.333	116.53943263723043	389.43632658578144	62.46347867000747
0.33499999999999996	-452.12588996634827	321.7022679068925	62.6132332648794
0.33699999999999997	814.2306980112313	414.0634850231281	65.16456270852335
0.33899999999999997	471.65107658186935	416.1927111800464	64.42921091081986
0.34099999999999997	-77.61813829632035	394.6380529100843	62.40204767063235
0.34299999999999997	-508.2999287785439	308.6927392369949	61.655477462907186
0.345	809.7420421531165	389.19489173676646	65.67634022727592
0.347	184.607554944316	440.6807773777303	63.62506705145762
0.349	369.78282937516485	385.30818324831955	61.962143606541915
0.351	-407.9786591680845	345.86250936429735	63.10203766178704
0.353	-114.99488304866912	348.3723639385749	63.54492786532617
0.355	181.66974177269424	423.3277222877782	64.21084315588965
0.357	353.68922087908317	404.39282993936916	63.938309262196036
0.359	-431.0405672371953	339.18553337362295	62.30959579634598
0.361	13.840048113333836	356.3117476430458	62.606694294901864
0.363	888.84073135298	423.21949820358884	65.40513825424323
0.365	683.5643424576432	381.4063782187995	63.946030408924294
0.367	-247.22713296088105	351.2871054482038	60.81423923066803
0.369	-73.65648992130325	339.94635338880863	63.27586586977885
0.371	538.3501255162848	405.56887652514894	62.5329972266403
0.373	378.8182889654656	404.7499544554688	64.8215315394172
0.375	-178.79760070171892	382.72241431976573	63.05855647188122
0.377	-68.88178934982835	315.6649479894754	63.978642091641184
0.379	712.7493831451393	408.40408958860564	64.19235228230578
0.381	558.1153486535761	422.6959723013592	66.54900024865138
0.383	44.62980627417679	394.6208437514058	63.307996100096325
0.385	-377.3863637615005	332.55927900782666	63.15493607029937
0.387	626.1686426722868	402.4815063803832	63.100315391080656
0.389	360.0905184208969	413.3219444789898	64.47872776352742
0.391	441.05133248861785	387.3086604031025	65.47137882863925
0.393	-673.9014368949414	317.74386421809453	60.52635742686859
0.395	474.82059707770753	390.8462727606144	62.71381447624909
0.397	429.01981971366075	434.55138264978484	65.86655939357043
0.399	262.5415781805085	411.9278309462261	64.6477424729326
0.401	-646.2775501479001	330.85234205881034	59.654249226404495
0.403	-198.3120186054288	345.7478566593393	66.49277476379525
0.405	863.5623374715351	453.9747798899262	64.91625482852577
0.40700000000000003	187.02338251164184	393.2697573405752	62.350128931709804
0.40900000000000003	-547.0852898382672	362.35687260963175	63.45745416610954
0.41100000000000003	43.44270862532973	343.8989689435583	62.902496889493975
0.41300000000000003	905.2039260768474	435.60788111011504	64.85447812518777
0.41500000000000004	648.74353375588	387.57484324091877	64.9082119442382
0.41700000000000004	-132.57744553718533	375.1996407922485	63.30012713463215
0.41900000000000004	-282.1547363413002	350.4479242217191	64.41528623872998
0.42100000000000004	622.2396670001463	429.9547772264405	63.68505254456024
0.42300000000000004	398.6148242682841	423.57988367528856	63.58802746542753
0.42500000000000004	-215.17111916036225	390.239585052207	62.32040753003908
0.42700000000000005	-433.7765407129712	341.2486013252701	64.08323806990902
0.42900000000000005	463.24767234207087	416.4553513215292	64.16029083668916
0.43100000000000005	544.4296345020749	427.776510094792	65.85205372838098
0.43300000000000005	-80.01599658791214	384.828613672748	61.068722828172106
0.43500000000000005	-593.8503403166706	319.3956993444876	62.2839276181297
0.43700000000000006	529.1295708218513	422.94444453017195	63.71883510446277
0.43900000000000006	326.0165295404516	420.16815860244725	64.3842369918863
0.44100000000000006	162.4417594328076	374.803111378278	62.58280045629569
0.44300000000000006	-435.04028377649996	305.8367105114552	62.02502029293178
0.44500000000000006	355.95075923877675	400.5679655594914	63.55468312883736
0.44700000000000006	610.6982138429639	416.8723060918099	63.76429949548438
0.44900000000000007	259.7814772589135	402.31987090915544	61.70643425522936
0.45100000000000007	-671.8774350483736	339.780067079051	62.5960482442988
0.45300000000000007	205.67533825999186	362.60464065629566	63.90583394386849
0.45500000000000007	756.1320373941082	441.88326644900656	65.19445740721531
0.4570000000000001	180.7884996372078	390.77031946892754	62.01702366640363
0.459	-427.52783847777033	349.94924145717033	62.14629286772115
0.46099999999999997	-87.05437470624133	345.8542438943205	65.03309269924115
0.46299999999999997	1016.2317819355504	438.7486816827117	65.52717052817687
0.46499999999999997	425.29381289324596	428.06836103672146	62.227860580448954
0.46699999999999997	-157.12755781849273	397.37284521759335	63.997621646640894
0.469	-637.1178291881829	337.99331341054807	64.34595141820168
0.471	330.25365800254394	398.23535528411634	63.88160042531756
0.473	308.0407503401883	400.22028881860126	62.94870523057323
0.475	76.41606079378249	407.2652994573794	61.93448112902778
0.477	-272.9865341115634	323.17067678900224	62.82871125300355
0.479	574.1763946776057	426.1507314004303	66.31202519823304
0.481	680.3395655718969	449.94540122038217	66.9339700790214
0.483	200.03322090933472	430.6879907372172	63.014305467987064
0.485	-259.25309012964084	289.65043063024035	61.79170107072888
0.487	557.8952850535668	419.3339681797021	65.40828040214402
0.489	292.55347812640053	429.21769395185817	64.19228983448953
0.491	253.85272610134456	419.26553150812487	62.839746226591885
0.493	-808.0513379055132	311.82717371081225	60.82354562114053
0.495	335.1230731132304	411.2905953357057	64.05985451411134
0.497	642.460879894724	433.33697998999406	65.49628039749165
0.499	143.77916608987462	451.2044002209634	65.99287067056693