-0.499	51.26726432669315	54.64216816362451	28.03607589113271
-0.497	19.50298060493516	59.54897756534327	28.688262376910394
-0.495	-76.46002708661115	48.001506335126344	27.016082154561605
-0.493	-63.57873811246861	58.104945248669054	28.30822957668271
-0.491	41.74060174011451	54.3941093390869	27.879681895933167
-0.489	94.02330321739427	57.1644583491306	28.62050347015606
-0.487	-22.937963759961377	61.05017958982277	27.133666315643094
-0.485	-94.76965262067426	53.099347666310095	27.506884875817665
-0.483	-8.454427662396569	52.406340767329375	27.827920494870828
-0.481	-78.55582270877015	51.723150095858024	27.375373341478667
-0.479	-0.6660129654445512	55.15336187132425	28.195067523722216
-0.477	-8.944425507140252	51.23947839259373	27.51180877859287
-0.475	-58.24166211154669	51.09740698505719	27.309296874500593
-0.473	-27.569012291728257	58.72427033141768	27.683676337555987
-0.471	-34.86637017302563	56.30509503400803	27.67908598769028
-0.469	68.28201604380801	55.85883414089204	28.054643210519323
-0.46699999999999997	13.347697975341077	51.25284473205854	27.764856791315353
-0.46499999999999997	-35.7128792585204	53.86298342134571	28.050613522054842
-0.46299999999999997	-53.621305980078304	57.06407090861211	27.014794643639053
-0.461	-7.442885250785736	55.22817837598204	27.620641554795817
-0.459	105.65497241143973	53.94751896574377	27.67095708049742
-0.457	85.17603943047902	52.47388595689814	27.488440252055632
-0.455	-9.215977077703386	58.406118676944914	27.473099853182596
-0.453	-77.70800787676447	57.29423795896483	27.9410937210224
-0.451	8.829517627706451	47.4404273416478	27.991599885723737
-0.449	33.5424384860783	55.306607436728434	27.39635739080482
-0.447	54.6753762009633	54.503936905441456	27.495335629745586
-0.445	19.26531780194196	53.938872378063564	26.83350516992315
-0.443	64.76393001642045	54.787433689599155	27.428484451489528
-0.441	-11.29251148712651	58.78510912043823	27.742254988324
-0.439	48.674525805258995	51.68574685065032	27.141672373210252
-0.437	133.60049318911217	55.38073056961116	27.80770084095997
-0.435	41.11206745394114	52.84336225653205	27.899542915449516
-0.433	-70.3387667010391	52.01266990247286	27.698158579913294
-0.431	-9.423470993974448	53.86524228248712	27.326426441127754
-0.429	-20.252934808673295	50.04052836158044	27.166716284465362
-0.427	36.44592395923851	56.46719739274744	28.079976005516407
-0.425	70.48608590731753	46.144567433950414	27.76746752676621
-0.423	7.96788725621056	54.68029889923303	28.610679861697164
-0.421	-25.891514741416266	58.66727287730733	27.82438169546386
-0.419	-23.949349552410126	51.68258092400451	27.913103955659583
-0.417	47.090970200613924	59.56364793687747	28.238676386564908
-0.415	100.45822580040387	56.95785978991661	28.06790978103017
-0.41300000000000003	-22.53304543509138	57.310663579496754	27.581846468018917
-0.41100000000000003	-32.03523861461388	50.0745174293517	27.545788783091425
-0.40900000000000003	-19.564340629552035	55.081880671403106	27.765747448688114
-0.40700000000000003	7.989775177907887	50.39610231910325	27.40580410680216
-0.405	89.0256601446815	53.984309520845905	27.87498940120314
-0.403	24.734261027337112	53.77919692783346	27.58926113898503
-0.401	-16.455920760827247	49.40112948611068	27.58801571772449
-0.399	11.351642013046614	50.006281629350774	27.901612262876828
-0.397	19.08109290305049	49.5807551050652	27.46860412080499
-0.395	34.24109677641063	60.761383338091704	28.21744445143459
-0.393	54.00020003798467	52.23046515462654	27.72505345671089
-0.391	-13.337178257244453	50.54433524204969	28.06744673108137
-0.389	-12.79907939366609	49.18535056129441	27.665519723213883
-0.387	17.544857257911772	55.223942243014726	28.055733358651363
-0.385	15.8724808290156	57.21386638257872	28.49930511582462
-0.383	49.10764853827132	48.243987665007374	27.6501927433682
-0.381	20.32750756941759	56.8058969219927	28.187117622481555
-0.379	-35.67219762357077	56.41557124375826	27.908455253996237
-0.377	-12.152507257057188	58.17138861325373	28.301052661411195
-0.375	-12.464790198229991	61.8645133254401	27.635747131504665
-0.373	43.8744522872625	54.92947847068593	28.00883335346111
-0.371	58.656237420517954	51.30546175953152	28.459464574986352
-0.369	-8.384863477872706	53.9101547043524	27.590987432127086
-0.367	-6.653016797031341	58.417399368364656	28.389111927504825
-0.365	41.038177369001616	47.72207992528568	27.250824459204942
-0.363	8.394497200026052	51.77203442802487	28.225507815504248
-0.361	25.445188361006288	52.254358259332456	28.741484723238035
-0.359	13.779426808691042	52.33397739401963	28.188139734904738
-0.357	-73.50213403289897	56.01440535678803	27.925229867504306
-0.355	-66.55660033716427	50.401357037183125	27.550672480961026
-0.353	9.160057159895985	53.41029732299766	27.69422409091556
-0.351	60.90629144450688	61.703684227631385	28.05870355664588
-0.349	43.252342352806394	57.234055009683885	28.608665617178843
-0.347	110.72389169330954	58.30851209993639	28.626401060267426
-0.345	-0.449717068917721	49.24829783639616	27.57010268614688
-0.34299999999999997	-19.320521083221465	58.93831823566337	28.58998216072346
-0.34099999999999997	95.12572977232736	53.781375083325	27.382720830048186
-0.33899999999999997	47.94226346538366	57.69754915504493	28.395334993159075
-0.33699999999999997	35.922955504918974	51.39854448096265	28.217156136934207
-0.33499999999999996	-43.14391888193825	60.055306321116994	28.16622907081548
-0.33299999999999996	35.31540196455296	49.16976622570722	27.38137344231668
-0.33099999999999996	76.64564882858826	54.7402913480634	27.60746466120767
-0.32899999999999996	50.3322747464896	53.37467271118295	28.05091510952099
-0.32699999999999996	35.541320337895144	52.536892366170854	27.665124952729993
-0.32499999999999996	-54.12537509674742	55.8867063386489	28.07724516839328
-0.323	-5.235855460083982	51.95441099878043	27.90083511249639
-0.321	63.96576926426256	53.70215555216714	27.629109358564843
-0.319	42.02514538143021	61.65606752548699	28.06644848573481
-0.317	63.112000457943296	48.76376122675411	26.994544373744123
-0.315	-9.215356837399824	56.547192260629984	28.460209339487363
-0.313	40.39104743691624	49.893769121180114	27.285237316059163
-0.311	-10.554250173155921	54.008394775527954	28.427129757732946
-0.309	11.788984615845877	52.289056591597394	27.282284997817165
-0.307	43.70699658817756	57.10331743009889	28.38692583774336
-0.305	87.50176258098818	51.84917347019775	27.381103399934638
-0.303	-44.33573062778695	52.86259341408577	27.493836252946167
-0.301	33.467813019827375	50.080633313900115	27.57859103397327
-0.299	26.407615763668346	53.23027701369458	27.07882187802858
-0.297	36.4049114034426	49.51506636273237	27.728690792382405
-0.295	26.59863579390631	51.54826904461799	27.21221987308413
-0.293	-28.966263637575373	52.6073314078087	27.30553541086973
-0.29100000000000004	-31.195185248966695	51.625549529180354	28.237638532021595
-0.28900000000000003	68.51617850367475	49.0157884767945	27.71726278617648
-0.28700000000000003	80.01348655772844	53.53705877538348	27.17265562874026
-0.28500000000000003	42.312432922742005	48.63089468003607	26.87653778320798
-0.28300000000000003	19.648656431892064	50.15100793259847	27.567322671990553
-0.281	-4.1673388195828664	54.44123591069435	27.55838577959866
-0.279	14.164425728990793	52.35816272649189	26.90361723377652
-0.277	34.54820556059168	52.83411689384673	27.45898821114564
-0.275	-17.678652478925194	50.011000504042876	27.39320644770172
-0.273	59.857156704756775	52.72614720337895	27.978024573343898
-0.271	-14.093997874886632	56.73717650812095	27.63286336425806
-0.269	13.944893441086847	51.07536822954588	27.538988532720666
-0.267	44.00940255133712	49.86684677378778	27.388626109332197
-0.265	54.97880420235468	49.48972461314402	27.7033232353741
-0.263	3.437292320995766	53.592905951700764	27.521305680538752
-0.261	-60.87863435333407	45.19447896265579	26.983020208139976
-0.259	-37.08408256108964	59.76568266014083	28.307050743663964
-0.257	34.55684308439899	56.06637245474919	26.625808781943228
-0.255	69.59773313752748	56.35905859575052	27.14142124746432
-0.253	59.30323601655019	49.60707911197017	27.51018504953597
-0.251	-20.374886692264838	51.06452541083251	27.242912515685695
-0.249	13.199833600596733	53.75074781043087	27.7193601511126
-0.247	-8.167045104867654	45.77349499943668	26.78522469119996
-0.245	48.56106760642298	56.352752923741214	27.530991987368893
-0.243	49.065672802495186	47.00626696778998	26.617788541330317
-0.241	39.19480705838474	50.50776757705114	27.151587040156226
-0.239	-51.92073454407531	53.82271956300228	27.872188576646778
-0.237	-14.858413776464019	49.974926266501924	27.617368554034687
-0.235	35.01893206947493	58.245606266567584	27.17273229750422
-0.23299999999999998	73.93786961107374	49.38868114807596	26.873334623725945
-0.23099999999999998	-31.31183524474057	48.837056568480286	27.280386483443014
-0.22899999999999998	-1.932837081830563	52.89759765065933	27.551286944798324
-0.22699999999999998	-45.0823608065809	56.72543400127157	28.15039944135063
-0.22499999999999998	30.93364222728212	54.588896284286605	27.361213195336692
-0.22299999999999998	1.3157093958771071	52.75005618832911	27.0997576454105
-0.22099999999999997	56.58140165154535	52.80227183467825	28.059874692648076
-0.21899999999999997	-16.074338876959082	54.8352955244035	27.62945384058729
-0.21699999999999997	18.35883197731647	54.21525689653041	27.840239467805894
-0.21499999999999997	26.658378745159084	53.5821327403038	27.793554027883474
-0.21299999999999997	27.880264207968963	62.98263891784967	28.112422755937946
-0.211	68.47437709311954	53.790143517753314	27.014760806209246
-0.20900000000000002	-23.17796547690598	57.45662581633444	28.853638107028583
-0.20700000000000002	-9.575142471240916	54.76188491066261	28.207004946167874
-0.20500000000000002	-23.18901445585997	56.38682745270555	27.262230281152473
-0.203	86.11388088985983	54.377130135985944	27.809011193098424
-0.201	77.20539078182043	54.81466049717203	27.598063381622705
-0.199	77.74735649901388	46.71312625630115	28.56238297988584
-0.197	1.7333342636760563	52.56044778100736	27.92151147781893
-0.195	21.025247086914334	60.187760085594725	27.68998299065509
-0.193	9.151442956767397	56.751928313105374	28.16348500013032
-0.191	81.12813409622	56.95478231349425	27.622938714377074
-0.189	-5.479420138287949	52.09393898201233	27.566101294717264
-0.187	26.826040064875656	52.76817568899301	27.52855785731527
-0.185	-53.138552806641925	57.54191981466636	27.800624869404846
-0.183	-2.126745309860567	55.61517928792172	27.696005667163373
-0.181	62.896036390203136	61.65386969566683	28.192255309007493
-0.179	9.297199307756188	53.38477211970631	27.865790383857654
-0.177	36.90218552465652	54.90763537522992	27.1146280350997
-0.175	-6.791309008491453	54.9057583102424	27.40812195219963
-0.173	10.500583169426037	62.57812302117494	27.3978897284347
-0.17099999999999999	59.79119173793457	54.31089386903361	27.263034283217156
-0.16899999999999998	-14.125895462013816	55.04055091676073	27.63488112242415
-0.16699999999999998	52.15476754494297	49.727323370521894	27.22055293215824
-0.16499999999999998	61.43267296643273	53.73265715699742	28.052861250614612
-0.16299999999999998	-7.689929823473385	55.65367848342646	26.883377826765738
-0.16099999999999998	32.746916805770354	61.04733325834719	27.53648612218709
-0.15899999999999997	0.5792654151903776	59.11446221882373	27.120911245477654
-0.15699999999999997	42.75645378348791	53.513685376004844	27.731688366089106
-0.15499999999999997	74.56792747762009	49.90497613988736	27.744637464525944
-0.15299999999999997	64.26730923170254	55.10748718700413	27.123659210012843
-0.15099999999999997	-10.61068882490801	58.754264536367764	27.856077785406747
-0.149	1.9409722105123706	57.030763520453974	27.225715345649196
-0.14700000000000002	34.675330466305	55.28425896249179	27.525217270026555
-0.14500000000000002	3.5441442156614045	55.794986502207394	27.013978491897408
-0.14300000000000002	-21.678758888477034	58.59521074438306	27.90592127164383
-0.14100000000000001	-51.73284540893608	57.15793932566666	27.2134411449645
-0.139	47.540515828004004	57.157507401103366	27.920255168944205
-0.137	61.778771908160834	57.31472405223925	27.724177594254094
-0.135	58.40273289980935	59.20258554314374	27.508437558050836
-0.133	-5.158334479893334	57.66568720473051	28.059110200900097
-0.131	0.38709093996835975	52.48551834799502	27.456274299961365
-0.129	-14.323217898848384	56.619212349772106	27.975059181983315
-0.127	47.66596642213905	62.25247871913791	27.33465774308507
-0.125	33.52974714254664	56.06229242003053	27.345566725531302
-0.123	47.64383248589965	52.067463745299264	27.665567712831994
-0.121	-9.138285779308752	61.15183007851697	27.388702028774738
-0.119	40.4336559918228	60.776003571172424	27.965616597770747
-0.11699999999999999	26.089203736257005	61.58632534090992	27.301351494808134
-0.11499999999999999	26.85313518346888	57.94539610793443	27.610209774852283
-0.11299999999999999	-29.433681291157754	54.63006108897899	27.371999966003823
-0.11099999999999999	0.05343037412508522	54.25893704593109	26.906266615078263
-0.10899999999999999	89.65982448438936	59.46209353457037	27.88268288858991
-0.10699999999999998	45.11693154385377	56.01959955696157	27.721676608245662
-0.10499999999999998	77.14396122437961	56.903188725403396	27.78933256649685
-0.10299999999999998	56.777047662270874	55.69788375655427	26.62099630761484
-0.10099999999999998	-35.742760029600085	54.63972532099572	27.905349336691817
-0.09899999999999998	-19.38402515777593	64.59085287991337	27.38272775085164
-0.09699999999999998	55.881440432781204	54.008036494836574	27.966918966467198
-0.09499999999999997	23.73914275777267	61.08208577294008	28.027310798613488
-0.09299999999999997	43.48494968953176	53.389102662850924	27.174857522860275
-0.09099999999999997	32.19745304061661	60.431168052867115	27.83351756075227
-0.08899999999999997	7.920558122709309	60.80728987635576	27.824995543195612
-0.08699999999999997	12.380089619679069	60.40472678211319	27.588500284063006
-0.08499999999999996	7.422063943884893	64.68159449699925	27.799770761693885
-0.08299999999999999	-34.90317049315017	57.46043242481464	28.032920999938305
-0.08100000000000002	29.974097458085325	61.26688609756394	27.643578178410756
-0.07900000000000001	81.98977105444705	55.2894405284143	27.8664702088365
-0.07700000000000001	39.24667700982987	61.81864144218437	28.8695981930525
-0.07500000000000001	-6.425055650405298	58.53654513804981	27.528576323458058
-0.07300000000000001	129.28516513222021	60.201913840121456	27.862268627999878
-0.07100000000000001	17.552146285293446	57.72363146610268	27.098529191248254
-0.069	-12.812340501766606	59.6366810866685	28.029397669142828
-0.067	10.936146911832978	58.050263065727286	28.79870289641991
-0.065	46.31784100883607	59.48965595217165	27.75773668334153
-0.063	59.98852036737112	56.0044371991291	28.65047013620701
-0.061	44.988320736072396	60.78723756906365	28.10419976163326
-0.059	10.99653394898148	53.24669696548837	27.80669787973849
-0.056999999999999995	10.996251069039786	55.74639453299608	27.659728744994027
-0.05499999999999999	-46.909704637054794	65.39936301716659	28.234965526075623
-0.05299999999999999	0.5924984445293546	63.215402229380864	28.08730276000024
-0.05099999999999999	50.932484099597275	62.49374454468765	28.295146276049397
-0.04899999999999999	24.10950276510171	58.57816429124245	27.612599133030237
-0.046999999999999986	39.9380532210003	63.119193955087944	28.61702857742511
-0.044999999999999984	23.35931521613155	59.08258537381921	27.848746506204186
-0.04299999999999998	8.023628566000696	64.20421385527612	28.37033182993139
-0.04099999999999998	-32.88899878328699	66.95059636515262	27.520821784465884
-0.03899999999999998	-45.00926964623453	64.98200006441694	28.98152019790103
-0.03699999999999998	-23.207242073275403	57.572456117787446	27.997954064476403
-0.034999999999999976	55.20610052722752	63.4537505975473	28.805532212139127
-0.032999999999999974	79.89561437948822	64.11280386262254	28.58709415344639
-0.030999999999999972	36.52736942139079	66.80667610396337	29.698693788532353
-0.02899999999999997	49.40156250765604	62.92063613796919	27.178268295827703
-0.02699999999999997	17.55262638369892	60.22196794076881	28.623983807001906
-0.024999999999999967	-27.07105442467661	58.960884202682834	27.54684118358003
-0.022999999999999965	-11.321969170752233	56.95885711705898	27.71896472993891
-0.02099999999999999	37.02396748272996	56.53005365845252	28.20920734931131
-0.019000000000000017	15.26237205284886	61.88221424225959	28.107376416062415
-0.017000000000000015	-13.362512994441467	61.22512092131254	28.425049226058558
-0.015000000000000013	0.6764013800175661	58.59860430040863	28.709807371498353
-0.013000000000000012	-44.9363650307788	62.6894549953925	27.932422261459635
-0.01100000000000001	13.765266815291	59.293975858830365	28.207923197355058
-0.009000000000000008	-107.65796163370034	59.153115709631024	27.334235743910266
-0.007000000000000006	-443.6389933738516	70.31523238039479	28.18303099432768
-0.0050000000000000044	-779.8822738404043	62.51673622520444	27.995034888620598
-0.0030000000000000027	-756.8120590983884	64.39974413633433	28.481641914844207
-0.0010000000000000009	-781.1948563719584	56.826930655541894	28.74088226642484
0.0010000000000000009	-824.9263693128617	62.35097601678488	28.129580965493673
0.0030000000000000027	-696.9143440330728	61.525443521347	27.497182433471743
0.0050000000000000044	-663.6452495648592	59.80184425526543	27.583676496298754
0.007000000000000006	-438.00076663436107	69.79547605072274	29.390126487214637
0.009000000000000008	-52.5336729471082	68.97146385938818	28.544035076686647
0.01100000000000001	-20.029882046190828	65.45813214902891	28.762492631063555
0.013000000000000012	-7.001547356555449	60.87458112182976	28.74877756028734
0.015000000000000013	17.973018923811424	54.83394565611444	27.85362490561899
0.017000000000000015	-35.07415658066115	58.42730525308588	28.665895298046497
0.019000000000000017	-55.08370960927156	61.33586709738353	27.41360217691572
0.02100000000000002	-26.56895714703289	63.879419387123356	28.063270296622683
0.02300000000000002	-47.16670859383765	59.70411443349458	27.87509034150232
0.025000000000000022	48.12681322952095	58.04842506432624	28.546067051640456
0.027000000000000024	-29.51133868267508	57.89146985372456	28.01568942469064
0.029000000000000026	-6.3193550171591895	55.20965006161359	28.078986463349136
0.031000000000000028	5.310099823185865	55.59762177873564	28.065944260922965
0.03300000000000003	68.47825726663537	60.73458209920572	27.35551223122172
0.03500000000000003	-26.930398347890794	53.1833792999189	28.306906842902812
0.03700000000000003	39.802240722197624	54.98514571901797	27.888735511403848
0.039000000000000035	-51.978774115113424	54.98407949717806	28.495090790119527
0.041000000000000036	-30.07537791299697	56.790083006180375	28.109294299124773
0.04300000000000004	1.5011742677817352	52.78987726878671	27.9297787180051
0.04500000000000004	79.67506544148684	55.34367855731748	28.46991301613826
0.04700000000000004	-24.34844071375064	50.368626149246516	27.18631487139186
0.049000000000000044	14.702818741607615	58.97571565513507	28.43239057175925
0.051000000000000045	3.6721524288019225	60.555025643981025	27.780218811446638
0.05300000000000005	-36.92187332582364	46.220713906235254	27.88080776669197
0.05500000000000005	-72.90186720032565	58.18994942062633	28.55650063874207
0.05700000000000005	-21.58833345922151	60.21544039997556	28.070664859668533
0.05900000000000005	4.291942463652276	54.695252189642716	28.297647887242253
0.061000000000000054	12.792893102853142	59.62350895926068	27.601101423564014
0.06300000000000006	27.035328244995327	50.89586401491354	28.925806971304574
0.06500000000000006	11.044616840649724	61.18982718728305	27.759212806477777
0.06700000000000006	44.68183134731518	68.8820737136142	28.789438372198784
0.06900000000000006	54.99386331098144	55.88044532795261	27.78408776636231
0.07100000000000006	20.788511364777662	58.19356741591264	28.03904309499498
0.07300000000000006	-53.62227711769307	58.92157942085994	30.050063964407578
0.07500000000000007	3.2511105156896036	50.96147542476644	27.727399236654033
0.07700000000000001	64.67653645314542	65.07638490552272	28.491849089462296
0.07899999999999996	-28.69749024170254	55.995607893765815	27.722240623428807
0.08099999999999996	-5.691284250541884	51.94876168292761	28.44870792219917
0.08299999999999996	-9.344093322427582	57.124861434534	29.683451955690806
0.08499999999999996	19.51063946359355	51.794878646705634	27.417216921639724
0.08699999999999997	28.637813013876467	59.844281810713454	29.856329998154415
0.08899999999999997	13.074988486794226	57.511449752999006	27.883248494638266
0.09099999999999997	90.81885110706622	59.22109831416432	28.997462091823607
0.09299999999999997	40.0620364293669	55.84895860154936	28.747653846020725
0.09499999999999997	-60.4771535018811	49.10750494477872	28.055763401043464
0.09699999999999998	15.478625622122877	60.74280733627997	28.59763185163205
0.09899999999999998	-14.6430344067916	61.71917789173545	28.159859240391008
0.10099999999999998	-18.74340890761772	56.75796739982996	28.026822447499537
0.10299999999999998	-3.111204899264308	61.258684987903735	28.74951962994724
0.10499999999999998	-27.189382528658435	54.831814929481794	28.516356301495797
0.10699999999999998	-12.623073085360481	51.81849647403806	28.256386878827964
0.10899999999999999	5.414368262623981	60.72368755901661	28.46358609825155
0.11099999999999999	-32.14191315570325	57.31174090198436	27.8006156166257
0.11299999999999999	33.93084319136541	54.293833056839176	28.45335198342511
0.11499999999999999	33.07056475754244	54.08801882076111	28.68234616339167
0.11699999999999999	-68.0373893691133	50.30836785701986	28.560478502081093
0.119	-44.44709670936575	65.25945059412763	30.328502624655485
0.121	16.447671267183495	65.33068495169309	27.99574781378768
0.123	3.302652076486723	52.777852289628115	27.859346242403646
0.125	9.57360068287727	57.24644750610774	28.018393460890426
0.127	-15.982996927510484	52.73561588453554	27.817066268022266
0.129	59.50360875450755	67.08179811586257	28.958547994394433
0.131	61.90395604876997	62.064734884809965	28.20381954254724
0.133	-34.1701471523459	55.24377808235779	28.183471605270775
0.135	19.540027299758123	57.29620323207384	28.04665822657079
0.137	34.77702828780238	59.11556024723936	27.961976486792206
0.139	-55.83047979917932	54.87083206015943	29.13337748218522
0.14100000000000001	-67.63404724108301	58.88031816013095	28.15613759409376
0.14300000000000002	-51.33824622749472	56.4678299303151	29.274642855397037
0.14500000000000002	55.866308497076744	56.72415461701808	27.79545579929523
0.14700000000000002	-34.77438231136443	56.257123914076715	29.40389728325232
0.14900000000000002	8.949041068406771	48.48334219959228	28.189580275690123
0.15100000000000002	-16.148423244932708	57.647288173673964	28.8916777284877
0.15300000000000002	26.032806378806228	61.46414611995449	28.012356230895982
0.15500000000000003	30.621704722566534	60.489552503560574	27.981635731052464
0.15700000000000003	48.44357587829862	59.07601836069729	28.076214675967712
0.15900000000000003	14.54239686493608	55.983318205991154	29.330863127101352
0.16100000000000003	10.07870675917566	54.17836856554515	28.904253790043818
0.16300000000000003	84.90327364873984	65.8138829779728	28.501284513148903
0.16500000000000004	-10.220314612063852	68.60564482885336	29.815824142464788
0.16700000000000004	6.2511965912559475	63.12366639795616	28.575481340800323
0.16900000000000004	-3.002408174412885	55.16419469008407	28.352588605794494
0.17100000000000004	12.19631648607944	52.24588678802039	29.09356171756843
0.17300000000000004	-54.15694406452065	56.55560389628338	28.200975895614498
0.17500000000000004	-4.521789808364929	65.57873061792762	28.968797296410155
0.17700000000000005	-78.38086521760879	56.6640695720708	29.042917230343917
0.17900000000000005	-34.526311161631185	61.185208617811185	29.183388498771528
0.18100000000000005	-18.01031605364045	53.06892355353857	28.538183187934305
0.18300000000000005	-9.565759119922745	55.524915197922	28.735019782271216
0.18500000000000005	1.2953895669465254	56.99940456314298	28.756114202902193
0.18700000000000006	31.036351484603486	61.218678697667585	28.019174929036073
0.18900000000000006	-28.255273467281405	54.41178465349415	29.23250317615382
0.19100000000000006	3.843523323610043	48.67590791829669	28.284368657921814
0.19300000000000006	40.35036065630493	52.658962711798964	28.435564672658327
0.19500000000000006	-1.7608755347175986	61.28247119284005	29.115217669505633
0.19700000000000006	36.74314968349357	59.689180845389664	28.252416454419382
0.19900000000000007	33.53285234930503	57.18689507226791	29.082139869202024
0.20100000000000007	-33.03157293998993	53.687808373393175	28.27339995960142
0.203	-37.50588974615887	55.00203655179571	28.664048131533054
0.20499999999999996	-16.47076950928028	67.32551692350542	28.67375543102059
0.20699999999999996	57.509165177327404	62.15170245395013	28.555951190695293
0.20899999999999996	22.250489612352098	53.74859047265324	28.09458059549631
0.21099999999999997	-8.793379988381034	62.978312340294366	28.67254016655521
0.21299999999999997	41.299492879565136	54.70369242867578	29.341530029035077
0.21499999999999997	36.62573049845186	66.90259977358066	28.80585890192165
0.21699999999999997	16.444886134392434	61.28458348024444	27.972644640146793
0.21899999999999997	38.81150924534005	46.79354677444445	27.987757393954755
0.22099999999999997	40.400638237958475	60.7189852184796	27.952976671780124
0.22299999999999998	10.620929848492722	55.14323308695789	28.607981501269702
0.22499999999999998	17.052205058654124	53.92426632534991	28.62763565578917
0.22699999999999998	-30.343074546634874	63.96578190321934	29.176357322050393
0.22899999999999998	-27.578812713091594	59.967356681631784	28.08558951254624
0.23099999999999998	-32.28923389797522	55.30148811421193	28.996750095446924
0.23299999999999998	-22.20934462648927	53.88535090413092	28.26255849083154
0.235	63.59458190230427	53.7827595291085	28.448302181067934
0.237	-21.260581645088372	60.00610656743393	29.22261169289115
0.239	-6.046510802160121	54.59439030482746	27.90138241423304
0.241	18.24932826366421	61.81848908363406	28.455905822914545
0.243	38.382690241922646	55.36321398383539	28.9972536543628
0.245	-6.456766864837427	57.00407030550888	29.64121476574456
0.247	-70.35382942022217	57.76060191554204	28.556497388499256
0.249	-76.25798595356503	58.37616860033477	28.886749801611547
0.251	-23.239768711547093	59.66167003603169	28.22251253907225
0.253	34.477403902277715	50.16598870121352	27.94918382319003
0.255	83.82498419523543	53.47236826033759	28.52890858604255
0.257	50.68892508242051	51.53619325072934	27.90920003616974
0.259	-45.46835732366361	50.7699227586885	28.56214213552197
0.261	-62.0307153745836	53.96283105453293	28.048527134243756
0.263	92.85571544337401	54.27839608332321	27.774092812018274
0.265	-50.013989751573895	60.307018857578285	28.433108930433917
0.267	22.643207609585048	54.033748967075866	27.26902968811366
0.269	-1.5082303516100737	60.656073618167895	29.140167830344478
0.271	-40.55663846080915	56.205621759365926	27.494526380838636
0.273	-1.2818592142194163	56.61523806320838	28.64708329319558
0.275	9.950472628528217	60.932688368662106	27.85325422817441
0.277	39.44169498981687	53.013313455511394	27.82983680416404
0.279	83.50030493620153	57.67296295210201	28.43727551747279
0.281	17.79232830778632	61.74777608045476	27.912456250965967
0.28300000000000003	-65.85555785054709	58.120004422766165	29.68312820572332
0.28500000000000003	58.35272855292395	57.94418132562238	28.9116374514393
0.28700000000000003	-28.316378703596712	52.77279429518773	28.224976849029392
0.28900000000000003	85.02754320982575	53.2289034653824	29.089221659312386
0.29100000000000004	4.265650303203472	61.33390388344532	28.91421946718216
0.29300000000000004	35.31961771185976	61.343983886602494	28.265749230772023
0.29500000000000004	43.16035325668821	59.101314244771196	27.768454349187103
0.29700000000000004	44.480616427478026	63.03224939110206	30.151850479899004
0.29900000000000004	9.056378031946366	52.24458253549521	28.10368334672918
0.30100000000000005	8.905308751083751	51.94867158605192	29.663549673848927
0.30300000000000005	37.12339028916212	55.39542383634257	28.50407256952904
0.30500000000000005	72.92256793833829	56.06352443155659	29.303622405030424
0.30700000000000005	53.44471782331439	59.193477662919804	28.296450371937
0.30900000000000005	-15.451490941509327	56.489174089821574	27.60401263505932
0.31100000000000005	23.821190546557958	55.75420328051932	28.851458909151052
0.31300000000000006	31.623147994430667	60.76620923547296	28.214771327580415
0.31500000000000006	22.57899742397207	53.48301480390777	28.05575882428531
0.31700000000000006	51.66219109042913	55.78966504499078	28.058347832880912
0.31900000000000006	29.769223372833054	58.25213973632232	27.94618465730892
0.32100000000000006	40.10180199909286	59.56642837990805	27.829132074155734
0.32300000000000006	-31.415001281120958	56.679595049103185	27.61751247798382
0.32500000000000007	-53.4321175481578	56.24766125890961	27.44685717045935
0.32700000000000007	-6.439001241753672	50.274107957360975	27.794908730373113
0.32900000000000007	53.15049748211287	60.19041734433225	27.400744622040754
0.33100000000000007	-9.21636938000514	51.91935781720474	27.04090735132811
0.333	-23.05227842303026	60.344311198150955	27.38569985331857
0.33499999999999996	-35.172561836938065	52.41093912765897	27.6683336782309
0.33699999999999997	12.767168116933902	55.63127776079167	27.130907902706095
0.33899999999999997	55.21570976685375	50.72150357841522	28.03426416109616
0.34099999999999997	27.00922830300989	59.4112223294215	28.24117890184564
0.34299999999999997	24.077586720627764	58.03867803167056	27.16690474070898
0.345	-123.78743725316443	54.99190510251607	27.6589257741377
0.347	4.809611887424126	50.97723579654024	27.12848380862533
0.349	-38.93740882077168	59.739741371336486	28.226121837134556
0.351	-24.65501413928539	63.34413602462128	27.488428621567465
0.353	-51.07223604894351	56.03319608103778	28.55843999975895
0.355	-10.792243780977095	56.10991044569932	27.27807475962037
0.357	-38.21472437159912	60.32385419889691	28.050807138824684
0.359	-37.13362858137614	58.30204105613215	28.05496453746423
0.361	72.05724575265471	53.3097315169445	28.283171158844514
0.363	38.63497978540131	55.32636087385918	28.077235432881906
0.365	-27.005027093851552	59.538470016337136	27.980149015747767
0.367	-27.079861880108247	58.594105151210044	27.72994121918629
0.369	6.586595042934462	54.09706354767128	27.38503998616345
0.371	43.90016139721453	56.46995605507295	28.576897276525518
0.373	14.57104719992941	54.47906699010944	27.91953915814384
0.375	47.900501471964674	55.91319532271446	28.204205511755475
0.377	-13.780763830406606	62.57912761715675	28.04661203381417
0.379	-27.622980567576505	53.714047893911506	27.262526121621665
0.381	48.03199295677629	52.97902724631288	28.394283780104683
0.383	8.95885859164558	54.62349305869804	27.44777996207459
0.385	-65.68287647523707	59.04216679577439	27.59219033466977
0.387	-11.744549525793957	63.83973761555251	27.468053735532234
0.389	-13.725350540338965	55.33520492434393	27.061931589004853
0.391	18.4214351564016	54.172518820793414	27.458909747011234
0.393	24.495773002675136	54.494724356270815	26.883652419268163
0.395	-45.3960342988724	52.577939809093166	27.73494264576891
0.397	-54.97617131222654	50.25771873954778	27.01973389594431
0.399	-84.9535925948608	56.862679942748734	28.005772522186
0.401	-14.466710440141917	53.63020682644873	27.17050279150661
0.403	8.101620471157034	53.93197216112419	27.373672763761057
0.405	56.089867631392565	49.66945607016102	27.322671898532448
0.40700000000000003	15.8483256935682	54.88367456051941	27.38737767814126
0.40900000000000003	-3.0422167891508423	52.14034532464117	27.844437167584168
0.41100000000000003	-46.35250896090071	57.875678998533466	27.252511497380937
0.41300000000000003	23.94906771874261	54.27817207619213	27.64312679930548
0.41500000000000004	-21.76391518382559	53.80420014309668	27.774513300163264
0.41700000000000004	11.291669395951942	57.62594705461646	27.921365655391718
0.41900000000000004	-81.20151380075491	56.8450261707148	27.949745966757696
0.42100000000000004	-51.791131343570385	52.866136703340196	27.23323287456611
0.42300000000000004	38.57707967003243	63.74039535664869	27.930874872929042
0.42500000000000004	36.06882709461523	53.2439752472007	26.99353989857162
0.42700000000000005	11.926354175129106	51.8284624531467	28.04883773362155
0.42900000000000005	-0.9988408485872569	50.0551228032595	27.267775223355912
0.43100000000000005	-72.0658097385085	56.32589024522193	28.29298580538859
0.43300000000000005	20.975778232346087	53.149553440302185	27.389279220035984
0.43500000000000005	65.85591197905138	56.3605178802575	26.986568350071828
0.43700000000000006	-50.403083306616026	54.615541776833886	27.68517405403688
0.43900000000000006	-37.80982544365763	55.38866486436344	27.037785477459597
0.44100000000000006	-17.038871227947894	58.740463747938186	28.0710079701353
0.44300000000000006	-41.89901963880249	52.76771328628486	27.649782907162862
0.44500000000000006	1.8190177064614232	66.23727047905523	28.470526169369705
0.44700000000000006	88.06480288847673	59.25792134103875	28.61477571372307
0.44900000000000007	-58.28525406348373	61.45134592643694	27.585677592387118
0.45100000000000007	-113.71812916405321	57.75773889469929	27.928108205135146
0.45300000000000007	-109.72046373547428	55.74587682575433	27.43377895645697
0.45500000000000007	-6.16536119368849	58.213274025765024	28.69252402152082
0.4570000000000001	34.56909236154715	59.27939494134844	27.638386134951144
0.459	-83.17291150616856	57.42776064145011	27.51576079394946
0.46099999999999997	-66.7414976416314	60.85930460780828	27.958282071743554
0.46299999999999997	13.156497451261018	53.968832314348425	27.940372849325495
0.46499999999999997	-90.13784515021771	54.93171998217284	27.445012998978065
0.46699999999999997	34.833250831756146	58.54496008982284	27.421630396604016
0.469	-17.90877013330139	54.22447448710872	27.2507824796128
0.471	-26.062822001016173	58.202492352439606	27.76041029891122
0.473	-74.87090351854242	51.66477776386167	27.409504721288894
0.475	-26.711931125023014	50.88654892586321	27.839961998529915
0.477	27.80030295035374	63.81430876061652	27.880216515486726
0.479	-28.195507601469494	56.30205224333188	27.79704469771386
0.481	-43.00609293517166	48.75365505941453	26.911130507059596
0.483	-40.3545631822988	57.85853664803767	27.19924027253911
0.485	-43.60088769672643	51.95075832613909	27.521846651521905
0.487	43.10247496053243	57.99752861450716	28.67159121530575
0.489	82.87333138201625	54.96884711461238	27.18336082373836
0.491	13.476764656461526	54.92559117656873	28.114716194943316
0.493	24.702625731176653	59.3626649923505	27.8112959686098
0.495	-9.418704540631317	49.22814098202996	27.74985694059567
0.497	0.5660671336116252	52.14630109866552	27.555550102402044
0.499	51.19181819757124	53.12474638659432	27.777549042669197