-0.499	-91.99299453821475	447.97459380174035	26.77296126092093
-0.497	-209.10850666944202	489.9042158195722	25.206136226032402
-0.495	-106.27700767662506	448.4610802631411	24.691813281599185
-0.493	-637.0926137524435	470.93175303171773	25.056621144609025
-0.491	-106.64599365750593	428.03351075663414	25.019926048570472
-0.489	-17.83063596305645	430.5586541364907	24.71600160103551
-0.487	-615.593236723555	457.5745833395572	24.431260148883194
-0.485	-156.70971919778952	451.2790865415214	24.456650794566457
-0.483	-572.0281445050767	452.44537557134566	24.977104261595077
-0.481	103.6063974506618	450.93180547723784	25.375535436684395
-0.479	-841.677788895323	444.22820130653497	25.717232000268968
-0.477	-507.48369317299426	465.89254068579436	26.032239847119236
-0.475	-328.7067219162054	433.77389337475785	24.67278928339667
-0.473	-755.4613025485546	422.3225925241601	24.958542929739426
-0.471	-76.02732628486652	452.691684150536	24.687981306748895
-0.469	32.18882533229106	445.7681221792773	24.457561371073908
-0.46699999999999997	-377.9614105001716	438.1211636063556	26.399728925775158
-0.46499999999999997	-408.6660337099257	449.5524861000265	25.85202851865937
-0.46299999999999997	-459.7881355210553	421.1277938984738	24.992751328927167
-0.461	-221.92522949748826	465.72184911593985	25.298444556383867
-0.459	121.71890030465704	461.37745253165497	25.16193636819194
-0.457	-555.5369041428949	435.7971285028161	25.39851277174389
-0.455	-176.65765725061178	451.6617644675688	25.080562149445022
-0.453	-9.469441654252897	460.9726717307086	24.93468936613987
-0.451	-308.2886738082768	497.9654542636323	26.675032497580073
-0.449	-330.49879968916065	448.1438225156523	25.25405970339218
-0.447	-75.10823092260478	455.2147154316562	25.77450383759984
-0.445	246.1864563638727	421.05764319295963	24.809436369037055
-0.443	95.31835420206747	419.1458870023464	25.250832681588538
-0.441	-620.9269730476086	440.3897800767314	25.27902651562207
-0.439	-564.1340333885081	409.43897483620503	24.406765159618747
-0.437	-327.88886194323743	440.53853532263645	25.453064644741975
-0.435	271.9378932347638	444.67236588133403	25.51118654169965
-0.433	-291.81139250167297	459.78314854371547	26.016127470397503
-0.431	153.80802351971923	424.9664941337724	25.921643022308558
-0.429	-133.59380574129443	419.2348210609327	24.748992964620424
-0.427	108.30645227732916	415.98816532440253	25.683367730000334
-0.425	103.224246629674	440.67925054604854	25.391609866910677
-0.423	-302.52608595204845	409.96335025794497	25.01203574078469
-0.421	-392.59682057202207	411.82871229881795	24.21498671205693
-0.419	-121.99847347993398	431.2191084711132	25.216145860426234
-0.417	-79.02347003341248	445.36990227755126	25.40700004439659
-0.415	-239.08715547449333	417.15318599159315	25.773586767597628
-0.41300000000000003	-54.23778872215568	437.7277848471387	25.431710761572766
-0.41100000000000003	-271.30909086203746	412.37002042072925	24.776124955973298
-0.40900000000000003	-106.59929757139696	423.95900493137816	24.509563174108592
-0.40700000000000003	-145.7156918185376	416.1893916981094	24.599980522337866
-0.405	-333.6851579880396	407.29813934731806	24.847031594533565
-0.403	40.66007575986852	456.2458035926611	25.367158402988895
-0.401	-290.05938853554625	432.83314672359194	25.078922491144287
-0.399	-119.85612411058443	407.5016492082099	23.70511827656839
-0.397	154.5158417484149	443.8014689781954	25.493535764927362
-0.395	-77.28827368536085	421.02990258122867	25.076082779081876
-0.393	276.9579554395829	426.2956039833184	24.973703921670847
-0.391	254.76209616193125	457.72723801999757	25.278360219755115
-0.389	133.72789439713983	454.87065393618775	24.95997668259008
-0.387	-65.97132064967148	429.32148453198124	25.768551754918835
-0.385	164.9683511277811	440.8022467105198	24.57034972595653
-0.383	-211.6664684675973	418.0424937094429	25.33996095869079
-0.381	118.19457164241598	467.1562323488497	24.85106529365949
-0.379	442.7722630695463	488.82572824193335	25.739102928748576
-0.377	-84.72431642292389	465.8812979727679	25.49017638354274
-0.375	-234.05549301069863	416.88476341325224	24.214906675498067
-0.373	-14.835565727788769	427.10089288829676	24.911641633187458
-0.371	-52.868438577213794	431.7268186216831	24.689670550994393
-0.369	44.23670218267617	450.2955262584441	24.08486418706496
-0.367	-550.8471840511842	397.43259070658087	24.179604316988634
-0.365	-378.3820553983075	443.9312095480054	23.921871691325734
-0.363	-223.87055426942305	471.2311774555808	26.146802374108407
-0.361	-123.50830232876753	419.16621310145985	24.52573812962733
-0.359	-130.93795962815236	494.8155786445162	26.249968546268146
-0.357	-16.448678204938894	495.191984298092	25.077881029447074
-0.355	-204.85889278321068	444.3258427640358	25.623799724715454
-0.353	18.26220741474316	431.8020359139046	24.23583480133997
-0.351	211.6050453111473	450.59739891460896	24.802756096635036
-0.349	-329.0666049312607	418.61692710660844	25.586369070708777
-0.347	244.9974003686517	451.9940486528174	25.205934583367487
-0.345	263.38963183181187	459.8906158200854	24.437788224681263
-0.34299999999999997	377.83867473173416	477.1097819967199	25.495224085992458
-0.34099999999999997	294.6649764532516	482.0650996390093	25.49003748263866
-0.33899999999999997	199.49979066535838	452.96770535134806	24.977840056999206
-0.33699999999999997	427.5752225921803	490.59300633574344	25.697369746550944
-0.33499999999999996	94.69288594421421	461.4820257478917	25.148787999972733
-0.33299999999999996	356.62110366407876	484.26995648419614	25.123235831650806
-0.33099999999999996	-160.67394134966494	421.64889691838755	25.385162438654934
-0.32899999999999996	458.3738088799194	469.0765649501718	25.2014601540602
-0.32699999999999996	251.38993386386588	449.98943645250057	24.455012738617455
-0.32499999999999996	-110.31331495015007	418.5717697818838	24.208274867914323
-0.323	460.76071614553626	453.6179745385901	24.90574957947042
-0.321	351.34781550372196	426.68735110851804	24.475334627940722
-0.319	344.86884020146215	433.88075761095035	24.641992132063773
-0.317	518.5539670313766	452.1133533299024	25.338579994518728
-0.315	-120.653810335547	389.16103322361	23.330238768619164
-0.313	148.30166605772632	417.84764575166724	24.528644206724934
-0.311	243.80641478272125	438.15388806339087	24.759726259552
-0.309	255.7348887062272	428.9409547359977	23.90674885884691
-0.307	91.60520351603196	423.77624782883805	24.31656515992273
-0.305	826.0725510433886	447.26484800151013	25.241348201270714
-0.303	865.8111496779864	461.3635579383523	25.4197541520371
-0.301	342.1364667230975	424.59640527915565	24.565923503984525
-0.299	709.8170587414021	438.92087209012305	26.071042789029107
-0.297	314.24424429871146	444.79371510396237	25.13419462583852
-0.295	251.5970498011555	409.1141922039857	24.76655019361121
-0.293	-94.01727570756968	406.122682886953	24.862711963705312
-0.29100000000000004	137.22470916888165	426.67151004965336	24.757510711971037
-0.28900000000000003	95.13678939598869	395.52329788006705	24.43006641830899
-0.28700000000000003	263.842206415843	392.1918938736653	24.053069397330784
-0.28500000000000003	260.83974673474233	426.4374775966875	24.64242279327963
-0.28300000000000003	140.3551944745285	466.69155735635417	25.39392665569644
-0.281	285.1742471996488	426.6959301526955	25.27008424576527
-0.279	324.2562460887832	408.81144634600884	23.89583364177908
-0.277	136.59410781441395	446.26417411732155	26.182039041513143
-0.275	-171.4411155285811	418.27910994954544	25.513408072422603
-0.273	234.69403863884963	424.07623766380016	24.495768624954987
-0.271	372.6037203362065	441.78915230927515	25.13634868889804
-0.269	213.79921451192274	409.62150281389137	24.452289556833225
-0.267	606.375502278489	425.5475610097045	24.504314028199623
-0.265	482.1538855426244	402.683192184387	24.28924553817602
-0.263	394.8798850910151	419.1023785756721	24.931425751152226
-0.261	585.4414797474839	437.70839680835155	25.256959789901813
-0.259	225.77362057418782	437.9517437518009	25.331155403822237
-0.257	7.41028329476201	407.91328788495053	24.762793904655744
-0.255	96.25245660394022	407.10945961787854	24.606194079755983
-0.253	-202.3457311455257	385.48851704628555	24.66172909961725
-0.251	208.67183937656188	405.47033975405463	24.00642928814445
-0.249	620.0103024540659	440.48411994314296	25.151576162240154
-0.247	48.178102458606986	437.6183696621493	26.22978149223602
-0.245	-48.87064823133613	390.8188122513366	24.494284512183004
-0.243	133.503627302467	399.1964185492037	25.10354123494934
-0.241	-92.2467310821018	418.08216995607756	24.996383913958717
-0.239	237.6612438321768	375.9448600506003	24.387335915054127
-0.237	54.980417100614076	393.20383288886035	24.23114696110514
-0.235	-65.35293708964662	391.15477792505163	24.998533735339198
-0.23299999999999998	-25.022035299970824	387.8878858054251	25.289714862285386
-0.23099999999999998	310.66491624920366	382.56285174094097	24.637394063079547
-0.22899999999999998	-37.15510486790308	434.10226300748366	25.587164669362203
-0.22699999999999998	-227.61536696636054	380.639297558028	24.239015296618824
-0.22499999999999998	-157.63606499885617	364.68371351079765	24.490160676870204
-0.22299999999999998	-538.6268456916143	381.1443105006002	25.09585118562458
-0.22099999999999997	-25.857040242049933	355.9367774434336	23.660690720041234
-0.21899999999999997	-393.0273036490961	328.5694567351689	23.696698059825366
-0.21699999999999997	-433.42291462389323	369.38964657591896	25.107151682480627
-0.21499999999999997	-79.59829513870531	374.8240688425646	25.66853413614147
-0.21299999999999997	-132.43114598981975	376.56511306815247	24.264733822243187
-0.211	-271.8589913724978	375.5810816856411	25.03545247431853
-0.20900000000000002	-62.89809737924923	400.31790063900297	25.414458659729384
-0.20700000000000002	-317.4138991004494	397.8499326774561	25.23332631805874
-0.20500000000000002	-373.9895358439993	384.5431617268317	24.934271785231406
-0.203	-104.79230669624417	384.1482083646544	25.528810669955146
-0.201	-495.23786395000434	347.84626226552786	24.254698478729456
-0.199	-381.9198709164029	402.3614379458683	26.290147659467394
-0.197	19.67937030489253	372.48517239851077	25.61278584911269
-0.195	-177.33372154560277	411.7835497741568	26.365626248780814
-0.193	294.490188527341	402.54332564200035	24.604978931095353
-0.191	-156.6790003438845	372.18612737512115	25.4886933529309
-0.189	-173.0589455750664	376.4575849873853	24.91415281965026
-0.187	-90.10345403681619	389.2875545525705	24.969138331758785
-0.185	-313.3391161033172	368.90077443759503	25.023375612897922
-0.183	-279.3534149425625	375.29820635017813	25.045911661009853
-0.181	-209.60325441143902	356.5228082282763	25.216745527317634
-0.179	-564.8619314753134	380.7034347910476	25.931850609840748
-0.177	-169.76832057113978	390.1002827165841	25.92242116667239
-0.175	-25.991163342786727	395.1420422891812	26.084080415768884
-0.173	-34.00016356180924	396.3072118053556	26.29235448496916
-0.17099999999999999	-620.0255548606259	364.13359400175415	24.384547629625732
-0.16899999999999998	-198.13909339028157	376.6385628937523	25.25658195271782
-0.16699999999999998	-534.9750576056911	386.1620608294829	25.324225663863192
-0.16499999999999998	79.43098921381342	375.97808166442167	25.464297315590418
-0.16299999999999998	-380.1557391711618	350.51621486705045	24.96957953272105
-0.16099999999999998	-459.38341326690056	360.84560016028445	24.475140571503797
-0.15899999999999997	-368.928162430171	394.5844765192783	26.847079104430545
-0.15699999999999997	-312.5141334634485	409.738382504403	25.51928170454121
-0.15499999999999997	-262.5119861981995	401.0686116068327	26.45878264808508
-0.15299999999999997	-45.67787702658421	400.02801168583204	25.27325039988449
-0.15099999999999997	-61.58329316130473	378.99857094902393	25.73075506529334
-0.149	-362.9375136084967	381.5052611712182	25.21772594062472
-0.14700000000000002	-161.07651569263749	366.19185759972254	25.597749579529147
-0.14500000000000002	-698.7692838584802	388.6467417287876	26.054273107058297
-0.14300000000000002	-268.9701352832641	415.31623502571676	26.97174516317199
-0.14100000000000001	-104.81888125313255	362.5979319521619	26.708669921971158
-0.139	-252.52564877509263	385.35721541763667	25.308384832564276
-0.137	-370.4598416808258	371.56170237852945	25.300185886483554
-0.135	-309.0388701230129	379.6011720805543	25.389133637956537
-0.133	-205.66215840356338	381.4418759722108	25.110225671053882
-0.131	-116.80580059558743	376.6650598645146	25.454140680701435
-0.129	-229.7126944562633	375.9666254642299	25.137446522481326
-0.127	-335.60199789750556	387.9701981880228	25.45830460130773
-0.125	-291.131296083047	406.70417518735303	26.9060840544469
-0.123	21.40170815456699	355.251719910515	25.55614976246387
-0.121	-296.729336611512	363.0029710071229	25.232423213478114
-0.119	-350.3722776564411	419.1260392931329	26.925749854428176
-0.11699999999999999	-424.08916487290946	360.8544666842542	25.36138006265461
-0.11499999999999999	-151.59686513943615	380.36608841009496	25.852900088393945
-0.11299999999999999	-282.91637557653627	386.98696400041996	25.84024540398407
-0.11099999999999999	-400.6877527962249	393.64920939893346	25.93627920986749
-0.10899999999999999	-248.32045594946894	396.5539120798674	26.655244307694446
-0.10699999999999998	-586.7106307234637	396.83506020057	25.888752454990254
-0.10499999999999998	-460.6430925311322	355.2643794606631	25.081743994695785
-0.10299999999999998	-295.95036839025204	348.2821289372815	25.87244012207904
-0.10099999999999998	-471.7709790230673	376.4228169375552	25.27955629940303
-0.09899999999999998	71.41065311677686	368.23966705198563	25.518960194859286
-0.09699999999999998	-340.95193769767553	392.9261799740279	25.947820371472698
-0.09499999999999997	-246.5187562517013	385.4398949604749	25.748632252079137
-0.09299999999999997	-48.92513264587173	374.6019093408775	25.478888193676305
-0.09099999999999997	-138.89545887924015	379.7916883846021	25.47088302779211
-0.08899999999999997	-307.0858015844502	358.5722753631561	25.24575405682154
-0.08699999999999997	-450.8920355622559	386.6515432152694	25.93711306182295
-0.08499999999999996	-14.868565667125466	340.9721909987516	26.36364503620605
-0.08299999999999999	-120.31783964927544	376.0079057659973	25.3960028023885
-0.08100000000000002	-699.2626030836169	396.56607989477544	26.833094854410547
-0.07900000000000001	-180.09906736227154	352.71317049941706	26.61956502901626
-0.07700000000000001	-446.2289968836242	384.02488766885676	26.825036349972603
-0.07500000000000001	-193.56698717409859	354.4003886844128	24.14798050420609
-0.07300000000000001	64.79332756126333	385.56885004087354	25.472079003179076
-0.07100000000000001	-499.6379866080147	351.46744362277803	24.3752048072582
-0.069	-4.080934327910235	415.3476734616783	25.63176483170387
-0.067	130.7444312115269	339.45345361226083	26.437159457716046
-0.065	-31.167370974083397	412.079121260975	25.992145570011495
-0.063	47.46259837884459	394.7955595302128	25.50081073730983
-0.061	-238.7862703405741	368.5553409862286	25.471412241304016
-0.059	-174.91315749673663	370.4912800680892	26.074474002325754
-0.056999999999999995	-62.648521154784476	390.31320567155166	25.418648737502263
-0.05499999999999999	-261.9969144743717	384.50759181972563	25.505529818390116
-0.05299999999999999	-216.7721492646324	375.9782247518743	26.035124454764723
-0.05099999999999999	48.48944508806241	375.9225577801218	25.662380872842803
-0.04899999999999999	-224.8881870475783	345.89663436814544	26.491271856877944
-0.046999999999999986	-280.3310516427127	362.14050852860845	24.816802248695666
-0.044999999999999984	-304.8837355266176	368.81485536959633	26.956431793274163
-0.04299999999999998	-114.12824309775527	375.4414384782159	25.651231443732353
-0.04099999999999998	-322.6975793473308	383.2074330490438	25.733884821044356
-0.03899999999999998	-249.6010233654644	372.4626832257836	25.873771266056767
-0.03699999999999998	-177.23045005779704	339.5438247355214	25.123050509628545
-0.034999999999999976	-208.25480824848697	358.635979948021	26.14199820177433
-0.032999999999999974	-309.3544473393717	386.221177748039	26.461062967446072
-0.030999999999999972	125.24220776577444	378.80181801005085	27.132208659424418
-0.02899999999999997	68.04600001242278	369.8867496826106	26.85141973424389
-0.02699999999999997	53.07805829080081	339.26866820592596	26.21480149335832
-0.024999999999999967	-324.0059814212382	391.17516260429323	27.204747623222342
-0.022999999999999965	26.30489119925805	342.25153354548996	25.942492672307875
-0.02099999999999999	2.915618820154009	368.8945416107781	26.675977337861944
-0.019000000000000017	-134.94091976196108	350.9307786599566	26.428384861881497
-0.017000000000000015	297.80876093421506	364.1536505806682	26.559154229033787
-0.015000000000000013	-183.79256350775643	370.4219420349468	26.742250058301618
-0.013000000000000012	-20.435191688483734	354.83157687284375	25.996255664301447
-0.01100000000000001	60.577519519045	324.5697839648472	26.032753854780992
-0.009000000000000008	-361.9516419208768	318.6281143559266	25.370472562234166
-0.007000000000000006	-520.498507169731	343.99081553675535	26.31924275360066
-0.0050000000000000044	-182.39696942445872	329.0430326804504	26.921234958526064
-0.0030000000000000027	-575.9119197992213	312.37582653255873	25.869098096195717
-0.0010000000000000009	-282.5941818187516	338.4710463114916	25.563252669735835
0.0010000000000000009	-169.98074376961546	333.26864511159954	26.32434474658623
0.0030000000000000027	-504.1771100118275	315.8025212934788	24.94205727955792
0.0050000000000000044	-169.12156279580427	342.8998076790623	25.148257600330076
0.007000000000000006	43.0179081833959	325.45964614774874	25.562908176175583
0.009000000000000008	-162.19553310370395	331.2728015269507	25.663868258888
0.01100000000000001	-148.1507696822204	322.93851581829483	26.29683046229727
0.013000000000000012	192.33431540266466	317.66200075288805	24.781092426343672
0.015000000000000013	-423.7391723381778	330.0349579970416	26.10147718085134
0.017000000000000015	430.3157378666711	338.98743692152243	25.554739187137457
0.019000000000000017	-163.3388676850478	335.8481318446716	25.849178832319968
0.02100000000000002	-5.027991215489358	334.74632053140255	26.694721348374777
0.02300000000000002	30.758341847292314	341.64368838749425	25.26592621632879
0.025000000000000022	395.36459596867246	339.5080589566099	25.767806217246402
0.027000000000000024	103.6273092469564	359.03154988351787	26.396938207495033
0.029000000000000026	7.151462817933663	325.45888638179724	26.907950660015935
0.031000000000000028	-30.999487077632004	334.22120772658127	25.03907445634379
0.03300000000000003	-38.19365705082234	327.5103028905595	24.816738261900127
0.03500000000000003	-21.210969147089642	365.9456334686951	26.346846213701756
0.03700000000000003	221.96763548953948	354.0306996594789	26.010065035996057
0.039000000000000035	220.9568392519401	326.77332367430546	25.480583018589783
0.041000000000000036	-152.61239597652576	322.8667242208977	25.556535981679712
0.04300000000000004	23.33055649761384	354.73612399664506	25.57824714336914
0.04500000000000004	386.0734064315974	327.8570730580153	25.41524017475537
0.04700000000000004	-69.49167727343664	364.4390136236406	25.201028539770526
0.049000000000000044	-147.6064138951072	331.99594137119334	26.663793144837598
0.051000000000000045	77.42680444944305	317.6527955327458	25.148452413792953
0.05300000000000005	2.6287610610520318	367.6319971228883	25.79425440052365
0.05500000000000005	122.15552050509615	363.39762357197657	26.484202782661644
0.05700000000000005	207.61249435841123	367.6145555614227	25.48112624258645
0.05900000000000005	-116.59158698340555	347.88831227280286	25.841791724277595
0.061000000000000054	-143.75722056214624	389.07332094942075	26.387599972384304
0.06300000000000006	436.44290339828194	330.6610571173669	25.571367451403763
0.06500000000000006	29.171023835372623	341.85093721111275	25.18803553482578
0.06700000000000006	-141.12539341493147	308.1923481076555	25.215153779387894
0.06900000000000006	19.87688748417149	341.2867874819509	25.551301378735356
0.07100000000000006	-89.74947868101157	333.7217811612593	25.544364274266368
0.07300000000000006	-173.1365577564148	369.0797292485566	25.527283245323257
0.07500000000000007	-201.94931280437257	341.1629767476682	25.8121646678442
0.07700000000000001	-154.13127232488665	361.1939069490045	24.877254127561574
0.07899999999999996	198.43886084891517	375.68697504603034	26.165246625071482
0.08099999999999996	46.08409963613447	318.7858728334935	25.511642173972348
0.08299999999999996	-216.7792878375874	333.0693678756953	25.48772959731651
0.08499999999999996	-395.1816622628224	334.4383179720635	26.361731970476544
0.08699999999999997	-185.8297015809862	330.15216324032986	26.03183100721392
0.08899999999999997	-189.71654637511824	364.3475751513999	25.86281888634847
0.09099999999999997	35.98699687690221	376.53993119816647	27.078400303626488
0.09299999999999997	-12.840934219382483	329.74443444943296	26.15414730433603
0.09499999999999997	-16.29751895959597	359.7260644500004	26.855675522462235
0.09699999999999998	66.3714046729158	347.15061846762416	25.736111212633357
0.09899999999999998	47.47503701563183	352.83865282759854	25.493930827376158
0.10099999999999998	-229.70096924246343	345.42734963967195	24.83905541473539
0.10299999999999998	-660.7185860593167	357.434733648203	25.141360165098593
0.10499999999999998	-508.517972128808	377.11027499238685	25.585898141999127
0.10699999999999998	-374.93117974551905	334.16049123475256	24.734051604323497
0.10899999999999999	-149.18346653147728	325.7975008419618	24.746320889736232
0.11099999999999999	-133.9275539076201	359.898619013932	25.95589109364483
0.11299999999999999	-159.135320112469	363.02631894773464	25.3489888405235
0.11499999999999999	-271.30007499065465	362.3953772874078	25.826324390068546
0.11699999999999999	-500.1919902113405	377.45328560831035	25.1170795845528
0.119	-48.9307004555295	368.15058583331165	24.36797844528723
0.121	-352.63300968402245	338.57568745685944	25.515698209625192
0.123	-109.32424299570087	380.5950222988056	25.72222812214781
0.125	-147.86202200156583	345.6547272486974	25.460994977804262
0.127	-307.45678864074756	377.1128395058525	25.54287628609186
0.129	230.20302259402214	400.72695769227084	24.85222744417052
0.131	-83.60250275529779	380.5938880752037	26.061822588236993
0.133	-181.68982070521088	400.78737783295514	24.58271501158039
0.135	-99.05354824757407	381.6981904032668	25.725906251710594
0.137	268.61105181219534	398.9164788797594	25.189701303206217
0.139	-186.19483123216708	421.14314725997343	25.558315822087426
0.14100000000000001	-518.8639224608105	384.5242060566972	24.567426788202688
0.14300000000000002	129.8860232650245	391.88795027134654	25.788473986587288
0.14500000000000002	-224.74722912890766	360.9026428446959	25.339845493094998
0.14700000000000002	164.16071265301645	375.7677020952723	24.549055006383448
0.14900000000000002	-356.44437873338927	397.07406778766284	25.251728882497105
0.15100000000000002	-373.4593727234836	430.5533517514483	25.492012065727426
0.15300000000000002	-218.57531411362262	421.1119718431116	24.77561088233944
0.15500000000000003	197.75519434883648	375.32489752163553	24.72518050429542
0.15700000000000003	-242.12439994453217	389.0354376560524	24.48726111571226
0.15900000000000003	-609.0105562892578	363.77436893114947	25.177711498162076
0.16100000000000003	-289.04579583111104	401.29916620678233	24.54631763051869
0.16300000000000003	-327.2453349147941	363.5675169065597	24.16660128187304
0.16500000000000004	-224.9204196154153	380.1464676256071	25.47767944362772
0.16700000000000004	-243.82204778072847	398.23741069327724	24.856270287994572
0.16900000000000004	-394.22630647267806	406.7072485027854	25.021633387881742
0.17100000000000004	-451.92355033263357	381.8059958347328	24.491276286758207
0.17300000000000004	-375.2191953537709	399.2661742680626	24.707902013060693
0.17500000000000004	-296.73318122214187	373.16839813379465	25.057281945344695
0.17700000000000005	-670.3481938140632	354.60184584504015	25.120221965318382
0.17900000000000005	-549.6015360462181	406.54418309279595	25.214585888387195
0.18100000000000005	-582.801679998135	362.92502507061937	24.925455695917606
0.18300000000000005	-293.20388577724896	414.1710814640515	25.504292833386952
0.18500000000000005	20.16584425201806	406.6266545700147	25.171253724005002
0.18700000000000006	-268.7537303330823	404.05924240203495	26.043364398020177
0.18900000000000006	-156.34048536183886	380.7370016635418	24.726270503760425
0.19100000000000006	-109.82235393097727	382.62916537881756	24.45045207318827
0.19300000000000006	-329.6002094044237	405.7704277077135	24.784527885570014
0.19500000000000006	40.319338725058884	402.2031923357227	24.266423282716335
0.19700000000000006	-505.5779641326419	384.75426790991327	24.488868805579884
0.19900000000000007	-450.39312167838295	399.0322689614734	25.051302282264633
0.20100000000000007	-808.0810909849579	401.6776508497761	24.830695009934853
0.203	-257.2852959942251	380.2185018224067	24.38211870543378
0.20499999999999996	-145.91429987065308	404.2742847735877	25.374691383522343
0.20699999999999996	-38.60075129746843	426.388634881543	24.552577287999107
0.20899999999999996	-643.0613105256056	433.488100050997	25.0579916900099
0.21099999999999997	-375.79695473344276	406.7185454847686	24.730537825160933
0.21299999999999997	-306.3735670535417	400.49997776556177	24.55511985146069
0.21499999999999997	-670.9849908549393	381.3723804676448	24.61980386529529
0.21699999999999997	-368.0460462535118	410.1544676057976	25.10645716778109
0.21899999999999997	-808.8198420136416	453.32791439924796	25.852364161850602
0.22099999999999997	-136.20438336348073	400.37341638741054	23.727403168949444
0.22299999999999998	-541.7289543839798	420.3956908583846	25.76117275709729
0.22499999999999998	-465.0190453087122	455.4836355784299	24.917038017249194
0.22699999999999998	-617.0369259098641	450.9948706259548	24.72654433586405
0.22899999999999998	-327.5710792209896	421.22062779391814	24.69795590379301
0.23099999999999998	-538.5065787767429	430.1149780107547	24.557270507598872
0.23299999999999998	-651.534804839593	443.061797383088	25.54654165880307
0.235	-331.1814323696538	416.6104782290854	24.473890520819673
0.237	-751.5263499355829	423.6036091593368	25.98169217876651
0.239	-185.13923184693138	413.6938367349024	25.540479251668174
0.241	-622.0701542611895	401.86926521273756	24.348729910238664
0.243	-562.405919668163	438.9840328556013	24.411295839841742
0.245	-363.3502143334244	418.1315675394705	25.112137099129946
0.247	-636.6107579950375	401.8242545388262	24.498925181288197
0.249	-578.2285607860426	426.8387421500201	25.05164535137896
0.251	-622.2323615499015	404.45391167599814	25.191078076969166
0.253	-786.9064595771302	457.21231024693793	25.412990491568753
0.255	-749.2873268766242	419.0250943343242	24.87717438116779
0.257	-378.96103485068886	435.36622301121736	24.0283137236318
0.259	-444.44451629865875	407.8966628366984	24.22193294960428
0.261	-634.5249724122315	459.82216276639247	25.022865134329187
0.263	-379.5151655082707	442.559764710303	24.633652563438243
0.265	-552.1743439186322	466.41012341161485	25.702023269068235
0.267	-605.0498135078408	451.0220270987918	25.848444090694656
0.269	-451.22904239891517	451.87194278775394	25.072294510727435
0.271	-1073.593864640454	461.1985760726943	25.623764057869625
0.273	-525.8713895368583	460.33152207775277	25.698426019943398
0.275	-382.2676142160031	440.5053758292103	24.443871867413048
0.277	-29.46060157282826	439.3870723153361	24.652527416467265
0.279	-413.8394156678604	425.50173292545924	24.701083948259523
0.281	-83.34108441865328	436.9820775897929	24.438311663902674
0.28300000000000003	-745.3082937972644	414.9461485017883	24.14358808616128
0.28500000000000003	-351.34820348359244	437.3530197456783	24.756506510418383
0.28700000000000003	-630.9684181073916	437.00990556445157	25.269703094197407
0.28900000000000003	-651.4694057638826	434.84504501234125	25.485191374925627
0.29100000000000004	-476.1989526943511	429.30159064218793	23.68622201991004
0.29300000000000004	-379.0998186490313	448.60068993234825	24.33052476517925
0.29500000000000004	-317.21914318427747	426.4933960303693	24.115490132987063
0.29700000000000004	-274.0292407517053	413.05396218286904	24.238848891431516
0.29900000000000004	-351.83998120691393	469.0852801627919	24.8666649969386
0.30100000000000005	-439.5002555004357	444.917629129038	25.11045675252571
0.30300000000000005	-133.39298748427098	464.7667912182612	24.5016826539944
0.30500000000000005	-339.14121731937195	435.2773331645587	24.491609356992125
0.30700000000000005	-337.53554817561593	465.47813216131914	24.69659966989152
0.30900000000000005	-482.94868518727884	443.56051587732185	24.709854244603214
0.31100000000000005	-457.93545472971874	434.8497620228057	24.573314091322132
0.31300000000000006	-308.4812811173787	475.96112161163484	25.12826234318366
0.31500000000000006	0.8716534836139544	401.36474645308914	25.282893671609802
0.31700000000000006	-199.28691741155635	490.55776298856443	25.41689269919949
0.31900000000000006	28.223735135446404	440.7675855579261	25.151180338941703
0.32100000000000006	-126.94159908999137	424.85382685648466	24.151727394865436
0.32300000000000006	-487.19257436746767	440.17346703926023	26.261750577231833
0.32500000000000007	-587.7768659959814	406.7051374002252	24.90798804320374
0.32700000000000007	-342.5306614797119	445.14347427398747	24.94205351248521
0.32900000000000007	-488.2959593546232	426.43214521341037	24.33017498018246
0.33100000000000007	-80.86404189966423	469.3626952010457	24.886428402402547
0.333	17.62918336400965	428.17037867572066	25.105151779834735
0.33499999999999996	-96.17354721813686	463.53826137166084	25.479999280034193
0.33699999999999997	-152.46436022675613	448.2967453914347	25.16875149361289
0.33899999999999997	-721.701848350742	473.70063614763836	26.69526766114356
0.34099999999999997	-31.42197944483449	431.4442791309549	25.008861634044994
0.34299999999999997	-221.43068249491637	437.129699594659	25.298004571119872
0.345	-628.6288131980289	456.97226590393495	24.395339365478964
0.347	-41.17069276310392	481.7557079990606	25.894579055648325
0.349	-64.91787116014169	464.4880241997997	26.047003657997433
0.351	113.80645865832761	443.26545287698275	25.11053840218347
0.353	-288.07065094260673	414.0365000729277	25.620588275000294
0.355	-299.06874141671926	448.0960788648809	25.835844346268132
0.357	-400.0212957847582	439.98995464251817	25.33499769720904
0.359	42.790840790063456	476.0576260479555	25.46137083309258
0.361	-174.3126591388089	446.90286120195094	24.70171059429859
0.363	-571.922895410193	484.61077269972327	25.670562116434965
0.365	-130.75763650671757	484.56655391556086	25.18610263946207
0.367	-54.16509503264333	461.86827947809354	24.588806030062017
0.369	-289.5406388048194	433.3373500692685	25.216663647533938
0.371	-64.82878157276772	430.1473260679281	25.91507799606606
0.373	-358.68384100989914	501.04566682000893	26.258678744048783
0.375	-75.16854434375108	418.4596959178393	25.127472041856965
0.377	-727.9278967027292	463.3179638210545	26.179285514979753
0.379	-593.112982942512	474.3877571610061	25.377097741309242
0.381	-62.91193892704605	547.9736022663265	26.038331308284786
0.383	-199.50166708737615	492.1241908185974	26.291829569448936
0.385	-129.35745730136006	443.70319051453464	25.13807438898046
0.387	349.4281716605041	484.2302335478055	24.33055559242682
0.389	-280.2917717453779	449.99533717629646	27.537789472292694
0.391	-749.191336590016	496.5281425955419	25.934010262875233
0.393	-70.02086205021297	481.26096575670516	24.433077628316518
0.395	-776.2078585084042	499.59975204295927	26.013054031140417
0.397	-367.90232331584957	486.2939998153985	25.192292141592098
0.399	60.53426938534834	506.96329616238165	24.96439676871727
0.401	-712.7646629111473	486.20729459030787	26.76779300717489
0.403	-193.19069899548236	483.02049517254886	25.987697904886367
0.405	-276.35574238615845	432.39412063065544	24.73549520037351
0.40700000000000003	-43.1940411844689	539.1899300508157	26.263301940229933
0.40900000000000003	-73.28484893176501	482.90226575440465	25.228155677263793
0.41100000000000003	-89.00662411837068	460.05973609310973	24.814037612415767
0.41300000000000003	-517.1948748899924	509.9763155061299	25.30078013815344
0.41500000000000004	-189.27257254819364	443.99401889477525	25.079040409290908
0.41700000000000004	-301.5105137796903	503.8536772367607	25.253025485746583
0.41900000000000004	-302.07859885400535	513.4471359887474	26.050303776810832
0.42100000000000004	-670.8713800168687	445.1242803960918	25.313931701695704
0.42300000000000004	5.8855278624037055	464.0139013381247	25.089533223122512
0.42500000000000004	-105.7595149802637	477.73873324075095	25.64515875868762
0.42700000000000005	251.56687232263943	466.39779971956153	24.87988529481201
0.42900000000000005	-396.3341435615497	471.85136129232103	26.079993865410238
0.43100000000000005	-542.4971796683665	464.6497857475928	25.65811185083849
0.43300000000000005	-383.2677912944948	448.1513289262052	24.892288235139272
0.43500000000000005	-37.83320826222791	459.9537488479617	24.793740121332096
0.43700000000000006	-229.37994606642144	466.1485149385375	26.090800011002077
0.43900000000000006	-199.0316068700704	488.5912464441332	25.28491526885313
0.44100000000000006	-49.60057896274961	473.93724287667845	25.574583773634817
0.44300000000000006	-178.44095576602382	444.5112353748893	25.12416269894088
0.44500000000000006	339.22392578311644	454.32116599392407	25.166728127761864
0.44700000000000006	-4.647013500225228	475.8124141430414	25.555272116983552
0.44900000000000007	-375.6213451127088	485.0408829400463	25.432517378829797
0.45100000000000007	-427.9753464661029	442.8011973491859	24.95356915769339
0.45300000000000007	-289.59995788613304	439.30430870036923	25.511590089177844
0.45500000000000007	-189.6749015820598	455.8510287513432	24.885877329503494
0.4570000000000001	-154.1946878604872	485.3535074439698	24.93070769498009
0.459	164.60853859401325	483.427420539653	26.265166806281783
0.46099999999999997	-104.12520245994816	466.30832000269106	25.216416715602723
0.46299999999999997	-117.19017794975528	418.2046558743983	25.76983103289097
0.46499999999999997	129.26844624172594	447.2716989673995	25.252959238196105
0.46699999999999997	246.0159345476498	482.1757508351458	25.253187480533718
0.469	-650.6524667819757	453.7322129873076	25.94559471075425
0.471	-155.15601971305415	442.93607371317273	25.20713395852406
0.473	326.7792897307942	454.9875935808072	24.541467144909763
0.475	-108.69214265663007	460.5223058143108	24.810425468339044
0.477	-296.92237615919214	503.46975187411687	25.72477849776487
0.479	-162.18976281967556	452.9104344608715	25.708931346501547
0.481	-372.0847208837919	413.0010647817005	24.408413498262497
0.483	317.9245589119972	450.252417408981	25.85910177503753
0.485	-78.89123600668401	439.4199325193435	25.657598802804834
0.487	-503.92095453555277	407.69412140472457	24.388524381240778
0.489	-663.1276402219166	449.8462371570042	25.0564000805943
0.491	-317.0482156303889	456.6402152109345	25.636310928356668
0.493	-577.8643970568709	439.1033348226176	25.590987459772983
0.495	-220.83984115228716	449.4540848380493	25.136003818321843
0.497	-254.2279254307278	459.848973007552	25.54399719199029
0.499	25.45871119563614	484.72923141929834	25.74732229207452