-0.499	-3.089041040182927	29.54450348189989	14.248136659829912
-0.497	34.87505896293541	31.940212665624525	14.92149076352901
-0.495	6.657506425478132	24.459027719306842	13.694006376378494
-0.493	-25.724727325315833	33.173553679142614	14.776804812854266
-0.491	39.34568759622614	26.51085721196811	14.289448195586349
-0.489	6.878229826146054	28.030265324222576	14.090947488234912
-0.487	37.15633986556277	29.6564554237305	14.545118125719384
-0.485	-30.873716809098894	25.9938652176938	14.408942998043196
-0.483	21.8737725010687	25.433692579633288	14.51824885231525
-0.481	27.794707499806393	32.73690472529303	14.952949932497583
-0.479	30.314961811273022	25.557391219454985	14.151303611858062
-0.477	17.806686591903542	29.750105646024366	15.655484439691685
-0.475	37.46515775437942	27.327659166314866	13.978344915289501
-0.473	-3.0832520157009213	26.575029057086656	14.389942032084596
-0.471	7.544799177416905	26.26629417201566	14.479818884774794
-0.469	-19.921169875147804	25.291138672178274	13.863198189204052
-0.46699999999999997	18.64501422677023	26.202647438298918	14.555805292543493
-0.46499999999999997	59.3507649375713	30.824421433370382	14.391331540147176
-0.46299999999999997	17.925329522716638	26.211444711927815	14.567608574214235
-0.461	-16.020362766933083	28.102380543264214	15.145331746631612
-0.459	16.153850738165332	27.936708752959355	14.200596622199878
-0.457	-20.95244040578592	26.033895225008205	14.063133672357624
-0.455	34.62665479925242	30.542833305889854	15.181974223354093
-0.453	-13.69981746024429	26.914682876693767	13.713204630566162
-0.451	-12.456373449154512	27.15810556173232	14.334938047634013
-0.449	38.32342737375427	31.95387122990252	14.25218450286399
-0.447	-19.48787633576643	28.99866735481841	13.81065543884258
-0.445	-29.902729060893307	30.26537238709905	15.19104137296576
-0.443	14.952203591711566	30.032583314362405	13.708297439555313
-0.441	-3.66078616798049	26.890212600033355	14.565364054222936
-0.439	30.45089445241622	31.09428196264436	14.88719734933483
-0.437	-1.189189276606939	28.003957758245765	13.63944376518693
-0.435	7.706234072646367	31.82980725656928	14.7354864384459
-0.433	2.1188584427012103	32.56428625793275	14.140021249254774
-0.431	18.22170458365413	26.14681955440816	14.389547162815076
-0.429	20.780836494704857	29.14458521184726	14.380901278752273
-0.427	-12.590148150026792	31.00895450224791	14.110296713463683
-0.425	-6.630644465932534	26.322164574945546	14.532284508704121
-0.423	25.741553696390085	29.984411237465974	15.27194154851768
-0.421	-18.492090968047492	27.744654476738006	13.672984238296173
-0.419	-19.815381670951204	30.45187843166005	14.424627073199781
-0.417	44.653268842731464	30.518558025502802	14.611115279492886
-0.415	16.64129043676965	28.790194804888756	14.265659765549382
-0.41300000000000003	-32.977424804903066	25.590266879920783	14.971798809719262
-0.41100000000000003	43.40466883734351	29.867073338521056	13.825011709150113
-0.40900000000000003	-7.69931401933821	22.88519866192668	14.088575936324338
-0.40700000000000003	3.8009414089490434	32.358161139807066	14.846664005048423
-0.405	-10.135441418812619	24.45725675740744	14.067920607209386
-0.403	29.105772782811457	30.796897333829218	14.800224412233899
-0.401	73.36423788184554	27.784998467688627	14.522750091434139
-0.399	5.740733465486869	28.745994223049838	14.523283813768847
-0.397	-6.251106285160013	29.543420240427704	13.973862276457023
-0.395	14.084161282124086	27.81098888431653	13.696278733492482
-0.393	-14.687910836030937	25.732346722625458	13.932793944161903
-0.391	47.65347796786834	33.5715133930107	15.295083821377833
-0.389	-2.7252684852152598	23.030574153089727	14.051880583283527
-0.387	9.828330412409159	32.47308447352311	15.08675108382129
-0.385	54.94139514161667	28.61067822569329	14.469801744980602
-0.383	-19.91342392404505	26.589905242279844	14.134799142852003
-0.381	33.65952972589348	28.9031947002608	14.699152201682294
-0.379	1.9363931067495344	28.525933218949405	13.803061539083565
-0.377	-26.290820853702712	27.653737581225023	14.365257656419026
-0.375	-4.269630110909084	33.043785873072046	14.705000858571422
-0.373	-14.78164152401984	28.56914804058897	14.70704335857084
-0.371	-3.3646087843619554	27.846151193432558	14.710489641149756
-0.369	15.887765054012348	29.298746289467985	14.167029816139626
-0.367	-34.597175482931064	28.317519327473775	14.339250330376354
-0.365	3.8486869911036337	30.33308236854292	14.283228705578832
-0.363	-29.11849115827536	29.4920073139895	13.83302010689067
-0.361	-31.677700635723838	24.794842351593765	14.549221912259897
-0.359	14.722509686482255	29.903610822530016	14.531266730368689
-0.357	-40.023530482713454	29.721711382940097	14.438684148335902
-0.355	-23.20147391710048	29.104270766864005	14.909565994859333
-0.353	25.735589876063614	28.16832523606108	14.226115851655123
-0.351	5.420928269384007	27.963108977244076	14.570469485064022
-0.349	-1.2444004710010503	24.792410079622034	14.600721578071754
-0.347	1.2489290726058755	26.90396653168544	13.866803395757305
-0.345	-19.80801132372978	31.028794343474157	14.404180248659015
-0.34299999999999997	-3.566588028580675	27.327079439968113	14.342420452490302
-0.34099999999999997	5.4776994222738296	27.204881900496066	13.541631807657101
-0.33899999999999997	-6.34635725194066	28.717486512088527	14.341231859535249
-0.33699999999999997	-1.8661760854410403	27.76330464697995	13.577552807215675
-0.33499999999999996	20.468415080410196	28.563938870435397	13.974748875471617
-0.33299999999999996	26.045035597777044	27.752197203242346	14.294386108357925
-0.33099999999999996	16.24108395503754	23.517025423775184	13.88353567045408
-0.32899999999999996	-20.809736797189338	31.296486220511728	14.665363555816432
-0.32699999999999996	8.780153848197969	26.01703926521707	13.65494774776341
-0.32499999999999996	-31.166696565443353	27.67176282059164	14.201046525626785
-0.323	8.625923643368338	28.90197634168398	14.578240066625673
-0.321	14.30667820279119	30.302662903206134	14.332288568359044
-0.319	0.6892093784571784	25.233521426733844	14.333015130839867
-0.317	24.97047238714245	25.862873101143713	14.733043110459377
-0.315	9.541607975949162	25.1002732739889	13.66309614823623
-0.313	-9.128210152642424	29.401396695146488	14.484814183125174
-0.311	40.76745289860462	28.475930703459085	14.433934750186577
-0.309	5.871929338097104	29.518884158058533	14.190899560057952
-0.307	-25.155732450987678	30.809973609216023	14.629022082709133
-0.305	-19.937084689836126	26.703956964099966	13.988866716977997
-0.303	-10.482161198588358	27.55364342051439	14.089412531229367
-0.301	-15.72193273480238	36.23597709859121	15.031967636581488
-0.299	13.334942614129375	22.264416630864112	13.811828438247689
-0.297	-12.338426815139414	28.83613797219398	15.041795939111836
-0.295	29.36817778453893	30.080326644398852	14.58524758189564
-0.293	16.99852989145434	30.382011464832363	14.08123900161569
-0.29100000000000004	4.604402035202071	31.55580120404332	14.28474804173563
-0.28900000000000003	33.513987760080965	29.54403266481436	13.921071855320532
-0.28700000000000003	-15.917572617429876	27.71064400574986	14.116097635618633
-0.28500000000000003	46.959274568880716	31.97276862989288	14.767907009998394
-0.28300000000000003	1.820745498370968	26.98088806773764	13.916195660880534
-0.281	-0.13069771964691057	34.52920361720518	15.125167584580444
-0.279	29.545151035703654	31.199995833276123	14.161292159027084
-0.277	35.3496595493219	26.063779242169705	14.123709317288181
-0.275	16.281632434278492	35.17983744621125	14.56437207112332
-0.273	-4.304503664731563	28.285423773923533	14.603914320803558
-0.271	-29.411571068393982	29.206203091486834	13.758215002057286
-0.269	14.380592904039702	29.428241637205403	14.75446397026935
-0.267	-11.55563124766168	27.128187695681188	14.398575469804518
-0.265	17.508743660465953	31.515690499704043	15.20186043424658
-0.263	23.14069070030733	30.53680956112258	14.192884478277115
-0.261	41.006882966154734	26.009182864245044	14.053565965959475
-0.259	13.401917758226745	31.155902788664907	14.445601210738648
-0.257	-39.62867396434255	27.3572933403145	13.777928365002367
-0.255	-28.559011883699803	27.44014467129835	14.375505011321525
-0.253	39.241495835451445	32.5252249661386	14.206310634277743
-0.251	25.525868736275825	23.716245474735373	14.171821061228355
-0.249	18.84789917072638	28.40784873884138	14.731860215702662
-0.247	30.191419175817913	33.089640671081106	14.402517083499653
-0.245	-25.885912447565218	28.95539805908408	14.34975278782747
-0.243	34.962794095427796	28.65616340283835	14.7493602865384
-0.241	14.825159492470874	26.84394291976301	13.960914729698338
-0.239	20.783032432358794	29.273495983711012	14.825921047747645
-0.237	13.852004890013703	30.975052264119668	14.112290356783825
-0.235	-16.459027740944876	31.315893871702222	14.476698382805926
-0.23299999999999998	-37.95385312010957	30.359670328864567	14.224719337193811
-0.23099999999999998	-3.6282048834213043	28.405687601993446	14.340626047259455
-0.22899999999999998	20.045540359392433	29.877227778054145	14.323056471676047
-0.22699999999999998	50.55988362889785	32.43684440819733	14.334721814766812
-0.22499999999999998	30.028933142967063	31.0013287880917	13.615956435866694
-0.22299999999999998	19.56328930208251	30.253524760771768	15.01762887854665
-0.22099999999999997	-8.79827323563287	31.27581154156299	14.07719989442077
-0.21899999999999997	13.91356327640203	31.069505224287376	14.245507578600883
-0.21699999999999997	-14.504582868224425	25.556357724071315	14.555660937949792
-0.21499999999999997	-19.202718835487076	27.886308995425807	14.656445987672395
-0.21299999999999997	18.958034450955452	25.43731471125228	14.162127076660335
-0.211	-1.2890630004536163	31.190595035568425	14.4347795175224
-0.20900000000000002	1.4369008842773923	27.609540141996256	14.558286416198326
-0.20700000000000002	-3.0882368008411376	29.222989235009283	14.315153574547521
-0.20500000000000002	-21.979837860119922	27.60698173694873	14.31518059684303
-0.203	20.245124078721588	33.27920136010515	14.519258084383148
-0.201	16.31925154654823	28.105616341292613	14.00980002627311
-0.199	-38.06649459936473	28.521961403653137	14.448744174151129
-0.197	9.532819265523074	25.104830298705522	13.843057277757353
-0.195	13.314565425970315	29.92565818528105	14.392353992625832
-0.193	12.506426878111654	25.465058556649364	13.901653413732596
-0.191	53.283568077322485	27.731254192447008	14.603674433058634
-0.189	4.130141639802076	30.108641626214016	14.529977116720842
-0.187	31.169203910330623	26.643010802608124	14.02734916153006
-0.185	0.1310986292857308	29.064268933847245	14.595851813424094
-0.183	18.50609535236636	32.74183645831808	14.170501544672847
-0.181	32.0648705700588	26.290275059523147	13.81530112870156
-0.179	28.303017262309993	36.18259099765547	14.2624706992038
-0.177	-18.056902751917292	26.736671999982928	14.186724460010538
-0.175	56.769025805536444	28.889795866799165	14.689417998883973
-0.173	5.675002082483616	27.658262985441567	14.049274300081006
-0.17099999999999999	2.8983914326374816	27.787037067968523	13.809808586066287
-0.16899999999999998	-40.691908443912794	29.05841096191203	14.323778453057294
-0.16699999999999998	-13.236060928512039	27.103278659830007	13.876267125697632
-0.16499999999999998	23.33316846780953	26.788489274734793	13.91795149249863
-0.16299999999999998	-5.2088704901587235	30.394690140961636	14.12627043720384
-0.16099999999999998	31.56082236088764	27.125941620158002	13.720715099328933
-0.15899999999999997	9.41273894894401	29.38649144571227	14.409489669557287
-0.15699999999999997	15.655603268438512	29.054480690489783	14.058946587488863
-0.15499999999999997	9.544961723895184	25.82877989527243	14.213193937701405
-0.15299999999999997	2.856896615277549	30.754636662880202	14.451311725215975
-0.15099999999999997	-12.380961393332335	27.097893866842607	14.011934935377806
-0.149	52.82395540695539	31.39557809863368	14.606494393556567
-0.14700000000000002	3.555346456574071	25.46866111193298	14.180992478646942
-0.14500000000000002	13.263545562303136	29.12373153342367	14.072882483224555
-0.14300000000000002	21.482727457167172	26.39245332861256	14.205752783080122
-0.14100000000000001	3.679725619543106	28.60403357043465	14.030329065181471
-0.139	25.306097481747614	28.324256589110878	13.967258176760863
-0.137	-19.93717924730909	30.212500636980277	14.121394064027088
-0.135	-1.5526852829017557	24.465941345900287	14.044351433786034
-0.133	-37.289214924629555	26.726102729831798	13.67003347092532
-0.131	6.6231402626737435	27.88516704662211	13.755647177205333
-0.129	-16.551594261615676	25.43844273772955	14.569718016630953
-0.127	31.951645124816963	26.6288770654257	14.324004874645613
-0.125	16.955410216734634	25.18968784838458	14.882386405073882
-0.123	0.18377482535747447	27.39671458190187	13.32180265231312
-0.121	18.664796775036407	29.92534241937119	14.247076771405409
-0.119	-12.911748094146525	28.37779780783223	13.975543151617101
-0.11699999999999999	21.177043269204887	27.048142180488057	13.987631655752802
-0.11499999999999999	-3.2285221193140146	26.096358421891853	14.431447417894086
-0.11299999999999999	26.513099309344312	27.67641968313529	13.721829182129865
-0.11099999999999999	2.823106294735922	27.70022435708831	14.584137897209672
-0.10899999999999999	4.5615015513700286	28.083396289404217	14.057135415613674
-0.10699999999999998	9.309988030725691	25.300658526734164	14.07278498596999
-0.10499999999999998	-12.810226981074813	30.175736417573045	14.25012963992835
-0.10299999999999998	-1.0748211801692165	26.447714052766024	14.30675843332275
-0.10099999999999998	-24.080810982818335	31.73454440318136	14.427911861994573
-0.09899999999999998	42.786716173193184	27.90297786086024	14.50025054625352
-0.09699999999999998	14.237590274301937	27.845101271656446	14.343381610657744
-0.09499999999999997	26.607437877634865	25.69104791154688	14.304040312130287
-0.09299999999999997	-2.589990958812294	27.938673826274893	14.961393775145305
-0.09099999999999997	-16.554715437933076	24.11882085135254	14.019117332511184
-0.08899999999999997	19.116042415889822	31.049997182026527	14.33358112613714
-0.08699999999999997	24.363363805735005	26.9854850751266	13.83751842355105
-0.08499999999999996	15.785484204222655	32.43792506647659	14.484249712102033
-0.08299999999999999	12.651510518102427	29.107998297288763	14.285743562506836
-0.08100000000000002	16.549627119832877	28.13379242176486	14.051271185153015
-0.07900000000000001	-6.406765869382269	26.503122119619693	14.465324043348057
-0.07700000000000001	-10.718291949318726	29.410616043786902	14.284253598726321
-0.07500000000000001	13.863859100071707	24.646124960942007	13.945829186361589
-0.07300000000000001	-4.647957714598583	30.8046022093242	14.341573901735151
-0.07100000000000001	7.097125354738054	22.547378633990675	13.651609979880185
-0.069	40.703389101226506	25.53864956900205	14.889171904123467
-0.067	16.665849399633004	29.3318325405658	14.426557246790056
-0.065	35.48842276734909	26.783182068599697	13.944093521170116
-0.063	-9.273440243484643	28.067059409688643	14.000804747974534
-0.061	-34.07109949116194	30.313281078246728	14.329766410357436
-0.059	23.350338026917328	27.357807210604776	13.913455809258528
-0.056999999999999995	12.765599409991779	27.45463502249952	14.24328382766407
-0.05499999999999999	4.796619986313644	28.681186225631823	14.419500178382687
-0.05299999999999999	47.65019219021838	27.2783410858425	14.441941860703567
-0.05099999999999999	-21.05169813615415	29.438927882965324	14.45337252460306
-0.04899999999999999	30.71563597600857	24.021934392870293	14.273568862285645
-0.046999999999999986	43.519558654780965	25.082281285085443	14.636428201799587
-0.044999999999999984	-10.12561166291448	27.82043263228483	14.380698358742126
-0.04299999999999998	11.813504518176643	28.263749487643643	14.668296514660831
-0.04099999999999998	0.770653645565389	27.12405302235886	13.963349563059449
-0.03899999999999998	3.521997832267587	26.16848402338792	14.351385871779947
-0.03699999999999998	28.435720071051662	27.52429373046272	14.324939835069019
-0.034999999999999976	31.70724329559782	26.44087561705992	14.311919280720305
-0.032999999999999974	33.960977378511004	28.70380557293171	14.398359703655363
-0.030999999999999972	40.230221242554265	27.28510449475131	13.982742566940859
-0.02899999999999997	-27.845773300394505	28.413133593986153	14.013324881511982
-0.02699999999999997	16.578604427941457	28.499641146747653	14.353308513586597
-0.024999999999999967	-6.494457593819725	26.921448439688493	13.916931389184928
-0.022999999999999965	13.982737123274802	23.85070718330578	14.373473663837032
-0.02099999999999999	-18.552788156767086	25.906771437088892	14.45868544166822
-0.019000000000000017	-11.470447889516677	26.71821987255289	14.219866724125085
-0.017000000000000015	29.002318870485766	25.86141371735623	14.489162554389635
-0.015000000000000013	36.83085144690068	26.73994024313949	14.29053931434731
-0.013000000000000012	-25.865819277104407	25.860338740779223	14.290726136965343
-0.01100000000000001	-25.64307263308585	30.873163654112393	14.596534842248875
-0.009000000000000008	-24.777769181749676	29.566502679900896	14.072955045959935
-0.007000000000000006	-89.05248891522	28.767924779737484	14.09815920007834
-0.0050000000000000044	-108.25739332320782	29.09954956151463	14.171495049570186
-0.0030000000000000027	-145.56162436685227	29.04491747055155	14.185315816139546
-0.0010000000000000009	-141.10013309920345	25.14997904177051	14.054106094652157
0.0010000000000000009	-97.37052328062657	30.718030518832748	14.600543932599578
0.0030000000000000027	-131.6156196453644	23.603069844058613	14.249191317291437
0.0050000000000000044	-66.78859672382131	27.553686187667974	14.269442354847827
0.007000000000000006	-137.11114312831006	26.723536562325425	14.257503524193698
0.009000000000000008	-93.95072528595172	25.926786768932264	14.116264264338616
0.01100000000000001	-25.244387542699975	26.970719278680793	14.357247027583751
0.013000000000000012	-46.8161028048808	27.11654981384245	13.911746625496482
0.015000000000000013	13.4003508198699	27.98440932815924	14.506570644258348
0.017000000000000015	17.905696656939085	30.090772406912954	14.439645103785665
0.019000000000000017	-6.465064945060384	25.65545574241594	14.24358369366865
0.02100000000000002	34.53604815728539	29.828128605731955	14.373420347336467
0.02300000000000002	-1.3864960543008564	25.789081361320928	14.348116392822973
0.025000000000000022	31.76180241948323	27.175915542641714	14.672036568866494
0.027000000000000024	11.29567802871101	28.31377607111811	13.958631222331851
0.029000000000000026	-22.5802216782256	27.79911223591646	14.781966216387707
0.031000000000000028	0.5256573893941408	26.394956415894736	13.954757350822218
0.03300000000000003	18.781400057399367	28.870121929534417	14.248554196714394
0.03500000000000003	-43.0929975888672	26.777101595685945	15.162611063988201
0.03700000000000003	39.08087853510267	31.49724139074611	14.964568468815095
0.039000000000000035	-11.260022477088683	25.37455243958792	14.54370109538555
0.041000000000000036	4.231116329300733	25.0997324831545	14.541416225804277
0.04300000000000004	-0.33223930173686966	27.5406246805297	14.792753129385556
0.04500000000000004	-22.98846370019092	25.05073681562419	14.15605203650042
0.04700000000000004	19.617739699828718	26.030774425053785	14.67237322975582
0.049000000000000044	12.992818100965309	26.819798692451894	14.397736255627224
0.051000000000000045	-3.673069328025136	25.650698350055357	14.441213905758598
0.05300000000000005	40.58248452132318	28.27831790146061	13.999719350217486
0.05500000000000005	-30.54577808259129	27.957541619905555	14.547631522023861
0.05700000000000005	33.24919199609866	26.572311558322436	14.307106957683562
0.05900000000000005	32.23516453765285	36.644469283864986	14.2462518835958
0.061000000000000054	-18.176433885241927	25.544406514597377	13.868650570095571
0.06300000000000006	10.47050976255015	29.409617074982698	14.049490355508834
0.06500000000000006	6.041755292729434	28.502902525208206	14.297288526613107
0.06700000000000006	-4.558565105172718	25.485226452227007	14.192588719013296
0.06900000000000006	17.00718812824853	30.017116507258148	14.449920638686418
0.07100000000000006	-1.012192761384867	31.393338161614498	15.257173695166534
0.07300000000000006	16.207003336266013	24.836165232400013	14.611785955621995
0.07500000000000007	68.0951900404736	28.817837201118856	14.623866483330785
0.07700000000000001	14.88877104272035	24.547506979307588	14.195574983666448
0.07899999999999996	30.784975389552827	30.68950524503431	14.831437676014174
0.08099999999999996	8.15318235702911	27.674679847606374	14.326884525102752
0.08299999999999996	-14.68495241230272	25.74382898794566	15.109306175273462
0.08499999999999996	14.658931647870688	31.019523837071215	14.446945761744077
0.08699999999999997	7.676629161457171	24.59728091787322	14.400804517875908
0.08899999999999997	-7.57825091601827	24.215094626554208	14.748286454481242
0.09099999999999997	27.19497423497863	27.894427515125354	14.151711638191617
0.09299999999999997	4.329414606152326	25.83563703688739	14.084204695080066
0.09499999999999997	14.2761029040539	30.92949314365306	14.810083414328977
0.09699999999999998	23.563425155304074	25.26117518423698	14.297092644613164
0.09899999999999998	-5.618884310720773	29.08392401076702	14.813185081543264
0.10099999999999998	21.822508536439855	27.73071322385902	14.612057539407163
0.10299999999999998	0.8560667361656726	25.346725844737747	14.570848601693745
0.10499999999999998	10.884680362144294	23.9989763241325	14.51135262692719
0.10699999999999998	60.22731474519816	29.322162039243697	14.675707289271173
0.10899999999999999	-36.549791147422184	24.99891187812767	14.132213799705944
0.11099999999999999	52.95537847582743	26.07714130633879	14.818852144405497
0.11299999999999999	-0.09025501346293652	27.36758878755628	14.311407353265226
0.11499999999999999	1.1584044457002562	28.04308440702888	14.828526952612593
0.11699999999999999	47.953800984101846	26.256550859274988	14.374148396127898
0.119	42.088169227794126	23.463552032955853	14.164702784109325
0.121	-20.58404382454526	26.355253510623204	14.715351337124755
0.123	6.130924698588558	27.6695904859898	14.424052592157077
0.125	12.198200495250333	24.371244974973553	14.615795162097564
0.127	40.24454660433996	31.69352770406579	14.888962896224493
0.129	11.93186589865114	29.076563605864955	14.070743369958297
0.131	0.1328436725067661	28.012915038678674	14.917764609184935
0.133	24.24038771642323	27.824972004964568	14.223093196058002
0.135	-23.732839566248387	28.315896706160206	14.539034122554215
0.137	-5.851779540044788	27.959812905196635	14.359922751456963
0.139	13.187139086490163	23.96366995065001	14.451655462806466
0.14100000000000001	-13.075494754710704	25.78628175660997	14.223130688636592
0.14300000000000002	22.27776120888869	25.562752565818876	14.488607230597633
0.14500000000000002	16.46620647277608	26.835843785508377	13.866037127876885
0.14700000000000002	-38.94645315627443	22.80560077269334	14.924478878960592
0.14900000000000002	34.54878520714466	26.55518830358163	14.644730234271151
0.15100000000000002	-13.334431986256057	25.847545102399494	13.776220519244482
0.15300000000000002	-21.012717224100363	27.261077000723933	14.827390015454439
0.15500000000000003	50.553959816124205	28.174204253827	14.033508785294083
0.15700000000000003	29.125794339002198	25.733373482241994	14.319026209923075
0.15900000000000003	-0.16068619690390307	28.910979590106237	14.638955423828904
0.16100000000000003	16.119479559373318	29.01806412936329	14.11525081728534
0.16300000000000003	-6.744162060590142	25.138346127012124	14.963791336870871
0.16500000000000004	17.654926361521106	25.64767643660257	14.308303397391882
0.16700000000000004	-40.51494011825252	26.30767694115777	14.144821690526909
0.16900000000000004	20.19016226073589	30.03302833016833	15.28987883862248
0.17100000000000004	22.145658472805252	24.61000876687382	13.84352900991022
0.17300000000000004	-22.393986239377384	30.235206241639066	15.125995123437537
0.17500000000000004	-33.083732869032545	28.924248356651056	14.13394283037133
0.17700000000000005	4.395100779319705	29.767353322645622	15.01838429644935
0.17900000000000005	4.664164789502934	28.389204417579347	14.574582711043536
0.18100000000000005	86.22723195372828	28.982549059967226	14.540789220380507
0.18300000000000005	-16.115312468811815	26.62597537394126	14.361375974894761
0.18500000000000005	-19.57452787804126	27.495977218245496	14.64403259701406
0.18700000000000006	23.638767583600284	22.789490028734008	14.112253368703264
0.18900000000000006	17.45518286333514	26.707347065281883	14.641565352758992
0.19100000000000006	7.847478952882625	25.91068424029116	14.442622281893378
0.19300000000000006	-16.619298853437492	25.073944198031917	14.78208317867337
0.19500000000000006	25.690967390801234	26.187909114691095	14.890467692286041
0.19700000000000006	16.395172014460613	27.18863597957041	14.212299146790501
0.19900000000000007	-22.07191296121902	27.514842163881852	14.404924738146356
0.20100000000000007	-19.83862287302518	31.04357399198697	15.321136486145893
0.203	7.556810968534222	24.26876061841477	14.195013617595588
0.20499999999999996	1.4270663037940778	26.205837220505696	14.585554293663941
0.20699999999999996	19.64945628696313	29.0240900216907	14.044773514631572
0.20899999999999996	-7.360288464375309	31.513367244830906	14.498320907504628
0.21099999999999997	8.433173706023922	25.227317075190758	14.771184218714096
0.21299999999999997	28.596959767757113	27.21214251591202	14.22970102111777
0.21499999999999997	-19.419919523255835	24.657477763701323	14.734071803843058
0.21699999999999997	48.76049002988658	25.465096705192146	14.347030897677655
0.21899999999999997	-12.844628779595801	26.859653848060546	13.93624612832828
0.22099999999999997	1.205000846660198	28.470438948575946	14.83316883364977
0.22299999999999998	39.462851064708815	27.357552177658082	14.247661714482444
0.22499999999999998	21.575327594725024	29.453417539879982	15.399929021315751
0.22699999999999998	-4.362603774676899	25.116934799131887	14.05672040348738
0.22899999999999998	15.901633607873222	24.84597952870597	14.307292493025782
0.23099999999999998	-43.45928354365647	25.884898281698245	14.768061685179328
0.23299999999999998	36.58007858420298	26.51570033296678	14.212235866901203
0.235	-3.8064374785484745	26.046875438936354	14.042014643656628
0.237	5.8186088305323125	27.189761796040358	14.537176863182331
0.239	48.0756606253685	27.3847972877558	14.395563155073813
0.241	-43.05691884010088	28.264232982257177	14.489638360893583
0.243	-6.801099544540001	29.648467229828096	14.467707198579847
0.245	12.198213478642472	28.801951699765095	14.29961637400281
0.247	-34.1812990929391	25.763936193827686	14.604876829860448
0.249	-19.890415089318658	27.926168211608598	14.625425650633982
0.251	-14.594553138458366	27.825246303564388	14.035056599765165
0.253	-20.5458267692471	27.594869102504152	14.231984606581676
0.255	53.03138075918312	23.841340132859933	14.751479070480245
0.257	-25.026135367478552	31.79510184039965	14.390454918418902
0.259	12.780412462998214	26.84998322608486	14.20620585547469
0.261	5.35105609533737	26.3515220420499	14.319194510854883
0.263	-3.863905936651868	27.179704349248187	14.80214162917257
0.265	43.370883873183885	32.1034824968918	14.072099679362656
0.267	-31.770074240489166	30.174828376344387	14.744513724953421
0.269	2.1138123882380455	25.088065673619848	14.488793990754404
0.271	47.631895236932564	30.96516356229615	14.757654112915414
0.273	-5.010954093331854	24.771587787985663	14.602814081047502
0.275	-13.707899400583479	29.531719225206295	14.567988312754796
0.277	-16.59450252944339	25.06803690200669	13.938463046707177
0.279	-20.05950840788806	29.820337713264255	14.953539978735655
0.281	12.61170382060861	29.159561958752164	14.084859424457617
0.28300000000000003	6.7490398643066385	30.074988654077842	14.146812451801413
0.28500000000000003	6.297998821791495	25.15546122032295	14.473421347391884
0.28700000000000003	50.67162347649479	26.541926543519025	14.003407658915402
0.28900000000000003	-14.303242429125618	28.384374074980403	14.311011623770986
0.29100000000000004	8.602677390667779	30.679233440984	14.48364035107892
0.29300000000000004	14.977218586897934	23.449073783449908	14.247407543094445
0.29500000000000004	9.0938506134286	27.369365061757225	14.742431923761854
0.29700000000000004	12.252969308734762	27.366584753276896	14.515984239030681
0.29900000000000004	-3.622440756134715	25.17678389752772	14.323443397583679
0.30100000000000005	1.513941338293634	29.640564852239393	13.843199474255513
0.30300000000000005	12.278146029220949	24.803980119960837	13.999513793274748
0.30500000000000005	3.4419583629929917	26.363523316301873	13.933885404449061
0.30700000000000005	46.79886638747632	30.135559947792864	14.486606885366355
0.30900000000000005	3.536442791274297	25.519767227527712	14.01738084731774
0.31100000000000005	-8.407638956153818	32.55269076027558	14.52531482216259
0.31300000000000006	56.859714822499186	27.309127050007458	14.444920712017957
0.31500000000000006	-7.1198148545725815	24.351182531634155	14.181982186668888
0.31700000000000006	8.617789678755372	27.713984666998027	14.536760400368292
0.31900000000000006	42.928702959299514	28.439039974110152	13.601205412790465
0.32100000000000006	-45.491844404610404	24.605553467917407	13.893550068583293
0.32300000000000006	33.04863384356871	29.206925129738107	14.2382955325424
0.32500000000000007	21.208801074701356	24.84101046280274	13.862504536751084
0.32700000000000007	5.2898343776419665	28.351267081498182	14.964727284379778
0.32900000000000007	40.97707271077944	27.34041984233362	13.591208218212541
0.33100000000000007	-26.86875665469657	23.841916487877164	13.902526433236782
0.333	-4.44062149063118	30.827414721375163	14.101239605925468
0.33499999999999996	0.5599155041835502	24.39375544819574	13.849371514996932
0.33699999999999997	1.4097178406835553	27.080316581942657	14.346286799057207
0.33899999999999997	24.843728642975904	30.98961960950554	14.367886540396924
0.34099999999999997	-47.23633569436725	24.233345148467734	13.7593389345279
0.34299999999999997	-6.6363568759220115	27.683155523791957	14.436461667366387
0.345	20.232494149396985	25.00563903950475	14.330368008297214
0.347	-30.704035572037824	26.291884693799123	13.88498380608593
0.349	37.82688158504577	30.67024894014839	14.552669102443783
0.351	34.931210917577005	27.4817902718957	13.65584332790448
0.353	-34.73704314138626	24.402329136063834	13.828990910079863
0.355	20.018059338600125	27.841260988503777	13.948223217648476
0.357	10.25932550091646	26.450715730903525	14.109963328909632
0.359	-7.217799582792672	30.184352357143243	14.22644047176677
0.361	18.79708255136947	27.420293537000106	13.75740026669532
0.363	-18.30469348274022	22.869561053212294	14.630511764176822
0.365	-14.514219088712643	28.426114542329184	14.468828188356422
0.367	12.233960179797165	24.918380619157016	13.504762211474784
0.369	4.061749327766151	28.628236055625905	14.546253419019331
0.371	0.9349212179987632	30.475730181928448	14.009602781235808
0.373	-15.219266474297832	27.135514906707918	14.039676176500626
0.375	6.9850516637437465	26.812088150406552	13.892699307839756
0.377	41.33791127314268	28.516572874488187	14.038640881780623
0.379	-21.621215570144514	22.57087413663024	13.747548562711549
0.381	-0.6245628340062481	29.499452463055626	14.462922990605366
0.383	18.623151720964515	24.204000848853102	13.74206078145794
0.385	-19.584390418381226	24.30140857961615	14.3627457478201
0.387	29.01551010681125	27.860025420480056	14.005549287997646
0.389	-14.73336954005422	24.409940977026302	13.919530464433459
0.391	-46.84889014017202	25.304625127793656	14.310520758066682
0.393	10.670862359729583	27.915223226651744	13.845980256389497
0.395	17.927639236248183	27.90628399733523	14.125173153391097
0.397	7.359305732146382	31.442897552484723	14.50917026492758
0.399	-7.008086147952675	25.132352831544235	13.378032378773089
0.401	8.725191904757068	29.918177002316728	14.931632400912644
0.403	58.863397708996956	28.85430426618598	14.301023159068324
0.405	-25.201038336919446	25.145357092221335	14.13222254192793
0.40700000000000003	5.584962434745933	27.687099881557604	14.407331424745951
0.40900000000000003	25.637325999694482	30.60735020228825	13.991150518233432
0.41100000000000003	-26.294163289031225	24.723434352637565	14.086016650574104
0.41300000000000003	27.504483864237983	29.20706556661275	14.46456043510323
0.41500000000000004	28.156180378546836	24.704745612859305	14.083490089590477
0.41700000000000004	-3.5488505065739417	23.106370382385155	14.541641017766262
0.41900000000000004	41.7120185787212	30.486033007417333	13.922951570651065
0.42100000000000004	-13.773837528652244	23.21407653887024	13.982418557951746
0.42300000000000004	9.79067921180743	28.118618197818	14.153107292417802
0.42500000000000004	4.728686056942877	28.472898014396637	13.898671154481091
0.42700000000000005	-29.87856163372271	24.908181299760617	14.240303839943214
0.42900000000000005	57.8569551126229	30.13015176122361	14.565240644834601
0.43100000000000005	13.228676875476353	25.02432973382826	14.278640802989642
0.43300000000000005	12.388203931346098	27.399886193878235	14.6600255680454
0.43500000000000005	13.219853945090065	28.670875850550036	13.988370242347285
0.43700000000000006	67.79017848512758	26.327444408209193	13.824287803880896
0.43900000000000006	-11.121313054807125	30.757077849951383	14.422853886015831
0.44100000000000006	25.221696757560252	25.906990100690887	14.176844783199376
0.44300000000000006	-14.175363450052991	24.80144536075095	15.059095602484373
0.44500000000000006	23.892182035911702	28.116563501835977	14.08048529638096
0.44700000000000006	-23.27630663456759	27.367869979069518	13.533867039454137
0.44900000000000007	19.21918552416635	26.20578387484787	14.485554267449077
0.45100000000000007	48.84609323241307	29.10159459657277	14.51156273461559
0.45300000000000007	23.86057473025005	23.384531368462195	13.896716884431054
0.45500000000000007	-8.050242091384163	29.51839735071818	13.916049726020704
0.4570000000000001	-10.515744035988206	26.51780349532977	13.822713697207863
0.459	-18.769457513889698	29.044965911383045	14.636082313788686
0.46099999999999997	40.85669706510586	28.600927686611676	14.519920258025609
0.46299999999999997	10.637294710402756	24.50698999850657	13.911331038660633
0.46499999999999997	-26.36628856378387	29.81131313910322	14.296102460196288
0.46699999999999997	16.12218830904233	28.569173277334265	14.504648557524735
0.469	-26.986850247934235	24.55059845030496	13.677603376778197
0.471	49.5906685997749	27.107708525941863	15.353342377458173
0.473	25.435292640763052	25.864983557744186	14.230767984163336
0.475	-4.36037932316502	28.46530993199953	14.521371280944514
0.477	25.834344828057354	25.825171550268376	14.460366278433845
0.479	-13.981669847895617	29.035178056567943	14.421004226729844
0.481	-11.647512143109218	25.42823764532322	14.86979799054722
0.483	37.52155352754194	28.394887216741115	14.1900125087982
0.485	3.6927359381433433	25.114584569042922	13.897518275498728
0.487	23.975031751222176	30.080189457215518	15.168278668870887
0.489	48.26550179726219	26.065801858741295	14.09807324136619
0.491	-35.00692478852763	29.485026370696776	14.786584118631923
0.493	65.6260607154735	29.326110228810624	14.630451476249716
0.495	-11.804411827687211	27.36791055114905	14.397749113508247
0.497	1.6479718445427949	27.42159240304408	14.705388321045437
0.499	12.700191509340542	30.114607498820536	14.17027243339189