-0.499	171.55066692509104	542.1220844221467	45.1953688267532
-0.497	-704.7326527034326	477.3338875506977	42.4131631929093
-0.495	815.8144127483613	429.0912559866159	43.55407733711928
-0.493	-395.8778586685696	480.67566614206856	42.45611373900921
-0.491	181.93319369830263	474.83421720701415	42.47536489076255
-0.489	256.0157056605839	540.412764344927	45.00618318356767
-0.487	-600.4414335726293	466.38020186082207	42.39818344818867
-0.485	503.9888244779967	484.59400238771815	44.17199782839776
-0.483	-213.19764617022673	506.40483868501684	43.08158725210896
-0.481	-35.68740519765967	439.4948449084042	45.18868342373263
-0.479	100.92415609652683	511.13462800430557	43.05355642450275
-0.477	-575.6165041970185	486.24042308229576	42.32985687069482
-0.475	467.679665185905	476.2733317336441	44.77570727683402
-0.473	-166.9554584263766	493.6531122222464	43.25571634188442
-0.471	-565.3615251783872	473.0527073758739	41.7282178389568
-0.469	1168.4259752415826	497.02063167381635	45.086147572527814
-0.46699999999999997	-581.2612620966772	501.59544166307165	43.619583092164895
-0.46499999999999997	129.5560774354776	478.70703437216906	42.728017795090445
-0.46299999999999997	9.496304050227167	515.6702535317195	42.714265155493514
-0.461	-534.3760808271813	490.1787495987052	44.87753979012119
-0.459	795.1794838352289	446.6617443596583	43.92087255998729
-0.457	-155.72210900915985	522.962211457737	44.267200272458844
-0.455	95.42213749802464	434.06576505756107	44.27931512606053
-0.453	394.7370751331558	505.42492486216895	44.326773406366925
-0.451	-298.6510189088021	473.1476690864466	42.66188815051657
-0.449	375.57883086813956	479.50461247139185	44.05881415757022
-0.447	-25.92820709412802	484.48261485893175	43.251144434377736
-0.445	-277.6418720505935	439.2798271047921	42.74663986896955
-0.443	419.37320516405305	481.61448967057436	43.94906659118817
-0.441	-698.4032458070554	539.6621863956022	44.622067074389406
-0.439	180.9123287792591	476.288881930811	44.76462716502397
-0.437	212.0284959468144	498.4085567972118	42.99534161057374
-0.435	-855.9858072402227	486.65401211554587	43.849372879995656
-0.433	564.7103076424909	470.0938852617014	44.63101085724731
-0.431	-643.512317734074	502.0854562841337	43.12653986225885
-0.429	195.8263947818839	451.75084387239286	44.30345877576578
-0.427	7.157673733271253	513.0913045373602	45.095992211816544
-0.425	-619.1762110268062	468.80532503083793	43.77740979887954
-0.423	140.81289294676225	507.11582918147474	44.16191253069677
-0.421	68.66713143849346	494.8391543168535	43.973116612496966
-0.419	160.00793633419443	428.44008279401845	44.28428071295491
-0.417	-7.40912263785809	489.80449562656577	44.06607346656527
-0.415	-408.01361592957	512.6791426973554	44.64321559463738
-0.41300000000000003	244.21128872598175	451.59959884238265	43.60057447460261
-0.41100000000000003	-403.64216745159	493.5621276236303	44.897137641699054
-0.40900000000000003	-602.4562020789937	464.77839633769815	43.4748321497277
-0.40700000000000003	272.88575160944185	474.51429721096173	46.96162299939899
-0.405	-648.5516593873753	513.2845616768896	43.14913537473143
-0.403	-231.73028794520877	430.331079950822	45.44500023565196
-0.401	-137.9491941656541	481.30440051342123	43.00900050657882
-0.399	-535.6037911465883	483.02136274178133	44.55061475399731
-0.397	426.03255810158555	417.59479575952855	44.249158092061116
-0.395	-759.5495335784852	498.00315529320324	43.357089419616024
-0.393	21.57602145347326	411.5951607587654	43.990421533200795
-0.391	9.803547018183423	509.12076056480106	45.504192512170796
-0.389	-267.6488344734995	459.64242386749163	42.25987948789346
-0.387	375.2377923773587	499.395007026762	45.89266943967722
-0.385	-201.71098641175166	501.10279780300067	44.77149123479837
-0.383	102.47442651101224	432.7168906558148	43.44101940796491
-0.381	596.4033227667809	491.37938085544835	44.92519942624199
-0.379	-633.0113565640172	512.5192894051014	43.81596596093779
-0.377	364.666704396166	433.3317741121955	44.808376287800854
-0.375	-158.1030074425671	510.93665657932434	44.8237796309711
-0.373	-448.078693268239	476.5306233319301	44.44953567791743
-0.371	480.4338170547595	465.2801649018931	46.167034767203496
-0.369	-263.09385744871514	512.9637718313375	44.998030420334366
-0.367	31.613751455772388	439.9517572491825	42.93728254070784
-0.365	65.91548029866168	536.7639293167197	46.67108659048353
-0.363	-298.313935227279	462.37371087627616	43.99758830101978
-0.361	42.74315735064427	511.2601867400627	44.20264576031297
-0.359	-76.59848634833378	491.16926040206727	44.58813194903082
-0.357	364.95458641794266	462.84322275148287	45.784870556637216
-0.355	251.061542493769	475.7696585008985	46.8372930246382
-0.353	-522.4905514162881	498.1694333994047	44.09093586209114
-0.351	338.53743587419774	493.5990603402795	45.77230845472084
-0.349	-82.3429702894174	489.71928431725064	44.92363567710117
-0.347	-658.0873437326273	499.4019144946751	44.3159620417732
-0.345	197.67261715153415	485.64798426258517	44.26468446268871
-0.34299999999999997	-374.0414250492652	500.54393941731496	44.557394862263706
-0.34099999999999997	-2.8843881360041124	511.04446767394916	45.35814995550815
-0.33899999999999997	-479.6765236589895	506.3124409742251	44.87634131564468
-0.33699999999999997	-283.44966259397086	487.76432337781904	45.07292954415829
-0.33499999999999996	-64.97838443875193	468.6582807559863	43.62182444802606
-0.33299999999999996	-245.9006545212361	506.9638125777022	44.0052437050425
-0.33099999999999996	-75.5415407419635	505.69802978482517	47.24926587837907
-0.32899999999999996	153.42293379694283	472.5983020507248	43.88763360055856
-0.32699999999999996	-306.73050554363977	495.3472298198049	44.96645269839316
-0.32499999999999996	-98.02408073344981	570.3493927083098	46.75179527986754
-0.323	-117.26046888982378	476.1548439594517	43.92264069634729
-0.321	-242.3716437329748	502.59271096776365	44.6755867682964
-0.319	130.52740224406278	502.5974974873197	44.68233663590555
-0.317	-531.3185718307523	544.0240489531388	45.95274244319023
-0.315	495.7082738039631	449.73487307855896	45.09581148194547
-0.313	-229.39668282917492	502.2502088257051	44.356875407576126
-0.311	-354.3629478751642	492.34970063862255	44.72597430270105
-0.309	499.9929860352026	452.59334563771375	43.47074311776424
-0.307	-696.4481012990964	488.65351138912575	44.50626911271179
-0.305	196.09154152644413	481.26229972720773	44.47716688700888
-0.303	195.5283720425083	487.6384001059444	44.936816899504784
-0.301	-377.88141568950715	495.58293873183754	45.06714686754542
-0.299	324.79356725345633	503.44779147527754	43.8577058703692
-0.297	112.93337765883038	475.1058295209968	44.0849449533084
-0.295	46.72917176140601	476.8705793137229	44.564284135131274
-0.293	-252.81243790187258	481.5486274848042	43.43994255392553
-0.29100000000000004	-676.8744847951425	510.8391711834393	45.6523397659823
-0.28900000000000003	6.065530492982418	477.8950653702519	43.21035769151565
-0.28700000000000003	94.55334409858018	472.2445912027872	44.56150134902844
-0.28500000000000003	-356.7090052801758	465.30277902635277	43.667616128590446
-0.28300000000000003	-45.23190476113381	464.0538138879939	43.98298240650816
-0.281	-492.25887332937646	511.30362121877397	43.33421673240925
-0.279	121.48213358642579	465.0569825434867	43.17211796837418
-0.277	-285.5467250588717	511.03337028760313	44.18089717484655
-0.275	-414.4602111455509	474.48802097884504	43.68155605231171
-0.273	255.80006913572538	493.5780626676684	44.6953924043323
-0.271	-266.7981817955356	519.5975423579713	44.61932323865279
-0.269	99.66702379471393	467.33421262658766	44.95927030217433
-0.267	-583.2167516639508	490.8844663265499	43.44565079279833
-0.265	-214.87637077521882	469.42019822766116	43.51065644822655
-0.263	575.95790830689	494.45571811833616	45.0113720772952
-0.261	-395.2086184177972	486.17006694687433	44.233699397643946
-0.259	-95.54655576859972	455.6917055439009	43.67837973394758
-0.257	59.61546389077199	478.6527420808965	43.832496332174856
-0.255	-571.9387938531995	507.1140650758754	44.61355657985066
-0.253	231.04684489028136	429.0714507784578	42.886445444245254
-0.251	-442.70353996545	516.8357131546359	43.69606673605697
-0.249	-178.6934986668376	480.3686148409772	45.51140039850567
-0.247	194.8627895917987	448.8246752529985	42.60426779655991
-0.245	-495.80756415945615	487.7247772222194	43.711309709315465
-0.243	432.9887853307124	447.24495473307553	43.20936073664581
-0.241	-390.53612261408244	507.5930544301992	44.05247107721372
-0.239	-444.996841905132	449.65747898565627	44.558774829201724
-0.237	461.47402378360346	522.7473315761192	45.23988446033918
-0.235	-336.28476370517467	478.4900843986958	42.68358354439282
-0.23299999999999998	110.96634893670299	496.4418378792872	44.600607145849615
-0.23099999999999998	-203.24341183153294	472.4074542483437	42.89547483438983
-0.22899999999999998	-155.33201860773448	493.10014581620794	44.23348311130906
-0.22699999999999998	193.3506215738845	480.43054494606633	44.75316016598019
-0.22499999999999998	-449.2371822156782	476.6930811591919	43.520651594743605
-0.22299999999999998	92.35650332439782	479.31643133616456	44.24609933244948
-0.22099999999999997	-56.81347321628838	473.8519474746873	43.985450115679356
-0.21899999999999997	-125.98944562347558	487.3198461575649	43.734067460202304
-0.21699999999999997	396.0198110637414	451.7533563453739	42.006895132601926
-0.21499999999999997	-553.2195121307204	486.8047168824431	43.634126096362365
-0.21299999999999997	50.600521768418005	453.2358171977569	43.92605445132117
-0.211	-44.81076462969913	480.8053209223031	43.55288987670267
-0.20900000000000002	-378.8875659804791	503.5830958645529	44.03351514222084
-0.20700000000000002	249.1813969858203	449.97175391730576	44.421945270198435
-0.20500000000000002	-172.29655764217088	448.9404734711516	42.091054351307136
-0.203	-29.681534080783223	481.3512316718065	43.77265432212185
-0.201	380.97117020674534	487.07997427736956	44.20004815631622
-0.199	-98.46296664217658	471.2792516153859	43.75212307169334
-0.197	329.4518542671376	471.1595792697293	42.61712063594884
-0.195	54.16036485961229	476.03595868632095	44.063104498789826
-0.193	30.83012253557449	514.9688225274319	46.201761994776284
-0.191	193.20108535381132	433.54192895586345	43.4896084015062
-0.189	-279.5039875040928	493.7001160382872	42.90517330174078
-0.187	363.7044237640996	463.9443659332732	43.26915847605955
-0.185	227.94727165265095	444.7125600565761	43.295344114583806
-0.183	-317.3761823191956	496.85663478999817	43.998943176467215
-0.181	525.8073983227529	446.87253275707667	43.16122306128212
-0.179	-533.3744979635346	481.72850042638623	43.38929604543816
-0.177	304.535946098472	464.93414595891636	43.39371566532369
-0.175	159.48156065181962	519.6283949305123	45.60915208997831
-0.173	-145.97084565293184	466.24943941304434	42.69023160941024
-0.17099999999999999	309.08421268338594	461.5968653188568	43.77564522587714
-0.16899999999999998	-390.06328023349914	444.79726495390486	42.053908884867894
-0.16699999999999998	383.78280288564605	475.7939743445033	44.85207401056757
-0.16499999999999998	75.09933183502682	442.40986274904066	43.63257296708112
-0.16299999999999998	-183.24602706398795	465.359535554879	43.229565558378624
-0.16099999999999998	240.8723565503479	472.7750526710302	42.91394044130151
-0.15899999999999997	-104.71864030259238	446.7669036872467	43.409059977365835
-0.15699999999999997	141.7435469406314	467.45758789471813	43.093135385416
-0.15499999999999997	634.6261030314438	456.9702608193217	42.92265464166141
-0.15299999999999997	-500.47109984341364	465.4875835035699	44.391112326834204
-0.15099999999999997	181.06062504541498	445.881309588462	42.66326855397596
-0.149	124.23561569119279	455.0062299020224	43.58532846854337
-0.14700000000000002	-668.523329349302	451.51956644131985	44.78493779229489
-0.14500000000000002	831.1376476217713	448.57043200920583	44.2030328677671
-0.14300000000000002	-724.3025939412951	415.2468119602063	42.726539855409136
-0.14100000000000001	-48.7513057210176	474.0267247543731	44.36936233878075
-0.139	56.04166309880476	489.7359562968248	44.86106246390615
-0.137	-332.2748577814227	501.1787937313722	44.293108454100064
-0.135	252.8403799961776	471.1572144076278	42.92593224690272
-0.133	-254.79442585552016	450.27157896908165	43.63206278342937
-0.131	11.353014621073854	487.9180751972209	43.60582402250757
-0.129	372.35320877759824	491.16990029778873	44.91404726128517
-0.127	-493.37914639790984	458.130370108578	42.38894626274723
-0.125	423.62952989538627	489.52039608376487	44.834999119288135
-0.123	-176.48012096505016	441.2370432809984	42.330554455311606
-0.121	-10.987772412929253	473.1112142979215	43.62902091060734
-0.119	427.36392346331974	462.2987828459895	44.28119760509959
-0.11699999999999999	-704.4768265861424	449.1816357165902	44.85125277426468
-0.11499999999999999	293.8170091653092	451.09855741689626	41.83146277971081
-0.11299999999999999	-348.5661619604397	469.0931071225649	45.43681593807003
-0.11099999999999999	-277.6754519974167	486.36860626799387	43.3518261159891
-0.10899999999999999	350.82179774059694	461.50717998722683	43.02646126069033
-0.10699999999999998	-568.7350474072872	408.87146525564884	43.21320172005594
-0.10499999999999998	-1.5132891090230416	504.5070376979762	44.004908788001245
-0.10299999999999998	-116.89850344298591	443.34300862664634	45.071376319549756
-0.10099999999999998	-472.24247532318134	526.1197745835825	44.52668107749442
-0.09899999999999998	265.75064551503937	468.67279575772545	45.48925884527142
-0.09699999999999998	-281.90031063768384	430.87428858369077	42.40364773613494
-0.09499999999999997	-234.3401773360343	493.2822378425387	44.17224760891037
-0.09299999999999997	547.5988441601132	463.05197924182966	44.01771655188696
-0.09099999999999997	-992.1330856870192	464.4874666243914	44.13764683602174
-0.08899999999999997	57.66155492925584	428.79621699885973	42.94104734319833
-0.08699999999999997	-353.64159617468084	465.6578290906626	44.118208263961456
-0.08499999999999996	-661.2823667236922	472.5926029132119	43.48500806747386
-0.08299999999999999	254.31189661961895	470.0198848379902	45.16106839442183
-0.08100000000000002	-874.4936300595363	399.71540703596224	41.66189016694612
-0.07900000000000001	165.84485557036288	456.74682719106556	43.282999695805145
-0.07700000000000001	-208.1077893321126	453.41748725136745	44.145268007597956
-0.07500000000000001	-27.91615178387996	468.1679622970312	43.17109696023607
-0.07300000000000001	-49.822240551833374	420.82890307355757	43.42557595536608
-0.07100000000000001	-558.3338060615173	439.1524854929162	43.45387235119712
-0.069	-562.9015735367782	463.44377894637245	45.88738201326479
-0.067	316.01224256938565	443.25844443549244	42.95269006282909
-0.065	-867.705566900967	443.77488716035737	43.43022569338568
-0.063	366.13608271918173	452.6987227419292	43.4201773558152
-0.061	-50.71305411930016	423.614892015076	43.488397045019475
-0.059	-300.49285601629896	497.3799720095817	44.74710815622076
-0.056999999999999995	586.2800016311897	461.84489146500573	44.25946402987878
-0.05499999999999999	-1078.7621222430043	424.7265481220984	42.422311437647906
-0.05299999999999999	458.09486020664815	476.9021924473018	43.03607755647389
-0.05099999999999999	-311.06470559882916	479.9912151995157	45.012766513760845
-0.04899999999999999	-514.1152700934848	468.0091071674809	43.67868459261291
-0.046999999999999986	440.29672231293836	434.5097753333992	43.193983137078135
-0.044999999999999984	-559.9370808627713	409.8972833637135	42.449284917238735
-0.04299999999999998	-45.961262274296644	536.420272964794	44.32839577189166
-0.04099999999999998	-46.41560885076945	409.57249923465747	42.63935696567469
-0.03899999999999998	-494.9021503888318	518.4796730769768	43.84349056815053
-0.03699999999999998	385.0149941517777	446.13317820233584	43.32211235002237
-0.034999999999999976	-315.71536263130804	478.20745233260845	43.17395138824712
-0.032999999999999974	-155.24557476187528	460.6027411821344	43.36068153450657
-0.030999999999999972	610.923928534568	448.950827743744	42.96342929376779
-0.02899999999999997	-898.974379045625	473.26796681604725	43.94757343410578
-0.02699999999999997	180.46313032948902	434.3379351049864	43.97830058390579
-0.024999999999999967	-293.75274128218274	460.2773723381097	45.00910331028016
-0.022999999999999965	-177.72727115794584	462.69461014622294	43.57600187105722
-0.02099999999999999	545.6377372654586	438.68288301384166	43.80315108629227
-0.019000000000000017	-655.4488646709489	438.42141663178165	42.16319493111914
-0.017000000000000015	526.4799732596082	466.54147917694445	43.89171505157973
-0.015000000000000013	-296.5622690195291	427.87955330329584	44.02666181401551
-0.013000000000000012	-31.127121832730253	465.7207673807686	43.18603010473629
-0.01100000000000001	603.733602591916	471.96616905301863	43.64751949532452
-0.009000000000000008	-190.36374373526678	439.1911397917996	43.986862335584576
-0.007000000000000006	-30.683313096635523	497.0287399421868	42.70742311420828
-0.0050000000000000044	272.8778739116144	499.8906034595445	45.38073188411823
-0.0030000000000000027	-1058.2644151380105	480.11675400561296	44.24615778508272
-0.0010000000000000009	331.8002128525066	451.7721792340781	43.86891506549243
0.0010000000000000009	-547.219991495318	469.9648182381311	44.46261924566911
0.0030000000000000027	-411.51119573501484	486.09488978027645	43.42834978715626
0.0050000000000000044	325.6453750479782	465.2464006299962	46.11002656597935
0.007000000000000006	-919.3174400170534	431.73103615867086	45.28255181364364
0.009000000000000008	658.8462173107157	500.4560418538175	43.718763606807116
0.01100000000000001	-322.8618166869479	494.6562958058487	47.56372959903249
0.013000000000000012	164.5296587806655	466.5345844016456	43.47578992733544
0.015000000000000013	415.41092140851	489.7398260457277	44.01772787134929
0.017000000000000015	-398.23403646632727	418.7211760355338	42.807448473267875
0.019000000000000017	49.44212985491525	508.54954430341695	45.55567818633088
0.02100000000000002	-240.92908934070235	437.28253546697437	44.871115919893846
0.02300000000000002	-1.9077767647868171	493.377696383634	43.55491632678935
0.025000000000000022	184.3653184741001	481.31480422275894	44.20670391987699
0.027000000000000024	-344.26239738738485	456.79680352053884	43.19398648266567
0.029000000000000026	182.96812438256538	488.13212594330406	43.98938629479427
0.031000000000000028	405.5214293192666	464.9044749718818	43.015810686300924
0.03300000000000003	-627.193111414015	464.9352106033857	44.009108462215
0.03500000000000003	254.60040053593147	471.5057501895619	44.01056762877852
0.03700000000000003	-473.03978523494106	426.0152190940666	43.57922795247021
0.039000000000000035	45.751003312055616	465.92865052756923	42.95813564848485
0.041000000000000036	687.1863898989527	460.543492361381	44.62646455492074
0.04300000000000004	-857.1174214422329	432.2777224174089	43.610679675379004
0.04500000000000004	128.44240496368008	502.175817531376	43.4749231276293
0.04700000000000004	-150.63775419377203	438.87148702905574	45.82014140888911
0.049000000000000044	192.4360444973683	461.4399535232923	43.233900550521874
0.051000000000000045	410.6812883493127	504.6394528647164	45.229086585201735
0.05300000000000005	-401.60056358418126	430.7527091134766	43.432450380671526
0.05500000000000005	347.03642005351475	470.7956900839559	43.24070826176893
0.05700000000000005	25.89151876541962	460.937114032588	43.79224623507716
0.05900000000000005	-617.6111650555426	438.94489151205056	44.27143765839778
0.061000000000000054	-98.57464282847505	465.26189411340636	44.76575335450224
0.06300000000000006	-732.8927045658907	465.79877951476243	45.02812175547771
0.06500000000000006	-254.93523718211895	500.08088653653033	44.670643923278426
0.06700000000000006	618.5802564147025	518.3654291854689	45.83242311968044
0.06900000000000006	-697.7853625974584	434.12230609179903	43.22984355955743
0.07100000000000006	451.39790625170485	528.7608433548572	44.13899543044559
0.07300000000000006	-257.91142709907786	476.9769782963082	46.01741214659019
0.07500000000000007	-88.90636776459627	514.025155861023	44.51891645842807
0.07700000000000001	365.00419579121865	461.3567313853953	43.0389488562653
0.07899999999999996	-562.5274239399181	438.08612709025954	44.187767101802
0.08099999999999996	388.5607397342561	505.67257963802626	44.0717529515071
0.08299999999999996	-174.13401149679598	435.5271143292678	44.48154388102934
0.08499999999999996	-174.92926741380364	491.2674073204854	43.66872413970136
0.08699999999999997	269.165196188137	493.10690765964034	45.132867381783015
0.08899999999999997	-33.681877462887755	446.4754830962513	43.249717363942665
0.09099999999999997	-121.00757363486814	477.4897359608521	44.28802568107967
0.09299999999999997	605.0146288831826	467.3765310813279	43.51374304237889
0.09499999999999997	-592.2573909623585	476.87476728980977	46.055937885366035
0.09699999999999998	562.7442521454195	492.64682019176877	43.20859227075681
0.09899999999999998	-423.94218534080875	481.6875519656828	45.73617446592792
0.10099999999999998	7.797108207752146	476.1140994738517	44.107401159357515
0.10299999999999998	681.8115672091451	476.2543714081727	43.3276505214593
0.10499999999999998	-614.8633138408633	472.9914490097062	43.61751799186872
0.10699999999999998	553.1033153993725	527.6174228270125	44.98517932999727
0.10899999999999999	-537.5462180872148	416.7282274501089	44.74288811064681
0.11099999999999999	-408.44226962100106	463.9597845992515	45.486292446465924
0.11299999999999999	114.7350295229721	461.450199792217	43.51201603291901
0.11499999999999999	-591.4375884594758	474.1846677731948	44.878818847251935
0.11699999999999999	-59.138520982049414	476.89617812686265	45.253497830109346
0.119	146.48971914610343	451.5912212299679	44.50295078746672
0.121	-768.5194508775251	503.9292764005695	46.032457791049104
0.123	208.78876987628914	477.4671185565927	43.33186825139248
0.125	-19.732950656825565	471.6308059808984	45.364140591986654
0.127	-134.51190470725737	487.7585659131294	44.39678972785593
0.129	93.54154781404667	493.40302885836286	43.68430313000977
0.131	-776.3596219257929	428.69889792571104	43.154235970816885
0.133	307.7973738756512	514.5347069991997	43.840066694795404
0.135	-567.0286438342887	510.8906886330308	46.55984315659906
0.137	-128.6986182369443	461.58184800745323	44.63305389589131
0.139	-252.99015193047669	458.51795796736997	43.7540307400427
0.14100000000000001	-807.4487308007416	460.090187444911	43.95035278737067
0.14300000000000002	292.67461346615954	490.1913571220091	43.55727419804576
0.14500000000000002	-359.3948245365075	467.2338126588202	45.30183686447898
0.14700000000000002	-486.25692438764025	499.0212489044631	44.032290131139504
0.14900000000000002	-68.44841699182868	509.68328588908923	45.96835619222606
0.15100000000000002	-412.21872511776337	458.1008939783447	43.23565408796833
0.15300000000000002	-148.1083662817628	517.5843003404304	44.55128132084117
0.15500000000000003	254.35705976084577	464.59326520313675	44.69873454479142
0.15700000000000003	-918.6528894636891	463.72436959932276	44.88624650399853
0.15900000000000003	48.28080865504347	539.7363374664224	43.30318031658861
0.16100000000000003	-1068.8774387165313	416.2046203095674	44.98645808079479
0.16300000000000003	-291.96614138338185	505.6302569728024	44.21551202534195
0.16500000000000004	293.7690978839225	462.2799518558684	44.10162434946342
0.16700000000000004	-892.1482299409922	455.89514335133754	44.265392618777724
0.16900000000000004	221.34188868760953	531.3081538226369	45.193651994093166
0.17100000000000004	-1050.8169435213822	459.75497596005215	44.19589668115166
0.17300000000000004	-269.56973843295094	480.77569986122296	43.49068511478953
0.17500000000000004	-58.50924606409791	485.8554610558417	45.33209526308873
0.17700000000000005	-671.2521460950916	439.6141811444435	43.73441729670049
0.17900000000000005	-132.63564902032954	514.5716074286879	44.50189982730119
0.18100000000000005	-60.755194031925086	458.8776774330922	43.868841923419474
0.18300000000000005	-429.3606018349605	477.8216638735148	44.832737927490264
0.18500000000000005	40.187245005984806	452.6817238737661	42.7734363465607
0.18700000000000006	-522.8398121152056	466.610151280476	44.679624151397284
0.18900000000000006	-285.1633720015734	475.22638561376624	44.109642863591624
0.19100000000000006	25.86111996838447	474.03703958690454	43.76659832292186
0.19300000000000006	-917.2681917611891	411.26843900446875	45.11350750959185
0.19500000000000006	315.702477117652	511.415001945789	44.72339861021902
0.19700000000000006	-942.0191721358773	449.2442904085323	44.88690855880505
0.19900000000000007	-264.4061189444047	482.11559565000044	43.77854222053828
0.20100000000000007	62.66716777258985	463.33460419021344	44.04099070690873
0.203	-1391.4202752086658	428.7466786283979	44.51555049112679
0.20499999999999996	201.1602348981345	477.6658475308567	42.90176828815956
0.20699999999999996	-646.651773667406	447.9981358253168	43.98361190841793
0.20899999999999996	-312.5364994536195	467.2413431160519	43.75610344158843
0.21099999999999997	154.70663549010942	501.1038233251801	44.98595650758769
0.21299999999999997	-668.9700036023316	437.73621219515144	42.81874586005692
0.21499999999999997	67.49548003148753	487.1411073201187	44.09523650372093
0.21699999999999997	15.243557822230969	491.1736258548791	45.679976999134254
0.21899999999999997	-504.629918729349	442.97989106244273	44.13967175215219
0.22099999999999997	262.4194986968753	483.39993516534764	43.096171184027455
0.22299999999999998	-867.9370980717582	436.1983206648378	43.56430609049016
0.22499999999999998	-267.04523479537113	477.78310487202623	44.31909417543413
0.22699999999999998	238.00021029152242	455.9489839539069	43.871712030638534
0.22899999999999998	-1032.424637015139	458.1798851770296	43.11669424993986
0.23099999999999998	512.9032543671475	502.66009867521973	44.99543651961357
0.23299999999999998	-742.2501733886921	440.6141407600827	43.69871462092614
0.235	-85.87466904208529	469.90652910917686	43.03126329974207
0.237	-1.7956756052095457	492.93297353568585	44.52753642961056
0.239	-466.8756422804288	463.05511146240775	43.48594955941257
0.241	31.765099674618824	510.6299192288526	44.58098930937328
0.243	-13.398249792073713	484.6879114561157	45.53633902438097
0.245	-241.67176370937239	469.13849351310597	43.90080253330867
0.247	-37.438705445813625	497.48130854518837	44.03776590842672
0.249	-508.81662376645045	475.79075173226454	44.51908424440571
0.251	22.13427257435896	487.0769201499036	43.71616858785129
0.253	140.77386977584538	487.7810821122185	44.88802720958101
0.255	-747.9178246228013	475.86052962488037	44.181601202243655
0.257	442.94750101125936	475.9951426059734	46.28819136073529
0.259	-758.7452087663982	430.10629160416795	43.539257467204045
0.261	167.23205778768067	484.0854374225853	43.48284957477918
0.263	153.7797901851601	504.10666247848576	44.04326556846246
0.265	-625.2009840838068	457.64091791895	42.873345826834495
0.267	433.53125561296224	499.494632097019	43.717521400589256
0.269	-341.630467309062	476.33865715832445	44.36474673849226
0.271	-334.8348473506402	460.79317247764897	44.771572618653494
0.273	-162.65864823805654	511.3820652318229	43.83488049715333
0.275	-440.16257911771993	408.74463463200476	43.84519394217301
0.277	289.3290313261687	470.5730611935549	43.855079808036336
0.279	185.86740070403175	499.2961836553737	44.017793221288116
0.281	-715.7377311725055	419.28803674582474	42.62134078227585
0.28300000000000003	336.8216595804885	498.23016382454745	43.33074374826573
0.28500000000000003	-527.5282343311094	464.6202440513469	44.41706442240393
0.28700000000000003	-25.918519033107934	481.74977684515034	43.975917402123684
0.28900000000000003	228.7170794079696	505.6233281472073	44.68364339803688
0.29100000000000004	-641.7117613762846	461.2878252742489	44.59912438814502
0.29300000000000004	514.7240195084723	464.83788897952985	45.87175639437998
0.29500000000000004	-114.41321169958218	431.6838076838001	43.352486558703184
0.29700000000000004	173.70020715756772	438.2192035307845	44.30617372247478
0.29900000000000004	-157.8974645981557	497.38264985277425	44.09732102509107
0.30100000000000005	-248.9808685021133	449.88868508550865	43.2059539829009
0.30300000000000005	499.045686864763	464.964777875343	44.79980982672073
0.30500000000000005	309.56249325697627	501.96677726697305	43.7602461584117
0.30700000000000005	-507.5032401679058	449.91462439278365	44.38709561925591
0.30900000000000005	117.20832582184926	498.5959123985361	43.92825666165235
0.31100000000000005	-621.7278034186257	440.0855823774472	43.742963112724006
0.31300000000000006	113.2012796039028	494.4455351750693	45.571390819954985
0.31500000000000006	3.284095351441252	462.739463062487	45.667462218170215
0.31700000000000006	-657.3562701991386	445.3774759067719	41.8875083256955
0.31900000000000006	437.32884794667194	549.2066855773239	44.967977016440436
0.32100000000000006	-790.704106743867	442.43085035226034	42.68430770455406
0.32300000000000006	-84.7918286343008	461.8640708914243	44.29386477281647
0.32500000000000007	-114.11762435187268	469.6842955918783	44.76231922239365
0.32700000000000007	-351.31279590472354	477.50941098762877	42.876410087251855
0.32900000000000007	491.32823068109843	465.40382865713974	43.25662147937128
0.33100000000000007	-453.98956577813453	452.96437956369886	42.86918733660737
0.333	-271.51544653436497	484.70062562176764	44.499588689576484
0.33499999999999996	-258.07292074109256	527.174909652603	45.42394381364545
0.33699999999999997	-498.67932606773024	458.4952559969239	42.951840547830066
0.33899999999999997	122.31984819899289	511.1350571868865	45.80346805591269
0.34099999999999997	295.1487909343964	478.35075879437176	44.760987021852564
0.34299999999999997	-513.7079732459026	416.6207454490381	44.627314878154856
0.345	503.740778261319	486.37732768746315	44.89543062454103
0.347	-677.0416006585123	486.4272526786492	45.45699953022656
0.349	204.49419363544052	497.7370648832633	44.82624337067051
0.351	-189.11838167090522	483.9872438754634	42.51850033732166
0.353	-625.754371657683	511.3155624105485	46.84808919646029
0.355	462.44318430122	493.83379959578656	44.265275026736134
0.357	-367.6897592024275	491.9346135176448	45.631704471166316
0.359	138.25601762018636	500.79955905120966	44.821098670113734
0.361	39.16605669318507	501.29030916372795	44.81114086520088
0.363	-43.06090842409738	486.54164276806506	43.934874391913866
0.365	221.8778436482438	457.3700664191215	43.93643862439723
0.367	-24.888726000260597	470.5567496429885	42.72717004976688
0.369	-525.5058023115877	425.03031937271186	43.76033864481672
0.371	-31.915348024380563	505.7628003356588	43.431355300802174
0.373	-427.50263435931134	468.18734093435	43.24716456535139
0.375	294.31910335886437	483.5799513149428	43.27505765869712
0.377	57.86183472156203	452.1547091214582	43.40548066065317
0.379	-618.7971450847263	448.0138539307702	42.8509953245902
0.381	678.5254727148526	498.73058131837917	43.54588787783837
0.383	-473.7197031280393	462.27036885815204	42.5402978141788
0.385	304.5301011093127	452.21259151140146	43.08282347334563
0.387	-201.3904865779681	533.1027053246861	46.32220488494999
0.389	-302.3629568987829	477.14014139649805	43.18111737170943
0.391	110.97581997066008	471.95683680756304	42.67281361400499
0.393	-487.10593611245304	469.7429550369606	44.01614951200323
0.395	-183.70190198846447	458.0131110277001	43.38373876065103
0.397	-68.77512194214397	526.7300341787023	43.509138062911816
0.399	-339.47817328727757	501.4259610647354	43.039919237605744
0.401	239.8578524218653	485.0100942089903	43.83444735959524
0.403	-184.63675822821824	519.3374395415505	43.96785385536962
0.405	-957.2636381204313	454.3778791557732	41.979298564521656
0.40700000000000003	439.17339802201917	522.5131860836904	45.016026787162296
0.40900000000000003	-743.716447836995	486.3748121200511	42.97936202748296
0.41100000000000003	284.8449944199416	435.26318525674765	42.68373459810827
0.41300000000000003	-28.263136681139223	524.8668747019068	42.44500893918634
0.41500000000000004	-698.3637002258014	460.21560453052155	43.75551241639973
0.41700000000000004	623.3701098283806	501.44749678390735	43.58152527459954
0.41900000000000004	-726.20178774907	498.3230632175799	43.747871966941204
0.42100000000000004	-89.17395850405185	467.37048370896593	42.37154431365499
0.42300000000000004	141.0087302762264	543.9221063061108	43.70174951555875
0.42500000000000004	-649.9310735985641	478.9019830815344	42.587661475092624
0.42700000000000005	531.4405980356706	502.17074393944176	43.76204379825997
0.42900000000000005	-45.69213298810659	519.2577698896298	42.697853553661815
0.43100000000000005	-700.2465351291231	470.3794781237608	45.80481436819652
0.43300000000000005	71.30647805420054	540.1271052418521	44.229621578009855
0.43500000000000005	-970.075847112728	533.3881066603224	46.18480966564549
0.43700000000000006	269.0183473152974	503.82113762080843	44.525249506353966
0.43900000000000006	102.31084926037859	491.5857242090974	43.484677061118745
0.44100000000000006	-770.3595178011335	449.1700688603867	42.06959339005345
0.44300000000000006	373.8758017728383	523.3073763866217	43.77716584647458
0.44500000000000006	-819.8973741837534	493.4260875602593	43.93476513867974
0.44700000000000006	232.17881418613473	506.43842065384564	44.26438969108886
0.44900000000000007	84.9903323436596	525.6527029271732	42.665764658973515
0.45100000000000007	-646.5557046828608	477.2809212351579	43.460432391282254
0.45300000000000007	499.35642308285287	483.6578409658381	43.03214479797905
0.45500000000000007	-373.45631653329383	491.3050566493171	41.80074967234072
0.4570000000000001	-393.8610990744662	469.47598916423505	43.66190007496803
0.459	63.42465471353975	509.39725401798415	41.60389977111729
0.46099999999999997	-427.0866554179076	478.15384039716037	41.8042912818347
0.46299999999999997	476.5955096412977	498.3785088774271	43.747538757214194
0.46499999999999997	-65.3139611335174	516.2129617540973	42.44367925644536
0.46699999999999997	-656.0109457943719	479.1214351545311	43.516637103852986
0.469	781.6227511965312	499.4284706543214	43.0770711488852
0.471	-563.9533367628458	473.5301573463756	43.06850297328225
0.473	386.2373013874265	479.42667911429686	43.36948464661817
0.475	-21.28298749071167	514.3739811272848	42.44939651137376
0.477	-692.067176866873	475.4345699137358	43.58795488668024
0.479	550.5892303228065	480.18926150528273	43.52161960769146
0.481	-333.6898585799553	513.9456303245078	42.91430015017318
0.483	94.67093599946352	459.5900456216303	43.72266049875374
0.485	135.05827172788366	542.9415141146337	44.87923424922632
0.487	-422.6067845451986	443.628038814137	42.14134470336416
0.489	553.8547727619302	507.9605644973485	44.83103751452748
0.491	-138.71768534834405	515.397475412362	43.583658946134854
0.493	-400.171590908216	433.6850406222869	42.488356028084176
0.495	300.376763853194	496.3703369288638	43.4951448030543
0.497	-642.7908747128619	493.84373157339616	43.23630892697143
0.499	805.2356435528374	456.61254576821153	45.76638328048287