-0.499	-51.406576676904514	48.50848846057992	31.96110921370164
-0.497	-31.004568742054595	50.454572370115535	30.90753100406061
-0.495	-31.223433777816112	43.819849737307855	29.207041549201517
-0.493	9.369692734795265	44.018147824992944	31.138416372531186
-0.491	11.92684617778994	48.55131704799797	29.765507204776046
-0.489	2.7301459879502943	45.077587692313244	29.420420470702595
-0.487	-10.113960440705227	46.1670586108136	31.919792703291392
-0.485	5.009020398016872	48.9753369210256	31.27956002078488
-0.483	15.340057135437846	43.30086995288417	30.195660739160687
-0.481	40.89945908813952	49.2712126951014	29.122153403279494
-0.479	7.3017860500179665	49.98632696129131	31.39894099023178
-0.477	1.2901668005049771	54.45351406410003	32.1407343283659
-0.475	-23.689450848407567	43.129525374369386	29.441705328949176
-0.473	58.93249596877759	44.20018743044254	28.29963706479408
-0.471	-20.437233105297103	53.125962515700785	29.997548141876713
-0.469	-0.1358847496746307	38.648957883294514	30.610121214924416
-0.46699999999999997	-47.90537654641991	54.11025683687815	31.43110333389557
-0.46499999999999997	17.188695783820762	47.325827959481536	30.454386472499934
-0.46299999999999997	8.23461929777558	46.534417835613034	29.120158919258547
-0.461	6.968048712918673	43.21768421743196	29.553111409150898
-0.459	38.967014467816696	47.4551173695503	30.261640836064068
-0.457	-55.30201971670756	45.730455323166225	29.052591938951135
-0.455	-4.313536643651972	45.37129691290772	30.012850109949877
-0.453	45.021495942210166	42.95389581166893	29.220158120232092
-0.451	-36.51481977606785	44.01595691888444	30.4481216150238
-0.449	-54.48150407283414	44.297627347204525	30.276966060134225
-0.447	29.779064601997973	40.81265193657546	32.07509796564378
-0.445	-50.15883602099702	47.56770794702254	31.132308606855673
-0.443	44.220846590503626	47.134954529100135	30.30120017806941
-0.441	-25.521577077358693	43.690234461097035	28.094885368080867
-0.439	-37.103935617954775	42.70718834561883	29.665815131818338
-0.437	21.579993585874035	46.81331199875858	30.768603854922617
-0.435	52.730042032100854	46.7725989057382	30.37574529391954
-0.433	-60.09676611640202	50.075513880194386	31.702464125674872
-0.431	-43.52889593361997	47.556984077715875	29.674459549146214
-0.429	16.468358316590326	48.02039432961044	30.805875844307472
-0.427	29.29125860906545	49.001970012051586	30.388105135875733
-0.425	69.2380486040367	48.145466716222096	29.449266669468233
-0.423	-3.590355504123899	45.365958367006236	31.204170789784918
-0.421	-18.26292631956772	48.795416208793235	29.500937788004684
-0.419	38.06756537794165	49.653169379528464	30.473259100309367
-0.417	32.26862545990805	44.77826188521167	29.09434402107132
-0.415	-3.8307809346882493	51.30607239214185	32.43782486556549
-0.41300000000000003	0.8035590333133058	49.39847427316621	31.23541383913352
-0.41100000000000003	1.82371342583032	41.21371136390023	30.26331621962022
-0.40900000000000003	-4.778351273437842	43.657838135877235	28.086011899217407
-0.40700000000000003	25.467812792889788	48.31579168947488	29.11090129813326
-0.405	8.015705969199871	45.775042798415996	32.55874968739223
-0.403	-37.512545601914304	49.53769349488314	32.48515711961158
-0.401	-9.025424186459574	47.4911912964055	31.853870861509407
-0.399	-6.868644757740405	41.304458782442886	28.908297825242393
-0.397	-40.38942862549799	41.16266084467601	30.66302041809487
-0.395	-0.679339565934356	42.144062670174655	30.659042099603756
-0.393	71.35685031101069	42.88980736858764	30.390222188115604
-0.391	-44.24429632110538	49.89174100790828	29.801745971677978
-0.389	3.124219060790523	44.49953297709714	29.42744455525654
-0.387	-12.209430690024448	46.515348290006415	29.182294329738237
-0.385	-59.25729007527636	46.016660680361554	30.065047583231266
-0.383	-44.427697545645906	45.98658143097059	31.9229821494894
-0.381	-15.709486878345835	41.57548913346089	29.244158331344313
-0.379	26.218447879422513	49.247643054859914	31.11619908260151
-0.377	-37.98436193014343	41.754573637122704	28.797192158763618
-0.375	29.013177356151942	47.269754465655915	29.69233412479068
-0.373	11.41235717927458	51.96534860303583	30.512501136858987
-0.371	71.02563815930552	50.93113178953203	29.81275803708658
-0.369	22.804299393941463	43.78927411101595	29.97009769757078
-0.367	-44.812887841083615	44.5581001403687	29.228072711799545
-0.365	-44.89013633834915	41.57655698402917	31.771190769957894
-0.363	-29.958248575323587	45.69166768530204	30.466428651019104
-0.361	-4.876869415637586	51.10696472162057	30.37337854183234
-0.359	-8.37534062891887	48.95783376992378	30.389478214451255
-0.357	-27.045395771474467	42.51560005379798	29.337785675838052
-0.355	-83.87697334821809	43.56025901584288	30.114545055103495
-0.353	31.116922808438474	47.49791023751845	29.7504278670827
-0.351	6.77319183517433	50.58282273933429	31.255410823502892
-0.349	-22.52019391568716	41.17960011742959	28.861202521620722
-0.347	-35.2158750321907	40.7270224561357	30.06325060150708
-0.345	53.31529138774549	50.083918703110974	28.06188437502351
-0.34299999999999997	0.23958320971573244	41.834031884501314	28.779437356116915
-0.34099999999999997	-88.16627811414347	51.70917671603791	31.694759714393157
-0.33899999999999997	-33.52132123413121	48.29327711171936	30.94822534154164
-0.33699999999999997	60.30746916696472	43.88997142692417	29.62303530095043
-0.33499999999999996	-9.8710752058917	36.84487461260602	28.332651288731014
-0.33299999999999996	-30.442665433172422	49.62635287156149	31.390248442370865
-0.33099999999999996	-45.49070682213774	45.42684349742057	30.12997273158616
-0.32899999999999996	59.448793716887494	38.92279564025675	29.269153986034265
-0.32699999999999996	55.42887497478333	43.84719930131292	29.390447293225307
-0.32499999999999996	101.77442149017502	42.51583083975669	28.63884432084395
-0.323	-6.066958521011578	44.71400890417181	29.321433567634436
-0.321	0.3547498388378756	45.659024896196044	31.577034038218358
-0.319	54.54586401976158	47.34632337863346	31.49383650275395
-0.317	8.38022671678651	45.76997176896193	28.802592480705496
-0.315	31.32475076927932	44.52714874713609	30.465708167996343
-0.313	27.457456825752402	47.32456068253059	29.31231358953607
-0.311	41.39369788003222	40.20259161946248	29.2973398550482
-0.309	41.72681553038515	40.18603986581881	30.989010145375254
-0.307	39.020743506368305	45.95323489348251	30.412421296017257
-0.305	-5.031678412925622	47.73940693793185	29.849147073942635
-0.303	-71.1285415897489	46.222687437787656	28.405889342333445
-0.301	-33.46745786780847	46.68193387374232	31.543707387387958
-0.299	18.485058353778783	44.05190858011964	29.478417959203142
-0.297	37.581177436907254	47.061743824768506	30.31223100277023
-0.295	-37.95855798338632	40.79076987367754	29.424046516567135
-0.293	28.059354604037523	48.42458948906828	30.163603213781126
-0.29100000000000004	31.085526947416398	40.64969409519461	30.02252119267343
-0.28900000000000003	24.761419339824897	45.64455828630467	29.630289739620768
-0.28700000000000003	-34.90399715000425	52.985296462088485	31.479590136895162
-0.28500000000000003	-43.90729763736889	48.07851808774008	29.15941114422366
-0.28300000000000003	28.20263986058613	43.332481069245226	29.599490716290365
-0.281	25.43916033825866	43.00501606614121	28.33244480292683
-0.279	22.343420670090097	41.33171517209736	30.413234875035908
-0.277	-52.69047452627351	53.414755922040165	31.42983923339301
-0.275	-27.237234200616633	52.12760764774447	30.733840801524384
-0.273	54.371279447629206	42.46762043440188	29.328419148041014
-0.271	64.18468728042193	41.965023113259555	28.474129482132515
-0.269	0.6549791153886986	58.67617113093538	33.254007510071816
-0.267	11.908049911912855	48.44967432429103	31.22062119691388
-0.265	40.41920019459688	44.82846600159362	28.80088567615007
-0.263	-9.407151269957836	43.23630474320329	29.04050165530829
-0.261	14.893171245367043	44.35836914558816	29.450978253150417
-0.259	42.53169443080296	52.12601174341044	31.355643258642033
-0.257	-12.837499696272126	53.344759256705345	30.83635336891575
-0.255	54.02960533062995	43.8687866091755	30.766896400298563
-0.253	47.742334009948095	44.14338160144716	27.793923563893784
-0.251	12.151051794528911	49.735110000952076	30.73008537340424
-0.249	1.596671193926369	46.204591519392785	31.026764578745013
-0.247	86.28707180413642	43.666627553692614	29.04809747311976
-0.245	15.455009346965198	45.187619227579326	30.61233366251906
-0.243	45.27032499823669	48.33441636998839	31.37907728164118
-0.241	14.14690048706646	48.8849386124246	31.615064595679435
-0.239	-72.96389600697228	41.38292896485793	28.739710028012972
-0.237	30.294128107621887	60.19823411751921	33.690648170814754
-0.235	7.6012800251934465	41.05953943539419	29.413103729112112
-0.23299999999999998	-13.319001310962975	46.233486806445605	29.666678151649677
-0.23099999999999998	-2.5397688081518766	45.225351116337855	29.086214518729054
-0.22899999999999998	-18.251329325313925	42.728396584897105	29.764849647595803
-0.22699999999999998	14.46965407114753	44.22975733074586	30.047836958359888
-0.22499999999999998	30.42215692405925	49.64861145908355	30.634223742615823
-0.22299999999999998	-45.569924499000436	49.016839040276494	31.040526328090934
-0.22099999999999997	2.070444736546051	42.354298787719806	29.17207725128455
-0.21899999999999997	2.240475231785055	50.10820574800943	29.646284098179418
-0.21699999999999997	6.463860733996185	52.633089794229676	29.707968265809495
-0.21499999999999997	37.58841736556384	44.06308480887146	29.193587091412123
-0.21299999999999997	-16.964733350666172	52.24867530083177	31.07464379481928
-0.211	-42.03590542839475	43.63026304116439	29.224549162465717
-0.20900000000000002	25.537217029691917	48.69686722834332	30.653837064472544
-0.20700000000000002	-15.247138726248721	40.400711405572956	28.524181340998684
-0.20500000000000002	59.71073373589597	54.09003738260861	31.858680605935852
-0.203	39.105834096941905	47.6975620137695	30.311871804259194
-0.201	-27.96473722899151	39.936406674953	29.639569736264153
-0.199	18.116533036849347	45.96651950225525	27.419209038394463
-0.197	1.597907724582015	42.32978287316158	29.422954761200593
-0.195	39.281220330478206	44.94280293066918	31.31792440082408
-0.193	-25.802551286591147	50.59773062387985	29.84354264835227
-0.191	2.0899603214719065	50.29692535585156	30.99952368312345
-0.189	13.620515336265626	40.81111333034036	28.74409757553984
-0.187	-36.45830877196943	44.44982466044582	30.387008550793787
-0.185	-21.567228710162034	44.1514692429225	29.07189614464585
-0.183	31.819670591293203	46.37990324612399	29.62312180983396
-0.181	62.58597044861425	44.99538689468928	29.866377106940302
-0.179	-16.30381118467028	44.17576290627874	29.165800730415924
-0.177	0.6457441785734375	49.16846634622658	30.23385360143133
-0.175	-35.93983054361871	54.90903944823578	29.509922549519985
-0.173	86.92036573765272	49.8246910405174	32.4117042029585
-0.17099999999999999	61.144161106252426	49.30417465467995	30.662390866241044
-0.16899999999999998	51.13929183453436	46.91435837959197	30.03983318716525
-0.16699999999999998	-85.22103150476745	44.15198212382751	27.66380983289903
-0.16499999999999998	-26.36788880872043	48.45635241844235	29.45857590979364
-0.16299999999999998	49.32251909406382	42.84277325470842	31.837762568578576
-0.16099999999999998	44.53125621028953	47.42482056290328	30.907137151229943
-0.15899999999999997	-7.003259111959537	49.76967012560542	30.760980204592357
-0.15699999999999997	49.459194639833726	47.98790684582423	29.13924112531484
-0.15499999999999997	-35.68469375792027	43.9618648281759	31.005490606987944
-0.15299999999999997	-8.237072206873641	48.59584840392615	29.717281972803843
-0.15099999999999997	32.62738162579382	43.58669116604157	29.449630672343954
-0.149	49.55887560798011	50.04658529221777	29.634590316525806
-0.14700000000000002	-10.98498945517612	46.676166131475604	29.264952727320313
-0.14500000000000002	-37.59258464686166	48.31346009771687	31.880437866373217
-0.14300000000000002	-18.084673291562936	41.785763231519056	29.626644506673916
-0.14100000000000001	23.017480600628915	53.67172741518993	31.500950537225794
-0.139	30.05570225744769	41.86060062512277	29.312572843274094
-0.137	7.508934478650531	44.80443737376123	30.547695971311402
-0.135	34.980231033321374	43.42484618072332	28.05461398820343
-0.133	50.800155079189224	40.98858218758472	28.911274988797167
-0.131	-13.153919623087873	52.36596268533978	30.444010589598275
-0.129	50.90482129355145	60.48682171174065	33.196077844205156
-0.127	-19.228591770503733	46.49254452737068	30.178346449275868
-0.125	6.425373089813391	42.69578983300326	27.91274876788624
-0.123	1.7251705037857334	49.939639271544074	31.062982240801222
-0.121	35.02870362370736	47.23702002453627	30.54149293107497
-0.119	5.441771609548951	44.46449094718232	30.03881925731182
-0.11699999999999999	16.395247813383307	41.88245528162334	29.734931687185433
-0.11499999999999999	40.36639891102922	46.72385166529368	29.410243077500137
-0.11299999999999999	-21.36880365877225	45.51920488846536	28.970145053321154
-0.11099999999999999	32.14925176009409	50.182247796067955	30.936594600393544
-0.10899999999999999	84.93598609349284	40.65346096792328	32.532950296176
-0.10699999999999998	55.03470083145778	49.77401900346425	29.358441308303455
-0.10499999999999998	-2.0801966096328783	47.742213085837484	31.0184099453607
-0.10299999999999998	-31.579680288995604	46.47136613046371	29.349776888018006
-0.10099999999999998	14.501403817979153	44.46753256833757	29.479553943163268
-0.09899999999999998	-6.896811162171446	45.76710413679194	29.94786521362531
-0.09699999999999998	28.43040298916577	44.4814835613609	30.753737625399427
-0.09499999999999997	50.49071985974152	48.073435693953414	30.171686995667685
-0.09299999999999997	-57.04432967912343	49.78051824580494	29.60996874447715
-0.09099999999999997	12.800372887644684	47.27301613553787	32.194867836389186
-0.08899999999999997	13.956392681979679	47.57076017645293	29.758591735022517
-0.08699999999999997	-1.712928455965823	50.72169489308235	30.41816682943207
-0.08499999999999996	-91.86611059819327	47.723304304105774	30.83431616215658
-0.08299999999999999	-23.649111829060487	51.1537096190842	29.344007684636647
-0.08100000000000002	22.88702216879379	49.200005209302006	30.747870045710506
-0.07900000000000001	4.266459988411242	43.811785070095766	31.02063870421453
-0.07700000000000001	-51.30203994596627	52.65332949022176	32.830423108056465
-0.07500000000000001	-26.950613061793582	48.817578336953666	29.695208630326984
-0.07300000000000001	-65.5652713321686	42.90193623840366	30.225190170792914
-0.07100000000000001	36.15673857693125	47.334000023899534	29.343932707965184
-0.069	38.53779580520467	41.97057222434675	29.333884374071186
-0.067	-30.062492244464778	55.50128725369465	31.537329999984852
-0.065	42.68940685991929	50.58345898454678	31.82097775990573
-0.063	26.779433743406855	45.48078853020957	29.680345269918476
-0.061	-24.85912600258544	47.33796614417951	28.715918885857867
-0.059	-2.5257549541857216	57.71890647585114	32.67844777495184
-0.056999999999999995	13.57335443596952	48.53578051877288	31.35287233147397
-0.05499999999999999	31.426731073036507	46.24601705880581	29.41368668634118
-0.05299999999999999	2.478348745116321	46.016907727475704	29.807165790049147
-0.05099999999999999	37.72664984458274	52.206223815758236	30.405075225011686
-0.04899999999999999	9.824298692784339	50.701984410856085	30.279129507831193
-0.046999999999999986	-0.7764532801157742	54.58046426009939	31.18542467593475
-0.044999999999999984	-23.986572640133375	45.913453467329674	33.01558474329866
-0.04299999999999998	-10.287647424500612	42.28976440346085	28.791272829033026
-0.04099999999999998	35.11230248531838	44.680769411057	31.858554805152558
-0.03899999999999998	-30.356917967599983	46.61022187725031	29.40642809154608
-0.03699999999999998	-66.23353587498215	48.816028641532185	29.524399780059603
-0.034999999999999976	46.09462594573621	46.77561661880805	31.723468710348815
-0.032999999999999974	78.26582658010395	48.27190100136781	32.413460896490406
-0.030999999999999972	94.86154082938292	53.05820714419859	30.81556151608593
-0.02899999999999997	-51.672709126981964	52.453151695153196	29.024963092783793
-0.02699999999999997	-23.286157449398104	47.84916491548288	33.11695057947575
-0.024999999999999967	-39.11112571974851	45.76710992205069	31.006029346650923
-0.022999999999999965	46.16573822024961	45.619091785224995	29.143594476056055
-0.02099999999999999	3.209438721230029	45.93904876735201	31.238066750424185
-0.019000000000000017	-58.26590056556835	42.857716832329665	28.883916709651643
-0.017000000000000015	-83.08061418671464	38.71341819331196	30.541159283472517
-0.015000000000000013	-193.10681230411132	49.12391183033588	30.29874399680666
-0.013000000000000012	-164.57006721237732	53.95218532881856	31.823208817145925
-0.01100000000000001	-296.9427212455855	51.30135072868021	29.458002884148883
-0.009000000000000008	-297.0853255286343	47.796641628613244	30.043591194239067
-0.007000000000000006	-255.4026457400882	54.52704169032863	30.51338689817068
-0.0050000000000000044	-331.56365318398605	41.72103871189084	30.147646141355093
-0.0030000000000000027	-268.5744706493187	56.256651046164734	30.80849301919314
-0.0010000000000000009	-260.4652883245739	50.44128309879203	30.898708629995294
0.0010000000000000009	-296.4964207489151	44.05496559095826	30.290873282358984
0.0030000000000000027	-299.64426347639517	43.948448257097276	28.40827093524231
0.0050000000000000044	-384.79248705636235	53.6542959364518	33.938907896772676
0.007000000000000006	-280.7916470926042	48.66662890097959	30.480650639261395
0.009000000000000008	-299.6969999382593	48.58778328195348	29.25603185626658
0.01100000000000001	-271.72068594627507	46.2905450499437	29.313057042440313
0.013000000000000012	-130.79256438175423	47.7234857930566	30.49295644485372
0.015000000000000013	-149.3486548536094	49.22903964819635	30.759154902263035
0.017000000000000015	-143.1897937207438	46.342409506075114	31.16537022195658
0.019000000000000017	-44.746229342029764	50.731741061655335	29.88840535602556
0.02100000000000002	3.1785838960907142	43.11669161307018	29.339052710430025
0.02300000000000002	23.627872282272477	48.10322325333469	30.896994710924186
0.025000000000000022	-8.910379624582632	43.244588786687004	31.163840200305927
0.027000000000000024	-48.67015515297446	49.153599174264244	29.782798860383455
0.029000000000000026	-13.488928788718546	51.17679620823264	31.474868079089273
0.031000000000000028	-37.997771246911505	45.49609446036639	30.419217744260816
0.03300000000000003	-3.368870250652911	50.85203225264969	30.758939311987227
0.03500000000000003	11.480035574606973	47.951942232264386	29.380818956692938
0.03700000000000003	-35.0129880972716	55.70960141546613	33.3778089486315
0.039000000000000035	12.048019154775602	46.41249132027492	31.248015679431273
0.041000000000000036	57.22415726561181	46.553738270368974	29.295320886550524
0.04300000000000004	24.73295979132928	48.002917887069714	29.765669110775168
0.04500000000000004	-54.206503315445964	44.58825443956813	30.08760721572437
0.04700000000000004	7.607474104442957	44.25161677858669	31.14236299109847
0.049000000000000044	-1.2992729137017989	48.59338244447714	31.17930030768159
0.051000000000000045	55.51796421143784	51.29505246126442	31.34591315910456
0.05300000000000005	-18.37462982090532	51.29964496567346	29.787629733413276
0.05500000000000005	-6.836309242030936	49.95611199052259	31.328257309108245
0.05700000000000005	10.458059940487985	45.607211166156915	30.984879928937726
0.05900000000000005	37.52177821292335	40.54288781781697	28.892541765101875
0.061000000000000054	47.260813566207815	58.21739647595842	31.73620423159415
0.06300000000000006	-19.610241448031474	49.124952201479374	29.525229394688775
0.06500000000000006	6.6392196003128845	45.51076455907339	30.800217348738702
0.06700000000000006	6.048388846213726	46.96391072131888	29.90864781319125
0.06900000000000006	22.632199439431844	52.60377968110733	32.101300488079836
0.07100000000000006	-60.17250279932718	48.808110545404226	31.66123737648075
0.07300000000000006	-23.257208777716087	46.9854582214929	30.631927227150847
0.07500000000000007	-4.681242466664237	45.561652557769165	28.8261935329549
0.07700000000000001	15.282593470056227	52.00600184271357	29.21869470796102
0.07899999999999996	46.19162290819823	59.89234143540504	31.76167460452745
0.08099999999999996	-35.84521178578992	55.991475633020144	31.389482099767484
0.08299999999999996	-18.83664133572882	49.53057019468322	30.610374286113558
0.08499999999999996	51.20121487189877	43.340154257172934	28.814246227598414
0.08699999999999997	-44.22284559035816	45.362993390543004	30.886984447366604
0.08899999999999997	-7.953834899265821	48.664258809045364	30.559925290198745
0.09099999999999997	19.841127192998798	50.5482815863591	30.23664398957447
0.09299999999999997	-23.863189784978367	42.7491820199561	30.61045505150605
0.09499999999999997	44.97215356358275	47.279621455951464	30.006872467603024
0.09699999999999998	40.35741084318367	46.51650318877327	30.554609306669132
0.09899999999999998	-30.739276538516158	46.129741473467696	29.641000770907944
0.10099999999999998	11.138901773177778	45.993554814650274	31.56783725980955
0.10299999999999998	-8.420142821874421	44.382771906851644	29.83875460231955
0.10499999999999998	-24.816153875395486	52.39616194878127	29.89468945461627
0.10699999999999998	47.67042273745581	49.83528514167792	28.651060260551443
0.10899999999999999	0.12291671480646471	47.47841827385882	30.0224859417565
0.11099999999999999	65.67159349857299	52.07018968057009	31.40214783881606
0.11299999999999999	-23.885811752832886	52.15910256673242	30.828326272699144
0.11499999999999999	18.435513365222533	49.50619680877661	30.546748333669413
0.11699999999999999	19.85190011533078	54.25377794210202	28.775883481434196
0.119	72.06856988029031	51.87097808987702	30.690261065507766
0.121	-17.200705774822467	41.88660634524004	30.124968693908144
0.123	-31.757433734513896	47.728009679724224	28.762027378984413
0.125	10.459627986181275	53.64902156418653	30.584016021419696
0.127	7.914415488752269	54.97427415448266	29.805270582561374
0.129	-2.482841256812307	47.9989489438398	30.287714666430695
0.131	2.5095585536316634	47.58997477805773	29.65068567261797
0.133	24.338862846473575	48.08902871630845	32.434468869334964
0.135	-3.2969450739495088	50.97371013413768	29.986833581640067
0.137	94.47819651042799	48.901418258225156	31.17292613876013
0.139	51.2078720951159	44.66362981587097	28.74078562466198
0.14100000000000001	-13.406057922216164	45.578747455270204	29.402551607022005
0.14300000000000002	57.67783314580832	55.41821931851936	31.831878530484296
0.14500000000000002	-13.318205625112434	49.26165195106406	33.4841591066129
0.14700000000000002	17.226768251443758	44.33687673734494	29.231728807235225
0.14900000000000002	-47.60625668753793	49.56389329197136	28.97193373207949
0.15100000000000002	40.44016085802404	47.54378332011753	31.826843147393276
0.15300000000000002	27.83363237135461	51.17804203072542	30.11027554409015
0.15500000000000003	32.46635399034581	53.92612980482651	29.49070773610398
0.15700000000000003	18.31369907923097	46.906895399604736	29.31233732194214
0.15900000000000003	-11.702252719403283	49.68758320425874	30.76150828758755
0.16100000000000003	75.12251209695897	56.587037287692745	31.49700043066817
0.16300000000000003	-40.52202582893738	51.678710669697146	31.115867706089627
0.16500000000000004	-85.38119547663037	51.553086706898625	30.882045667328583
0.16700000000000004	32.12272199037969	40.40614858679225	29.006100028367545
0.16900000000000004	50.95546619626745	46.3860525766425	31.053245927452714
0.17100000000000004	-18.957868585189885	50.7946264284859	30.340209577994
0.17300000000000004	27.387304027959303	47.57089827222136	29.407413085559998
0.17500000000000004	47.327869980406945	51.03771414860426	32.055926115995256
0.17700000000000005	-28.814217209460757	49.39743616395299	31.408945589733904
0.17900000000000005	12.080740706021942	48.80984441510818	30.609627252654864
0.18100000000000005	7.290712897622953	52.85225153430096	29.708702954956355
0.18300000000000005	-35.09187664307856	47.92139332120536	32.629676863383246
0.18500000000000005	78.61147534660162	41.465932377891185	30.73564114794715
0.18700000000000006	28.257605505510597	45.316624721753335	30.2520878363654
0.18900000000000006	4.01101866720488	49.103595646740324	30.57051845338038
0.19100000000000006	3.6416536211003603	47.66443464371759	29.081029349423208
0.19300000000000006	-52.45076235704804	49.183407321571934	30.63375338793442
0.19500000000000006	47.08912086193173	47.42070757936952	30.968541760041713
0.19700000000000006	115.24217124336822	48.412656900563135	31.15741906808511
0.19900000000000007	15.229785131909424	53.24181053209469	29.56118838466947
0.20100000000000007	43.98362712176862	52.63447588466033	30.249003635951684
0.203	48.0570502883193	45.601508572386265	30.161039231379274
0.20499999999999996	3.9564893354882003	50.60215559499389	29.028707189965214
0.20699999999999996	47.65626669489542	47.71855646410479	32.25951398414353
0.20899999999999996	27.92175397936525	52.63612557064573	31.372554693017495
0.21099999999999997	27.89700126570871	45.290937530583456	29.90459125663311
0.21299999999999997	6.019739423379633	50.153571712317664	29.484667302419133
0.21499999999999997	76.65632846998172	55.461502809363814	32.43977649981454
0.21699999999999997	14.39549497850301	51.85183544367483	31.10196523748519
0.21899999999999997	81.30518802240694	51.194203658832706	28.877113650301215
0.22099999999999997	1.4633005069875082	44.6019322239578	30.46182998545944
0.22299999999999998	45.547347978347474	49.89751533562796	29.72041789280561
0.22499999999999998	46.72999444998993	53.04017126914925	30.598132495545055
0.22699999999999998	5.466093140338302	50.21628948596642	31.71494147289033
0.22899999999999998	-9.716299569917375	50.37043181180971	31.655205223011986
0.23099999999999998	40.99650832389834	43.693340774983994	28.941189220942416
0.23299999999999998	-7.912796217368623	45.44434497232469	29.929142463628775
0.235	16.00086364739184	49.81063148164277	30.70471926135174
0.237	-65.70317708964879	48.202264544904104	29.083528835806533
0.239	-0.9028988389170323	43.232092795107256	32.923676097622575
0.241	-47.62936925750694	51.30143898174065	31.133406979605358
0.243	61.74984519979887	45.269190894500646	30.265615316042194
0.245	14.47116907304924	53.90074043016362	28.057461763211283
0.247	23.521960990979807	50.24986031006328	31.483209796209984
0.249	23.439836015493043	47.45222283238851	31.962665546343626
0.251	51.48860259840404	51.52461174184803	29.963600160718993
0.253	8.936119946234555	51.51097722417189	30.14953397310605
0.255	-8.963068559908471	43.54228505463541	29.35963570602878
0.257	9.39214000905686	39.669047877701665	31.33675900178227
0.259	-21.288281200515513	47.913326632549136	30.19031457006987
0.261	90.88037034143959	54.65973470086249	31.212570349095966
0.263	-9.87966977539223	45.35067674339124	28.61690791794684
0.265	25.375843861086267	43.50855449589129	30.446864904731804
0.267	23.115355761049727	44.7629676348639	30.437226664388586
0.269	-14.173030105646411	47.50200700053881	29.419220177321236
0.271	7.2821518390941975	51.98914943772796	30.83223754259402
0.273	75.1796118709791	51.99655526727514	30.37619298066115
0.275	-28.634554911199928	40.66916690850332	30.886184274518932
0.277	-47.083662589875175	55.78839638242623	30.692544146480923
0.279	7.511939093429731	54.414291996956855	32.51638801001773
0.281	-4.255633379912638	45.46046613217687	30.63455034018019
0.28300000000000003	-29.662316913259268	42.573658732902715	28.890254996270087
0.28500000000000003	-5.61265472243111	42.85994032974333	28.792097216335765
0.28700000000000003	-64.44049816389796	46.77355358169734	29.795823754190923
0.28900000000000003	64.30799016521327	54.1697464381545	32.123616122882225
0.29100000000000004	-11.485012564427244	44.58322727334252	30.122697070145243
0.29300000000000004	27.45229419542916	42.693058670501195	30.843819016780675
0.29500000000000004	1.9310718868403853	44.17534844286042	29.145782191599064
0.29700000000000004	90.01802503205703	51.339930233180134	31.409457023066096
0.29900000000000004	-24.708535251161123	53.920302180544375	30.166894552302534
0.30100000000000005	18.6448860632904	49.08463510598154	29.13314291788629
0.30300000000000005	44.54961703692639	47.15609124483831	30.947148090099972
0.30500000000000005	-7.060531157510042	44.9399899881492	30.25373537396366
0.30700000000000005	-5.647872496572504	51.65964476573406	31.308010315465616
0.30900000000000005	-1.2162511696667266	58.173025736391274	29.42049742490071
0.31100000000000005	-17.528528504118235	51.343846328150775	31.898610929540773
0.31300000000000006	70.75554989199873	43.35800214323821	30.588440562268048
0.31500000000000006	-8.429245857977108	44.5370840637034	29.700716667681444
0.31700000000000006	26.85025524074014	51.969670112893915	27.489641470378096
0.31900000000000006	42.307634086524715	46.08389915175664	28.588130684691656
0.32100000000000006	19.17370728299339	44.55406197739052	31.589370840194285
0.32300000000000006	60.85860365923068	50.05861358186737	31.94900209790241
0.32500000000000007	25.776482386774546	45.45587704497353	30.326562819621085
0.32700000000000007	0.5877152784439232	48.496566063867085	29.097963706053207
0.32900000000000007	18.531929002918446	50.92090419435155	29.88421424187135
0.33100000000000007	40.7743423949114	43.65132997043119	30.44813417137112
0.333	109.47227534963133	46.7476588385458	29.774744404871967
0.33499999999999996	-31.785042874488134	61.47158368575638	31.21221878246194
0.33699999999999997	45.03189901661209	49.5878557187694	29.493519049091038
0.33899999999999997	21.549192671166395	40.90931128607657	28.87921538638769
0.34099999999999997	74.89199000554336	51.44976575987306	30.46315741067416
0.34299999999999997	10.911059055818129	51.612298921804026	32.261006403306396
0.345	37.244400005853606	53.20458242605221	31.256759689125165
0.347	63.678472575379175	46.9580833552725	29.540325010503047
0.349	-13.574158544304993	40.78383391806864	29.920481592313138
0.351	89.25177680652041	46.48343475599358	29.092284106145986
0.353	-17.788962815457054	55.964731684455714	31.312458895085737
0.355	37.98558853040923	56.753880421036776	31.55066432985011
0.357	-49.71071610693212	48.01455442588792	30.474164323943857
0.359	45.80872993620311	40.3897814955123	29.074488841536542
0.361	78.22025919423936	46.06866067027752	31.9625475429365
0.363	-19.764740526451163	47.48303683871309	29.718969716924473
0.365	5.357534230032712	49.597186471221384	29.390369627016753
0.367	-46.79379107919157	44.22851428670631	30.811952631179153
0.369	29.265593835203774	50.87370179190594	30.938223244995868
0.371	69.37883296465053	51.64113922827576	31.156538710316777
0.373	2.239468110065701	42.09000087123451	28.88112039452344
0.375	9.747696189776889	51.02323585675321	30.884467061795615
0.377	22.26411568373443	46.48734715413137	30.27447003375529
0.379	0.3297978601324303	41.728162331646104	31.751895145302882
0.381	6.310236102313738	46.68444537341559	28.079779969150266
0.383	79.34219678396026	49.80491490815454	29.110141808501517
0.385	3.3953917706330827	40.15338700184492	30.528938631240933
0.387	39.44260497235064	46.68382798319054	32.493843670500205
0.389	-19.33037927082104	46.172696245895295	30.66725502735815
0.391	-3.25158229252942	49.660471421294716	29.34794345072527
0.393	-9.115498334932859	47.8266042491371	30.77277899634377
0.395	-27.461985034227254	44.36348998735981	30.455917174772107
0.397	31.0855022758183	44.79104494734765	29.565189369667355
0.399	-39.243797706367545	54.11787440395194	31.476056422290174
0.401	31.456745607005843	49.35304621448018	28.906583838509153
0.403	-10.791352744066174	41.725160523869135	29.204183982741153
0.405	-11.643802430238992	46.81760907201291	30.626146542060624
0.40700000000000003	-16.822198311006176	52.310645878238994	32.1873519309904
0.40900000000000003	52.24002575276998	51.52857737331018	29.05855348649568
0.41100000000000003	40.88964819493057	47.54288439298804	29.976458638920697
0.41300000000000003	-24.797006716759107	45.000346319151916	29.582636131703435
0.41500000000000004	30.350330356476718	44.13434685287298	29.81872320004992
0.41700000000000004	49.416090376563915	61.60346703671704	32.62010237901933
0.41900000000000004	-54.410776686220075	52.60458071331969	31.18699032894331
0.42100000000000004	-37.393498761639776	43.185262276990436	28.95979960439816
0.42300000000000004	32.272583702752655	39.26186298756136	30.331641235643087
0.42500000000000004	38.638333451412876	45.279492195699376	32.434337044089666
0.42700000000000005	-4.073019424288837	51.04637461952705	30.73277063036943
0.42900000000000005	32.743995980633045	48.096498258729206	28.393569946571308
0.43100000000000005	63.109379822678946	42.34982480842665	29.851856615562564
0.43300000000000005	-31.60672420787769	49.148963690333744	30.324016748036506
0.43500000000000005	-37.653071816134975	54.39637650119169	30.356095581395024
0.43700000000000006	61.00866454739062	51.441876932767684	29.91168330765756
0.43900000000000006	19.72233968872139	50.72147988962891	32.25750191999291
0.44100000000000006	-27.315695067309242	46.11470280926612	31.813546810982746
0.44300000000000006	46.52918604963752	38.175267537677634	30.02412454845076
0.44500000000000006	-21.43400311582777	52.29899239086029	28.74152454788558
0.44700000000000006	60.655229475514716	45.43896506567273	29.908128889045358
0.44900000000000007	36.229955821864834	44.36752016732138	31.471496337954274
0.45100000000000007	9.433014714010923	56.10460356204474	31.8964180857099
0.45300000000000007	31.95913110642934	44.58841296074713	29.365965172652405
0.45500000000000007	-13.554182545449933	42.08718366585448	27.9492410582285
0.4570000000000001	0.3474900449607077	49.58441789491141	31.01367476143839
0.459	121.44957793736033	42.79079757493986	30.488002003788115
0.46099999999999997	-8.816119787535825	41.485268505755236	29.217753444356767
0.46299999999999997	-16.36685222361489	52.33051416659205	29.758444483802595
0.46499999999999997	6.019485096819821	49.21464168405572	28.75955067695796
0.46699999999999997	-31.291735144045596	44.72302836944837	30.156386901632594
0.469	-10.445105686596179	42.81687628792526	32.41253543966588
0.471	-63.51528531822748	52.23837550874062	31.740244828293196
0.473	-21.264953559141375	42.838216033605335	28.680106869537827
0.475	-16.13114579401831	39.47726502556602	29.63337300529705
0.477	-9.370776474226794	47.1135536710101	30.808898776041527
0.479	-3.6875279709747133	40.092927242717856	30.67677810191459
0.481	-26.879514019584327	51.45601600126693	31.15199634641931
0.483	22.65098251319486	53.97742871338682	31.249925530044077
0.485	-30.195925789011646	43.27516068689703	28.866128960052972
0.487	-81.09959070767836	37.61040777199379	28.8678525558389
0.489	-55.459939016788695	43.102122303369505	33.29140160162122
0.491	-13.514172975459537	50.04113086733411	30.304950441892114
0.493	60.1726627340593	41.28396002240231	29.89169374593003
0.495	-30.474867598440092	41.84809219924351	31.11449287203477
0.497	-19.82037146208704	38.45698196510862	29.695026089433494
0.499	-39.408133686857916	57.74670645201014	34.38676908109118