-0.499	117.88744956597874	90.16568585835518	41.958954377192676
-0.497	102.81377631060629	59.37970006872134	31.65214491189365
-0.495	-31.088067932949492	62.37434430369189	33.24326251329482
-0.493	12.251045760969248	60.80909786761407	33.06182954485824
-0.491	45.68578532171408	57.759585265909884	32.43590194643618
-0.489	19.077352458429786	77.08627784669281	33.25910226992752
-0.487	81.10854027210124	61.83428819207669	32.82554083121977
-0.485	76.38939007126311	64.6510762462594	32.849546830189375
-0.483	-20.42885233355385	64.82392750855905	33.095654585193806
-0.481	66.33813109235831	54.17455721240086	32.29216079108303
-0.479	-23.47108298084155	58.096437977577644	31.814804317728303
-0.477	-42.08138411343487	58.97543501078492	34.50784995049231
-0.475	63.02542959302215	60.185335935497825	32.68765216461147
-0.473	-25.205866286848178	64.12961377896026	32.49069180638236
-0.471	37.94001007606518	58.20373292035176	32.317146883361694
-0.469	63.150893253371976	68.49405613782034	33.74312020040807
-0.46699999999999997	15.478068643437481	55.899336327897096	31.171430231677938
-0.46499999999999997	10.761746971788	68.98333335073843	33.64874840885526
-0.46299999999999997	67.74578125701147	69.85437502586122	32.282180372479985
-0.461	140.6576511988611	59.74762195665457	31.813240878477757
-0.459	3.494459412278772	61.39622274870721	34.265917119897395
-0.457	51.009699413295806	59.68577604406976	32.52359714348412
-0.455	71.50276041389958	63.11176146107857	32.472488454171575
-0.453	-22.893337689566806	67.20632506538017	34.017544870975165
-0.451	90.34268936503054	62.218823316228054	32.443402641531435
-0.449	21.01417170252695	64.99763859689085	32.339011510792105
-0.447	4.127677372123273	70.23370864523471	32.35627565731207
-0.445	148.24371095745192	69.19019061363043	33.148012451856445
-0.443	24.1783167433951	59.60349307492967	32.4706977368462
-0.441	-23.928617306268052	66.85286812416521	33.314373367308725
-0.439	51.65335685242134	60.8941851988587	32.605103348474714
-0.437	29.68510704870475	61.5784124886884	32.54933964165726
-0.435	-40.20468962528945	65.0827522410546	34.020024727856836
-0.433	154.22720753877073	68.22286718056735	32.97489169441475
-0.431	10.91051415103017	60.58000182269182	32.04236636310574
-0.429	33.27175682787953	67.08410092245829	33.631808599795185
-0.427	134.2527309211583	63.88288865860732	33.29018619285271
-0.425	82.24922442856553	60.329960431222624	31.731122954947153
-0.423	73.88239224792592	64.47607024610403	34.41158974262256
-0.421	62.377675104086094	62.149857006233084	32.893584918818725
-0.419	14.984983437660304	67.69990774359106	32.94109731782294
-0.417	82.15493848595656	66.16330775738187	32.84688561730787
-0.415	82.98820104446492	62.926231283234586	32.06761892979681
-0.41300000000000003	18.68751833056237	57.63496871272346	32.410162233533356
-0.41100000000000003	36.110002760603166	63.38142882587581	33.60292296921529
-0.40900000000000003	49.22074761681827	67.70173566384965	33.31918398326654
-0.40700000000000003	73.02420763433126	60.899981196881825	32.26719195568227
-0.405	-17.957130673984523	69.69385596638206	33.08530531174536
-0.403	9.356899691947973	59.36255265370541	32.191813512114535
-0.401	14.883733980619596	61.40633909628983	32.670263252737904
-0.399	-18.71449471668729	62.69468588282168	33.7000816080403
-0.397	56.95645329328869	62.79825006451661	32.44681084842517
-0.395	124.56283626116615	61.328105728545786	31.45814476846447
-0.393	48.89600494961677	66.50179740924666	33.68049442258706
-0.391	155.27296239636888	62.97425035535027	32.91109319792178
-0.389	6.960894854524113	61.875040845137605	32.10815855755337
-0.387	73.93721391713015	68.05803400984549	33.42120234185949
-0.385	63.405612787059695	58.0907789713235	33.41604261885191
-0.383	75.30619332807298	72.82872523191571	33.370499566062826
-0.381	44.636939268150044	64.69803742572782	33.33932882601967
-0.379	107.7865013761059	58.37604447671142	32.26723934447568
-0.377	51.046343102267855	60.24031544841558	31.875132543515356
-0.375	45.83630657695181	65.05358524742506	33.56741732337513
-0.373	-42.711764737912716	62.11067694690871	32.39922728380556
-0.371	97.22832267144987	70.28740995770114	32.27750430403432
-0.369	-8.109376982368133	59.98395710078432	32.29838957648774
-0.367	119.27319316273888	72.75862705662807	34.154152327208514
-0.365	81.6189065930839	59.33089676154863	31.983998029163093
-0.363	-18.440245683093437	63.749410983168616	34.373575969819875
-0.361	25.252858229407593	66.12403776130178	31.15162974877422
-0.359	103.98267520583815	62.48935976874999	32.09050445615957
-0.357	-23.354639704598057	65.39035814385429	34.2391134543612
-0.355	127.3481707075863	67.79620074741469	32.938484941508634
-0.353	64.94440867754747	55.5725510786489	32.51675820909769
-0.351	52.89641153005675	60.901624745357374	34.02549039925477
-0.349	-9.968651166536446	64.0718926356748	32.686177438325856
-0.347	40.2690298986208	65.18881169068314	32.23199782618557
-0.345	63.26735394424077	59.586427692870686	33.481974223864
-0.34299999999999997	107.54781908839384	64.27655372088597	31.82946986132165
-0.34099999999999997	47.75156160929939	61.95734576757732	33.16119590106093
-0.33899999999999997	72.68945636673685	60.82843673082721	32.413846725018594
-0.33699999999999997	56.19655684241387	62.08784590647834	33.018069535373506
-0.33499999999999996	29.898274876538622	63.877505271075876	32.1336527719356
-0.33299999999999996	-38.28568397901133	69.66918850882057	33.24431594227682
-0.33099999999999996	97.97057605132053	67.0316707296561	33.34672633199263
-0.32899999999999996	49.553463143947596	58.837717474081465	32.371330340735454
-0.32699999999999996	8.205495827251497	63.6019052995133	33.311184430793745
-0.32499999999999996	44.89433717624891	60.4324968458839	32.30110164872923
-0.323	83.92565555226383	59.58873000983861	32.190664967560856
-0.321	-21.891773914872736	69.69594580275432	33.90053214722137
-0.319	93.58019793714867	60.5774964875918	32.731550524761005
-0.317	37.98786463016235	66.78070770593104	33.219616867792205
-0.315	20.623290446497577	62.24511261024963	33.60875380060813
-0.313	45.041612842133816	59.68830368008026	32.96325998547178
-0.311	60.001017247124366	60.69135033405635	32.56574343069348
-0.309	-37.85612595685883	67.75710705377512	34.868375249381316
-0.307	10.718023204958627	66.06669876665681	32.79080703281753
-0.305	51.10697753440974	56.64571964657152	32.95488224486534
-0.303	13.690974923541432	67.58237546145573	32.47213716652151
-0.301	30.916610458620042	66.1670662910286	33.63242053832318
-0.299	-25.684193727171234	58.34970109976099	32.82621171069295
-0.297	-47.79528351162021	66.33149205767373	34.336912898795404
-0.295	61.46797232897683	64.9712965802086	33.47402882503302
-0.293	50.95403797095166	63.153659666871214	33.20927071880574
-0.29100000000000004	-45.9098554292936	62.422071983469365	33.11512860410023
-0.28900000000000003	93.82449530526138	66.27152058743236	32.473773890173504
-0.28700000000000003	66.22081433738103	66.81885519723667	32.46148290524199
-0.28500000000000003	-75.0171019403556	68.42484504603016	34.27950078002568
-0.28300000000000003	38.06712311482663	63.4348318809836	33.11903236503367
-0.281	108.37987526013393	63.46331450232963	33.06026344348797
-0.279	8.486065960822131	63.706482207818766	34.30461154128736
-0.277	131.89514703548787	56.33590324993217	33.14713602665102
-0.275	19.96956631256097	62.60965503553302	32.577695832737625
-0.273	-48.62894250257099	76.11107839368843	34.115331969301664
-0.271	83.52805943157016	59.076302007784214	32.15824662479519
-0.269	2.7856009308102614	65.6799341676989	33.92846155576215
-0.267	39.58206343135373	66.48032200464468	32.75335612941577
-0.265	15.18773468522916	56.46831139857902	33.03435938877919
-0.263	9.167525740760851	65.3124140177289	32.53256681588399
-0.261	40.21553258470867	73.03706285150183	34.232137020076266
-0.259	115.36881688978262	63.56114323224468	32.790985456987556
-0.257	56.216171110845536	53.890550288778144	32.243283433912204
-0.255	50.71827669578255	66.52890068368863	35.491744749271525
-0.253	54.49542638391591	61.296954184303175	31.37341441645248
-0.251	148.60397717253448	64.38524347645836	31.60932753305326
-0.249	-63.65063569546692	66.8512685583322	34.683273720340935
-0.247	60.94326420669205	67.76013371318933	33.822156293408796
-0.245	76.51690736132366	62.42118782561027	32.93757079654675
-0.243	-60.81845298699928	65.16001048713865	34.51562402479108
-0.241	48.37840163518514	58.76033075935797	32.67942274486074
-0.239	-26.09434347244921	61.25717284180077	32.16379477912601
-0.237	-138.9127169518778	64.7455688349184	32.90737678121269
-0.235	42.00543765109366	62.74082450800329	33.550588081551865
-0.23299999999999998	42.96642588963451	59.95210907379594	33.12628449718733
-0.23099999999999998	31.138010532894	68.8589106627361	32.27917819868134
-0.22899999999999998	130.95773787363817	64.75505244420025	32.619768173972055
-0.22699999999999998	-0.10699450769813268	63.974935693933844	33.516874028939526
-0.22499999999999998	-38.82481906203328	68.43893907979218	33.9554982391312
-0.22299999999999998	117.28008812816881	70.41529243815563	32.900347372562514
-0.22099999999999997	82.80201551214006	68.00618273509875	33.65163199569087
-0.21899999999999997	-29.47403961373052	65.954360845678	35.010828864757606
-0.21699999999999997	119.50913521951989	62.84020288979336	32.18511845737926
-0.21499999999999997	110.20639600212156	58.72705665176895	32.11764791851615
-0.21299999999999997	-45.428126501989574	71.50738839185074	33.579381909359576
-0.211	20.077562434828167	63.9759430149853	32.6588667609269
-0.20900000000000002	80.12489044584292	57.92300650701169	32.66370618323282
-0.20700000000000002	12.037066764225557	74.3587414685313	34.162006406667835
-0.20500000000000002	89.3119482516802	55.92875959144748	32.33363672101348
-0.203	64.11996361643801	64.04061005791176	32.66302188445196
-0.201	3.8367208710088363	74.94667375629719	32.894557442287336
-0.199	43.40206847497363	62.695830457772914	33.62688071488749
-0.197	119.43112639589692	62.77113921785816	33.06732232357698
-0.195	-18.70769655110127	59.95138893242354	32.92428082360442
-0.193	137.2430144566117	60.19921929730715	33.044734082800545
-0.191	43.421010277544525	59.388317535195284	32.2143436771868
-0.189	-70.87655120729951	61.543284392824035	32.776241317725066
-0.187	158.66866382951983	64.12476921873493	32.922872080104625
-0.185	28.16116617720965	61.806026282358204	32.44101796191388
-0.183	-40.841048239315114	64.77676620880895	34.018030154945855
-0.181	38.75025535915455	58.06227182006362	31.65838510292399
-0.179	128.82670277147844	64.25205418628964	33.45916669262626
-0.177	-44.08647170950353	67.81624816153922	33.02803812683752
-0.175	34.82500172746761	62.45437191200944	33.09398271689559
-0.173	11.334780654292942	58.28274555665069	32.61395193615065
-0.17099999999999999	-24.062589277229485	64.60503158540006	33.28372191193231
-0.16899999999999998	106.96832012535573	60.8265991313404	33.14470902756568
-0.16699999999999998	53.45993075800415	68.93428250835092	34.97342817219008
-0.16499999999999998	-7.814882188372785	72.8267091519758	32.34260698230478
-0.16299999999999998	38.47800242984256	69.72615819466809	33.32035192216092
-0.16099999999999998	10.217284803104576	64.18661412139062	32.87906362721332
-0.15899999999999997	-19.75285592348275	68.40307004074349	33.02178219298755
-0.15699999999999997	133.6929343502824	63.761186265970316	32.96149647857588
-0.15499999999999997	-61.766894330461675	67.14377022107404	33.14907889930423
-0.15299999999999997	-67.79456829786312	60.569128911659334	33.61692614634042
-0.15099999999999997	100.39933495220588	69.28440760336908	32.2617582032762
-0.149	118.66123798554007	59.94022221129433	32.32077907797049
-0.14700000000000002	-28.1341409699154	64.01897422493496	34.4157193376724
-0.14500000000000002	78.67050773291417	66.75983612895168	32.787808712457576
-0.14300000000000002	106.15362497357061	58.549554741647476	32.6328622323355
-0.14100000000000001	-94.38892035118496	73.69526147048593	33.52678214893538
-0.139	40.655562833391556	61.27699324054287	33.14136413782728
-0.137	1.8989075230013697	60.098238763727295	32.75755633356561
-0.135	-17.20782447167668	65.49471649959301	33.636388667612614
-0.133	85.54313541409009	66.00162089519397	32.856350149521724
-0.131	-6.962288214618084	58.095207585465175	33.23872842602879
-0.129	42.724145217443166	63.01328543463818	33.15759029256584
-0.127	98.59065988981897	58.43857293040199	32.54906909653054
-0.125	50.22313950053814	64.43011988357387	33.50912481023339
-0.123	-10.475077922289522	65.74195861556686	32.919383689824265
-0.121	114.49211041147933	62.90617707728125	31.50760266067772
-0.119	-47.38232521661612	61.62654559877537	33.01024961758811
-0.11699999999999999	-28.741863075221197	58.85269998188456	33.243265912395124
-0.11499999999999999	89.56613850275019	66.59704470149701	31.905206731082284
-0.11299999999999999	89.49129091306851	64.49994150918052	32.634686009418104
-0.11099999999999999	-12.795899066442296	62.47882179934219	33.83322284511788
-0.10899999999999999	148.30338972315894	58.8892644026786	32.299697843899196
-0.10699999999999998	82.04956700708088	61.324354771556	32.23698579704271
-0.10499999999999998	-34.482468511676245	67.01147563507993	33.93934728728671
-0.10299999999999998	101.48536351040072	65.65449343653837	32.306402967673115
-0.10099999999999998	87.7970558685881	68.67388618741957	33.14764576174436
-0.09899999999999998	7.333414816290684	62.821162178135246	33.27795236730967
-0.09699999999999998	64.81051691764605	63.93950426170561	33.36499358986379
-0.09499999999999997	-4.258814382263054	63.6865876183796	33.387063015413545
-0.09299999999999997	-17.11480714738922	68.47659844463325	32.58000741113909
-0.09099999999999997	35.398492726823605	63.471110198812816	33.628840592470816
-0.08899999999999997	63.31273228576961	66.65585618938559	32.4701237885707
-0.08699999999999997	-1.2811393369505097	68.69003050848816	33.194287017070245
-0.08499999999999996	119.96255431379055	62.83111923489345	33.057123813574094
-0.08299999999999999	-27.52974552777676	60.95309721253563	32.92026254160382
-0.08100000000000002	1.7633972249075924	57.22583416650743	33.456325172489755
-0.07900000000000001	44.743294756122154	66.61012007234898	32.98182728603858
-0.07700000000000001	130.2056539658203	64.10117503692469	32.948511384070216
-0.07500000000000001	-12.611686789343324	62.338760092080555	33.62875091961211
-0.07300000000000001	122.5366313941656	67.4993818959417	32.90786555344696
-0.07100000000000001	-7.347069303831333	64.89314017252079	32.08857203578355
-0.069	30.56522540023643	74.36232694930567	34.469225655422484
-0.067	23.27566740967235	64.19791599030263	33.186851930976374
-0.065	-16.568570788577652	62.92987629064735	33.04292980134861
-0.063	-70.8795818580299	62.86538952770752	34.66726783170689
-0.061	10.224625592858416	57.45802144674457	32.166841494267786
-0.059	13.767706136480484	69.93517674638166	32.38974534849257
-0.056999999999999995	-58.089791523552314	68.78187288085947	32.85131480560513
-0.05499999999999999	40.65797773211699	59.66972433411841	32.40647334173311
-0.05299999999999999	-71.28404512513065	69.02741083692189	33.287855786862515
-0.05099999999999999	-23.510172151408604	65.2117578735012	34.04370088555497
-0.04899999999999999	-39.059688655473934	66.3982569909559	32.96206865841327
-0.046999999999999986	-69.39744955369864	65.81405366335868	33.16265049448633
-0.044999999999999984	-125.19733101956643	58.423564769635924	32.307432306835615
-0.04299999999999998	-66.83141236507595	57.69487110819448	32.77642234315901
-0.04099999999999998	-40.82576025932205	66.66186330377855	33.03200555799249
-0.03899999999999998	-227.2091592416814	68.45286034573388	33.74192044442479
-0.03699999999999998	-103.48978798258024	67.78924649203903	32.23251535382129
-0.034999999999999976	-184.36120548059876	68.75983914742245	32.613061772570234
-0.032999999999999974	-265.44649463866585	65.59873144424523	33.25678932452429
-0.030999999999999972	-251.3175679356161	58.54537101262918	32.82004365117759
-0.02899999999999997	-180.75371369896675	61.93861942405285	32.0251771737794
-0.02699999999999997	-290.94195273060564	68.51284537588025	34.59076675043722
-0.024999999999999967	-340.51518934319347	58.834166878808595	32.98520859621026
-0.022999999999999965	-282.5706601173872	73.5573878702008	32.859652189020956
-0.02099999999999999	-336.919767791044	70.89543151953937	34.431564839251386
-0.019000000000000017	-164.67235838535376	64.6019195302665	31.850033431844675
-0.017000000000000015	-285.84932551800614	70.25162886416457	33.64646225227638
-0.015000000000000013	-350.4355203558518	63.12078738035949	34.201578929969266
-0.013000000000000012	-347.10973321261383	65.86989885719947	33.31693946863826
-0.01100000000000001	-321.5330726176191	60.871971649882404	33.584093902362376
-0.009000000000000008	-317.2035153231611	56.71280862822774	32.835169551961066
-0.007000000000000006	-291.66460101770485	69.45097651822823	32.797587194938465
-0.0050000000000000044	-342.959478027316	62.02399281518694	32.4174375517735
-0.0030000000000000027	-353.0913164112581	66.45725513952488	34.10233959217648
-0.0010000000000000009	-324.08128365790657	63.753053115016016	31.51421779110447
0.0010000000000000009	-334.4827879416812	60.565430897987675	32.85005035648475
0.0030000000000000027	-374.0127575129204	72.22863370546047	33.60908945765914
0.0050000000000000044	-394.9981926349988	61.5383704512414	32.78648004494122
0.007000000000000006	-298.30448702350407	61.67068362568288	32.915739114484225
0.009000000000000008	-335.3533951453436	63.10967995554434	33.185810232066096
0.01100000000000001	-322.2277975328813	58.618109583812966	33.42695859615324
0.013000000000000012	-424.54321139751005	62.028514703886756	33.077559618209776
0.015000000000000013	-424.0460855421402	57.831609252692	32.362923339262586
0.017000000000000015	-300.01890492326044	61.7270452713869	33.0794292256118
0.019000000000000017	-327.95255561124395	68.52760999166554	33.52477966445644
0.02100000000000002	-270.08465215305756	60.56226346316669	33.42189091423979
0.02300000000000002	-263.5663813670419	67.31224763801507	32.86769828205426
0.025000000000000022	-300.8762906540063	66.64416922937758	34.18734487463036
0.027000000000000024	-335.10054377372535	59.02749255217834	32.68033761655427
0.029000000000000026	-209.17041326729003	60.03915617860111	32.513532865505546
0.031000000000000028	-239.18051001514672	56.82964173626735	32.45187772818099
0.03300000000000003	-199.7042181031139	59.735987253602715	34.02450921497294
0.03500000000000003	-169.0535409540894	63.12948292319148	32.65725451277504
0.03700000000000003	-114.68738578612746	60.45542849721574	32.752987541520866
0.039000000000000035	-321.4644880821238	61.75826344545908	33.19887436037958
0.041000000000000036	-116.60898565180045	56.52242494644994	31.9365524375564
0.04300000000000004	-120.36225138090106	61.00798102838305	32.74132550998116
0.04500000000000004	-117.99378730159572	67.55657268190878	33.945102261190094
0.04700000000000004	-39.96263334116179	61.463986715415054	33.26344896294613
0.049000000000000044	-108.24172946766186	65.91533856466431	33.251233191762594
0.051000000000000045	-67.7508412930683	63.45894540074556	33.077211670758544
0.05300000000000005	19.55120079166761	61.88554776244062	32.813383813660394
0.05500000000000005	-17.984609666843454	65.62786078981007	33.970022458303845
0.05700000000000005	33.83801870660008	57.69696931330259	33.042666156183394
0.05900000000000005	48.11341265420488	56.805562929498066	33.418761166242994
0.061000000000000054	7.606516687186371	67.93385855834549	33.80897075378763
0.06300000000000006	-78.97321668803858	53.471194227178415	33.62124912162888
0.06500000000000006	109.40498147071764	65.79271588027862	32.51665578744977
0.06700000000000006	63.78013018148998	64.69505446497357	32.65285470326164
0.06900000000000006	11.901008797998713	63.017921595177434	33.21801743042007
0.07100000000000006	136.36843358977302	61.81056429802342	32.16777977079946
0.07300000000000006	18.813822814989223	64.23738527254704	33.24662949386708
0.07500000000000007	-37.299988859040845	60.69918975766272	33.96019618576154
0.07700000000000001	46.18650163301652	58.94721706136909	32.9126964166025
0.07899999999999996	17.99099796695458	61.0610010472782	32.58746018551064
0.08099999999999996	17.69357139136396	69.993209282835	33.558049107156805
0.08299999999999996	60.31473498535611	52.53952509779964	32.195331895608966
0.08499999999999996	-26.73210742953902	61.65717199105777	31.93298114627119
0.08699999999999997	22.867117195124465	66.44522015631111	34.07973578023656
0.08899999999999997	41.40840219912789	57.836206173618145	33.036528317883175
0.09099999999999997	-31.944520605176052	72.7383422381582	32.24872009678125
0.09299999999999997	15.271091234891898	62.40796784933516	33.63126440508954
0.09499999999999997	60.85844654113437	62.15419818459756	33.82797933470896
0.09699999999999998	40.89643640514673	66.47507523995061	33.22895790937399
0.09899999999999998	-16.217496040416002	61.17574698235544	33.78300987615327
0.10099999999999998	63.21811844722802	60.28150027692132	32.0994409879371
0.10299999999999998	3.600108797741086	63.51439224505746	33.314319698074264
0.10499999999999998	-48.115198048481744	68.54334510364322	34.656050044806165
0.10699999999999998	93.65633372082627	64.10467643301266	32.34176397667987
0.10899999999999999	15.164677080736766	60.14444440984206	32.96522089199581
0.11099999999999999	-4.986375071402982	70.97648027700467	32.95249878889329
0.11299999999999999	34.82578340374687	59.388572707179996	33.1601109764066
0.11499999999999999	59.465970055239126	64.76858157410138	32.62866251689515
0.11699999999999999	-58.12723910636475	67.71297548934561	33.86919619788973
0.119	93.41934657203232	60.62840843571234	32.29697806115383
0.121	37.29823092890605	65.21562018729162	32.34832272578992
0.123	11.696369468738865	59.17261801369485	34.42508297829058
0.125	-3.8116663862997058	61.79481339173008	32.70524775798917
0.127	79.21389933129852	66.99416523223846	32.71820869969229
0.129	77.39056481170792	62.16221145369428	33.42631397790778
0.131	28.903558404680396	66.47100521368334	32.755930960125205
0.133	-53.40146398113976	65.82847873911842	32.4016516970834
0.135	-95.59614532572702	55.233915548507206	32.59389002181895
0.137	84.26623180657344	70.6913938695296	32.014679944136596
0.139	2.8142467738412336	56.76303658735476	33.028665279392165
0.14100000000000001	-6.800686338626072	70.27847590230266	34.198601401914225
0.14300000000000002	110.95099050439927	61.9083548433998	31.818186666683683
0.14500000000000002	-8.881512177816298	60.222589022610705	33.058048557447634
0.14700000000000002	-50.73349445128272	70.57510624030573	33.631360937397176
0.14900000000000002	39.12119379134715	68.10717963619646	33.17744509111514
0.15100000000000002	-35.86943349365157	60.56555969452994	32.98063446047661
0.15300000000000002	55.96135689422965	63.380875239240666	33.59470932378865
0.15500000000000003	124.07691235361007	58.183875286655095	32.4844460493547
0.15700000000000003	0.11945099731569542	65.37030581930794	32.73995271441639
0.15900000000000003	8.054848886107635	66.27387178696654	33.567859551959216
0.16100000000000003	9.55511280875676	58.67494343251662	31.625969446956077
0.16300000000000003	3.149182589812227	65.737526695179	33.34224216936626
0.16500000000000004	117.38714435138853	60.01352937361545	33.65255554999357
0.16700000000000004	36.08186336623298	62.742321968069575	32.680046570065294
0.16900000000000004	-96.67782211275622	64.68324753970133	33.37818187490987
0.17100000000000004	34.889961899375876	61.36263062831384	33.715756383657585
0.17300000000000004	63.01631317739975	61.66964877411765	31.49026975131601
0.17500000000000004	85.00769353503301	65.86160207202359	33.538566538844165
0.17700000000000005	36.15538512558025	70.67305682472876	33.55420406121154
0.17900000000000005	30.692994298808784	53.24500677245016	31.537806308782503
0.18100000000000005	33.8714468735013	64.14144101711432	33.098615461532525
0.18300000000000005	-56.45469833170935	71.10862316914375	33.45565019171526
0.18500000000000005	137.24979367157886	62.84925599893686	32.319675588402475
0.18700000000000006	18.862339583813892	65.49242521808418	33.18864702629842
0.18900000000000006	87.68843286843797	62.51803762802216	34.33836683830504
0.19100000000000006	74.11597619477739	52.801323938773336	31.182253479748315
0.19300000000000006	6.860703477107322	68.93241659730157	33.40110029150554
0.19500000000000006	29.59098050259179	64.63456133272928	33.866519198013876
0.19700000000000006	51.62486722931625	63.771256601166094	32.5334617313999
0.19900000000000007	20.423624552901032	65.44952561962442	32.85785421495657
0.20100000000000007	95.65223144480939	63.57755746140121	32.84895910847748
0.203	89.01509555858667	59.23380628242516	32.835944111133074
0.20499999999999996	-64.03483174710622	61.08769972611149	33.57368481853072
0.20699999999999996	70.71587229123821	63.915003105673634	32.66641155989763
0.20899999999999996	73.79559639919542	62.60723397422134	31.883393576916642
0.21099999999999997	24.16466588517352	61.406888746438845	33.59296680070025
0.21299999999999997	25.82598790445978	68.57816082266298	34.01192580748934
0.21499999999999997	32.31726332253437	57.67819056470606	31.768906641241905
0.21699999999999997	-26.439676186318373	64.35230830215741	33.54271978185394
0.21899999999999997	-82.99122096500078	73.7572798970485	34.08008882932111
0.22099999999999997	108.19718190324679	60.52091370981078	32.68758746540632
0.22299999999999998	-23.895568408205392	64.70308285086509	32.04282026070504
0.22499999999999998	35.037070088561606	61.2253384026741	33.36643156378125
0.22699999999999998	88.6136676574445	57.78904669717407	31.63320288813379
0.22899999999999998	-50.006652962508724	70.62165949134014	32.808399682189275
0.23099999999999998	-32.88675430335175	64.20745568721019	33.87726851819652
0.23299999999999998	3.7423221552757013	59.66891700842749	32.34529486042688
0.235	25.68698942062575	71.76477829854518	33.33331974725092
0.237	96.570344994662	69.50093289276042	33.55566272491827
0.239	59.715296918172456	63.41829513426304	32.9486545105023
0.241	-45.484892404745736	69.46818405220078	33.213137255373105
0.243	-31.122040913267313	58.73873889448666	33.076208239667615
0.245	91.754845169989	59.61693595221421	31.018314564328957
0.247	-34.59048363296802	59.65660272683286	33.7714672957567
0.249	105.97394426170581	63.5214743311723	33.05837371184242
0.251	15.107692739935175	57.82070076598628	32.036467030539576
0.253	-70.69526390957037	60.01117673502671	33.29220135495077
0.255	-60.6928774317117	74.71711919605015	33.43130121180506
0.257	120.96878617340323	62.426525118606556	32.80038643782045
0.259	44.480860942330835	68.47876666623343	32.517505307768005
0.261	40.80073463930134	65.02596806493014	33.030812246498904
0.263	55.77696182879066	61.182585877922804	32.88238636076631
0.265	-38.79193925726554	64.38917405018911	33.72929779716386
0.267	-13.136388167467317	60.83391796599335	33.414018422814074
0.269	19.391227479959028	65.33742454271594	32.709345589628214
0.271	31.98404097193297	66.32834535694828	32.491869600269844
0.273	77.06653438654953	66.37577376473571	33.69758953675699
0.275	13.392978948756351	61.04040717303754	32.483405598761784
0.277	8.069340605931785	61.0882502841587	34.13522363627366
0.279	4.068695214520801	58.579150789191814	32.09295608546277
0.281	150.38154958357808	72.81341977458536	32.474107517379636
0.28300000000000003	9.091293793783706	60.489088412771494	32.73488760663429
0.28500000000000003	92.73730459247176	67.25560790154172	34.038210657743825
0.28700000000000003	-3.0533770222218592	61.69922579451468	32.33133246931616
0.28900000000000003	-13.38181262156013	67.38631730601001	33.2769464729136
0.29100000000000004	-53.565023422130764	65.18279118634415	33.20967249116531
0.29300000000000004	66.11348024176955	58.62117560863035	33.299804646508214
0.29500000000000004	94.93444537000961	66.39014103794081	33.41363751489958
0.29700000000000004	24.410583839395983	61.84800837088487	32.04594504719142
0.29900000000000004	66.6591073867906	65.84229493230534	32.197474482991055
0.30100000000000005	-52.78922038132183	63.15546987881583	33.372365368900326
0.30300000000000005	51.56881746937181	59.05492810394921	33.02768246708557
0.30500000000000005	7.043827937591729	59.84155566778895	31.81558921822653
0.30700000000000005	-50.63242905534171	62.98531836723807	33.46204624925893
0.30900000000000005	160.4025330392833	67.31388232038756	34.026122236866456
0.31100000000000005	18.50186159257916	59.56140813288968	32.398556875125095
0.31300000000000006	61.790570369257836	68.93843211574621	34.04240644927761
0.31500000000000006	-2.2810389024296995	61.57381564386186	32.340334966098894
0.31700000000000006	57.83566593220435	64.64222417820477	32.033641326881344
0.31900000000000006	-40.25652445083239	67.72679551430694	34.048647718901734
0.32100000000000006	52.41181675308404	62.556490228421254	33.18010641128822
0.32300000000000006	-3.0318972027432167	54.29060599829946	31.90051955807928
0.32500000000000007	19.392978458432353	54.82312112929367	32.828408171711516
0.32700000000000007	-70.53097562270682	69.98021855759575	33.92656831154551
0.32900000000000007	50.545687555692	60.44356305795111	32.09409929370099
0.33100000000000007	-59.344128828353604	60.97380026964629	32.52959660168594
0.333	8.532081418932691	64.38229882656871	32.900914364773435
0.33499999999999996	55.833480165023985	60.337566147542205	32.31842389590677
0.33699999999999997	-53.26093812019206	66.21167926458702	32.9646975476819
0.33899999999999997	7.022012393553823	61.26068142910686	33.154203805688276
0.34099999999999997	76.58366260154814	68.54951842525539	32.22692012012389
0.34299999999999997	53.892005978495305	71.68040578580296	34.28189129960325
0.345	96.16210631602229	71.64845910084304	33.83635181814856
0.347	-19.529011504038074	62.680250881133745	32.63887260830204
0.349	13.187232772660096	67.09110593410273	33.237900713004464
0.351	79.01223936879198	69.8256987549705	33.06194929329844
0.353	28.08808679688468	60.17585046747966	31.667688478893307
0.355	-12.45146034356548	61.89459263758498	32.78554254758355
0.357	91.81460005103226	59.90965190452427	33.094341673505355
0.359	81.3667397134843	61.089244529586125	32.26995629905518
0.361	0.733718229062319	65.02078981975343	33.25670089088858
0.363	-33.423869994830824	67.43716529622772	33.45947456282634
0.365	58.27967115701327	59.955497943746835	31.814262476122487
0.367	48.746177686131986	61.4483637700539	34.10866430303926
0.369	44.15937085466837	61.49784909483618	33.16342755640149
0.371	0.15152068200130486	64.17020421655495	32.017392874780604
0.373	-22.25706341540956	63.135035320110525	33.99057391494097
0.375	43.25303645424938	57.98079441327498	33.1017267153522
0.377	8.69960606242337	64.49643597921704	32.447444662315455
0.379	-11.339460926684808	57.53013063919221	33.19532356530086
0.381	78.98726418997803	70.976594950795	33.83883988425709
0.383	-27.336208244577165	65.17961793130857	32.400672755257006
0.385	-14.110072779960348	69.33190555080675	33.29673950808038
0.387	105.1896714503453	69.78658551223424	33.231576114945625
0.389	146.3475909795342	56.884575686730656	32.106037508278696
0.391	-47.76410088402905	61.25616244824769	32.62016924288926
0.393	23.300426331251956	69.90802964253004	33.905147417109504
0.395	58.624796177131344	55.602884502312506	32.03027990068672
0.397	44.430454930299845	64.30572836548157	34.48312233369808
0.399	-36.46786377231592	63.85152979381728	32.56380363029051
0.401	29.57569391570658	57.7729946459698	32.685465102538124
0.403	-35.43906205438763	61.105430498646676	33.53492560460634
0.405	24.137716434946555	66.24003127294465	32.43248098841619
0.40700000000000003	-5.348783981173888	62.83855430423894	32.42763315340087
0.40900000000000003	42.107865189322524	69.27947151394656	33.0221962585648
0.41100000000000003	-9.606245231719157	57.86870545541425	32.71604898434951
0.41300000000000003	-3.0458530829724495	62.07396182051398	32.8772016136408
0.41500000000000004	24.391163403914007	63.570707244335935	33.92178608068871
0.41700000000000004	140.16812960782056	68.55694285336583	33.67372645029888
0.41900000000000004	97.1725088594333	59.65268841348765	32.30191059658627
0.42100000000000004	10.811716170566754	63.4154586258727	34.00761706692717
0.42300000000000004	63.03016661979299	65.21441530014656	33.85848985755512
0.42500000000000004	203.01419506663086	61.23648914089014	32.19349652771735
0.42700000000000005	-60.227756307096314	62.657419269610195	32.78274904379032
0.42900000000000005	80.93971703115876	70.77115596782043	33.95505691127267
0.43100000000000005	128.6948801832999	52.966743251139114	31.39159193885969
0.43300000000000005	26.18263249276609	69.98663348798189	34.41332168660187
0.43500000000000005	2.2522665201751835	61.84866106888033	32.49637754103495
0.43700000000000006	62.43703956032576	54.34187508966612	32.13089515487183
0.43900000000000006	21.56991004653719	64.03763382907687	33.46344383189369
0.44100000000000006	56.491341242637105	60.23622851991726	32.56526765160057
0.44300000000000006	91.43462945293557	58.86134797468142	32.35244427557411
0.44500000000000006	57.0697070205739	68.06878401605097	32.830993702102106
0.44700000000000006	49.67903461183809	53.43485720213082	33.039607431718785
0.44900000000000007	54.35829390298963	63.009202381640435	32.5091828888881
0.45100000000000007	13.047711810321161	65.61851109645164	34.07500645230878
0.45300000000000007	94.18985138487379	68.41929522275004	33.33229300293433
0.45500000000000007	109.36632308355954	59.56008258030878	31.839403031810477
0.4570000000000001	-24.538249725369887	65.33980636122963	33.284332459688834
0.459	122.23727428306574	64.70220026637382	32.76085620480783
0.46099999999999997	67.60252607329598	57.18897235731667	32.37574508190316
0.46299999999999997	-78.70921975616784	61.791205692606916	33.272205859622886
0.46499999999999997	32.49412141914654	68.01115307880698	32.821681281431836
0.46699999999999997	81.33856684366947	53.716473216231364	31.701106589183077
0.469	-62.23890279777322	64.39551740989334	34.28437507923725
0.471	70.40626568843855	61.23288331110793	33.61092363480504
0.473	-31.294583610841364	62.66645916782403	32.905817973743744
0.475	46.930138596801285	65.1980926875348	33.48192268258777
0.477	26.325846331110014	59.565331317865144	32.56793414874988
0.479	59.15009988965991	59.26679038266184	32.250511030750914
0.481	57.092448830120546	58.59199887706176	32.62798139134513
0.483	26.951097469529728	59.430970351246124	32.75800526669379
0.485	22.77845175768789	55.948120420561345	32.89528252978065
0.487	-42.41418969119781	57.07324903986057	32.89919817588847
0.489	131.16002236301938	67.74909533522036	33.56636211867132
0.491	60.4317044929914	61.72793807587741	32.86970003266953
0.493	-35.000532402129636	59.98612280474447	32.95930034527474
0.495	32.33423302595462	65.80198462155178	33.491060211777615
0.497	73.06236958326551	57.64118089450555	32.32934929446647
0.499	-55.45730572631413	75.08706534639867	39.13588533954696