-0.499	17.57292433124391	29.465966990256536	26.16235452016262
-0.497	21.11554635808588	27.247582700062818	24.95171760333486
-0.495	7.358573509197441	27.943452228279757	25.3407379474233
-0.493	17.018647767486073	27.92896269769455	24.817610575622
-0.491	10.600094852541986	25.320337306308478	23.609553933261534
-0.489	-11.603452394814973	26.8775002653913	24.52398230852585
-0.487	15.17855492494391	25.961914679966075	25.308531301317686
-0.485	59.985879444113266	25.212084479143794	23.902346655596073
-0.483	12.072767306525733	26.23119162239841	24.29040348211428
-0.481	-38.22106027662198	32.303948749175326	26.05649140524568
-0.479	-0.5432376124492322	25.64597708106299	25.564576176803307
-0.477	13.90110990429072	28.400188911559816	25.142280150868398
-0.475	-22.154098918814036	28.81747514305319	25.51404517474801
-0.473	44.05129164863908	29.567000407458973	25.390922317485266
-0.471	12.413682902057133	31.453804769233653	25.310182350247246
-0.469	17.120716695018245	28.244296940689182	25.426418217874744
-0.46699999999999997	-1.6382428005279337	24.919976579846864	24.67881734618369
-0.46499999999999997	-31.122839508235245	28.585868546635016	24.463065535337602
-0.46299999999999997	-7.600539582264254	28.50082047146617	24.831762404978345
-0.461	-7.750943756712481	24.876391314561758	24.542355141255506
-0.459	24.625067156280878	26.124886467837133	23.91692644759571
-0.457	-16.748018483725424	29.499460051019145	25.17019602604933
-0.455	-37.92330569374336	26.9910458200579	24.120665543027787
-0.453	57.57004289796974	22.226795962278892	24.03514953082873
-0.451	-48.93990559184935	25.429000757353332	24.08476609779351
-0.449	-18.01726530026304	25.793474745375022	25.38469132732461
-0.447	29.226954407768346	25.86427446074557	24.155178389968203
-0.445	22.956699009091253	26.89528986256546	24.486387674877594
-0.443	-1.6610728956756304	29.017570467636588	24.813968581179818
-0.441	38.3325616730712	29.586772045263533	24.764959463724786
-0.439	-20.859850981658212	26.665315026555987	25.228759756619464
-0.437	19.251693457178476	30.317532781298482	24.797042436351983
-0.435	34.99309645094151	25.693609936707904	23.99764954424234
-0.433	28.51553552440933	25.880126876794233	25.10891581368596
-0.431	-5.2068043648878515	26.61663220668214	24.9482167626763
-0.429	25.379736213526627	24.70822437460881	23.82285409647782
-0.427	33.97170404983996	23.751032434154947	23.887496588885107
-0.425	-61.61039674201785	30.905953615598946	25.104737959917824
-0.423	-59.5403486179924	26.519816479939017	24.23807678806244
-0.421	-9.800212711907896	30.85822094195086	25.025136608417178
-0.419	-6.171460436910081	28.691846843257725	24.514998280347896
-0.417	-17.8366557731513	27.182880531414526	24.66085533198842
-0.415	7.134097194105848	28.384815460146584	25.268357834119804
-0.41300000000000003	-16.277517566609667	27.12896552721484	24.066229478486576
-0.41100000000000003	51.80828289641504	27.774527815175286	24.592101717125505
-0.40900000000000003	-5.7505385272493825	26.87767221785918	25.192182866431256
-0.40700000000000003	-41.552496380270476	27.32640169898732	24.606381958718558
-0.405	12.630633115628953	25.540445935247273	24.271599087951355
-0.403	-7.216193634418389	24.863034070676882	24.126563212838015
-0.401	31.65753864542431	33.65192243422933	25.233481995063663
-0.399	6.683730689571732	27.85492131299569	23.91560961549351
-0.397	35.68419472599338	24.622820822326815	24.00870478142926
-0.395	-28.638963510019266	27.32527783729523	24.73957855312012
-0.393	-9.073226349243235	20.81728680396337	23.58153027905075
-0.391	-24.94056150481594	23.984114436754073	24.06265015350241
-0.389	19.242457667045798	25.05445320380407	24.410368038389812
-0.387	-42.87505655953261	26.135427602139902	23.95339340635358
-0.385	17.57983532391094	25.970495587944338	23.881955843361048
-0.383	12.786201687875476	29.499902031193432	24.62219696929556
-0.381	-0.8751608820967149	26.912139055428103	23.533791439780714
-0.379	-5.68267536227296	26.831760463294767	24.086013399863962
-0.377	-7.328923874894144	22.66192698461999	24.144939896452687
-0.375	58.85235695424207	26.333777377220994	23.838141842238915
-0.373	36.64302496741989	25.81239000324693	23.35969252364846
-0.371	-11.52684290528505	25.836573938494332	24.933292841869793
-0.369	7.006397156450461	25.81885055628337	23.878268273780744
-0.367	35.91392108126534	28.133461174437937	24.079828187525848
-0.365	34.24599325452249	26.586686512151374	24.38637519603832
-0.363	-8.194042269149548	25.378617014677666	24.302665819045885
-0.361	30.893119550512438	27.87153442481742	23.871048791838987
-0.359	-22.70373835411288	29.132628010827695	25.071421148472332
-0.357	-17.71836531050397	24.85734970587114	23.273030431818594
-0.355	0.9063265398179254	28.630550391313257	23.95885993407697
-0.353	-11.739612824190893	27.107546320332293	24.90853827788727
-0.351	-0.8395351539514095	27.905157548271962	25.05752659514198
-0.349	16.7939827553365	23.935963897662365	23.8311985303912
-0.347	56.15211248866103	27.279189750295664	24.6589620029475
-0.345	30.058060404458686	27.401239481806222	24.628122319960692
-0.34299999999999997	20.127463012498126	26.188049103368105	23.62714894548126
-0.34099999999999997	-13.728714613803206	25.936260453698036	23.948365106064184
-0.33899999999999997	-42.169169484296276	29.17080345008624	23.996873833414142
-0.33699999999999997	29.75895295098674	25.5255741600287	23.961430841863358
-0.33499999999999996	15.185526489380763	29.00959462628191	24.27443462884918
-0.33299999999999996	-34.02284561482283	26.013077533849987	23.99037667131903
-0.33099999999999996	12.436801338111536	23.76513835850343	23.281665915116545
-0.32899999999999996	27.430686638574286	27.49499264305423	24.390332493509323
-0.32699999999999996	20.57030544411198	25.72025003904503	23.982373193054052
-0.32499999999999996	17.551101622936827	25.902113831106625	23.522522092381895
-0.323	30.8099211483448	27.296202633317215	24.546821891523194
-0.321	-50.992096008006804	24.632853986769625	24.472261599414917
-0.319	55.598280721103066	26.68525115828424	23.578952806896574
-0.317	4.19882401181404	26.7157648837551	23.709393517487197
-0.315	38.87939811431096	25.991331088208607	25.012199169807054
-0.313	53.275237105854245	23.187174263592873	23.797215846818982
-0.311	10.941809294617855	26.71775306112588	23.32288814584674
-0.309	23.347029110887263	27.849561741767083	24.44698779194191
-0.307	24.446216451146086	25.14820815984839	23.87972442978954
-0.305	49.75490664360649	28.38221693257491	25.028143232357582
-0.303	-17.590809466838664	25.295426124071728	24.062907535495892
-0.301	-41.897060680362586	22.46309468162622	22.844868848101083
-0.299	-17.846276588406873	28.72235395955727	23.888784017450043
-0.297	-2.497088058883712	25.233341771841495	24.014889126409493
-0.295	14.841601560622308	28.16496920464954	23.998280294073076
-0.293	-12.79277493548836	25.455096841970096	24.02368170800111
-0.29100000000000004	11.030337584649885	28.02688551299242	24.159694174898252
-0.28900000000000003	42.73907362750684	24.52326590712852	24.373340026164385
-0.28700000000000003	28.12855320377672	25.583872478230223	23.895078774687608
-0.28500000000000003	4.092706481051422	23.594136858043857	24.427717652695936
-0.28300000000000003	31.318492312193413	29.090290266333987	23.59345778821526
-0.281	30.54111783007407	28.650199957408937	23.234024567269575
-0.279	-25.72180040227856	24.034294135880824	23.553620888716093
-0.277	9.101650340737066	22.654555014754585	23.64117542391527
-0.275	18.418886515547683	26.370098374296077	23.661931704373405
-0.273	13.186297107781186	25.66968714995655	24.08813176704833
-0.271	24.214771758623854	25.79193741330422	23.131558567061674
-0.269	19.41045961939558	22.951569765406497	23.65572015323057
-0.267	12.730567216623356	25.113107829052765	23.81827671405489
-0.265	2.6370008137099887	28.750076888526124	23.976878106864667
-0.263	27.85246217662518	26.96020890534922	23.241430934433186
-0.261	5.995714688067366	29.324362075304563	25.077354564954355
-0.259	31.14411340354728	25.82760748747332	24.224051878444573
-0.257	4.6500243231495375	27.451848577831587	23.919145237929
-0.255	-3.2912135318197144	26.123056815955014	25.123444868292868
-0.253	-4.748322723902021	22.464846673879286	23.950131880670156
-0.251	30.794077099827177	24.780498835790745	23.604276107558395
-0.249	10.027321636352227	23.990473777149003	23.93156177953922
-0.247	-0.03603644538330286	26.133511920497988	24.58236515126019
-0.245	34.0532307014918	30.090598802723395	23.864028476688226
-0.243	10.169159861295185	25.707771750541845	23.812900139286167
-0.241	-3.822559996313757	28.870914707385946	23.70466505909618
-0.239	-0.4063985069580056	25.757059402927315	23.214209768722572
-0.237	-30.928630376236832	27.419135879307085	24.440283297716636
-0.235	14.002862255946269	25.84039632758861	24.097591542985807
-0.23299999999999998	34.72083211897292	26.34983573227704	23.143587126847756
-0.23099999999999998	40.13570907779318	24.159041791012026	23.180257517912096
-0.22899999999999998	-17.6465461351194	23.9379541315531	24.95299198112105
-0.22699999999999998	74.14338974554013	29.707729085760118	24.17093401995955
-0.22499999999999998	1.92975810175966	27.196058557075354	23.65742918666944
-0.22299999999999998	40.39977916603377	29.061086713546256	24.060063917345595
-0.22099999999999997	10.349556999855736	27.623168270089188	24.046493875466734
-0.21899999999999997	5.595142549053023	27.14627397888407	24.787889061123323
-0.21699999999999997	-14.662834574186157	27.10182407356181	24.038609185526674
-0.21499999999999997	22.673351354418614	27.1516623163886	24.201021518867137
-0.21299999999999997	-5.8398909413837075	25.410684260273708	23.923430533698593
-0.211	-12.258742678405987	26.093734800640792	23.835363533953505
-0.20900000000000002	15.92508573078355	24.29236982223928	23.66578475330183
-0.20700000000000002	33.070310108129775	27.07032875272987	23.85747626461326
-0.20500000000000002	11.06088353419743	26.55075538443552	23.83409704088227
-0.203	-17.17195076633704	29.097068510275516	23.90590361507985
-0.201	13.465018441571885	26.7218400658402	23.820837401557245
-0.199	16.297948105092885	25.458323341483506	24.09078487057823
-0.197	-16.022303940599336	25.90830378822618	25.13725215835565
-0.195	-30.210343136771733	25.958957065558053	24.2383046282931
-0.193	-27.153245132693904	25.589979863460613	24.503899083185715
-0.191	29.723897343458816	26.43778447913952	25.77705045756982
-0.189	5.228064122508869	25.445859626202292	24.371321599845885
-0.187	41.50871080610408	20.865346560477473	23.40439442338738
-0.185	-2.1090632069675763	25.38826841957293	24.760569163691258
-0.183	44.63296962886609	29.44749846033934	23.383185094534532
-0.181	-37.183826070208426	26.846011549232824	24.508418539841234
-0.179	20.930961249554514	25.058851998098625	24.476623193403704
-0.177	26.610035431362533	27.708270329774724	23.089368693344987
-0.175	-1.321109703855683	25.966889081508448	23.60756401625587
-0.173	-13.188264241903447	29.802649055335902	25.760786305029566
-0.17099999999999999	-3.502985951531201	25.54689827198154	23.831006485087606
-0.16899999999999998	1.0083275161498761	25.52963698211246	23.833926621755204
-0.16699999999999998	31.915520514180784	26.467392900342148	24.284801526408025
-0.16499999999999998	25.811419765986443	23.20689000514413	23.664159697417414
-0.16299999999999998	9.621609013077403	27.331822537822333	23.83825314385044
-0.16099999999999998	39.425020444738834	24.51388938017417	24.349354996598834
-0.15899999999999997	6.4574001032990935	28.220595326913422	23.803450634020837
-0.15699999999999997	7.713817120835742	26.011811131853772	23.583138556965018
-0.15499999999999997	0.6555182479051069	26.574373216808954	25.02666472137403
-0.15299999999999997	2.6053016179972133	25.848240813288616	23.357774666448062
-0.15099999999999997	36.158129994134924	24.635506986185995	23.59573592332754
-0.149	-1.3539464109868504	25.334749268259717	24.23253506821397
-0.14700000000000002	23.74286474982057	24.413147197462255	24.319697237628006
-0.14500000000000002	-7.0556521128972705	26.732414901804002	22.95605402757045
-0.14300000000000002	56.903478510506034	27.016319649826283	24.655771985350718
-0.14100000000000001	-30.246989770499333	24.43088878990967	24.36836857794184
-0.139	66.44449733372859	28.73866160438633	23.71626929787243
-0.137	15.036577758698044	26.47823474846654	24.70228774928464
-0.135	6.0786802904555515	24.06655200724356	24.167559553246594
-0.133	0.16421325699234046	24.857881876485738	23.51877210595801
-0.131	35.60965812798855	27.056443652295247	24.293343959359344
-0.129	6.595198084768938	27.569217318570793	23.52075110336385
-0.127	-14.594578226057031	24.13925413569468	23.370715116530256
-0.125	-4.54807162764137	27.335919041475886	23.832299347829114
-0.123	47.66655460963776	25.864907084431017	23.937788394573268
-0.121	17.050421494468893	29.100397912337097	23.58726975617808
-0.119	-44.798977654747496	28.753462742111974	24.60188282902183
-0.11699999999999999	4.481493966368433	26.749034848372762	23.905372434519872
-0.11499999999999999	-22.668098967892902	25.857347517461623	23.663139438492838
-0.11299999999999999	0.7033517586130245	27.55532443740337	24.197247785450354
-0.11099999999999999	-20.62063531749203	25.729468015790864	24.384051342059312
-0.10899999999999999	-7.872405272557614	25.95453152922418	23.75859374577271
-0.10699999999999998	-14.997988914355886	25.630650600745636	24.289142972215107
-0.10499999999999998	6.053763238034193	24.914436607165253	23.490579264992395
-0.10299999999999998	58.1201331675274	28.38928853870959	23.590441487455188
-0.10099999999999998	7.75003450947942	21.457892758687898	23.612283247818898
-0.09899999999999998	2.710680207407279	26.038943224182415	24.090193599877974
-0.09699999999999998	8.538729133089618	25.10101180428437	22.88740529090506
-0.09499999999999997	-44.11319867925201	25.370818564756846	23.90969376299408
-0.09299999999999997	7.771206959938937	23.016076900279177	23.869823888262143
-0.09099999999999997	30.73515897811241	24.32630126081124	23.459076820375355
-0.08899999999999997	-7.561963873636834	26.312671154652858	23.100251299285617
-0.08699999999999997	25.3399463208126	21.145100211553526	24.216090475873987
-0.08499999999999996	14.105073897541232	23.597880954539566	23.568225714621608
-0.08299999999999999	-12.346249722572367	24.28204326692917	23.26864378627088
-0.08100000000000002	-33.41488318242547	25.001678733311866	23.533376899445642
-0.07900000000000001	45.97614090617874	28.463513191706298	23.917443377469652
-0.07700000000000001	37.22586089494051	27.803609548270472	23.994482050693037
-0.07500000000000001	-37.868366838833545	24.67089666423749	23.121510672439683
-0.07300000000000001	39.458494305533165	25.892569438384907	23.30178101857641
-0.07100000000000001	7.729756091645612	28.374770311002326	24.221286861562067
-0.069	11.10191754083445	26.50612352451152	23.59829813119254
-0.067	43.78586333797507	26.0389236374822	23.912082503828525
-0.065	-23.05972795613176	27.120518269483785	24.020816390600608
-0.063	55.80175896269246	26.795751003623007	24.218635957761716
-0.061	34.2119204828073	28.878615348227314	23.334300762743574
-0.059	1.1289508028422546	24.326802220993144	22.92115335143465
-0.056999999999999995	-24.193483269985272	24.204901172317392	24.421336683383515
-0.05499999999999999	24.174357027284543	27.747589651735666	23.91308611079133
-0.05299999999999999	22.49345675298109	25.22454555020729	24.241192825938118
-0.05099999999999999	6.3753459664805945	26.241947889909973	24.68940519031292
-0.04899999999999999	-9.25174065702361	25.051606582044805	23.795853581204216
-0.046999999999999986	39.45539419181188	25.832446120015412	24.013886303724572
-0.044999999999999984	-47.02523666788583	26.463204914336938	24.692099448194817
-0.04299999999999998	-16.83096240590043	24.95582350119345	23.97324601404128
-0.04099999999999998	-17.26262317558458	24.531505476027217	24.547732310660955
-0.03899999999999998	-7.499567641899851	30.430222398762158	23.54735724057009
-0.03699999999999998	10.095751512118056	30.13465582852901	24.578752005813786
-0.034999999999999976	9.104941040005698	27.315327429943267	23.866516413383792
-0.032999999999999974	-25.287488995329177	25.450430835470193	23.607275515857538
-0.030999999999999972	20.25103068015177	22.3624217913147	24.31951145208167
-0.02899999999999997	-24.024950130319134	21.706753678414692	23.432503295648896
-0.02699999999999997	24.65878465351956	26.860289711447308	23.78403727786866
-0.024999999999999967	-53.712493402025	27.51000864773264	23.87354233441346
-0.022999999999999965	-21.42262256210614	28.016053001187704	24.178333191675723
-0.02099999999999999	-39.853962190306014	26.490717730738645	24.16388199799148
-0.019000000000000017	-11.576056064277473	26.88573835611528	23.748563576234883
-0.017000000000000015	39.99194797166261	26.503154555680048	24.36186762437834
-0.015000000000000013	1.0057927910533948	26.72133219854803	24.150824509440927
-0.013000000000000012	23.51830747437944	26.84944021260995	24.11642435166001
-0.01100000000000001	-32.4148701219551	27.763326621204325	23.94204054607663
-0.009000000000000008	62.19262552842331	27.125704390362106	24.186061565763104
-0.007000000000000006	-94.5163515043701	28.213490886077334	23.79952932544523
-0.0050000000000000044	-191.67632312799833	25.851087354073133	23.93950788355297
-0.0030000000000000027	-245.4618653449092	29.88746809731979	24.16122821602169
-0.0010000000000000009	-177.46814693608837	27.03810318411976	23.885511320610217
0.0010000000000000009	-184.9491998483499	29.292355686879706	24.20940202007471
0.0030000000000000027	-182.26961995571057	25.55476947694145	23.831058004511828
0.0050000000000000044	-168.93834107567505	24.99836903868079	23.471324546697325
0.007000000000000006	-120.29844800975908	23.677601633232598	23.774219987449833
0.009000000000000008	-44.54227055195048	23.09485500174963	24.361140741605205
0.01100000000000001	-2.096926387196163	24.802481253447667	23.953373892236133
0.013000000000000012	-42.93196917759534	23.087525237308274	23.29490546270918
0.015000000000000013	1.6853835387298233	27.967790407849208	24.83475804855822
0.017000000000000015	9.363561446651403	29.192618920075333	23.9286377570257
0.019000000000000017	16.487091135664045	26.298835232347372	23.70837773269507
0.02100000000000002	10.733564291820485	20.667367833863235	23.28315088466386
0.02300000000000002	-44.53071976306955	26.460321676966394	24.598743427860477
0.025000000000000022	-10.162564398119578	23.876074254234233	23.56102806883635
0.027000000000000024	8.842082572790844	24.08582454228133	24.10132126229868
0.029000000000000026	24.715275373399237	27.557980478382472	24.021167924481553
0.031000000000000028	25.415575168441507	22.77335024537407	23.050462479213184
0.03300000000000003	-2.1791697517592468	24.29285391016198	23.9370083883571
0.03500000000000003	-25.28200442708517	26.644993449496898	24.0636850489246
0.03700000000000003	6.742416269744922	27.029251552542238	23.699969864468613
0.039000000000000035	-13.852485563403683	22.763058995158513	23.83336798749741
0.041000000000000036	2.333277244526144	25.323846605859547	23.905269912335587
0.04300000000000004	30.37669445848934	28.544752942682553	24.208368433258116
0.04500000000000004	13.427227128159913	25.27396173810454	23.911854435440638
0.04700000000000004	15.290039599547	23.8257752456869	24.506526418813404
0.049000000000000044	-28.626562691314028	24.987908859310203	23.793709441591695
0.051000000000000045	35.23085247669755	23.727535101235645	23.599899218279262
0.05300000000000005	49.49211237592621	26.528553016721055	24.093544851505058
0.05500000000000005	-2.030736390934429	22.96597455740944	24.85987705043829
0.05700000000000005	-38.384606648733666	25.28745625440779	24.679237233470978
0.05900000000000005	20.040240647167806	27.922228040790163	24.068449485593717
0.061000000000000054	-18.994927289406327	26.80597321615696	24.265334376199924
0.06300000000000006	54.131823927106026	26.004221557239454	23.508654887426673
0.06500000000000006	20.06620752981192	21.975879677848294	23.78969031675795
0.06700000000000006	28.972627491796743	24.009749464527662	23.486371631998924
0.06900000000000006	44.94179975211843	24.7495600789376	23.40170434418664
0.07100000000000006	-20.47811947836209	25.055773990150396	23.709107240903144
0.07300000000000006	48.34500289740973	26.84477377722509	24.25294807654863
0.07500000000000007	32.88497003284263	24.208697432486083	23.16520351289521
0.07700000000000001	-47.481163508722446	29.307173578231197	23.952360208018508
0.07899999999999996	-5.424469822101763	24.31124023216093	23.311104326149948
0.08099999999999996	2.5689948521812056	25.83133231725509	24.42028604789699
0.08299999999999996	10.49912024742028	24.59724848152553	23.75733794719123
0.08499999999999996	-31.168630548195075	26.786911151367804	23.479444117410235
0.08699999999999997	8.080988074699036	25.82287281828312	23.400268681128427
0.08899999999999997	16.31926601808331	26.840701881517823	23.743064274296017
0.09099999999999997	13.292720105750888	25.213440490958178	23.299489720788813
0.09299999999999997	-46.325303765248904	24.044282422458362	23.375684136460418
0.09499999999999997	-10.282263226302213	25.207675700937976	24.073692087884965
0.09699999999999998	10.569934177029339	25.88778751922731	23.73900737113459
0.09899999999999998	-11.734290626397303	24.486736284618623	23.136072926375483
0.10099999999999998	24.764467452698113	27.768031324253677	23.33629075955155
0.10299999999999998	5.6572409772304155	25.88045883343912	24.1710620816448
0.10499999999999998	-3.444361308613253	24.71742084725671	23.524081888414575
0.10699999999999998	-33.79345253773369	26.564884198322016	23.732065440916262
0.10899999999999999	0.8910691304819807	28.560074995867758	24.01598530662493
0.11099999999999999	4.577833577545931	27.222392707961696	24.066303213212677
0.11299999999999999	-11.067754159710397	25.26470701395869	23.948751894301864
0.11499999999999999	17.68464398010927	23.643597550212693	23.573997187851965
0.11699999999999999	20.25494099111569	24.359137100028242	23.64643370765644
0.119	4.689714205419193	30.925263679900418	23.561646058971807
0.121	-27.803959477323836	25.771196434185782	23.50502390557685
0.123	-9.330574206045661	27.36726020305859	24.60666402185245
0.125	61.45092640519323	26.53964089002339	23.535636872813125
0.127	-10.550646109885875	24.851546830986777	23.74158475549227
0.129	-3.452911669032943	27.626634433919374	24.640759578914192
0.131	-17.63012817945775	25.92918972552369	23.363369410822173
0.133	13.577707173473286	23.41176167781406	24.648668953945876
0.135	24.30530972374889	30.38680299377295	24.884851715752266
0.137	28.460903415572503	21.43324551358599	23.895464606551776
0.139	-0.7682338797332378	24.488453418646255	24.516592352462517
0.14100000000000001	-8.145524191927045	24.72940345392658	24.07687547948422
0.14300000000000002	17.805058206699087	27.318738019235607	24.042141925211368
0.14500000000000002	39.880683534887496	25.457744619223405	24.110731777545553
0.14700000000000002	6.164899298832793	23.79344400519831	23.377424457389367
0.14900000000000002	-2.4560489040315048	26.585028015970366	24.00016680618918
0.15100000000000002	14.081416244815514	26.37843400987683	24.503800778614345
0.15300000000000002	17.031560255453826	28.76559217928611	24.74708045898899
0.15500000000000003	-30.43372727185023	28.714265790626293	24.191609868121056
0.15700000000000003	-8.603166854026512	27.39912214863015	24.645231791725095
0.15900000000000003	9.073377046808773	26.86249072904211	25.208956434252443
0.16100000000000003	46.74993064224253	26.65106884750051	24.561414291752726
0.16300000000000003	50.640456614736706	21.853910729299102	23.817919939084515
0.16500000000000004	-2.8300142131953976	28.309785502585825	23.646517796516466
0.16700000000000004	25.67861137348082	29.221821772591657	24.792258103062863
0.16900000000000004	-20.50578642676104	25.823829481685546	23.425687339828542
0.17100000000000004	17.132434989131085	27.07741620727151	23.82961562936403
0.17300000000000004	35.69837640715612	29.438058340795553	25.137075720402986
0.17500000000000004	9.849976001730099	26.436851104985113	24.257565092448086
0.17700000000000005	-3.0091211378202587	31.16828928474282	24.09905863872513
0.17900000000000005	19.807531701721004	25.182756802293373	23.63569295586596
0.18100000000000005	5.896558470386282	25.34792049153169	23.86024509949299
0.18300000000000005	0.16337587571690904	27.519677031890716	24.144779775738083
0.18500000000000005	55.31258779423176	26.130606374088583	22.839244523088265
0.18700000000000006	29.49639708638152	28.502446789467964	23.802658045399387
0.18900000000000006	-41.71867771984861	25.406175748690146	24.710987993220787
0.19100000000000006	-30.066862645172776	25.611548096757886	24.900949473080644
0.19300000000000006	1.22225489995742	24.888428066883964	23.334548479999544
0.19500000000000006	-57.11103123284822	26.142712179963617	25.00763306425773
0.19700000000000006	-46.47758331277618	26.608372775693145	24.69326394667336
0.19900000000000007	-21.30676914102736	26.010198061321308	24.21618085067159
0.20100000000000007	-56.45458355940658	24.530337646835733	24.75177071626524
0.203	9.84710015572432	26.617536947043117	24.273160349622646
0.20499999999999996	8.54828029028809	24.066645569880137	23.66331531228627
0.20699999999999996	-0.21181249643120736	29.737209378471217	25.410149104140082
0.20899999999999996	-84.84232675565195	26.097241978908073	23.893948135723786
0.21099999999999997	3.4197340410546673	28.3184467232536	25.086882280783882
0.21299999999999997	15.261305642999545	27.794321008625236	24.593701853672776
0.21499999999999997	32.21941809639084	24.466290237309227	24.462711659491493
0.21699999999999997	34.324513660921596	27.111590101129224	24.623352919136742
0.21899999999999997	-53.97067784340681	25.579578225305458	24.973666860402158
0.22099999999999997	22.064231853136107	28.174007318461936	24.228270991855805
0.22299999999999998	-14.175519671755232	26.373446686282534	24.96925819542263
0.22499999999999998	38.455170802365046	23.403160977667447	23.985371370429114
0.22699999999999998	47.91161125505816	27.165314214702704	23.98188949376569
0.22899999999999998	12.454864877664562	25.554468165356635	24.7594066365399
0.23099999999999998	33.41172972315398	26.48921414009733	25.15741808079284
0.23299999999999998	-15.699073876107583	28.572013446641755	24.051071753104353
0.235	27.766153816388695	28.25359269170457	24.374807063207637
0.237	27.853275077704964	27.382935352876384	24.551741664957223
0.239	27.923659132067513	24.325129514924367	23.67980645537676
0.241	38.72063594356767	25.237663752951157	24.18995076495055
0.243	-1.657769573393253	24.437185037563395	24.09614357642208
0.245	42.10685701844241	22.89119889338289	23.76959107285675
0.247	13.95562516570692	28.147044863110953	24.855453091967902
0.249	-10.06056232877306	25.983561067889447	24.025832542244142
0.251	4.829120946014953	28.935948851200482	24.221116897911642
0.253	-36.32695451105672	25.50827738628791	24.222428507148972
0.255	-7.931066860034086	22.025856892244196	23.794796862003288
0.257	-15.195179754678989	27.266170542217246	25.219180520528536
0.259	-1.4768777408802336	24.35539835812464	24.2518495331761
0.261	-41.651624682281785	25.360241604522066	24.530959017355457
0.263	-15.497909723660719	29.80641147740399	24.883268862789464
0.265	9.87479811120906	30.59811370324793	24.572549889999273
0.267	28.521245996726563	28.050301453822705	24.57781354248602
0.269	13.494380543432882	28.549865648851412	24.54726843241332
0.271	-29.562655963988327	26.07254798583709	24.288174689568557
0.273	-8.69554680926754	25.37500112893351	24.1125356999124
0.275	-38.84444139257148	28.45835805636692	25.174423227659823
0.277	-2.4449271308624176	24.40641945873919	24.413122329211863
0.279	22.960247362480146	26.51216999638635	24.414482944797072
0.281	50.54555887484824	28.152770314780334	24.497161912029444
0.28300000000000003	-37.244972333261295	24.769551017971512	23.889410933241823
0.28500000000000003	-3.508336793967004	24.83687607493105	25.390383488674374
0.28700000000000003	21.512297062153962	30.099407993805876	24.862059065171334
0.28900000000000003	-12.254608500295028	27.6882908845285	23.73128896379554
0.29100000000000004	34.9375359567361	28.100409909619664	24.53172176766054
0.29300000000000004	13.438197445037048	27.80470972229207	25.28446630039665
0.29500000000000004	26.911812504915034	23.93056621542807	24.419415938161876
0.29700000000000004	23.195096729988762	25.021238434127607	24.05038949286713
0.29900000000000004	27.266627089517215	27.492868190037278	24.610449825781043
0.30100000000000005	-12.668254779524268	29.418778346996625	23.56851945727471
0.30300000000000005	23.632104741988513	21.940693253632148	24.22801831287872
0.30500000000000005	20.862181397740542	26.9920584541257	24.442796921787476
0.30700000000000005	17.862872900176185	27.208581028799188	23.9662542620045
0.30900000000000005	-10.870983923605415	25.536720223108738	24.083713051106166
0.31100000000000005	26.92326150044444	26.786180556747276	24.686269426313572
0.31300000000000006	4.125631435369925	26.623340907084764	23.709156269607714
0.31500000000000006	14.700722732241545	26.392331603153174	25.32871917463413
0.31700000000000006	13.114286016024934	23.759694305793996	24.850480591710642
0.31900000000000006	-10.123763023561771	28.030981383092886	24.88120461255547
0.32100000000000006	9.480320541488396	27.879014205524317	24.952342204933412
0.32300000000000006	27.906941970190502	23.460749292817628	24.956450871150537
0.32500000000000007	-20.446844620547466	27.793008650149968	24.915783160334403
0.32700000000000007	9.945698283386761	25.522678106138727	24.243472348538443
0.32900000000000007	20.945129609817315	27.87674718201947	24.039954419644058
0.33100000000000007	40.51756893574954	30.13697053014974	24.960196221809188
0.333	-20.027819417345327	29.03697231219401	24.965766181718696
0.33499999999999996	-31.1146946567753	24.680556415707144	24.065052307161327
0.33699999999999997	9.247678004475901	24.07089854479472	23.87732488909056
0.33899999999999997	5.730572488538144	30.25350343959432	24.96021595795303
0.34099999999999997	-6.906182386745563	27.53585409194703	24.01220924106608
0.34299999999999997	37.969206718058146	26.378845021892804	24.360013232168534
0.345	-14.350192645062876	25.238603649849892	24.484071143737978
0.347	1.443448324645047	28.821367199133608	24.803200667271987
0.349	5.320377241657681	27.746824092502028	24.011697132450237
0.351	31.208260788506692	22.5614173553627	24.17966862719261
0.353	28.49716352093523	27.419343722948295	24.381366980154365
0.355	-17.679815234261653	29.16799861055064	25.369727901588995
0.357	21.381111563245625	28.314343640661473	24.289664056749857
0.359	9.526248512248259	26.42387585269511	24.08284281533
0.361	-10.309228189786523	27.26122058041206	25.21116763783903
0.363	12.662265399754347	25.97464317701189	23.361931868082344
0.365	-1.2682934413810187	26.71000560110783	24.070239087012474
0.367	35.80438623340676	28.173698380079664	24.59385446869128
0.369	-37.70932146829331	27.960188644545912	24.389994208835592
0.371	-45.289920818980534	27.18065598223916	24.433174035428387
0.373	15.258080802382779	22.96965235464359	24.360617790150826
0.375	-17.38182426691548	21.216588293918736	23.788607900296867
0.377	-5.1237705170903425	29.030711880488102	24.33904666081167
0.379	30.223910821636224	25.507312118011797	24.392524957315867
0.381	47.04612746420089	29.95156638770467	24.061242923217808
0.383	9.193057892931122	28.217111988534523	24.220106311776753
0.385	-32.74315412193918	25.899625625243733	25.146362080036045
0.387	20.265676268671484	26.77192188189932	23.57080416797992
0.389	24.038935775960724	26.04654966439817	23.701762173631977
0.391	4.974232277632495	26.856620425059706	24.27646842921218
0.393	-19.13334868341998	26.94903375895373	24.26507314881003
0.395	2.889854313403717	23.83803590794266	24.99839074770622
0.397	-12.899914780151178	23.731181902347792	24.682873516035155
0.399	41.5220854625975	24.74367112808408	24.231494409524252
0.401	10.612269077947545	24.604575109079114	24.59765524408285
0.403	25.163599714161933	25.707431468336168	24.03113967263419
0.405	-40.984575635061304	29.222267649075352	24.54374407232692
0.40700000000000003	-5.519149771759935	28.26903375844424	23.98404095516882
0.40900000000000003	-37.14480922178964	26.75278489134362	24.54276184085122
0.41100000000000003	16.808105266719053	26.28832091461317	24.719440200351755
0.41300000000000003	34.41562577077839	28.28194549452416	25.23089895560683
0.41500000000000004	-15.50832590779816	24.114938920359865	23.381152835175403
0.41700000000000004	53.84019429310882	28.232360092410907	24.39549817121922
0.41900000000000004	56.107739766497744	28.069921952739605	25.36234000389931
0.42100000000000004	21.385241419924483	26.184130960241898	23.510407478880534
0.42300000000000004	20.20501698773991	28.591514981660957	24.60261479932339
0.42500000000000004	7.135344473718774	25.913965986782625	24.623110976974058
0.42700000000000005	22.8973504616814	27.80967217343946	24.35205197280961
0.42900000000000005	39.79788763142089	28.516435003275006	24.67068369327953
0.43100000000000005	32.56482359814683	25.838404486075106	23.23198171362133
0.43300000000000005	-51.95350334319393	30.444021476810004	25.34143012150315
0.43500000000000005	-19.04076148440126	28.79079331753811	24.502061138825994
0.43700000000000006	1.1636389507518885	25.096429753052554	23.385588613101536
0.43900000000000006	44.17039410475887	31.21799260023109	24.74997521701364
0.44100000000000006	-27.324123606065065	25.692976734969548	25.060826550573452
0.44300000000000006	20.00838329574428	27.499899551567886	24.844095031893435
0.44500000000000006	6.244097020546846	24.660032209229776	24.537009935136705
0.44700000000000006	44.17566397041384	30.824190647859865	24.840165800890954
0.44900000000000007	4.227306397819319	25.961277558337567	24.427591271359983
0.45100000000000007	14.618224158713389	24.63245046015375	24.853358029298068
0.45300000000000007	8.646718171689827	26.8121947726788	24.279521622003397
0.45500000000000007	56.628662423952036	27.521832838550544	23.930826439918803
0.4570000000000001	4.955897389136155	29.66183574377065	25.00549204928591
0.459	15.790687923900038	30.03510308012501	25.321163160685018
0.46099999999999997	40.004959773742854	23.696383573421635	24.265255635863802
0.46299999999999997	56.04026707040077	28.293428590816127	24.669256002041333
0.46499999999999997	12.771810776524006	25.76312581476357	24.25163327532379
0.46699999999999997	57.12247722411412	27.31424899522542	24.38070422663643
0.469	-21.816310698641317	28.130790428586074	24.648626564812037
0.471	17.577693801840155	28.620108372358757	24.554317386323522
0.473	-7.152883349181849	25.77314086192659	23.955950679442612
0.475	-43.90102555418274	26.308797125072672	24.372767552073007
0.477	17.42696960405077	26.478534458885804	24.523175809341804
0.479	25.421503142553092	27.01189663397357	24.460310635699503
0.481	17.032597865895838	31.15505422613976	24.59866791213956
0.483	20.855688539489492	24.699452540279996	24.87541369595542
0.485	14.25648857233952	25.76973011953298	23.66394323184014
0.487	20.707045482293296	26.317137028316118	25.060752830028417
0.489	68.65978137304829	25.78997326404996	24.383230773444357
0.491	8.752789399935068	30.670602547751898	24.139797203408158
0.493	-3.51283018951154	26.00064964353564	25.21933130241355
0.495	-20.172093000092595	27.896021374086278	25.745234395021185
0.497	25.593989641414794	28.12301163733215	24.078328147541256
0.499	-15.19779020275891	25.200848041024603	25.691358204935106