-0.499	-4.064299516604031	47.594965349346424	29.587289913086398
-0.497	26.584033223864267	45.659270531593364	30.118295659670252
-0.495	32.59134324484769	45.78068717699041	27.396364456783864
-0.493	9.060149650741423	44.91317143821461	28.680963392121857
-0.491	-18.206060623415787	46.6033408834775	29.123871557164684
-0.489	-53.79149129691729	45.02074976100454	31.50252390136067
-0.487	21.69317237088464	46.552166009028895	27.612612816290273
-0.485	-1.7449965490357044	37.496081361047075	29.642000550642226
-0.483	-9.2042974925155	50.117543569272634	29.731537533134603
-0.481	70.22987126825697	46.02034483142558	29.81228456436199
-0.479	-69.82941230992967	45.115834801216934	26.771193186637326
-0.477	13.758699682675513	51.47527220253294	29.928804921716118
-0.475	4.082626475110374	46.02310067610269	29.17785576776708
-0.473	-44.337383865888924	42.91312231756191	28.659190611118902
-0.471	-15.706571112938938	41.990513360551994	27.148403203690073
-0.469	-9.986545997597851	51.368089453554866	29.72407520647205
-0.46699999999999997	-11.271188656181153	46.62506429656887	29.400441180927487
-0.46499999999999997	-10.130234337268895	45.745786459033795	28.122230076388284
-0.46299999999999997	2.116270160446021	43.61561781695841	27.14591433579793
-0.461	-51.08311057544501	42.326370769368594	29.741065956312774
-0.459	-35.999200802994125	48.076308142883015	29.124258761928832
-0.457	11.086228585588387	45.20002307443278	28.91616555514521
-0.455	-77.7231957828084	45.41387858766062	28.373175434918654
-0.453	30.777132152159936	47.51883189520033	30.480866023027474
-0.451	-17.97399891623197	37.80496163022129	29.944281612465673
-0.449	-28.430499549148003	42.38479756385787	28.587162613050175
-0.447	47.88604935845875	47.91296330074791	29.071229012200625
-0.445	-36.863338078063634	49.461758807070986	29.134000295487628
-0.443	52.76748114924068	40.49260317961484	30.358462256452093
-0.441	1.3372855149906826	48.64719673835961	28.40116990070853
-0.439	-40.08717383230387	48.625210795729046	28.981251216579683
-0.437	29.888758799279103	47.0273240246106	30.081333539903007
-0.435	62.57685270893987	51.41968890073612	29.44044188915045
-0.433	40.965398193426594	40.67967373593545	27.358237448374513
-0.431	-46.72454284737615	40.4808272673231	30.20525173005624
-0.429	6.247014450622146	49.378523742758304	29.745095799716346
-0.427	-45.194846224005936	39.57298174617185	29.43780754081619
-0.425	-46.40819708112698	42.433305014128536	27.07089029767766
-0.423	-26.112531402278094	49.04532950633102	29.497618771228687
-0.421	-40.9785519915884	48.47610491366386	29.6230336227875
-0.419	-21.565500692322104	40.17550549497351	29.004615000209114
-0.417	37.756850368220185	37.15524424977356	27.194993562441383
-0.415	14.61937089586307	50.18963804261739	31.309051704854742
-0.41300000000000003	33.40938320794962	46.90411987985848	30.021553678420418
-0.41100000000000003	-1.662524820700284	45.500020906080415	29.151470295745384
-0.40900000000000003	-0.801709022835162	42.4875636356615	28.62879966398356
-0.40700000000000003	16.601566572127524	42.26088076421926	30.59415677114076
-0.405	19.77235081551676	45.62569325066908	30.462110799023716
-0.403	-32.17828546597801	49.63945672072774	29.67520780355157
-0.401	26.048427950176034	43.75874635097628	28.53490532880332
-0.399	-59.612478624515575	45.00600648169306	29.684183843141174
-0.397	-53.66983315646667	45.77792637019225	30.685950796512177
-0.395	17.86267063108582	51.02240533139554	28.691459867068563
-0.393	23.056496156081963	45.63274957578133	29.147075152927968
-0.391	-74.3575915457262	47.795724518573905	30.44892821168654
-0.389	31.32314987497331	41.60921106338407	32.02200193480709
-0.387	22.788239311788416	45.49353032690991	27.957818940323357
-0.385	32.81676162703029	41.19513514926603	28.927199117010883
-0.383	4.16124384394756	49.36265325017861	30.2917751474985
-0.381	40.267179415520715	44.23495272407924	30.188497639124446
-0.379	49.40536183362099	41.87737033582123	28.859362900639695
-0.377	-18.352442116786882	52.22179969790004	29.901077989208055
-0.375	19.294146320181227	51.53101548803479	30.22341193819776
-0.373	29.59573374483604	42.18454946084134	30.23126274187763
-0.371	-53.43978320648812	45.55707259149161	28.13022717263605
-0.369	-36.99529188172512	49.87964052949111	30.640794776727713
-0.367	25.12684498201523	44.77354474849573	30.662855206336864
-0.365	-59.643738975601046	38.76886344714558	29.182040388641663
-0.363	-28.730881686866994	41.082401092731544	27.972824215711036
-0.361	81.3063087592436	53.10548389089025	31.02098866704256
-0.359	-20.6630277398423	40.6233931816162	30.88724158043381
-0.357	11.489493842775644	41.51633062659988	29.876034322577922
-0.355	-15.614386408513425	38.790916121034954	28.95766014482378
-0.353	-37.44107494896287	52.211171196207346	30.285450550929607
-0.351	21.453095370160824	43.703265307628506	30.11781017273402
-0.349	-62.73432237591248	49.537536512184474	28.408371814661898
-0.347	-33.72042361649008	48.514332584950594	29.21108573997613
-0.345	27.61937849293794	45.62888023925119	30.237735166695636
-0.34299999999999997	16.701340508573637	45.48190256784307	31.437671849612297
-0.34099999999999997	4.315907923935214	43.040017253507386	28.38252995641621
-0.33899999999999997	-15.615791468803764	44.52870036208382	29.856273573104257
-0.33699999999999997	-60.85585438642127	45.482134011219216	29.720930094545597
-0.33499999999999996	-23.501965800920566	43.37850862967457	30.567862391136362
-0.33299999999999996	-42.885738221420944	46.9456046578903	28.3917777493964
-0.33099999999999996	-37.38476645354094	45.94004237872694	30.013093912018487
-0.32899999999999996	27.61137985407558	44.96852639890478	30.30367302636935
-0.32699999999999996	0.5568027905411554	40.43419038876866	29.430605599822446
-0.32499999999999996	-31.651588934589192	40.696136928388064	28.13158047416182
-0.323	-8.19868280022007	45.645438527596674	29.109432371611252
-0.321	-30.39493047651831	53.70743154777407	31.190998397897605
-0.319	33.65320952863904	43.168223230616114	30.5329954476547
-0.317	1.9250087521793802	48.66732862072393	27.79251549362733
-0.315	-26.0737002223399	49.56007552880202	29.89160036911888
-0.313	-22.858988250495926	48.08328197561998	30.338782185023252
-0.311	-26.77060424671751	39.965809170844885	30.051113475076278
-0.309	-83.18980493926543	41.70534819715322	28.362669306754256
-0.307	-11.495164197850016	43.55477228579768	30.47960798149636
-0.305	-37.00145503704455	47.69155995619861	30.385404093546235
-0.303	-29.8018032658387	45.05217914301279	29.64346244440342
-0.301	-60.88694807715456	46.58081660346349	29.360813110011385
-0.299	-18.599388013851303	52.29758040480086	31.10181236790555
-0.297	30.951644393706346	46.23158757147173	30.106643522483377
-0.295	-39.23292323126937	42.4146780021809	28.378662739332086
-0.293	23.106826923635637	45.604687125300806	29.74796436223818
-0.29100000000000004	-12.931326304310709	48.0560089782047	30.33479822086869
-0.28900000000000003	-24.465910895887788	41.673601273865664	30.19501109417718
-0.28700000000000003	-22.40051442836677	41.22763695087044	28.45650107906287
-0.28500000000000003	42.65081986720709	51.17292247767307	30.918561158324295
-0.28300000000000003	-58.04433160394584	44.241381890788844	30.922136182666584
-0.281	-33.173589003010484	44.50060200643593	29.945015528343802
-0.279	-18.641997431734225	45.22432571467677	28.866920660273987
-0.277	-59.07323461307179	46.21549574696602	29.77482627004711
-0.275	50.228592248124926	50.27497379622736	30.10381952616806
-0.273	-11.947655812027946	45.59339534243161	29.644651995627935
-0.271	-14.171732770296153	47.54860035996595	28.67159945828051
-0.269	-35.86880600892073	47.76664203281195	29.866955928368764
-0.267	16.669794701273943	45.039548785942344	31.64551318790626
-0.265	-52.53505473024056	39.43917995639092	28.61923997516532
-0.263	-12.497543638967379	45.160310114702646	28.273726525636565
-0.261	-62.096519453991306	49.70148815847308	29.450283931350146
-0.259	-0.0008063036904815135	53.81637652731465	30.916679109952504
-0.257	-21.735462959693308	50.34682712972166	30.005984723489703
-0.255	16.38747206489377	41.49983694488669	28.942235490919494
-0.253	8.962367382236991	47.80647360731225	30.458621790028637
-0.251	-3.0914337264542624	47.03791827287018	30.703851283798283
-0.249	-63.4627770219609	49.227134272903754	28.8073547355483
-0.247	-78.78156922958013	45.9971980078387	30.433777660440015
-0.245	39.99074033544936	51.074326133497344	31.18898626007165
-0.243	47.323939429855244	47.312511268542146	31.826005326524164
-0.241	20.43963580811159	50.234013555581015	30.35605116241362
-0.239	0.6396768603700309	48.409314307297976	30.154117820382805
-0.237	-3.2688702165106776	41.57121019112149	30.11857980285464
-0.235	33.573967316291586	42.81596187541857	30.463515552926992
-0.23299999999999998	12.189323575828581	47.55163782760749	29.6805927205287
-0.23099999999999998	-87.53961661500665	48.82785873558928	29.570768802301906
-0.22899999999999998	-29.536224485093854	51.45442814450186	30.506491096388693
-0.22699999999999998	5.088451814572181	44.43622439971948	30.24513572965298
-0.22499999999999998	-6.519579164865341	43.6061073445336	28.200405139038796
-0.22299999999999998	-35.210195663770705	43.11005750427615	30.742410775089194
-0.22099999999999997	-58.03912261603816	50.92020078746934	30.32304171518545
-0.21899999999999997	18.069229349881866	44.3384874270191	30.5544002466782
-0.21699999999999997	-55.48794464782514	48.380221300464164	28.46187076681687
-0.21499999999999997	-5.634565550804993	50.684272325092074	31.367105406374613
-0.21299999999999997	4.353793885858437	47.919442210183824	31.4180400162517
-0.211	4.993300240174747	40.905393444685345	29.70782303774967
-0.20900000000000002	-96.65869155073281	48.71573133833286	29.378666584351798
-0.20700000000000002	-42.875222004745694	48.98645925184466	31.5100019382942
-0.20500000000000002	-28.620758871333862	44.8028074485263	31.850708477521884
-0.203	-18.034230342300894	48.68273761103161	29.106275200140978
-0.201	-89.48991937707262	46.782612227894575	29.63368467530462
-0.199	-85.05496389676904	47.844825557161336	30.075111611966843
-0.197	9.872703300661811	47.82950137160208	30.71775619072443
-0.195	-15.840672364486608	42.936911830732704	28.80575612628387
-0.193	-9.217215913848165	47.446577657055535	29.961169607752684
-0.191	-30.72665100123384	53.177066919177115	30.074689848355572
-0.189	-20.812852843943297	48.15644345940234	30.83691754103863
-0.187	-23.792833595770446	51.26984832131172	28.676089701290298
-0.185	-24.96153579734095	47.59071922543517	30.11347567451962
-0.183	-88.7704706119541	42.11321875550716	30.695842885610244
-0.181	-0.5091797720124802	47.70855961636139	31.275044792849457
-0.179	-41.922858255105666	48.38152814486322	29.738354821215836
-0.177	28.959826906316266	47.34145207670549	30.123685329506884
-0.175	-21.444570171391675	48.599326480963704	29.870465099327205
-0.173	-30.17238482327933	53.530759723163015	30.49030306346869
-0.17099999999999999	-22.576526038209366	44.483277976152515	28.591744614409244
-0.16899999999999998	-40.39804499023081	50.50684811067884	29.70403323224832
-0.16699999999999998	-47.07917110013948	46.95668808274095	30.73740172306924
-0.16499999999999998	-28.24338103168955	44.2758896159164	29.51546499514284
-0.16299999999999998	-19.61897268853985	47.209211750648784	29.350071796080535
-0.16099999999999998	-16.421447398107247	49.395491407410816	30.611618044230276
-0.15899999999999997	-97.43859753530427	43.555789109781436	30.378301102745617
-0.15699999999999997	-70.76018092089242	44.45117372395543	29.756109462739946
-0.15499999999999997	-39.50339682301518	44.119452207804606	28.85872045639464
-0.15299999999999997	-65.72282975958466	49.36216562677272	31.083292726798266
-0.15099999999999997	1.629008122616682	44.883078166143534	29.939988974951405
-0.149	-32.09478931587295	43.023785105512985	29.088458289919608
-0.14700000000000002	-22.224096264178428	45.37282505891435	29.832357777916368
-0.14500000000000002	-4.957488969670187	47.02247685835555	30.31787466459454
-0.14300000000000002	-47.112937510140895	44.89197699600327	30.56057698283515
-0.14100000000000001	-71.25430406396127	40.64783610796612	29.11287440340239
-0.139	33.677777704355094	51.46167553098341	30.122119763943555
-0.137	-16.760995107722998	47.70606096814737	30.093856326230057
-0.135	34.99084817937259	52.1467244676739	30.870210651063157
-0.133	-48.461845651770474	40.55750289471229	28.939220415206123
-0.131	35.55142558542279	52.69932463358129	30.073063848580258
-0.129	-48.85632285756003	51.92977925377957	30.680961873141165
-0.127	54.35676464893291	49.00039694774416	30.840866487558642
-0.125	-53.18094157868991	48.72713887889831	29.376724797770052
-0.123	-58.70286904519073	51.93583324713686	31.303330449733497
-0.121	-6.867204448979258	48.12068375120815	29.519448416429125
-0.119	50.9019373817754	46.99196269267145	30.06153745464829
-0.11699999999999999	-53.4632343798247	47.69658255181057	28.576069467917005
-0.11499999999999999	-53.03100092557411	49.58363246883885	31.200698793751055
-0.11299999999999999	-9.48621918339665	43.712062690057444	30.174751346634043
-0.11099999999999999	52.6112610388374	48.896201150220946	29.33098946564363
-0.10899999999999999	41.040673332215505	42.02286618124336	28.691825814664394
-0.10699999999999998	-36.755949376798824	50.31260736781248	29.99312359313937
-0.10499999999999998	57.02968320608903	42.832583345661966	30.688224639978266
-0.10299999999999998	-32.36729332511956	41.24002458408692	28.814577785030657
-0.10099999999999998	10.410573866526107	45.04475369707378	28.875320547822852
-0.09899999999999998	4.7738857578139005	45.23363001340485	30.28154267763803
-0.09699999999999998	43.547524448683816	53.75517668669256	31.385035252352232
-0.09499999999999997	18.782807848394256	47.46068021268588	29.320604549814465
-0.09299999999999997	6.4099019925212275	48.087839157517465	29.96897503301198
-0.09099999999999997	12.93544082847653	48.931433894569025	29.86709801259136
-0.08899999999999997	17.4832134851588	51.25404186813816	31.009214201932615
-0.08699999999999997	-39.683120389932824	42.795994821272345	28.564674260855263
-0.08499999999999996	9.344427607915762	49.867712893540414	30.933292254599905
-0.08299999999999999	-96.1297716708387	42.58231468810502	29.710517121143397
-0.08100000000000002	-32.38195107990727	51.00763198447992	30.502515914058513
-0.07900000000000001	0.6856330738713723	46.58595494919506	28.665625186049184
-0.07700000000000001	75.41567082558487	48.89552021586168	30.393171019532222
-0.07500000000000001	-44.14851655187846	49.64317574296391	30.9964758800644
-0.07300000000000001	-51.222381533988504	53.050766888538156	30.53548409386229
-0.07100000000000001	-28.350423104450684	42.39078506241347	27.954597156804144
-0.069	-26.22450580558322	48.71797384592836	30.10899721213761
-0.067	27.33100824436896	47.74167244113829	30.761667134353207
-0.065	-25.494149842542058	54.57911933564678	29.70121613214087
-0.063	-38.05091732178578	45.56833903013722	28.811191320860136
-0.061	-22.357732584854517	49.32500749489968	30.966228386429407
-0.059	-36.50806968469311	47.43040131572189	30.196872184221863
-0.056999999999999995	-8.043718195627214	45.83910472786026	29.746193039653036
-0.05499999999999999	-80.96249748845707	47.797576193263524	28.106908845382996
-0.05299999999999999	-53.338164690441836	50.59797865903209	30.49761011498354
-0.05099999999999999	-14.689307470949764	43.862415092107334	30.31986730234537
-0.04899999999999999	14.288752662627857	47.55086988831485	28.09832849078562
-0.046999999999999986	-24.369978517513324	40.96039572584897	28.835240714023797
-0.044999999999999984	-20.32980305377574	47.11691563727967	30.349084540686896
-0.04299999999999998	-69.40487691708964	42.01590884602087	30.31573445007144
-0.04099999999999998	-41.29073317005183	42.389089486877964	27.93930377878264
-0.03899999999999998	-18.1992262652253	45.42959807004258	28.67773504140043
-0.03699999999999998	-77.44321372549211	52.869741062682714	30.062768942095015
-0.034999999999999976	-54.56577685958308	52.424845498720245	29.94922320500398
-0.032999999999999974	-60.584113049100274	40.889332943703046	28.318449602830654
-0.030999999999999972	-30.14148007973727	46.587975008658915	29.787316958270225
-0.02899999999999997	-48.817663945488476	52.357780853634274	30.306924502269112
-0.02699999999999997	1.9611745363246058	40.748639580641	29.437205772185614
-0.024999999999999967	21.044055980024012	45.92077137721796	27.829205993802745
-0.022999999999999965	-6.1074596138244175	54.86954630614706	31.16046638913487
-0.02099999999999999	-50.29722031058004	53.50698640188789	29.740910097853092
-0.019000000000000017	43.98195190846721	41.544181092798546	29.815300050857864
-0.017000000000000015	-37.13458806819947	46.40352155146634	27.95648064380984
-0.015000000000000013	-8.241658570051769	46.10325998395048	29.46398109859072
-0.013000000000000012	-11.097716896224519	46.951941230349945	29.74675016964588
-0.01100000000000001	52.61877502227286	42.9414861663994	28.76890042331322
-0.009000000000000008	-66.76876311273449	43.805860205309365	28.762226689804937
-0.007000000000000006	-120.92655342166303	41.83853607627355	29.613425526595833
-0.0050000000000000044	-190.01544242547297	47.07975642202403	29.596132589545707
-0.0030000000000000027	-184.70437230011515	44.985751150316176	28.925603127978476
-0.0010000000000000009	-147.71559118176293	44.41767451807919	28.044754935740357
0.0010000000000000009	-202.58805303119408	49.15039712398879	29.07314519062805
0.0030000000000000027	-239.29125542376806	48.03376512564628	31.094077731004464
0.0050000000000000044	-213.29197809272227	47.495863696847564	28.906524624990382
0.007000000000000006	-114.5207456239028	48.35058822858419	28.946372167472305
0.009000000000000008	-0.33027726376033684	51.21158900052802	28.88982811853941
0.01100000000000001	-44.9104529851585	46.17340400331917	30.732228775881698
0.013000000000000012	8.250758190220253	41.33137180046965	28.194210508737708
0.015000000000000013	38.529373204143624	43.433262428591966	28.08173867234603
0.017000000000000015	-73.92187739296841	44.53426935516324	29.242427659288403
0.019000000000000017	6.123394739931953	40.26553360852398	29.938677356762224
0.02100000000000002	-64.19867668749913	41.16605112551717	27.452765618909716
0.02300000000000002	52.45421944710671	52.59654080030674	29.173456359979106
0.025000000000000022	-42.77023385468315	47.556434577307385	29.45175766182711
0.027000000000000024	69.87551251924629	44.48770560271558	30.039019385752376
0.029000000000000026	-41.517889907138894	44.69891387564924	27.487624470040707
0.031000000000000028	-0.27492048126909197	45.13524230196413	28.601498701282374
0.03300000000000003	-23.848505676715703	46.32529543090889	29.881069683126764
0.03500000000000003	21.705330419674596	44.59345643710266	28.570725986017692
0.03700000000000003	3.5132505167290162	46.28873800938017	28.32779468595769
0.039000000000000035	-46.309433267777145	49.755834888428886	28.875273833400968
0.041000000000000036	-74.02228072406203	45.96728247195151	29.27621510896788
0.04300000000000004	31.180850764922496	43.38322680288242	29.269126845315558
0.04500000000000004	-6.410352012875542	42.25893921894057	28.162542816958084
0.04700000000000004	-27.78630162980633	47.08765540681315	29.022348499528377
0.049000000000000044	12.014350267985918	48.12307011641023	29.563826427084713
0.051000000000000045	3.309510389071235	44.8105124872982	28.304917525759695
0.05300000000000005	-71.08666004174147	48.83231078532479	28.596777049074927
0.05500000000000005	5.202701873541216	51.03864324346297	29.27994638961593
0.05700000000000005	3.8795882923992053	43.89367000000001	29.870206765663728
0.05900000000000005	-3.1593527884954398	39.70973956248477	27.12268515467964
0.061000000000000054	67.70501916664173	42.41675397702173	29.320996705783173
0.06300000000000006	21.423842820222916	44.832595903959884	29.61201166588816
0.06500000000000006	-69.07926666888109	43.522405757302636	30.27657656491393
0.06700000000000006	-27.017791419559067	41.080280371050094	27.003653388199982
0.06900000000000006	54.71830272396616	44.72643154411203	28.52383080201554
0.07100000000000006	-79.86670364468208	42.566876265580355	29.08492123189252
0.07300000000000006	9.865466508829357	49.51633625552209	29.777361068333967
0.07500000000000007	-36.488188141614586	45.828179267299475	26.575270520047177
0.07700000000000001	-27.43336665089746	44.04739418093239	28.199661790772346
0.07899999999999996	-23.090169106843028	47.251594677881116	29.13794506011185
0.08099999999999996	3.091425132328851	33.617811808916564	28.364103957321337
0.08299999999999996	-14.120915889925811	39.537822841708746	27.280435887126472
0.08499999999999996	7.876537484019508	42.58780013916034	29.11005994742898
0.08699999999999997	-5.689664136276917	39.662784540191126	29.725122940866147
0.08899999999999997	1.5870542737772553	38.35359991537533	28.081930229060667
0.09099999999999997	-5.385295808069124	45.00804109553898	27.58284873711581
0.09299999999999997	12.836733526588873	47.02844733496956	28.55481555013008
0.09499999999999997	20.395210859724955	47.663455663112	29.884482409218183
0.09699999999999998	91.9093466802412	44.35618981758036	27.78181779720433
0.09899999999999998	-21.821076558681263	48.696021076066486	27.84437855592703
0.10099999999999998	-4.415852839723122	46.17550264607296	27.697552436257876
0.10299999999999998	-2.137817636804762	42.66018243719004	30.317567416578164
0.10499999999999998	-14.856683863806452	43.482958881725764	27.707274640419737
0.10699999999999998	-13.692233474582594	39.27271561104411	28.419516654571648
0.10899999999999999	10.166741111650168	41.93093232380165	28.003234301482166
0.11099999999999999	10.035291923449208	45.64058523683317	30.18014624112946
0.11299999999999999	10.668286290815843	43.375425624033646	26.86292156574686
0.11499999999999999	27.132451562605908	47.253185130319764	29.219756582612945
0.11699999999999999	59.97496046883377	45.38106770005397	30.023882836649925
0.119	17.579934244338347	41.805154632705325	29.278514616709437
0.121	7.5668961729835615	42.78659074164658	26.911812895015057
0.123	17.365255457812978	47.1884203806859	29.34019203079428
0.125	42.67423468862219	46.97606196451146	29.077584067433676
0.127	103.01933274958763	47.10501215714959	29.25686507477957
0.129	28.837109180113174	45.783835548996926	26.87885906075426
0.131	-31.665218445997567	50.91211245915494	29.080918144513863
0.133	-11.508819130590098	46.089814305222276	29.15049889677403
0.135	19.757204426040786	47.0431122512774	28.239492843820457
0.137	0.4591477318349746	44.58738850021921	26.732193983806322
0.139	-37.380969088340876	43.79588064859412	30.058156624222423
0.14100000000000001	4.94073824230945	51.11042625042944	30.175185703716664
0.14300000000000002	0.25286537841395784	39.76907259836516	27.460868530169574
0.14500000000000002	-18.836118131138058	42.600051319285996	27.149383228524847
0.14700000000000002	20.444202952552004	52.75468111766954	29.25215864567095
0.14900000000000002	58.565856245973436	42.15148751020804	30.285678404526315
0.15100000000000002	10.722647550753805	44.4373826945729	26.431680277302647
0.15300000000000002	-21.090330602491214	47.9578843399291	27.87156593247305
0.15500000000000003	22.313727935152627	41.93844560021046	28.97261169225653
0.15700000000000003	-6.000981962017704	39.69671329049085	30.069068612745614
0.15900000000000003	53.92874641474421	42.91724352039587	26.69880120509085
0.16100000000000003	25.421928167679297	43.593068564969485	27.6250313160323
0.16300000000000003	45.36433399238149	39.63775878157173	28.725977139086165
0.16500000000000004	19.390085484571884	48.1685764065759	30.7704570702802
0.16700000000000004	52.51726620913999	47.75266173752516	26.990625861924013
0.16900000000000004	9.785888409608035	41.62044476244697	27.95020160217871
0.17100000000000004	85.29747202556948	49.633362553130624	28.95643503242027
0.17300000000000004	24.449072907328784	42.51785762214527	28.50512121306492
0.17500000000000004	11.57796769479802	42.88251574553233	27.18828777946038
0.17700000000000005	85.06927013618437	40.953868917514285	28.062686400580983
0.17900000000000005	13.07641537895421	49.78490831454264	29.32307029493664
0.18100000000000005	48.487307756195364	44.793013469091484	28.39145014540109
0.18300000000000005	-3.3288248346696747	39.779501972299805	26.566957612241698
0.18500000000000005	50.35490765714634	40.6734545218841	28.8661824074396
0.18700000000000006	31.92296712262177	49.61367222997491	29.175336698488447
0.18900000000000006	25.50786677724126	38.45820661507864	27.552150599604072
0.19100000000000006	47.49450952701295	46.577341169661736	28.083161324014927
0.19300000000000006	48.721381123106866	49.280645388555264	29.02267339207451
0.19500000000000006	25.390059125829367	47.413209025863814	30.749805025952035
0.19700000000000006	57.48575368103026	41.39636302747514	26.854907120623842
0.19900000000000007	53.98268050083033	42.88058195947922	27.374632669531803
0.20100000000000007	28.86748627028979	45.43858351235193	29.096639692312955
0.203	48.94278412548303	48.0883822679964	29.903352504080566
0.20499999999999996	10.148323644543211	40.841647875513694	26.793057796060687
0.20699999999999996	18.192428232532976	40.16412005784988	28.508376290550093
0.20899999999999996	37.93659414919048	47.689875906397205	29.105599261092824
0.21099999999999997	53.40989422863984	49.4553649665962	28.975696815817376
0.21299999999999997	51.88092960550783	38.98891758223768	26.41594428620395
0.21499999999999997	39.15921850938808	43.59773007289587	28.369676011486963
0.21699999999999997	44.16616547819885	45.48873276976936	29.162864716930947
0.21899999999999997	45.102585983336496	44.582742300451706	29.031202600173422
0.22099999999999997	-1.2173810511884042	39.66672562730461	27.903010451314692
0.22299999999999998	67.96635790751182	46.21709765781621	28.43719454086723
0.22499999999999998	-2.6059842200831795	42.963197215030135	28.782340397058856
0.22699999999999998	48.2434049677849	42.2292801083396	28.937474335860106
0.22899999999999998	52.37940606983571	41.36209469889105	26.866514481147245
0.23099999999999998	86.23213908176552	45.90746335429697	29.360595843992485
0.23299999999999998	-12.851884138576075	48.33822791420721	30.115563733477945
0.235	63.60184835152438	40.020688668396716	28.05745328914275
0.237	29.686588829402893	39.15771907437104	27.496984974985608
0.239	67.1234212867855	47.87682713332353	29.42662454790054
0.241	10.70854307072544	42.504354684899276	28.32673372459919
0.243	-7.915182865358972	41.642255369727074	28.59082840268596
0.245	44.05210333779941	42.069061095371765	28.054395442613814
0.247	36.09832692008652	43.83719872322467	28.67164520082484
0.249	20.211457061769522	41.858392596632264	29.42194773778272
0.251	79.05148288656072	40.48960563168808	27.40980757838921
0.253	69.84595057701881	50.02915171386216	27.943827898999213
0.255	78.24486933327712	44.345681553461894	28.728158312208286
0.257	58.82894904174485	39.479351994148765	29.303963453083814
0.259	16.965884755304472	38.688396175901765	27.45993132314951
0.261	-6.375938981340035	42.55904456786826	28.029849891144117
0.263	46.3096884577574	50.63211414113412	29.70566086034968
0.265	51.45676447293468	43.93725024732806	29.775437679297173
0.267	67.92471717842474	43.89769316943922	26.57735092224851
0.269	58.28857151746192	48.29275895241506	28.4869327903003
0.271	104.90046256372842	43.946215917590216	29.52754321285477
0.273	30.34596114481758	44.7368951095972	28.885561385868975
0.275	3.6223593982143143	39.80560796378872	26.59498049458244
0.277	25.9488667855301	47.51104106676306	28.946716347959555
0.279	77.66188969093868	44.44311208836538	28.600785278513147
0.281	66.74131610284739	49.223106410068446	28.89838673930553
0.28300000000000003	93.29676186564662	44.38559660706934	27.016904312350064
0.28500000000000003	68.2076716356228	38.029734072912156	29.091083880154105
0.28700000000000003	53.5224744253604	43.63550244518439	29.59154232717458
0.28900000000000003	-4.323192686062072	43.30264741079961	28.23639747160152
0.29100000000000004	30.37014477902389	42.507648253944765	27.67939972244214
0.29300000000000004	18.19122355195546	39.68091280346629	29.240747637232438
0.29500000000000004	81.32169952435042	49.32110818928621	29.48444409174469
0.29700000000000004	63.40566334950282	43.20957354492993	28.469282435135707
0.29900000000000004	29.578796699958332	41.13248558776638	28.1121650341895
0.30100000000000005	56.6738165048708	47.097811182106454	28.743850350434073
0.30300000000000005	20.410404358628398	46.83583179624671	29.887227870150696
0.30500000000000005	31.39205255764388	44.80847358913126	27.916393748183435
0.30700000000000005	27.929941886384313	37.82601204999193	29.340988368056752
0.30900000000000005	75.13299536121565	45.41796762337068	29.077950755173454
0.31100000000000005	37.970541829634996	46.02546754090752	29.975178351660123
0.31300000000000006	25.416509958020583	39.969113615978955	26.178626993354143
0.31500000000000006	65.85941959325048	42.81914171257368	27.688273404194774
0.31700000000000006	101.63165038590272	45.39496002133158	29.987951819478482
0.31900000000000006	33.95844234233003	41.88472300041808	30.57305263461314
0.32100000000000006	44.14367282867815	49.623905475145705	26.458411609878834
0.32300000000000006	25.6541554723988	39.70962566239931	27.776450350153
0.32500000000000007	58.40429120995694	51.210180829450586	29.501883641144055
0.32700000000000007	-8.130902185876643	46.04267207663589	29.087850590326795
0.32900000000000007	105.54206330470883	41.22601467733178	27.160412313300586
0.33100000000000007	60.537638490343326	48.46017964466394	28.55053386527373
0.333	63.82152920680895	48.48125674244329	29.146488968009503
0.33499999999999996	16.495037543196034	43.173610969329516	28.975728279490912
0.33699999999999997	69.80009136192677	47.32737545165164	28.056938864192684
0.33899999999999997	-4.833145252680637	45.63383639631612	28.79752132746433
0.34099999999999997	47.24334910344297	47.890085791118935	29.7563484982929
0.34299999999999997	49.07936752474029	42.62951151479122	27.460698263665826
0.345	24.126754412989726	39.654599021574384	27.425147190963155
0.347	2.0681811971901	46.67766113822637	30.003528287852145
0.349	29.19222325470372	49.78993708640194	30.252705755776162
0.351	28.864607626299943	42.091371619492755	27.5938611452077
0.353	0.4189187261527394	45.29937571805159	27.479987727083667
0.355	13.74334465320537	43.858702586682305	29.085604769789615
0.357	67.27960503782882	50.82988384342318	30.63501159939741
0.359	21.76823401844885	48.10742399339916	27.456761222265786
0.361	28.865198421268445	42.91500512190902	28.11630144713029
0.363	8.332406082001143	48.306268564405485	28.91297444039201
0.365	29.626907773083744	45.95346654937819	29.872538025978496
0.367	49.2061042676184	46.702432591753904	27.478539556257637
0.369	-14.258212440498852	45.601257738345744	28.493638792463752
0.371	60.347674851968236	43.372481664098544	28.560898556086027
0.373	73.20071978522691	48.32310180980478	30.7175973909398
0.375	70.12708736775508	43.00106558189274	27.61136292045388
0.377	-35.181445643850395	44.31022983674041	29.72281001615194
0.379	61.28829220575227	44.37779646182023	29.50140879594104
0.381	-2.659446755481909	44.09624482821905	29.547576508608547
0.383	39.65879293876817	42.536909258433234	26.789528112827877
0.385	8.811244762041426	47.191981803206666	29.61668641168668
0.387	17.85964984701849	52.30603158018178	30.195381590872902
0.389	45.50594539232122	46.2631395992106	28.861624323536077
0.391	47.81620776106443	39.05248692529759	27.00607854514525
0.393	96.4480993916883	45.07199048620414	28.6705666357532
0.395	-30.309445711695915	47.65039840762482	29.87690018516909
0.397	87.47513448170707	45.58075365144103	28.540569027622507
0.399	66.74015587426751	41.642923040902225	27.97736684654699
0.401	40.93307152985837	41.02332514533049	30.685197615306215
0.403	44.991920174819455	44.67940197850776	29.918758401388448
0.405	54.89683287818181	42.218320543281884	27.72419110001078
0.40700000000000003	82.39958329103736	44.18511636562039	28.789789917208875
0.40900000000000003	-7.0359862455182665	43.872514328589524	29.40526770213351
0.41100000000000003	63.72561042811142	40.802600235156156	30.192562373792093
0.41300000000000003	77.94722203624538	45.768955729301574	27.813284864954216
0.41500000000000004	6.856789496190174	43.368809279537295	28.534202240884454
0.41700000000000004	38.73033482992838	49.0029807841132	29.12253946030889
0.41900000000000004	31.640670200783205	44.05509027564074	30.028325963922796
0.42100000000000004	34.555131640079395	42.538401302786596	27.749170638979976
0.42300000000000004	16.17908517292932	40.39742596438447	28.964087456091175
0.42500000000000004	3.505303745043875	44.76612130152959	29.894342734683594
0.42700000000000005	70.24787349374506	50.63993949539731	29.80594981430526
0.42900000000000005	65.36520976929694	38.45676367014757	27.58697572482112
0.43100000000000005	24.604786230897346	51.01151937412098	30.752826266082117
0.43300000000000005	37.246906403165525	50.26309009424835	30.54864186021927
0.43500000000000005	9.586732088617822	43.915451510024546	28.40963448139534
0.43700000000000006	69.46108722272193	44.302596438199096	29.058641018084185
0.43900000000000006	53.21243186329205	46.127180455080385	29.766367660877318
0.44100000000000006	81.87800793435507	51.39313078561604	29.990077878812187
0.44300000000000006	46.096693702368796	46.21964294295323	28.53320174664808
0.44500000000000006	67.48441189174947	46.337581797495275	28.501887098751453
0.44700000000000006	48.95306736596439	50.361481682706305	29.59026316067706
0.44900000000000007	40.6411854558808	49.5566972756285	31.072176653608405
0.45100000000000007	38.238690009739784	47.435805225765634	28.04903127385199
0.45300000000000007	26.46664390626441	47.89465467538706	28.4849153191768
0.45500000000000007	-1.1445984777758156	50.74848680700079	29.40749394745982
0.4570000000000001	23.18138657342317	42.98274243872249	30.89254451706756
0.459	18.671390874969163	48.19171017539897	28.712773204351155
0.46099999999999997	-20.689094998527224	46.74277371012945	28.944614581027245
0.46299999999999997	-12.292033749639053	49.748674541819184	29.569696078102776
0.46499999999999997	-22.621468008132695	47.674851811046324	29.957344227322263
0.46699999999999997	9.86552023407583	38.6180699935523	27.125818349798806
0.469	-38.68534749829067	44.78242607643274	28.832646337675886
0.471	-18.901937188897655	50.24484329967976	30.048964221224185
0.473	10.943096033555477	47.56010068739702	30.010166589803198
0.475	58.69007280034921	42.16967896153441	27.63787627986268
0.477	37.35526054948757	49.01084074577819	29.068063034550907
0.479	8.771120390660414	43.866474144165316	29.91688096309716
0.481	12.780464354156251	43.64733912101563	29.11744762277775
0.483	-7.76865735807597	42.98588728398076	26.875945059785487
0.485	-75.50545246548523	44.791558391178526	30.391377118003447
0.487	-36.47133797135549	42.335390027178285	29.40921545408871
0.489	-34.291907372696606	47.447201875912064	28.73190891191785
0.491	53.356980526109155	38.77148403385698	27.030955464938806
0.493	-5.412208776922611	46.95349068949081	29.188003942301894
0.495	106.49576046395381	46.28602340708645	29.59928472620591
0.497	-17.694802464052195	45.11624563769515	27.877951988767915
0.499	37.28519119028384	41.65386258462057	28.457468808749695