-0.499	-244.5583403377638	41.51133212054704	38.15452996751171
-0.497	-180.04377464786447	39.037993114157665	36.54065132114453
-0.495	-91.3631753218791	41.07724434841934	39.179431465903846
-0.493	2.9177504556887612	37.32788650743229	37.31270800992792
-0.491	60.887751047733474	39.48876271002872	37.18663353263535
-0.489	-42.8934396315972	41.329165516230766	36.217411771407235
-0.487	27.852522473725827	37.94193691006705	39.414162187127815
-0.485	52.05882203540568	38.74236216201607	37.261196498066965
-0.483	-17.824760195628286	37.24249122623013	36.57657160552848
-0.481	59.349997314495084	41.76393174196891	38.52707185739635
-0.479	-69.023704593274	42.73789619251363	37.23970722530565
-0.477	103.7272645976195	39.327621656820746	38.600423058653966
-0.475	25.78542551034957	43.61293056675221	36.78738534760905
-0.473	4.4742416229759385	50.52666607146307	37.93616744616662
-0.471	10.54941087930139	38.04306127391325	36.67209409365545
-0.469	-7.60563053969765	39.05564143379015	39.80354665901621
-0.46699999999999997	8.029667025288845	39.08021255173185	36.69641110025936
-0.46499999999999997	-28.084123211868928	39.73851153679385	37.84921464352568
-0.46299999999999997	-67.37048412019942	44.384533702930774	38.52637891399543
-0.461	22.802151683265492	41.158890985774676	36.3466639033096
-0.459	-12.27977710294148	43.05880168339311	38.557668078460736
-0.457	-34.845844704589624	38.8234957796108	36.884603803916654
-0.455	-31.31624939012312	36.200672892970445	38.2933372579562
-0.453	24.366726752322876	36.35296527448405	36.8245707688615
-0.451	-15.563903662196843	39.2202119534085	38.8340270939398
-0.449	8.268437707181775	42.39601336438545	36.55870362580768
-0.447	-63.51348011313096	39.013779784730275	36.78405870736089
-0.445	23.8368752758511	40.111988192001796	37.88762729120647
-0.443	42.92345278122944	44.4510607687397	36.5246636814336
-0.441	6.017538995317651	44.4231854729448	38.60481482023271
-0.439	-36.795054196736565	39.746215603800515	37.124694593227645
-0.437	-0.6462472711410427	43.794668928676266	38.650909106020045
-0.435	8.090588867970538	37.76225547116487	36.85173273334036
-0.433	-23.114692687453697	35.7542404949744	38.781903673098206
-0.431	37.22252851900976	37.911474379310654	37.58268987520476
-0.429	25.34511279117524	34.06821191355757	36.93213507713619
-0.427	32.30080018989945	40.44517259764941	37.89719921315197
-0.425	41.216829943291344	38.26223053754028	37.02129544728738
-0.423	-20.69588225672714	48.006567629664424	38.009799373283435
-0.421	-12.75890491514442	35.48234193505297	37.40883421089181
-0.419	-2.241725494900315	43.326640385218326	38.29945067008417
-0.417	8.246069839179526	37.94423850737807	36.49189332241895
-0.415	-19.191669563212166	45.78006756167757	38.202794959268125
-0.41300000000000003	-59.0986552182482	42.08501714348248	37.06710573785807
-0.41100000000000003	8.372535546863347	41.76047751305131	36.77546882239503
-0.40900000000000003	12.921763634432537	40.63721248565285	38.68059605067158
-0.40700000000000003	-21.1751097973778	38.55126362128218	37.423141348713145
-0.405	-42.93600657245822	43.69209345966171	39.641031999936644
-0.403	38.660528273171124	43.834600714077084	37.25968970702609
-0.401	76.38427773226653	45.85789435424802	39.18151491197077
-0.399	47.68439490776544	44.60722608407391	36.86153254504127
-0.397	-5.230338391726264	40.401537474633145	39.17060154975604
-0.395	67.88674754143464	37.83914091958413	36.53361114817924
-0.393	57.676180962529244	42.22073190722948	36.567505982882345
-0.391	-24.547146365572203	40.98732074783601	37.66522939033196
-0.389	92.74313787654975	41.49274264444013	36.67401063556927
-0.387	-52.69688314335497	42.40534898550229	38.92910476797564
-0.385	-9.546590527098608	49.453013863955384	37.612048385706935
-0.383	62.896312246429886	39.68471116287628	38.902619680714686
-0.381	20.941439376365167	39.34518586434464	36.80777104479207
-0.379	-6.011850646081562	41.38862236275658	38.7299421062735
-0.377	45.58098031126612	39.17497694118092	37.5566552421932
-0.375	38.28464111577112	33.86904600145735	36.90404846663191
-0.373	-10.394576987260429	48.86014815211677	39.277962571522075
-0.371	-5.5286755227257345	44.2202892017384	37.95141497704606
-0.369	25.477105816795742	36.600077593031735	39.362139611550695
-0.367	7.0823478528492245	40.951625809051684	37.780152981518356
-0.365	19.16356519693352	41.34255508537383	39.5467219301402
-0.363	39.18208598774342	39.806587030969226	37.008703811520526
-0.361	86.32253853035898	45.97943182238538	40.00281686659128
-0.359	23.761133360666875	39.69689532177519	37.61738716406184
-0.357	50.16391567846945	44.12550033140847	38.348433239465265
-0.355	-19.25544801029133	41.08626472729997	40.32211760185766
-0.353	39.744180576395394	37.227655003214046	37.5522685145764
-0.351	19.766739840498815	42.00652953140208	39.14022249964942
-0.349	28.08498201534171	40.11749395354521	37.22344394331363
-0.347	6.391760801749413	41.6258117175877	39.737942476227396
-0.345	-2.9290118132019316	39.026442348773074	37.87122707136955
-0.34299999999999997	9.933204453194122	50.13313582856424	39.58625173748839
-0.34099999999999997	-13.032980170080144	38.05667354038002	37.39863955548477
-0.33899999999999997	-43.20351104625253	37.80779403290906	37.27587095668633
-0.33699999999999997	2.2351642243734204	37.44732214297258	38.665580953590116
-0.33499999999999996	-83.37044796236093	46.931595834207805	37.95847955214574
-0.33299999999999996	9.755921339893447	47.119802143574574	39.608603656972086
-0.33099999999999996	34.311241915441215	40.8943723114532	36.703413617074375
-0.32899999999999996	-25.537186244317667	44.32866149901497	40.22951429824733
-0.32699999999999996	17.700974983103634	37.343297294489844	37.73880657445788
-0.32499999999999996	15.052930762537997	41.2828780416253	39.82540746675614
-0.323	12.748818672747575	38.01728898034593	37.59531014303455
-0.321	73.72373001324206	38.17306291598731	38.00719854759723
-0.319	70.72207854097456	42.19182113998772	38.49529866663081
-0.317	25.291010443684314	44.10251269509858	37.74541109581502
-0.315	-70.45684694939602	42.347553480204354	38.580474961624844
-0.313	-0.07961482251239715	40.137917875016846	36.70642280480201
-0.311	-28.690327167346652	40.394953069014875	39.17623824003433
-0.309	-12.119264669485652	41.80321515619723	38.312735786763476
-0.307	7.239697988214999	41.53379819111288	40.22564473043689
-0.305	-8.853368340777656	43.73613619420939	38.14060930728459
-0.303	9.806707028880979	40.93791346587365	38.22380430484466
-0.301	33.10761068298085	47.262322384169096	39.30248929202639
-0.299	60.98719432490185	38.29592166032446	37.958295113922134
-0.297	18.77008260553481	38.419133652346424	39.61513176847928
-0.295	-34.30692401262814	44.527476866435926	37.67460794016156
-0.293	-15.266408771474893	41.22397666275259	39.379246241751304
-0.29100000000000004	-27.557052797555492	45.975070395831	38.74516242090606
-0.28900000000000003	51.7188218243092	41.36419452568556	40.249233019841306
-0.28700000000000003	-45.8337328239633	37.1155424427047	37.40700063830164
-0.28500000000000003	16.95135765711342	40.93504181437988	38.3960251748139
-0.28300000000000003	49.09627596827448	36.243259425409015	38.698174112631214
-0.281	-59.59448694292657	36.70907574351009	37.62342657548356
-0.279	-36.346657187436016	41.227595625437814	38.59719732646522
-0.277	43.984236495653306	42.15734049760065	37.065241838011175
-0.275	-30.166955674149065	43.76034204373792	40.20093573107978
-0.273	-102.67391974538853	40.91071905846486	37.35019522479255
-0.271	17.90062569306805	42.17065770825231	38.76871503120152
-0.269	-14.991084079651884	36.844729582098054	37.53352283113768
-0.267	47.4006261890203	41.51660576666803	37.605498882697646
-0.265	36.402574289162715	43.5636596786422	39.27929928746127
-0.263	33.86378800840362	39.3867443404873	37.21083833625488
-0.261	7.009345862618588	37.585034872562716	38.559280738264206
-0.259	-28.897040258879514	41.06419201530055	37.02639001442821
-0.257	-17.304809748375227	47.674343185043135	38.75353884982476
-0.255	64.18895773974143	45.23961666535846	37.53864797199266
-0.253	78.8752711513574	42.90069640078438	38.76912489505999
-0.251	61.3924060550719	39.00015103063177	37.371417772122236
-0.249	-2.6717447912938397	38.43230350540707	37.63079283730798
-0.247	18.244014790669283	42.46288906100636	38.66301034654126
-0.245	0.5147194801491395	36.931433262992044	36.55635516178077
-0.243	23.065487883888736	49.969631193165746	38.95027782529463
-0.241	-0.786725659951415	39.77297405513398	36.228599953737714
-0.239	-48.571409342557104	41.51772530409703	38.526817449518795
-0.237	26.882955489693217	40.9118881984101	36.83497315087869
-0.235	40.6841180213835	41.794503110130115	38.394807383266674
-0.23299999999999998	95.0802683539198	40.19120651325587	37.76142258557764
-0.23099999999999998	-75.74587533154542	42.42049892301629	37.47693052003268
-0.22899999999999998	72.55988748999798	39.608380491553675	38.49773418043038
-0.22699999999999998	32.839916269900016	36.87936672735947	37.55292611626273
-0.22499999999999998	43.53247378219294	37.92795302890421	38.75543006324547
-0.22299999999999998	-9.43734867753232	40.67049632228585	36.7028025113311
-0.22099999999999997	-37.63974984616336	45.421470461605914	39.16613676491339
-0.21899999999999997	66.42524982836129	38.20717262551035	37.18196275604268
-0.21699999999999997	31.935074203515157	41.37487564313851	38.80455088533123
-0.21499999999999997	-31.28385834938463	38.78245678648345	37.03121959614705
-0.21299999999999997	27.303204389372837	44.60287623271438	37.29696334495774
-0.211	46.45475937148369	44.817530869310644	38.32831749698315
-0.20900000000000002	62.5310723745276	35.878719356127704	37.238573726851904
-0.20700000000000002	-25.873685213007036	43.850938505816565	38.993683382162764
-0.20500000000000002	63.77713707506061	45.25407479007525	36.24599513191493
-0.203	6.692104360439544	41.20957016661307	38.788544546779875
-0.201	72.31486253522768	36.42282186395937	36.84637319057041
-0.199	-20.25723655463274	38.468654629259625	37.81956732464119
-0.197	-74.84718558448122	35.61093514615734	37.99329058857051
-0.195	18.666865065686267	38.424652786155065	35.91335508569208
-0.193	-5.623693533518548	42.504107768887756	38.34522730269843
-0.191	-11.722094874655475	35.36741035905912	37.797826357666956
-0.189	-40.307550449814045	43.38236600324237	38.216131673920074
-0.187	8.966252292408328	36.44251098963092	36.0725879171131
-0.185	51.640480944747935	41.91301121385706	37.951379270025996
-0.183	-35.7827017845036	39.46803248193345	36.86986408499316
-0.181	-19.719889475910968	39.17482174062326	37.61161935394486
-0.179	79.59587211803232	35.08106041714211	38.01009923946255
-0.177	-100.74113895097713	41.38161628573191	37.27070474109888
-0.175	91.28621592835451	41.246101613689916	38.569875725925506
-0.173	-39.26764984629738	37.43117358159191	37.097431661098604
-0.17099999999999999	111.64398559038169	43.75585132758766	38.839744355244605
-0.16899999999999998	-17.548276678103214	37.07528221558779	36.08100387537884
-0.16699999999999998	33.40550896524519	40.128150450355484	38.16355918348494
-0.16499999999999998	9.40158682372072	36.52209140198975	36.88884212081304
-0.16299999999999998	45.22848216570452	41.814440462893	38.02436630979172
-0.16099999999999998	-20.83246579343001	42.896910274944275	36.74626677025554
-0.15899999999999997	9.094400346354448	41.20107991673844	37.12670641761201
-0.15699999999999997	-70.69491176137089	42.921064109472944	38.94263274699839
-0.15499999999999997	-0.23453691588848358	39.49432823103333	36.58413387507949
-0.15299999999999997	22.111408651381836	43.590856226720256	39.659176181257806
-0.15099999999999997	21.436801898699898	39.93764504064258	36.26817330562374
-0.149	-40.99556051806452	42.36327656314868	37.990611010141855
-0.14700000000000002	-18.691664693482046	35.81065555710066	37.05448026790517
-0.14500000000000002	18.888524409232943	39.86048077814016	37.643162288450085
-0.14300000000000002	-10.183349322234747	37.581424087546225	38.03747461488161
-0.14100000000000001	11.968276760976337	38.79649750964411	36.583404311181404
-0.139	23.34841673379273	40.49390950252467	39.17044754219598
-0.137	43.705015268846736	35.62754094400318	37.68371296873287
-0.135	92.05673720180663	39.43428836284675	39.00227704662987
-0.133	-60.986564643594754	39.71488488937487	35.60996010241085
-0.131	64.96026802693677	36.3256407750306	37.64457058448757
-0.129	0.4825693309395973	40.866463479414996	37.94634106931758
-0.127	-21.888893980359647	39.3105995832691	38.26193417013838
-0.125	23.596445730467153	35.50295574436866	37.66788493077335
-0.123	108.08989568156235	40.79202341188694	37.33557787296722
-0.121	-54.295980088991946	41.16138036501422	37.98359880737615
-0.119	-20.0126890956831	38.8761707988557	36.80191518002861
-0.11699999999999999	14.116191670909828	31.72634299685256	38.9892250638613
-0.11499999999999999	-27.664291205375946	36.27646673687501	36.43358965654994
-0.11299999999999999	-12.2397392050555	39.970568405736444	38.01151254350837
-0.11099999999999999	-1.780852513899589	37.53245186846445	37.21662628397482
-0.10899999999999999	-14.699559428899	39.39915660775195	37.98447278082532
-0.10699999999999998	42.17233160286327	40.91703622477537	38.793619031046006
-0.10499999999999998	25.145376288282506	43.81029472511312	37.13534393463538
-0.10299999999999998	-5.2599696240829275	41.85732332074223	38.71434154695602
-0.10099999999999998	73.91382036425753	40.605938054647844	36.43747876441896
-0.09899999999999998	-6.7493434214860315	41.54212388505531	39.249584726146566
-0.09699999999999998	39.532093205840724	36.219111645380565	35.9435411907593
-0.09499999999999997	61.07403593791361	41.050832281208805	38.242272212249404
-0.09299999999999997	-6.674538147621867	41.54543592557358	38.30702749376436
-0.09099999999999997	-24.169257689665713	38.35679702093148	38.04745842090955
-0.08899999999999997	3.47097894271009	43.78529260909138	37.307861607957314
-0.08699999999999997	10.635717045959225	38.735539719335875	36.79800836851081
-0.08499999999999996	58.375389158982216	43.225433976911596	38.20002895810484
-0.08299999999999999	-19.720876170303825	41.98646317704086	36.10570907107353
-0.08100000000000002	4.253222138705937	38.01253173394261	38.26751113299351
-0.07900000000000001	-45.16416123789835	40.66870666566531	36.95515332027855
-0.07700000000000001	-12.497280197809602	37.05244306788542	36.95075574940802
-0.07500000000000001	-6.0152254016676565	34.32904934709415	36.893877859165684
-0.07300000000000001	1.8541735000709991	40.73297570970618	38.19512668600057
-0.07100000000000001	20.32040085420128	38.60606484398439	39.29506269348564
-0.069	-59.688886559272625	36.29237874053411	36.66116818517141
-0.067	10.6118574181302	39.382323443134126	37.62618943490465
-0.065	84.43836700200436	41.31067253283786	37.162300594631404
-0.063	-47.96010290575303	40.75387837613458	38.853702418406925
-0.061	15.247891825165283	34.48811219158103	35.52973490472859
-0.059	-22.596052159595814	38.233524626316665	37.87893956227576
-0.056999999999999995	-43.36970539275953	40.958433214552244	37.77039092299251
-0.05499999999999999	33.613737229654106	37.58356584069783	38.22780139814854
-0.05299999999999999	-7.617306972851345	37.37582920974057	36.96957027040293
-0.05099999999999999	-1.2387254179069274	42.002228836995016	36.43977904416494
-0.04899999999999999	-16.689536147862505	36.835506488882444	37.78958901453575
-0.046999999999999986	-93.16627110744768	40.416965995890834	37.299948641895476
-0.044999999999999984	-66.37065627879136	38.00753365228683	38.445238799573936
-0.04299999999999998	14.55140297723645	41.77431564377999	36.12677194638877
-0.04099999999999998	-11.351330664433057	37.706630817572744	37.130597841216
-0.03899999999999998	24.76101733139835	35.68927868533041	36.55590919522404
-0.03699999999999998	17.41032889590599	40.78957645067364	37.483507843405626
-0.034999999999999976	-12.234214630035822	42.29082125547482	36.27215350654364
-0.032999999999999974	56.53076352385433	38.019555714408725	36.430506112736225
-0.030999999999999972	-15.673362041113137	38.66270279527377	38.21172281890156
-0.02899999999999997	27.85864816945427	39.16432445459811	36.10456276261083
-0.02699999999999997	13.470614489197175	39.66987083420818	38.26718962582034
-0.024999999999999967	71.25572421551318	39.8142961714316	37.45352022289921
-0.022999999999999965	-64.27912784023881	36.33466452724258	36.77532049251047
-0.02099999999999999	96.50303908403934	36.638246850691466	37.431541006667814
-0.019000000000000017	-22.087591428521236	39.371806458190605	38.542645566456535
-0.017000000000000015	-12.558496537140584	37.155857261587066	37.30484383340874
-0.015000000000000013	41.929588406874885	44.181295207565746	37.328845416635225
-0.013000000000000012	2.4124397246527707	41.46951686581383	38.529584474299384
-0.01100000000000001	30.66692650643965	41.168763164294774	36.09001213254209
-0.009000000000000008	41.150522885669005	40.45951869618882	38.435532276484686
-0.007000000000000006	45.87672663092235	38.382186485770326	36.24859825270871
-0.0050000000000000044	-35.522725663650334	42.76440752954116	36.5944877700299
-0.0030000000000000027	-160.39523000199728	36.315060025257424	37.036744058411195
-0.0010000000000000009	-257.7344836748319	35.83026407641081	38.01968194759361
0.0010000000000000009	-278.61175946997105	36.69275662927902	37.275734353810655
0.0030000000000000027	-228.31694121561162	36.14109496794711	36.38905471856798
0.0050000000000000044	-16.349382036984217	39.82847225672562	37.98401339532253
0.007000000000000006	54.19199358125404	36.980253612249534	36.262293595626126
0.009000000000000008	135.41969022190514	34.01043811697253	38.61173564082741
0.01100000000000001	36.72966664125532	37.95317825477596	37.536955784804874
0.013000000000000012	51.782916380638255	43.60850762007747	38.20165373131422
0.015000000000000013	13.227200327259325	37.74574064935367	37.954061078096395
0.017000000000000015	1.8902035656687133	36.62157980383345	38.741252089171034
0.019000000000000017	108.45577091056491	43.512371746260385	38.575839445161265
0.02100000000000002	94.25942946150734	35.438733328301716	36.92601945255341
0.02300000000000002	-50.2324096778306	43.621392960324144	38.9179528846935
0.025000000000000022	-62.923763519018294	36.58254380437061	36.22814656553461
0.027000000000000024	33.76974011670697	39.17432576918272	38.19951759373292
0.029000000000000026	-42.899649761896086	32.75792110369077	35.60463186544106
0.031000000000000028	6.1657388497060595	40.837521961754426	37.81655925675199
0.03300000000000003	7.708216525292855	39.60976231889667	37.02624225117749
0.03500000000000003	54.286600138064856	39.950217384469546	37.60837617268702
0.03700000000000003	107.25491684926425	45.785581963942924	36.941079622132136
0.039000000000000035	84.81496456114179	39.87589414391916	37.11948951571614
0.041000000000000036	-67.41990961722789	41.5237471097835	37.97397554292099
0.04300000000000004	46.30667671379207	35.00563264214861	36.73610698379076
0.04500000000000004	-10.496634120227277	41.77704396108714	38.39012490409023
0.04700000000000004	52.177828325117304	37.89850779029179	36.39934556307363
0.049000000000000044	7.890500692830926	43.118961311674916	38.4000488210813
0.051000000000000045	6.641580491129062	37.73337086421401	37.727397887837206
0.05300000000000005	84.36156393343275	35.03137423530211	37.97839144861428
0.05500000000000005	17.465666818372583	37.74809283825881	37.49512208158809
0.05700000000000005	54.30018381047397	37.60657996478913	37.45610818999345
0.05900000000000005	-47.48903758367007	41.65786787582676	38.71535690077926
0.061000000000000054	13.64457846575462	46.59546637622955	37.423617737908486
0.06300000000000006	-53.17211727551285	43.788113079362255	39.8746852638604
0.06500000000000006	4.47395748714996	36.37114486419556	36.06995381070075
0.06700000000000006	40.9984342693015	40.35889704131497	37.82671097747176
0.06900000000000006	61.410435339803726	38.479911489219845	37.35768174689858
0.07100000000000006	14.086006527858075	38.12574456263178	37.43073187987639
0.07300000000000006	118.82053274914206	42.16777898557501	37.91848877319091
0.07500000000000007	41.259851782049495	37.928051758501844	37.302890862105066
0.07700000000000001	-3.928932948094044	45.85356726606367	39.490389512455494
0.07899999999999996	102.20056351273321	45.577335767638054	37.39498303925847
0.08099999999999996	16.07070153508694	41.68109567216852	38.350545251953804
0.08299999999999996	-2.97729303344596	39.701867637575	36.85705103957835
0.08499999999999996	27.058211249819664	38.33125800395575	37.810777695126816
0.08699999999999997	39.913948840952784	47.98263863104798	38.327364850682095
0.08899999999999997	-16.281069017631822	37.981327227897566	38.68728922991826
0.09099999999999997	26.6722701887101	35.90799475107373	38.33715301986872
0.09299999999999997	-25.450801110049603	39.79538758939036	36.753433387956676
0.09499999999999997	-1.6598312523319336	39.84715858110891	38.4785570428597
0.09699999999999998	60.90436557726342	40.08332438259551	36.52486818284037
0.09899999999999998	-4.042072016763321	35.40970038879458	37.99119132514564
0.10099999999999998	-0.17746886216141178	37.25591341887465	36.42121834789953
0.10299999999999998	-8.675397622837089	36.48725123975663	37.84105819077469
0.10499999999999998	46.09658316012677	41.619431073393685	37.3651983445852
0.10699999999999998	29.92853987815458	40.45681114729047	37.089905174026356
0.10899999999999999	1.393319956077832	32.62216586840771	37.07846341633373
0.11099999999999999	-38.7070252715338	37.81108858898177	37.10354352539483
0.11299999999999999	48.52568774937893	37.67861037655305	38.1473457360556
0.11499999999999999	-42.96040190820971	39.25218035266657	36.44198897655449
0.11699999999999999	16.144497580139472	37.35888348669222	38.392123899008446
0.119	25.942504159770507	38.32636452483115	36.75070449473547
0.121	2.274791323308989	38.60303181879818	37.67734858156604
0.123	33.544143901220735	32.78392609648201	37.02895789149349
0.125	13.640879922283133	37.086137715092754	37.10001153192694
0.127	32.078686919234656	41.458040715122735	37.24820764333593
0.129	24.060044330198593	32.62428459173356	36.931583231612144
0.131	-11.031096610603086	40.44761321499477	37.78004944391784
0.133	95.22298766406756	36.85117942506123	36.053465548196115
0.135	-2.4642804149488384	41.762543534789735	38.17806902848637
0.137	32.38086855339439	33.04234482196724	35.91592538321221
0.139	-44.62113297099002	41.73790875430225	38.42009360048792
0.14100000000000001	36.21580175394712	38.33277297565684	37.0124917364928
0.14300000000000002	43.547241985963936	35.66543656282752	37.27488602035114
0.14500000000000002	-53.02985513222502	42.496823692491475	37.629438215562956
0.14700000000000002	72.84066708335146	39.30689273389959	36.95030305606451
0.14900000000000002	3.651088378298084	38.250349263194884	37.9574739488688
0.15100000000000002	30.89370779996159	38.91926284794923	36.68019588126584
0.15300000000000002	66.88786642650157	37.468258295075614	37.60503364801281
0.15500000000000003	58.632161623606294	34.51274107553866	35.91460534469779
0.15700000000000003	32.079894247249996	37.29355763570183	36.94034315450624
0.15900000000000003	-12.447788215408373	30.86280818446744	36.65705311130903
0.16100000000000003	17.68514781108621	39.587835716472746	37.26700525259046
0.16300000000000003	0.06567813315427884	40.449965644983195	38.008245376932535
0.16500000000000004	-1.381590100657526	40.370138698002144	36.099456973197604
0.16700000000000004	-16.916478516759703	38.32681028192487	37.97755008263435
0.16900000000000004	-32.007151619772856	37.86855795042206	36.54816913436957
0.17100000000000004	66.73934154521888	41.31573810281325	38.179209589867135
0.17300000000000004	34.149648894032936	35.957636468637254	36.0575516528425
0.17500000000000004	24.267277515699348	38.12171690728105	37.641458506879935
0.17700000000000005	-4.891063042911092	40.01300562625265	37.38624308749127
0.17900000000000005	-46.166319084717244	35.936973054945454	36.86917257235314
0.18100000000000005	-20.56189484578308	41.460678398057105	37.650839204991755
0.18300000000000005	0.5082803893330379	37.27121559423802	36.23065835433925
0.18500000000000005	36.12871035896248	44.56723604723921	39.25367255253155
0.18700000000000006	43.15465682824815	39.67592202901357	35.87152758143718
0.18900000000000006	27.23093833734147	41.72822817497697	39.36160767264871
0.19100000000000006	27.34574798757272	37.506808629995724	35.89165575586509
0.19300000000000006	18.008418289028327	38.85747071666969	37.09661553757131
0.19500000000000006	40.441276028202466	39.473838252671825	37.174912393102396
0.19700000000000006	11.723614260716886	37.79639456214599	37.02409883863801
0.19900000000000007	85.90142572795223	43.439724487126135	37.4422399034081
0.20100000000000007	-1.0213549732629446	36.67457291302367	37.08670677538759
0.203	-49.9742832260619	39.84975032907665	38.124264450406706
0.20499999999999996	-49.36490965679052	34.3021251066443	36.39722826944183
0.20699999999999996	35.49529976631938	45.009757502974146	39.63549809730965
0.20899999999999996	-17.439241624117585	36.13326115395272	36.58022599706503
0.21099999999999997	45.12262008415924	36.92603108808621	37.251802276517715
0.21299999999999997	-48.840096758651086	36.187544825877296	37.0355500148168
0.21499999999999997	-9.995463409406824	41.70904991531775	37.26985041807068
0.21699999999999997	63.80549209961117	38.3724068413885	37.07451422177341
0.21899999999999997	30.855818131003687	38.364565789556025	36.09866572756106
0.22099999999999997	-38.571714225277276	39.92158811736081	39.29661167099979
0.22299999999999998	-92.1738194398225	40.71330463391028	36.17983542599462
0.22499999999999998	-11.092428796044551	39.2541470059322	38.353731395719926
0.22699999999999998	13.121548048333764	35.717255152593715	36.39167354324567
0.22899999999999998	46.08614718981663	38.867070072204214	36.913036326534886
0.23099999999999998	55.49513776914594	40.41373230334989	37.35365134342394
0.23299999999999998	26.61998056741055	36.90541730993997	37.041987475581415
0.235	15.318796462882034	39.031718062925336	38.38505480799923
0.237	4.562022655196785	39.70168889670135	36.243626888241394
0.239	26.542064012646804	36.668744441928105	38.27949892720277
0.241	24.157795533108484	33.73129005016263	37.019388385723985
0.243	-9.584211975943724	40.25685664657142	38.597852245732014
0.245	-17.551246553448863	40.23140104179072	35.9030561292883
0.247	-40.226713653668256	41.3669475405852	36.903350018274324
0.249	0.9074638667172508	35.444567822610175	37.69848556468752
0.251	46.100086650735506	40.351982011154504	37.66816159784906
0.253	113.71973004492553	38.69514432330633	37.63746470708493
0.255	54.306242989854425	43.41907528714087	36.72330496653434
0.257	-73.78917742029145	41.848647586610355	39.779626680906844
0.259	-43.017148443014186	37.35818508716003	36.54900026876527
0.261	-13.502588456892894	39.1619697338353	39.069022510310965
0.263	-1.3647568185559678	36.247638245915496	36.737291804446315
0.265	-32.670536185608334	38.272889098959624	38.006127566235804
0.267	101.41794771478807	36.48678495028446	37.517625142262176
0.269	32.78750779922568	44.7485948105857	38.01953356545251
0.271	7.101622127692053	42.45737472100362	38.23120838532345
0.273	23.02016135602436	40.36139492069801	36.268390543210806
0.275	37.60807240316133	40.54059645336617	38.1412488348038
0.277	32.87375750993249	41.97925301471348	36.02382782229831
0.279	-46.169298302589645	42.363880888959805	38.59980621990823
0.281	82.37755088047471	40.95121708420591	36.39885038074318
0.28300000000000003	-27.018423815583503	37.58791698777523	37.10006167900738
0.28500000000000003	8.156975220163787	39.275688639634545	37.92471734482361
0.28700000000000003	68.67177782710066	39.6898457909378	37.60441093244596
0.28900000000000003	29.467558298135188	42.60521274781147	37.64863667895376
0.29100000000000004	7.019217509895981	39.5826740310047	36.91647590580261
0.29300000000000004	8.634316901900974	42.68892387238495	38.15378893976922
0.29500000000000004	29.008850543466025	36.77834691255241	36.6941224282164
0.29700000000000004	29.195291810335533	42.14664205665742	38.562209902065625
0.29900000000000004	53.90493130197349	37.73397258570863	36.226603354738444
0.30100000000000005	-33.236987715623556	40.796591504240595	38.00288726236758
0.30300000000000005	40.214867520926845	35.9617405735222	37.869051448875716
0.30500000000000005	4.586824731145356	34.37325465972623	37.966290066272954
0.30700000000000005	31.49809272851023	40.501660490270794	37.6085140387181
0.30900000000000005	-7.458975213814334	36.44979648684767	37.7802344543769
0.31100000000000005	24.41940935438147	39.40796404493085	38.319461740750405
0.31300000000000006	-1.1796998252711077	42.35763197772524	37.55283073881651
0.31500000000000006	14.207342541316947	44.18624646810127	38.97705064069612
0.31700000000000006	36.190026968752065	41.02924218214899	37.11193877135041
0.31900000000000006	8.021285418324808	37.58331419188909	38.1852432029023
0.32100000000000006	4.292270036065915	40.3007079446986	38.52776392835887
0.32300000000000006	-17.92063823702339	44.036987585407914	36.87396042896561
0.32500000000000007	-109.52194384938885	47.07318104520722	39.58359089531283
0.32700000000000007	-52.48370494814747	36.210618636528366	36.729904697453904
0.32900000000000007	-17.18147360529887	39.65328107191807	39.31502655754288
0.33100000000000007	9.820822488126879	41.68108537194459	38.13121099731145
0.333	35.64532723965286	43.77728984804296	40.287035535127224
0.33499999999999996	38.921759461407746	40.8291109391303	36.55266024974878
0.33699999999999997	-34.794338110266665	38.817216937483636	37.79416234380965
0.33899999999999997	2.50242216814911	36.566779821572574	38.301124853714064
0.34099999999999997	28.812583806825387	38.02603805352314	37.7799013598128
0.34299999999999997	-4.339557864274646	42.90280723708645	39.411556768005575
0.345	36.3083684278287	43.66011517265676	37.80208976538788
0.347	49.43315467609288	39.86066612187615	39.97009068284378
0.349	13.662556743732068	38.70788534830748	38.313582479770226
0.351	92.2981869311279	37.26599996989522	40.27267997265546
0.353	-5.953406348457868	37.602592470798776	37.09309729417622
0.355	15.031572895507495	35.93915006373981	38.22380396507297
0.357	59.62825453265097	37.14314386717141	37.518891166775596
0.359	3.24809698604156	38.53226230853394	37.21632802249487
0.361	-43.07729229191537	39.82723646625877	38.00301985290005
0.363	-1.7510650056618005	39.32531296526859	36.763785989216544
0.365	49.53473565283417	41.55323774354272	39.29312932371887
0.367	-15.352834473403298	39.57049236010303	35.86193180236252
0.369	-24.844469762808075	43.064466430218765	38.964205671625315
0.371	25.875556099785868	42.86013851915512	36.71152362005122
0.373	19.619980334395493	42.323973190925656	37.327774449786176
0.375	-15.40734807381483	43.330113506931774	38.48098136057403
0.377	45.656343682365375	35.92105883178908	37.10534213685838
0.379	67.04136412105655	43.595134296219925	38.385415591322
0.381	53.14693995006614	37.904992379980904	36.43430810929067
0.383	-9.35032328464036	42.443441439952046	38.94677378070527
0.385	18.24963495922205	40.541647940375775	36.19727117538393
0.387	-79.86180496855067	42.31955480801535	40.25894107697348
0.389	-32.54882426007022	40.73301943287386	36.74706969788223
0.391	3.7907022862881945	41.23813027700705	37.672897459728546
0.393	33.64989192911061	47.00990633550111	38.50829823635437
0.395	-31.335625447215243	47.47053261065907	37.23816213077771
0.397	5.0426158755279005	39.58225052810812	38.39366938533299
0.399	1.4111352550916223	36.39021484831716	36.77647992645559
0.401	15.86016765053877	37.15063772196211	38.37171852087641
0.403	83.6099941994295	36.53989246180619	36.73028545266806
0.405	0.6603635909208094	51.167512730898295	40.53973931971898
0.40700000000000003	-46.377650954609884	40.49454751429046	37.48268276907787
0.40900000000000003	-6.753024107908345	44.241493481411176	37.69037428122063
0.41100000000000003	-50.0171036017516	30.531581791803877	37.35611637697505
0.41300000000000003	104.03440628059535	39.224477283186026	37.14250420900273
0.41500000000000004	5.488787446106258	42.89666522082729	38.072360480258624
0.41700000000000004	-15.427017813984811	34.51078362453434	37.684884486751656
0.41900000000000004	50.711452156182446	39.01301885457246	37.97638359708505
0.42100000000000004	-16.04399163879222	39.382955976112385	36.19948064854645
0.42300000000000004	-12.059776546946566	41.3644834306315	39.63281785209144
0.42500000000000004	23.797702632499806	35.292001146856755	36.74276813667629
0.42700000000000005	110.980667883398	43.20746877513136	37.633130621849936
0.42900000000000005	-61.451929694533725	44.28368635518705	38.73059051510938
0.43100000000000005	51.432663340067464	38.64789923524119	37.0542023412497
0.43300000000000005	9.201529461932978	39.61714500304102	38.40567947233611
0.43500000000000005	-9.009116900271508	41.99458937020885	37.10822764479436
0.43700000000000006	3.0231696701576993	41.26278181291059	38.86666848295061
0.43900000000000006	-6.6028907758086675	38.73840027878825	36.358955450713175
0.44100000000000006	-52.8678396257698	41.38907329351288	39.201531209133115
0.44300000000000006	17.55222591226513	39.74984330923939	36.89474293538833
0.44500000000000006	-48.0605796012723	40.66515429111975	37.47066359635964
0.44700000000000006	-55.01167268917584	38.17836433083494	38.5302327657433
0.44900000000000007	1.446409335637	39.09923991693866	38.337019304377804
0.45100000000000007	-29.701119831804235	41.740227582735464	39.203873880872095
0.45300000000000007	-14.735158797019032	41.96669562498627	36.42693792979047
0.45500000000000007	54.478711769556654	43.26232231844074	38.52480553843441
0.4570000000000001	2.1533777561089096	42.4883154512569	36.014742882288694
0.459	-17.58728088940842	43.98830574394023	39.43855284792434
0.46099999999999997	1.5404604296609392	38.39507761879333	37.64861030552326
0.46299999999999997	20.908133513630744	40.08443490052945	37.77498542402826
0.46499999999999997	-25.719939010682147	46.14379326708587	37.73786922402037
0.46699999999999997	66.2100342310179	35.16821725944692	37.02962678414563
0.469	20.910847897681606	45.43657200144217	38.02396215878112
0.471	-7.097723033644421	37.0367376263809	36.08828926885066
0.473	25.697730918761152	37.54760435954513	37.9497030209124
0.475	-46.31335863691799	37.885577880413244	36.37547933778259
0.477	24.04468551930883	42.46722919704994	38.96099781218192
0.479	-3.6941932157752433	34.83961312603467	36.39152472243985
0.481	11.911814580045643	41.33475024524937	37.276409043120935
0.483	-88.087196468023	43.746933955505504	37.53232182828814
0.485	0.05854252260739656	37.28890129176738	36.38828321943099
0.487	-69.88476615588101	43.20524730153922	38.37935721979783
0.489	29.034875184130726	40.022524414846586	36.966578272251155
0.491	-36.17156302493374	39.11848009338107	37.73611864824692
0.493	12.532338181880931	36.91132964962781	36.749608097583
0.495	14.556109833474551	44.52696665217934	39.25361823476342
0.497	-168.8837521455211	35.8204012379102	36.71983064071496
0.499	-205.9480226065391	46.28377017805427	37.80422340519861