-0.499	-26.085353131755085	39.740693229931395	23.44335971809769
-0.497	-22.285647956921117	38.94156328192396	23.185992646623188
-0.495	-30.540071282891823	38.50736948303699	22.909692634335183
-0.493	10.350358992106123	36.51803845336007	23.112263393988954
-0.491	16.361740122761148	36.527692586724235	23.87236248735199
-0.489	13.33050672935876	36.433844107208856	23.526306792432255
-0.487	-3.8115563467666647	36.44631577215201	23.110304132917648
-0.485	56.2356488289506	35.90919101581756	23.972250290089196
-0.483	5.347680485767725	34.809770937845215	23.471887177278568
-0.481	14.799830829970162	35.08881486704203	23.321640674177115
-0.479	-55.77266421630256	38.98143363808949	22.936660457626058
-0.477	23.072351279518344	35.865929011737144	23.847985192740854
-0.475	-28.378647327298445	39.88915871921968	22.959597257356958
-0.473	12.210876045859465	39.14838310313027	23.112237738939008
-0.471	0.4819221670615548	40.14375259349762	23.131138013053448
-0.469	-3.9418678519087536	42.86901848501635	24.026707756638892
-0.46699999999999997	-15.18127842570216	34.19239348264331	22.711588194097278
-0.46499999999999997	-15.836260533697022	41.623259385534894	24.02433711168123
-0.46299999999999997	18.262281023195825	34.98833210099216	23.307229175180648
-0.461	-2.0156028197604314	38.06826233666831	23.54828128886245
-0.459	47.258335836852794	38.106491698783486	22.62234346265252
-0.457	-42.82830080193367	37.89328575236735	24.099385847491387
-0.455	76.28180641972016	40.139084347464774	23.217825517138067
-0.453	-0.6981204478950787	38.196227006611345	23.135099420267125
-0.451	-36.42781962065467	40.685107443417046	23.834142125799147
-0.449	6.628313332868174	38.472606380367104	23.78929106264128
-0.447	-6.150038216135023	37.72412553589192	23.28970943346871
-0.445	-15.3955662516303	40.849187364245935	23.966296504089403
-0.443	-14.197632200119159	37.67050952001424	23.31255172801956
-0.441	-33.70042284456254	36.05953136804935	23.902663763647595
-0.439	-23.748875244922196	40.30793951498872	23.529073869701836
-0.437	19.529646140048484	40.6980948628998	22.82742162335789
-0.435	12.459832019473538	34.44347769755042	23.60672297911534
-0.433	-48.76744739512606	33.43620635197626	23.48507716103573
-0.431	51.6794220732919	39.94269827860268	23.52363246519461
-0.429	-71.31005947402791	38.425787922434374	23.00698810039256
-0.427	61.00795751917687	42.32333386038841	24.230604518774047
-0.425	-45.86578068932479	35.00352780137927	22.71602254201037
-0.423	23.322728764263445	40.8916193235451	23.680866611361626
-0.421	-14.547922586372053	39.67018515998617	23.001042412692225
-0.419	52.15524528434656	40.376127875974106	22.991983427958946
-0.417	-32.443656274194765	33.604150268953745	23.11619277517668
-0.415	5.197872968265571	42.93985066234781	23.19977922954551
-0.41300000000000003	-28.833036677777812	37.40788066220612	22.927219066722483
-0.41100000000000003	-6.224660666465098	37.742927112855085	23.410548480666943
-0.40900000000000003	63.27868904731915	36.8260741690291	22.439370715484575
-0.40700000000000003	-10.70868873143116	34.15572198096988	23.97875292057763
-0.405	54.19843761389487	37.01821699941487	22.95566705293965
-0.403	-106.17938485513179	39.160552518177134	23.469548067195007
-0.401	3.0073583530132453	40.92481786654116	23.29660504291995
-0.399	-45.43448674065864	35.23372067440416	22.94678096592175
-0.397	-5.536206118317288	36.27549610644768	23.26865644309979
-0.395	2.324100447648192	36.67545514987436	23.37263127184897
-0.393	-11.665717716269342	40.50078670356488	23.604371592717364
-0.391	-52.11489573908601	38.48026765126397	23.290166563439474
-0.389	15.273755061162575	42.28911637186362	23.315212900484564
-0.387	3.237322195648318	33.15338980883856	22.729092052972682
-0.385	-59.79847971981922	44.389821264694106	23.72543530069626
-0.383	37.893426088952964	40.26864268787695	22.750189689610643
-0.381	15.723179045634694	40.46063908645901	23.19964636527999
-0.379	-90.38623535506662	40.064441703364906	23.26825754305091
-0.377	41.697120914063746	37.5454242848173	23.567715041579458
-0.375	5.498212812815595	39.887100507792866	22.95407575323823
-0.373	23.398079956216122	43.50940273434911	23.546949996282777
-0.371	-14.932248451060559	37.16258678844483	23.329676271648527
-0.369	37.793823576270924	40.238420505859	23.234418045567864
-0.367	8.157180287904353	36.01830862858239	23.339582194890404
-0.365	-16.412195996462486	40.429846176729384	23.728593711588843
-0.363	-8.89183765784285	37.571493234381855	22.953748384786316
-0.361	-33.422419895901	33.73953452451135	23.658535052681206
-0.359	18.364391173086858	38.578401406278346	23.691995728395472
-0.357	-35.68159213962474	39.06194933183023	23.97801434852136
-0.355	49.42780341377073	42.6344100602541	23.13912557757341
-0.353	-79.56195891900552	39.00350696478373	23.346032893716433
-0.351	-14.165635835339252	35.85003692095138	23.86202738548232
-0.349	-25.823801703239724	35.46111762423331	23.920443276642253
-0.347	35.972923924321165	41.628283538149404	23.518757241340715
-0.345	8.296336275970262	36.1522130591188	23.585656403499012
-0.34299999999999997	4.519999585506085	37.65013141521422	23.117608499466122
-0.34099999999999997	24.738222205611393	43.10988795502085	23.584862797675424
-0.33899999999999997	31.03522270642145	43.57630372963153	23.33746040801083
-0.33699999999999997	4.417350604191128	35.689231151033496	23.5500354381621
-0.33499999999999996	-15.059060135880209	39.65465383481983	23.107009011280343
-0.33299999999999996	26.157894689182726	39.615017194546546	23.069906519578986
-0.33099999999999996	2.021060725443391	44.02393626790191	23.188419132813888
-0.32899999999999996	-9.98697799148296	38.37969972113494	22.945572602661667
-0.32699999999999996	33.62327622902228	40.0155348840757	23.107213430468935
-0.32499999999999996	-63.46970110404637	40.4001453131986	23.56195856036293
-0.323	47.49127271574949	35.60357899766889	23.51941376168594
-0.321	-42.13182995937981	33.134476501812436	23.490178534519593
-0.319	18.35048109821713	34.13150541138532	23.652715131340837
-0.317	31.610539982684926	34.53983981315987	23.339588283407092
-0.315	-12.297486480461473	47.42140368529281	24.088401559453267
-0.313	9.998621544715647	36.037667796067886	22.740048705613166
-0.311	25.834238508659624	38.28353790522239	23.21796182505289
-0.309	25.720684299956886	37.6807190839577	23.153747128879818
-0.307	26.36637116526508	40.713545155705866	23.53077776265873
-0.305	109.54618665337534	36.62636518766937	22.73764695091846
-0.303	-34.72243538893416	38.80786654170417	23.64485269848131
-0.301	24.935462987096813	40.7101104037268	23.542534919858138
-0.299	-43.92482217163707	38.98726511008928	23.341494883401968
-0.297	13.032616128505481	35.252013049591895	23.11299430065787
-0.295	3.6939229655086336	39.902521684154266	24.040948684239858
-0.293	6.984739153059749	34.702428333953534	23.985216880635967
-0.29100000000000004	2.1595344263936056	40.94607955562268	23.469192668065183
-0.28900000000000003	-13.327977287924675	32.254162292998195	23.016208014116255
-0.28700000000000003	7.814904726233252	34.13545178765958	23.555908234994103
-0.28500000000000003	-21.994566013594508	37.53346451299977	23.80301169667692
-0.28300000000000003	19.930570471560216	34.78440555911485	23.456755125337416
-0.281	-26.72352811694534	41.04533489160481	23.969269888531482
-0.279	-39.421108987025555	32.3889778910104	23.15282142429545
-0.277	0.14314285734506882	40.548739881324565	23.26257129604607
-0.275	-23.247835686301954	36.9832795128707	23.039396604952337
-0.273	17.473975676862707	42.26181984968059	24.089482330209872
-0.271	25.25472991110611	38.34437899772922	22.95305143561006
-0.269	-2.5327559133314637	34.20609135449263	23.033529963872766
-0.267	-4.385588107891358	39.97742900838791	22.93007252963289
-0.265	4.756591329702076	38.34093309631546	23.525195573197987
-0.263	-3.029469044180111	40.97909907494634	23.347148031965403
-0.261	9.209288324374398	41.119309932936204	23.74676341008399
-0.259	44.36726184131601	36.78962965277796	23.136061547416535
-0.257	7.467056639010039	39.39617314934873	23.54074923447165
-0.255	36.85444352430345	36.993266817298014	23.273904564939983
-0.253	-7.949803114581933	37.17418581878158	23.9029929710913
-0.251	16.649032773319306	39.35220202281784	23.335848453119304
-0.249	27.73644006981435	33.81244961396454	22.830170564262726
-0.247	-30.721560356661293	37.82087461553322	23.315716596940597
-0.245	-13.018830820166194	37.403162599507596	23.650722064788106
-0.243	-24.793615443829964	36.683522785998676	23.686592267664242
-0.241	1.3621753451875662	34.23229602654283	23.1496952988679
-0.239	2.3207554180615375	39.46503201522933	23.26466361736175
-0.237	-5.492137328699798	39.05178780877705	23.76758245780565
-0.235	-23.477960743090165	36.572450551618296	23.307880653841003
-0.23299999999999998	-3.717226836119636	36.52746685303982	22.94959954248221
-0.23099999999999998	-77.78547083470144	38.73584122630229	23.508613447453683
-0.22899999999999998	-8.796441725689164	35.49853772038442	23.360412820355453
-0.22699999999999998	17.44883183052437	39.411662674033096	23.33573399569623
-0.22499999999999998	-37.073163790868335	39.57496914144377	23.583743124768553
-0.22299999999999998	31.056804373541524	37.17115800797588	23.236909048079905
-0.22099999999999997	-56.463436665099564	33.696995954647534	23.247240506891146
-0.21899999999999997	-20.583337221991016	35.34489745096516	22.830286119561823
-0.21699999999999997	4.945556189683842	37.45473162244938	23.662392372929162
-0.21499999999999997	-11.454172507918692	38.240555956617094	23.53218069358978
-0.21299999999999997	16.114141961676154	33.31006486060155	22.724256498531645
-0.211	-41.03272749245157	40.609678481154454	23.143348074580167
-0.20900000000000002	-10.329268903874755	39.30242676792444	23.030071657901978
-0.20700000000000002	-46.5953120067919	40.86056483664679	23.24369382610859
-0.20500000000000002	-1.210328034240149	33.31810253561265	22.711426300505977
-0.203	-53.43440455729542	41.67811527615469	23.778374052683223
-0.201	13.639848197799509	34.94758333249853	23.01707375253201
-0.199	-43.6714916496328	37.07284216575865	23.1543146585022
-0.197	72.02326774780055	37.17617681425299	23.739920174248287
-0.195	-3.2327390746544893	41.2184589099279	23.356219806287754
-0.193	47.11322731432155	38.58501176507785	23.41444494463781
-0.191	-11.33734997582625	36.54616081655625	23.395201394973782
-0.189	8.973253845301343	34.57953907577349	23.973655314253076
-0.187	-10.924427563119288	36.45848479919511	23.38925812364998
-0.185	6.1023067257082175	34.10235207844561	22.819882135324377
-0.183	-9.373799048306708	37.45846624147647	23.24056251174094
-0.181	-5.34122894368938	36.728887709571524	23.640488079271478
-0.179	-1.644251980903455	34.69985118416011	23.625412986485053
-0.177	35.34263416749006	34.22426957507377	23.24878783104253
-0.175	5.763317781015687	35.89035408086595	23.947839786186655
-0.173	20.088869118861652	39.19908141477113	23.03622638840059
-0.17099999999999999	1.6468572687777794	37.78577592963794	23.332843661764464
-0.16899999999999998	-27.766046791222188	38.85850287253202	23.43282660297104
-0.16699999999999998	0.03212398791418991	39.05877939783833	23.764587935298863
-0.16499999999999998	-29.693849167511388	37.215411454932344	22.94947667026458
-0.16299999999999998	33.25307116974763	35.23067489528941	23.31042400869502
-0.16099999999999998	-29.680787221986193	42.69084731413823	23.247015183280478
-0.15899999999999997	-6.031192748001679	34.91383591190582	23.22384996706195
-0.15699999999999997	24.824214527985333	38.35712707391746	23.472643396156727
-0.15499999999999997	26.475848201146235	36.229435398920586	23.12769939264602
-0.15299999999999997	-66.25406079463491	39.32007281915627	23.91435385111676
-0.15099999999999997	68.28478372411517	33.209554358412426	23.110287028561554
-0.149	-56.92106892840609	32.64926811067451	23.775666142256654
-0.14700000000000002	44.63468252446923	35.156922750158316	23.204963514445215
-0.14500000000000002	-24.218459495628508	35.24085319881631	23.563588044477758
-0.14300000000000002	43.71594545560242	35.304478473031516	22.99387068313949
-0.14100000000000001	-17.242078768187064	35.59202134460227	24.25119350262609
-0.139	16.911803355945665	36.92556239579091	23.215217135444373
-0.137	-9.29231860025137	36.182178690714856	23.652973973668367
-0.135	33.03138872157163	34.186921585542294	22.604610993510306
-0.133	-12.340712368996698	38.293699076705956	23.882141214507524
-0.131	19.616467957561667	39.480046416143395	23.12423248282359
-0.129	61.20258555775138	35.529227802988665	23.238955980606296
-0.127	25.46041043971492	38.81427242456039	23.01445007482207
-0.125	6.2973839578539526	30.912656206282527	24.011085797723872
-0.123	7.171798164895549	38.59780983238951	22.72300807556816
-0.121	-52.120570352531814	41.13057889623641	23.13523599910556
-0.119	15.022680135423627	37.85010098635373	23.56548186025064
-0.11699999999999999	11.537679837303472	38.026605138798615	23.11352619815189
-0.11499999999999999	-68.3157666997447	32.46734087583942	23.988204668566407
-0.11299999999999999	12.174082057114788	35.468264266943436	23.279677671549575
-0.11099999999999999	-42.421160264205504	36.4468335046916	24.33966503747178
-0.10899999999999999	-40.381924458099405	36.73525393215209	23.092083335071894
-0.10699999999999998	-41.106078565555926	38.80476551984076	23.445161271940357
-0.10499999999999998	15.978575779396209	35.49783584952996	23.640944701033042
-0.10299999999999998	8.71402137492261	38.89986614101573	23.98628969207287
-0.10099999999999998	-8.363759564034012	33.8651177729411	22.805217781442142
-0.09899999999999998	-26.428710260040233	34.76248721108567	23.649490233691147
-0.09699999999999998	56.52075798501244	38.57095749880283	23.43223498216962
-0.09499999999999997	-43.01087257208014	33.052349703029286	23.051078897840814
-0.09299999999999997	61.29006364519185	32.20762361599158	23.118063532004754
-0.09099999999999997	-62.5963320128875	39.237588855520684	24.167321132870832
-0.08899999999999997	-18.166986273548957	32.49961119760138	23.50235613229971
-0.08699999999999997	-23.100746128990046	38.80889675237932	22.7372868625545
-0.08499999999999996	25.421496705035906	32.424406036210016	23.034188649419526
-0.08299999999999999	-22.802116861564414	35.807672650846385	23.435703940536666
-0.08100000000000002	49.271242821058436	33.06646935430091	23.325614315586428
-0.07900000000000001	20.100117902988046	36.496886446178465	22.812965617436355
-0.07700000000000001	-5.164141272828715	37.76056284430165	23.637067012576395
-0.07500000000000001	1.551578063363479	33.963308524193714	23.6729154436886
-0.07300000000000001	-15.429807392774997	38.742982145270254	22.696268440942156
-0.07100000000000001	19.240661141006754	33.05494839930616	23.098361105848852
-0.069	21.921524236523382	36.414793762368916	23.739131042815753
-0.067	18.266420275914186	32.281438858986675	22.818173789959793
-0.065	25.07657141737063	36.60459239033272	23.16549576553414
-0.063	49.29382717144826	31.690239240543	22.675063656206323
-0.061	-12.64074590989761	35.75323797084993	23.454017567192558
-0.059	-30.213810384260853	38.11886111923585	23.20630332247778
-0.056999999999999995	27.12654100456291	37.466444600957914	22.95826636049581
-0.05499999999999999	0.031038579262343546	33.07248101473467	22.88261292662675
-0.05299999999999999	53.3390873196371	37.62185462485519	23.45419175912978
-0.05099999999999999	5.134866162714857	34.867669557961555	22.409029371243694
-0.04899999999999999	-16.915398489247835	35.4270033426586	23.702526952140477
-0.046999999999999986	5.645426107925289	34.68254231890771	23.32329830926371
-0.044999999999999984	-25.83539623413067	26.367546632576854	22.72445574731471
-0.04299999999999998	60.256674514258535	35.858496548167054	23.18494811881939
-0.04099999999999998	-18.635677673239925	37.763224660979446	23.31276389488471
-0.03899999999999998	12.14980878305738	32.60570951708351	22.910147298771285
-0.03699999999999998	-10.205668824259106	39.17529215564926	22.83019965682389
-0.034999999999999976	26.396647174298238	32.21014508434583	23.229242376103915
-0.032999999999999974	-11.429816429320283	39.267712419033245	23.32453424722313
-0.030999999999999972	5.8620966560951615	35.15763951592701	23.130352002665592
-0.02899999999999997	22.19053297713991	32.925149593335625	23.114435911265872
-0.02699999999999997	36.21021030220106	39.447159360849646	23.63549883298053
-0.024999999999999967	76.71906737449774	31.579479423111476	23.281880466814684
-0.022999999999999965	57.19095036083033	35.726871924592594	22.497268631966563
-0.02099999999999999	-42.06665066575077	30.702151250746816	22.922060555037703
-0.019000000000000017	112.90834570165664	39.40467586379097	23.445240680128283
-0.017000000000000015	12.827338228049712	31.876417531024007	22.80389995402249
-0.015000000000000013	45.670175691459036	39.27869596694732	22.44810570005698
-0.013000000000000012	-20.465863383223315	37.0799765843238	23.40238625326718
-0.01100000000000001	-21.296447498042603	35.723558364482855	23.088006980232276
-0.009000000000000008	-110.20982653597855	35.93259325436437	23.313256305144478
-0.007000000000000006	-116.22256014109934	39.88484695086446	23.67043474475579
-0.0050000000000000044	-102.95038118735	38.0487066904338	24.193509634744377
-0.0030000000000000027	-95.88516830760784	37.50582475382035	22.95011753239028
-0.0010000000000000009	-130.84727488898994	30.530287041023378	22.887103919259857
0.0010000000000000009	-104.18504033171683	39.92431974885305	23.333193299568848
0.0030000000000000027	-121.19288292922192	36.84751625255613	23.633880856763643
0.0050000000000000044	-121.7762831504654	38.2115502592652	23.024249854751222
0.007000000000000006	-92.49220995055651	31.88352688597374	23.606198845398726
0.009000000000000008	-77.05214169928531	39.73580872919599	23.020956234247198
0.01100000000000001	-32.1286919672259	35.22411028736434	23.28839749702138
0.013000000000000012	-34.988098472243934	38.146787944855404	22.837627901404822
0.015000000000000013	30.76751725039628	34.77745712481884	23.30277008931221
0.017000000000000015	-7.901796227449687	41.7784870200672	23.843493369732485
0.019000000000000017	-19.99851065237479	36.968471611971324	23.29140032637276
0.02100000000000002	23.743573956735986	34.210055079237094	23.106550600062874
0.02300000000000002	75.91612077684218	37.020024416137794	24.43326295402431
0.025000000000000022	-47.92428100897084	35.26618889324902	23.22840727550438
0.027000000000000024	15.114031154395136	37.20582711709394	23.187943559343672
0.029000000000000026	2.13329298737186	32.95397682069317	23.53023626591487
0.031000000000000028	49.085286204064715	35.93932130922407	23.86685594820517
0.03300000000000003	-11.697765460616516	37.23101538674453	23.536591613751558
0.03500000000000003	14.77324184495643	37.79637988088326	23.21467297285401
0.03700000000000003	-9.473497710410506	34.647631772451525	23.422512635578503
0.039000000000000035	25.600358859012573	38.221848376628806	22.637588890277254
0.041000000000000036	6.133366601934753	35.05101271618514	23.211031013403705
0.04300000000000004	-2.6239950209339113	34.595406894344386	23.416047697420638
0.04500000000000004	10.586517958710573	31.13853415313411	23.009254867847986
0.04700000000000004	18.32182157457396	36.295086372039385	23.031458826013214
0.049000000000000044	10.345556300750403	32.88779039617339	23.290155412618084
0.051000000000000045	-9.595248356975006	41.48210761595921	23.7439688573813
0.05300000000000005	38.57411682450795	35.09768838741542	22.877372650810564
0.05500000000000005	-65.7475358216697	32.18682999260039	22.737364053121013
0.05700000000000005	16.119872346953557	34.161263570333446	23.9640204927968
0.05900000000000005	42.43160440586813	40.76463825203646	23.348869527440854
0.061000000000000054	37.63416144830778	35.07834579804243	23.291073553423278
0.06300000000000006	30.68097135239256	37.9620513183477	23.149202110224728
0.06500000000000006	9.110354074026716	40.91336990945143	23.952468357009312
0.06700000000000006	-21.631250455400597	36.87915533193475	23.355896966584723
0.06900000000000006	7.973396337623839	36.716187403960866	23.634595583375198
0.07100000000000006	45.91707710122073	41.524421192053616	23.74553082803239
0.07300000000000006	25.30512790288597	36.6154964690198	23.628672562690458
0.07500000000000007	10.952341244596653	32.33451107286148	22.856068009796832
0.07700000000000001	-1.0240414211049043	38.48386748828161	24.062260777319562
0.07899999999999996	39.21571007903246	35.70850856491776	23.73662937512586
0.08099999999999996	50.151097090056496	37.11275196387905	23.403691017153744
0.08299999999999996	1.141817898231423	37.898887617375586	22.902042715150948
0.08499999999999996	-18.43561932235449	37.74598171682893	23.532172583773388
0.08699999999999997	50.19858112387254	34.34002375350317	23.504633933058646
0.08899999999999997	29.40877876689285	34.578462596150786	23.323862040081767
0.09099999999999997	51.35235645914449	36.07415676200601	23.357997755257234
0.09299999999999997	29.913663297964632	38.52808175848048	24.002733963018013
0.09499999999999997	25.404201413836702	36.528036509229004	23.71376563395753
0.09699999999999998	78.51300434102981	34.564210840208126	23.566471329680812
0.09899999999999998	41.13728349297574	36.42873455182048	23.455876153174813
0.10099999999999998	69.44711771073031	34.08726909474874	24.114234483227662
0.10299999999999998	-22.218483947678003	30.568102803138103	22.89513150897689
0.10499999999999998	-25.782000534158023	37.8872591493375	23.51735074197877
0.10699999999999998	49.70822002214881	36.347981293408886	23.81718363190314
0.10899999999999999	-32.61771756957188	34.93534095696811	22.920239515830158
0.11099999999999999	66.12372206826755	30.55236513353855	22.991978625510743
0.11299999999999999	13.284442295979915	41.37852478710623	23.63725784561841
0.11499999999999999	25.43980354619002	35.38121145727978	24.495926188838357
0.11699999999999999	30.73421191235326	36.15057145614802	23.470118083806057
0.119	42.46600312973747	33.70507097823539	23.23139856129102
0.121	7.027245798374437	39.12468821552	24.206220803599507
0.123	-0.8216564204577281	37.87689518871339	23.403591601028207
0.125	9.240113788555604	37.71541380067944	22.71901099848022
0.127	91.89729351355425	39.4085674817056	23.41059606378176
0.129	27.223085639294098	33.93686197542738	23.761876465752298
0.131	-28.598321541561944	37.863927153883786	22.788242461932192
0.133	-41.49427752331292	38.439152395041845	23.52291632549825
0.135	0.6646622141559533	33.5614131194181	23.53156398141207
0.137	-24.520558767116007	34.807372295729245	23.19266389116604
0.139	51.39401105536123	36.90548312679421	22.72535687645693
0.14100000000000001	-0.6415380104929369	33.429339833276224	23.072871872114405
0.14300000000000002	58.836784954996446	35.030938389025145	23.215781520098396
0.14500000000000002	-34.83331132936307	35.75737716227867	22.993189923919534
0.14700000000000002	3.1829906395053342	37.70873805539202	22.889881323272657
0.14900000000000002	3.639426616075525	36.36737549703316	23.559695901897854
0.15100000000000002	17.026740674497276	37.259483282084275	22.724281706491535
0.15300000000000002	-44.05104896032519	34.86442889367969	23.60763027658285
0.15500000000000003	-4.331182746675211	38.5187098095823	23.544214954583822
0.15700000000000003	-5.4259061091910255	35.78986214339207	23.419195855821844
0.15900000000000003	0.025800982461632316	34.685860592783364	22.913922165423667
0.16100000000000003	18.531744393257554	32.96587196455457	23.389479687169885
0.16300000000000003	-30.453542972708192	39.61132284793787	23.09562571194353
0.16500000000000004	19.4544785143691	32.444464791727135	23.43602584339015
0.16700000000000004	14.783509550309049	36.92676919185525	22.951285807920364
0.16900000000000004	48.37175620830969	38.4946937220851	23.2063635319756
0.17100000000000004	-28.92973214996264	37.67680899645373	23.081411087847773
0.17300000000000004	-7.443255837458196	37.830207449619074	23.606060407981076
0.17500000000000004	-7.022387161437216	39.31093473163109	22.916648541290147
0.17700000000000005	6.685209111179091	37.112564954639886	23.832685618469373
0.17900000000000005	-30.453505201144537	40.23814094746395	23.033581625167642
0.18100000000000005	1.898265938438115	35.11787044555979	23.510178022845523
0.18300000000000005	19.011010804481643	34.949957942577946	23.0027193577273
0.18500000000000005	-5.157992122195587	36.73096877080777	23.858246020859248
0.18700000000000006	-13.809474822545909	37.78027140448999	23.026978475490395
0.18900000000000006	-3.1810155000089324	38.00628944517417	23.23035760493668
0.19100000000000006	18.172902717106254	34.95149607366659	23.974815973678893
0.19300000000000006	-13.61519136122702	39.09610544756678	22.912369644627947
0.19500000000000006	-32.459176349752816	32.19753251603042	22.92314686775674
0.19700000000000006	28.694571972520677	37.60110673809112	23.21511102878972
0.19900000000000007	12.714528455859408	35.676657192715346	23.884066391657612
0.20100000000000007	27.71921560706936	40.659477548634754	23.332846305037016
0.203	-16.792329025849817	36.51138156105144	22.982097364306608
0.20499999999999996	12.305218257013806	40.442706213044254	23.207626807004488
0.20699999999999996	9.592193578100705	35.640124234233895	23.552218801383123
0.20899999999999996	40.97843849892868	37.73617599064671	23.008609666677128
0.21099999999999997	24.230525225377164	34.322926760442996	23.213425539944783
0.21299999999999997	-24.326247887729302	38.206107897419095	23.53815084383152
0.21499999999999997	4.420777074853888	34.32830804265028	23.209940575940323
0.21699999999999997	-33.889595051239674	39.580576680728335	23.05448239596021
0.21899999999999997	31.947415556343728	36.32593578917189	23.100704760782772
0.22099999999999997	-31.29550147218385	42.522665541569644	23.997592571068356
0.22299999999999998	31.42311240522666	34.90289351355201	23.013217676879616
0.22499999999999998	9.489102210658018	39.30535455882878	23.12930719886628
0.22699999999999998	-16.568041941722456	40.8546292110197	23.099601065205007
0.22899999999999998	-10.261632257480002	38.0041961364861	23.263967597812737
0.23099999999999998	65.2497296891319	38.93160557217909	23.304366982296273
0.23299999999999998	34.15788798211139	40.09714482198924	23.24071308630422
0.235	25.170779440086832	37.454218286227494	23.287433386281815
0.237	-2.9154418674792737	34.21343501609852	23.236545937435874
0.239	-10.506830081413732	34.23660214279032	23.114761312840756
0.241	-17.060403642576993	41.09256130128425	23.630370114674854
0.243	-43.55888549723019	30.617001167641092	22.4372562211965
0.245	-23.328911508246897	37.3256194004084	23.433982966033795
0.247	13.42280437688359	35.04966889018146	23.10907379167275
0.249	10.044212669146901	34.376778988225645	22.72235704217572
0.251	11.692799282592148	33.59454860855133	22.725519467171125
0.253	-26.37921232906404	35.84647320691375	22.842784707992
0.255	-10.289737884416894	39.23098504731125	23.31514932753211
0.257	14.30394062262863	36.29770788764766	23.026956058820705
0.259	25.37775512645446	34.547425180087046	23.15614678345927
0.261	-1.9760840469507102	36.1052726142373	23.318732147176842
0.263	-10.376954310276076	38.63226924808672	23.478782033111116
0.265	38.02183368439849	35.53832192186942	23.09474334409796
0.267	-26.36506220576873	39.80031767656519	23.05338015778887
0.269	26.156896711926336	38.63066288536387	23.71721004913915
0.271	15.422139094667386	37.26689799460329	23.365471623406577
0.273	23.139484588208248	36.474915804997096	23.438684812658053
0.275	-3.8827907996585864	37.008276561120795	22.813791948756773
0.277	7.698640758668773	37.85108089520529	23.65356226654753
0.279	0.18913883947924148	36.44695978043805	22.925068821969518
0.281	-9.841403853738662	38.281698042317466	23.652745953266376
0.28300000000000003	3.9148625592400066	38.173853616619986	23.510248981612072
0.28500000000000003	-7.129418448048597	34.12091621817768	23.29474023046726
0.28700000000000003	-19.446874543138648	34.16245081318024	22.834203850579556
0.28900000000000003	-1.1091471751045745	37.15709163595944	23.538780944502427
0.29100000000000004	36.204309219689534	35.67180852673725	23.548567968986116
0.29300000000000004	16.51860029672214	35.8374391989043	23.531592068206734
0.29500000000000004	-4.564204973078745	36.893774688817025	23.6571055058865
0.29700000000000004	91.38557705923311	35.83633986204729	23.5265830948815
0.29900000000000004	-21.711419137648846	34.362185092642385	23.216584879807407
0.30100000000000005	54.569601747100904	40.54345945382051	23.21412393829007
0.30300000000000005	11.924201491986253	31.02039783904141	23.248113575410784
0.30500000000000005	34.59051851573136	36.00580817843155	23.6225031971583
0.30700000000000005	-23.407106457540294	30.27718317795605	23.361071643062726
0.30900000000000005	20.870671452843936	42.09127555334662	23.314319525493865
0.31100000000000005	-14.941933086820569	38.31244900285993	23.95750754014849
0.31300000000000006	15.03436770700084	33.468353012864	22.835293052334332
0.31500000000000006	-17.63794746167946	34.39568255453439	23.083823426993565
0.31700000000000006	58.85580182907191	37.41369657167999	23.14570253724631
0.31900000000000006	32.05261957139882	35.594228684542415	23.41157204254263
0.32100000000000006	-15.774756966013825	41.163536493688774	23.831386986249115
0.32300000000000006	13.757354125232268	33.395459408488925	22.498252490186573
0.32500000000000007	11.128590765574486	42.16770353475531	23.655735317052898
0.32700000000000007	-10.969263429583265	33.93032369234334	23.02306624308608
0.32900000000000007	61.45331149620681	36.56569676674724	23.26100541724593
0.33100000000000007	-23.866253132109883	36.16090230115774	23.00713450127415
0.333	30.21057213947742	39.76499979497394	24.143330742946738
0.33499999999999996	-11.745926479456159	38.35985507407735	23.736773662032217
0.33699999999999997	-31.384475076445817	39.85227993014468	22.927297973884446
0.33899999999999997	-36.66851989803099	37.000889632171464	23.73025868812885
0.34099999999999997	-7.31094819417244	39.482168974922274	23.59097161769939
0.34299999999999997	25.944266804023286	33.37154251679727	23.664953955375314
0.345	-37.83134094836882	34.96080445572797	23.214225229012833
0.347	-0.4160161417576802	37.41215971130725	23.40288777028338
0.349	-19.121198438942777	39.4461778095065	23.225721809358642
0.351	9.449335045541574	33.18708461689858	22.827989834842842
0.353	-44.974240234085805	36.36331810448507	23.449283625612427
0.355	4.114279652300823	39.15188289286484	23.206510825642678
0.357	-10.59628146604652	38.09924811963971	23.22394205389149
0.359	12.10065637136104	42.49253825142901	23.15059313873842
0.361	-15.067052015815818	37.83251873856225	23.770045261283737
0.363	-28.319208262073126	33.817772111615305	22.934069612961355
0.365	36.17049734394584	37.789957665984545	23.63902610668059
0.367	-32.737358318102316	37.604280877646	23.007732100504565
0.369	-0.666292165441007	32.277955118741254	23.56567533984132
0.371	20.106962486554636	38.023216138275416	23.159835718996263
0.373	-28.759472751604953	34.57584813764119	23.239679895930372
0.375	-78.02805481516017	38.03410006249835	23.12114660478245
0.377	-10.938199545673655	35.61449736336711	23.036086950491125
0.379	-12.315764884363034	38.901636619275266	22.632627827161777
0.381	-52.176737175835264	38.29293424737409	23.63135591256584
0.383	12.87745013578423	41.91481535984469	23.371740451824426
0.385	6.320652516933478	37.397870292220226	23.43819780394218
0.387	47.754793645271576	39.23915285093385	22.751466192121537
0.389	-42.274708194511845	36.12083403327979	24.822444317442088
0.391	18.39239320311492	39.65256614645111	23.04101452581869
0.393	-5.727496409924093	36.510938277961394	23.46193569218191
0.395	11.507290196277609	44.78102076070201	23.56492341506651
0.397	-29.388416882158985	35.29736438871658	23.12610203446047
0.399	30.715467284725406	32.8467128036655	22.827436021301885
0.401	-6.626971206569188	36.460632342081794	23.405455280426683
0.403	-35.74731193445313	38.365106285211816	23.61900477895948
0.405	8.835375781668375	41.28965875774178	23.591820955152976
0.40700000000000003	-8.455980990196288	37.196190667070105	23.016973348878363
0.40900000000000003	21.197775960546394	34.81186387189112	23.244430040822632
0.41100000000000003	14.157454011343162	37.45028482446984	23.868722926153954
0.41300000000000003	13.95912252744047	41.277287806972126	23.243169415438558
0.41500000000000004	16.56835583174754	42.13903959886214	23.856811619201927
0.41700000000000004	35.142975900681606	38.96927146519389	23.4446503642471
0.41900000000000004	23.2088408145259	36.676386213732236	23.802892312551815
0.42100000000000004	-10.162810884395412	37.30415221595523	23.12107056901835
0.42300000000000004	16.581647494184892	35.04256588415549	23.799780680481938
0.42500000000000004	-24.11894034637374	38.20998426265909	23.221433589724914
0.42700000000000005	35.76646872693878	35.57258241852888	22.931633948158048
0.42900000000000005	17.686208401812564	36.81252775885482	22.90750026911606
0.43100000000000005	49.325258284493856	38.699256512802855	24.849472968370893
0.43300000000000005	-46.0274816186379	36.58434296523215	22.817062898479726
0.43500000000000005	-18.499036864572105	37.73528356416043	23.34441428576771
0.43700000000000006	37.812449088514555	37.472452971851695	23.04268933519781
0.43900000000000006	-26.09006048970297	37.092537141546835	23.7417779573679
0.44100000000000006	9.89308661258903	35.09907918142654	22.338078898831398
0.44300000000000006	-40.343704318823725	37.89668084971538	23.354413139956197
0.44500000000000006	16.70704117362476	39.33734257549548	22.880204856174707
0.44700000000000006	-12.821492231251952	39.86492756399121	23.58840832220764
0.44900000000000007	-41.30952358571971	35.00592613584919	23.100890187092123
0.45100000000000007	-24.593713376486193	39.2515034066943	23.902482665889767
0.45300000000000007	2.667753279173013	39.63293510329989	23.196362478142877
0.45500000000000007	54.50314380150978	36.42423150831682	23.254450531585213
0.4570000000000001	-57.90636303115715	35.65681529184849	23.395571900497217
0.459	-30.85755607490359	36.65537783287364	24.00747038308116
0.46099999999999997	6.82379485916762	36.544086165427	22.97774284157849
0.46299999999999997	7.595408941352133	37.88818784904498	23.591668119043703
0.46499999999999997	18.1040592730497	38.802716708313305	23.72665298945985
0.46699999999999997	-42.72425841889138	35.93329995732448	22.83224032399257
0.469	-8.264001616464789	38.209649403333664	23.894295037835267
0.471	18.137770850579216	35.82237331253696	23.253115769863594
0.473	22.817813380759944	39.22877295706234	23.747579146121343
0.475	-36.283562612982045	39.38145628628896	23.440859387961915
0.477	24.127824022279754	36.441142942334146	23.253139691741655
0.479	-8.611283152881732	36.84285984102675	22.614171126191557
0.481	13.798813885967931	37.6451449389986	24.657701290974952
0.483	-17.765579737205606	38.61188271264657	22.420610621860884
0.485	-51.80269392013326	35.75778972978736	23.64377805530068
0.487	17.13397070091105	36.494736311960544	22.892793349352097
0.489	-48.103437851554354	39.02018815830878	24.217627684473186
0.491	76.61177907025696	42.042470469041106	23.46206114143464
0.493	-85.10457205634924	38.32718608251808	23.65571609805873
0.495	35.38206318398629	37.07833296201019	22.801439847615125
0.497	-10.239187027472063	38.0084592722928	23.47481040218662
0.499	22.043810515626205	38.490153675765725	23.756308227342984