-0.499	19.280023890067	28.775343382297176	29.85765840539935
-0.497	33.51806211271402	29.804973926616043	29.811087785391013
-0.495	13.84394480230533	31.835740875419887	29.71334303779725
-0.493	17.493426788250943	32.53304407614578	30.8276224362847
-0.491	42.8888282191231	31.62625402844041	29.189577921690145
-0.489	25.861861419507193	30.30451128998524	31.355596311800245
-0.487	26.8488664436628	34.30083566879592	30.893472673042442
-0.485	29.244036176434562	35.73463365282128	28.876457488662517
-0.483	-35.23985747122538	35.161547627667964	31.333128658934363
-0.481	10.706482798994443	31.992030457135975	29.972693818454648
-0.479	-20.970474011727802	33.457047849808454	29.45169697229192
-0.477	7.875626430342564	36.859189578016505	30.878421631425322
-0.475	-2.2034004288906672	28.121001632808735	29.49102796147825
-0.473	-35.14720120956216	30.723109755548098	30.63933388856697
-0.471	12.980033061271712	30.84258061881562	29.696718395554306
-0.469	-16.233562167067284	30.94364871833827	30.521227649199282
-0.46699999999999997	32.00918991552726	32.67379775031476	30.701146115247575
-0.46499999999999997	38.88443605326586	31.381117918096567	29.829163497936246
-0.46299999999999997	45.002547922834424	29.404432879384075	30.240307619560653
-0.461	-16.339080603278155	33.2291396368389	30.290595851479846
-0.459	42.036196361117106	32.52021604472714	29.690734025835216
-0.457	-0.07481758768079771	33.34523999506032	28.912203781044155
-0.455	20.82437193129394	39.54553592349185	31.604110421417214
-0.453	-10.62191645417876	31.787912755210783	29.94482669309442
-0.451	31.271270963584286	33.027230543212525	30.272918935697586
-0.449	29.857150697143453	32.5934930642561	29.853696315695018
-0.447	-44.8443102171181	30.400346613928885	29.97179665567591
-0.445	4.676561424110659	30.19588397264087	30.05518188191146
-0.443	40.254677630580105	31.692434117651963	28.466181253278233
-0.441	6.296153747697986	33.4194713824233	31.823170526407107
-0.439	-53.60092020090246	33.13954232639318	28.782130457925135
-0.437	-30.46013292251626	27.023497051327034	29.57562209629904
-0.435	2.703390298064434	29.812261836625858	30.39311307221585
-0.433	-4.412856793645226	30.859564393079022	29.84205797076432
-0.431	-17.222681070294676	31.73457853298121	30.147939312910328
-0.429	-1.3015040293273827	31.458557503132564	29.516850492796994
-0.427	-13.881949928906678	33.717533094622034	32.01850262340339
-0.425	24.32710833777385	31.165427067997154	28.74085739935789
-0.423	-7.927978638799793	30.019481377847907	29.9704416774493
-0.421	16.514859691785233	33.89779005397695	30.689108644451697
-0.419	29.989440156308333	31.43563091578497	29.84454738785079
-0.417	6.881394139846009	31.70334994406699	29.87802660866067
-0.415	-12.85483268265164	31.922902474600846	30.360845912049772
-0.41300000000000003	37.579365606887905	29.489468924485255	30.97151692525376
-0.41100000000000003	-4.829379545934209	33.084481977309515	29.058232028021017
-0.40900000000000003	29.202400604999568	32.71454256108733	29.97474538975234
-0.40700000000000003	8.02224605833679	30.872523397644546	29.988978023098156
-0.405	34.89218744245903	29.3711958218869	28.901762758613607
-0.403	-7.522299666162802	33.007881394725764	30.95385399969604
-0.401	66.57492674877474	33.16636557912442	29.88039938095696
-0.399	31.445407502994627	33.86004007979661	31.052858016329548
-0.397	11.500366479788582	31.63608809145703	29.33566055417007
-0.395	47.81036283851847	32.2399036980473	29.669913876051385
-0.393	15.082762769402791	32.11121807101371	30.674450811288093
-0.391	34.78008824497891	32.867342257368726	29.463774469194224
-0.389	3.759172193085192	33.73001726106086	29.934211209321568
-0.387	12.02049839799102	33.04833969025299	29.687632505425842
-0.385	58.863760691973965	29.252510744329243	29.454562580801923
-0.383	0.6975862190117255	30.353215688007854	29.112215966456116
-0.381	-1.0773362858484958	31.034428136595555	30.241108254133145
-0.379	-43.34744338807539	33.70274034798155	30.504800340409655
-0.377	34.208413181913144	34.2133767118469	29.01440698456662
-0.375	18.942619867123867	37.170884722529706	29.942996744903418
-0.373	64.23683497613908	34.21964269532927	30.156590651592154
-0.371	37.58505042861238	32.59754923745695	29.762838967427218
-0.369	39.414981584551256	30.387132565640297	29.32224678606334
-0.367	4.466492682375645	35.943532959765314	29.80040166389551
-0.365	32.34653242545349	31.75623190813587	29.205583070719133
-0.363	14.515609038756594	33.366840716957626	29.289261258375465
-0.361	-16.875681556394184	36.46388465698098	30.976407542195563
-0.359	60.30526460665264	28.75370230561745	28.928817117889732
-0.357	-8.521673928285622	31.565100103734107	29.322289744421944
-0.355	4.595646720062518	33.94139980593844	29.7572066174616
-0.353	49.12177963811715	34.530246305919285	29.207784300427097
-0.351	6.757632115661494	32.13814528364068	29.858705644155425
-0.349	-24.511561904971835	29.191377607991235	28.522692948864854
-0.347	28.25914179438449	35.315370286414385	31.357417211844464
-0.345	36.35975213156506	28.95556260497366	29.0031176478099
-0.34299999999999997	-51.34009904250725	36.793100858142786	29.899245533942686
-0.34099999999999997	-12.84743400942201	30.72405289539536	30.37863665950943
-0.33899999999999997	-30.892037919505455	35.16161358358782	30.259615795195707
-0.33699999999999997	33.25580094482028	34.907606867649314	30.27534256323577
-0.33499999999999996	56.454211406320454	30.335955943122975	29.203727720505068
-0.33299999999999996	26.20377089024295	33.79948830013797	30.790318792628845
-0.33099999999999996	-43.681955720242804	29.367096223620592	29.562091776092153
-0.32899999999999996	-99.66860386245725	35.65943762446718	29.685845079777316
-0.32699999999999996	1.355801631408582	33.72578177009855	30.27412014727387
-0.32499999999999996	-16.707785893799176	36.6643310538157	28.741340964069906
-0.323	-16.072238073872036	35.85926721104151	30.104395160766174
-0.321	36.2001333567008	32.789376790233305	29.41821542685519
-0.319	66.72268573937323	35.628752729678176	30.02813099230868
-0.317	11.879378955637065	29.15398415416375	28.998645133331845
-0.315	13.062029110777473	30.014621061581884	29.936012123857466
-0.313	39.71454422013743	29.306758870454832	30.483594759519836
-0.311	51.75399617884935	34.34934966274592	29.29218781004288
-0.309	-0.26273783482189117	35.78573297288102	29.74891193943298
-0.307	-68.76133252897709	28.788561102062808	29.49169990878921
-0.305	-27.161339383852123	34.777998263629996	30.078630221592608
-0.303	-13.44266772906888	31.84824263801325	29.998691297836938
-0.301	8.207564631046438	32.225399481532946	29.946118485436074
-0.299	3.4043871635081047	32.941565659917714	30.821625686035883
-0.297	65.57393052197824	30.679591587414997	28.895517386507507
-0.295	6.040790461625534	29.205808730261875	30.037944347017536
-0.293	30.10280688831024	33.03492876076652	30.22621953142338
-0.29100000000000004	-10.65162426483468	31.66434030610752	29.386453928171235
-0.28900000000000003	-24.042414762392994	31.69445495901077	29.051509818998092
-0.28700000000000003	-39.38443976048145	30.55517492423163	29.831546638152776
-0.28500000000000003	49.42815650443855	34.32041344301096	30.668500159805497
-0.28300000000000003	43.943066601270786	33.52544149624076	28.51603390422433
-0.281	-31.44778841357443	30.553804181663274	30.27181215846747
-0.279	30.332673233379737	34.926044436621915	29.71492662436933
-0.277	-21.956287646451855	34.68836580373314	29.57188508158982
-0.275	-2.13635728318895	30.033557241169902	29.717869058174387
-0.273	50.72078489742893	32.27316549668469	30.125044004009045
-0.271	1.3359906612109285	31.558457871770656	29.579204924896786
-0.269	9.305530797254491	32.36171453590322	29.771398365535322
-0.267	-0.025676335280166995	32.546633323250305	31.584006230305775
-0.265	50.46179686418739	32.75222671618923	29.87979715978434
-0.263	25.93226733860199	34.38973906650035	30.342964142181057
-0.261	-36.572066997919705	29.020584628392083	30.117096539095687
-0.259	17.128039872194023	32.018023063025296	29.611063404338143
-0.257	6.911589295555132	31.713479403777242	29.471507805832054
-0.255	65.2784011612173	29.70363338168723	29.276524069323717
-0.253	26.333201871064915	33.18529809447864	31.368497206967113
-0.251	-5.582241053403436	31.963508365792855	29.057909472401928
-0.249	-13.859927926906934	30.640570957908025	29.11646803491995
-0.247	38.23626272314584	33.850097927917766	31.277024153995995
-0.245	44.562368217038184	32.24734844949304	29.25520676647744
-0.243	26.96981208183402	32.792704801649926	29.74061732994556
-0.241	45.73128060214593	35.33174628565818	30.225821438958437
-0.239	-34.384535934184335	29.25089463678971	30.168919869947718
-0.237	45.222172125436444	31.2075088931044	29.364283717043172
-0.235	-65.84852462709901	27.62991104831762	29.606245874338146
-0.23299999999999998	-40.81214899509522	30.540405603021263	30.281488657775828
-0.23099999999999998	29.579685919545184	31.826066265555934	29.174334164200058
-0.22899999999999998	29.37020260729284	28.794867103013438	29.768041066422388
-0.22699999999999998	44.638191178503206	34.141670851800384	30.28208607244337
-0.22499999999999998	17.782053754133997	31.25544105363262	30.02457756598982
-0.22299999999999998	1.8545280546788945	30.738948612545453	29.472589693819206
-0.22099999999999997	-19.13288617394482	33.2019341552515	30.37854837084477
-0.21899999999999997	-12.250183303974538	35.173488909462165	29.892586024359925
-0.21699999999999997	13.769752506442856	37.088501763639485	29.718472274078856
-0.21499999999999997	-41.88288542295027	33.50061665969482	29.125373392959357
-0.21299999999999997	66.74318213750752	33.54575947983438	30.163416838383377
-0.211	8.171712359450467	30.65546986847134	30.41887272607913
-0.20900000000000002	-12.173216282662658	35.03250280739754	29.961123082623452
-0.20700000000000002	15.61131773653024	35.97528319541252	29.692566103769522
-0.20500000000000002	5.485541676675254	32.110732760492674	30.795055750227608
-0.203	18.730959021384663	29.481460566550506	29.2787057216
-0.201	-2.7082383359244844	30.825480866711683	29.70505975670409
-0.199	-19.73666538002128	34.044516137627326	30.681014545738943
-0.197	8.824869285994907	32.49385084457508	29.50302023665951
-0.195	-13.091445570379001	31.75949626567033	28.653083565331976
-0.193	-16.858956951026904	34.11038724746391	29.943163181833093
-0.191	27.911152637338787	29.11228566999822	29.916306826125293
-0.189	-19.080530487269876	30.0570117074901	29.49180006741767
-0.187	18.5955731462073	34.247914328359535	30.349502101147092
-0.185	52.34697989364712	30.041217608423764	29.6077631451274
-0.183	-43.327890973055005	30.871584952151757	29.19735260927616
-0.181	76.24521820970287	26.32996544412917	30.32257721353451
-0.179	18.039466239239133	31.034434306787833	30.24839201176175
-0.177	61.25385563104935	33.137369206062026	29.078184956305055
-0.175	-1.6943943984548682	29.99527407108558	29.483735368392257
-0.173	32.99613019325243	33.00963056641484	29.929082245378584
-0.17099999999999999	37.73265434858786	30.20272300695567	29.785009369072025
-0.16899999999999998	-2.564775998470381	31.318046427681267	29.142475533589494
-0.16699999999999998	16.669970033245107	31.59858772865345	30.197321482797413
-0.16499999999999998	21.479327059648057	28.96896806746623	30.69928652933637
-0.16299999999999998	-12.64923033572618	30.053853257143302	30.054034175368898
-0.16099999999999998	-17.447716948670866	32.625265124793536	29.575179561645292
-0.15899999999999997	1.752582692970961	31.099775903090784	30.202200611669138
-0.15699999999999997	19.787800746184914	31.545659190818917	29.056496693331212
-0.15499999999999997	-33.75400472782619	32.074177026669105	29.58973463078133
-0.15299999999999997	29.767329087881933	34.38983125525643	30.238661243489936
-0.15099999999999997	19.37292846698746	33.858632477333735	30.255107595962645
-0.149	-9.047262652051025	28.197071083088524	29.13322728349269
-0.14700000000000002	72.5690445368965	33.28244928414684	29.739778153815855
-0.14500000000000002	-7.021954353203519	35.64734302314798	30.467624699674577
-0.14300000000000002	26.082382503567203	33.66607059229995	29.259936094101995
-0.14100000000000001	30.373878911804653	34.57738344071506	29.68349901684039
-0.139	70.78339225419228	36.42383908482204	30.209162509896515
-0.137	-5.874887477164137	31.637934311255066	29.45846108215442
-0.135	35.773361267255055	27.902909800460755	29.520237845364623
-0.133	50.349747190647776	35.64967328745817	30.796464783104618
-0.131	11.644357177154063	34.13142369163663	30.102483139240455
-0.129	-13.324467192932232	29.37412472556073	28.737438298320804
-0.127	-0.1674575560439706	38.20734388170754	30.50626292092891
-0.125	-0.47451445595037	34.40017369788335	30.38936013507645
-0.123	15.587979379283468	37.545275991313375	29.674091555263505
-0.121	42.467402691759304	35.51304543251689	28.786231942214695
-0.119	59.09830956474238	36.3426521124048	30.550255434514465
-0.11699999999999999	4.47475036180478	31.849462947148904	29.96419498635755
-0.11499999999999999	-9.286165576161132	30.161685422830086	29.251841773819745
-0.11299999999999999	42.14340979546982	29.765470545891816	30.315227988845404
-0.11099999999999999	-18.19971424954492	36.066279086192644	30.350131842189832
-0.10899999999999999	55.39852862357364	31.015292075486286	29.436005210853217
-0.10699999999999998	22.228278127700563	28.818021723128982	29.926207001838016
-0.10499999999999998	47.29536204606255	35.08426793294838	31.17458859184849
-0.10299999999999998	49.39885061050475	34.34675826345123	29.43596067688639
-0.10099999999999998	72.00738453061462	29.47956642905943	28.947049630362084
-0.09899999999999998	-3.5562260347621333	32.59686986384251	29.986608794064924
-0.09699999999999998	10.66302156549348	33.83925613795846	30.200147271739304
-0.09499999999999997	42.4646059853373	29.06234795702211	29.776929761938142
-0.09299999999999997	51.42521199386074	35.62626774857928	31.02562636139241
-0.09099999999999997	22.605686722299012	29.822574878452524	29.599183225568165
-0.08899999999999997	52.756019479849314	35.31556906178107	30.331032252688946
-0.08699999999999997	27.71251526190177	34.49611797243066	29.663674240645356
-0.08499999999999996	21.8726548275594	30.800060232070475	30.70292924501308
-0.08299999999999999	32.10329673586365	32.907132718901096	29.394124876486178
-0.08100000000000002	62.13882811101357	34.38350389022862	30.24804153045426
-0.07900000000000001	1.5454690862615195	30.098380879418997	30.025175627744673
-0.07700000000000001	28.126986575616186	27.4685221751189	29.29100741061972
-0.07500000000000001	6.080441838252071	35.85875409614728	29.291526139224917
-0.07300000000000001	69.52187457121006	31.259907228627043	29.280418091363853
-0.07100000000000001	-9.387548750683372	32.97168020558513	30.56132763116949
-0.069	-19.26476528413268	30.643723179040894	30.0278267985985
-0.067	64.45837970292523	32.192301414842184	29.91789829159419
-0.065	15.24787921480808	31.679323027392744	30.009501496253
-0.063	33.74465704863994	31.6063959233222	28.875664002527497
-0.061	-0.9353165102421457	31.650089340408062	29.594431803139244
-0.059	42.393571320742396	36.01295335542869	29.71418114833037
-0.056999999999999995	41.97681463158354	29.915708603102846	30.278419795394573
-0.05499999999999999	-4.4769174173397985	29.8436517138903	28.681049322695273
-0.05299999999999999	2.818888915623319	33.97852827489139	30.21639551608927
-0.05099999999999999	9.294341958510088	34.75921718882081	31.3263267794232
-0.04899999999999999	-10.125280298201034	30.45429678933137	28.936129034649078
-0.046999999999999986	-46.86921618357598	27.80332693105635	29.444629553200876
-0.044999999999999984	8.000931597695882	31.918744552355136	30.328043621821095
-0.04299999999999998	27.622652942094206	34.743372567035934	30.497196298115174
-0.04099999999999998	62.569241308541024	34.37842342055179	28.83364522443044
-0.03899999999999998	27.12285664263625	31.24364909595268	29.94733120492074
-0.03699999999999998	4.263729668663174	32.81342490124071	30.236619825509482
-0.034999999999999976	-22.154835183973987	27.518578147587366	28.613018800740793
-0.032999999999999974	17.48320617034338	33.79606627147137	31.378662611619173
-0.030999999999999972	-20.138984304307606	32.949000965170264	30.077951602185994
-0.02899999999999997	47.55738345241234	27.761638269180175	29.962183548193753
-0.02699999999999997	62.5053534122344	31.397718134751283	28.789967531836865
-0.024999999999999967	-55.866596746056985	27.75489062007346	30.037570493088324
-0.022999999999999965	-22.760460223092416	32.018934316207	29.17223387545371
-0.02099999999999999	10.620338938949203	29.25061498590321	28.77274195624626
-0.019000000000000017	74.57583808334611	32.70707754848292	30.318777679009234
-0.017000000000000015	113.79951523915466	32.50739917284304	29.500621863652796
-0.015000000000000013	-6.166696368214986	35.697006132705816	29.668908542813064
-0.013000000000000012	26.68621709811525	35.276978441704735	29.849154901377858
-0.01100000000000001	-15.325915862729467	29.86849866494412	30.069141046251136
-0.009000000000000008	-238.49182101587374	32.06223736496635	29.975210503117836
-0.007000000000000006	-333.04486405549835	33.74335589307414	29.06126043292416
-0.0050000000000000044	-409.7339019948354	34.033671576576936	30.230877872550614
-0.0030000000000000027	-396.3125116782651	28.930369393305778	29.004277917423444
-0.0010000000000000009	-434.41081336792473	32.830494730832235	30.139648147516446
0.0010000000000000009	-358.16621992301737	31.97499700523267	30.22986443889671
0.0030000000000000027	-395.92299283430776	35.83121391633588	29.66495398372384
0.0050000000000000044	-417.3252386501236	36.09855695149821	29.768088642486944
0.007000000000000006	-383.4761322252245	35.26880372536927	29.579838477385426
0.009000000000000008	-194.99841128411964	33.222392480187914	30.7281033151864
0.01100000000000001	-67.97641750511119	33.518919499657464	29.216103798399974
0.013000000000000012	15.224334395602668	34.84163513740104	29.821955325615722
0.015000000000000013	7.300750156202795	31.36561427543454	29.70261824317751
0.017000000000000015	47.621584062129685	31.943701926899568	29.61883168038115
0.019000000000000017	13.379644837607785	35.98300898074289	29.446957685840324
0.02100000000000002	-21.215422399745165	33.26767534736181	29.488409864936205
0.02300000000000002	-3.543287875329426	32.80073529645702	30.50746173976472
0.025000000000000022	34.575151935722914	32.57295470877746	28.486342372270027
0.027000000000000024	28.13101689036479	31.622945906218998	29.745914614649923
0.029000000000000026	85.0572871591293	34.124613249657976	30.14447756014867
0.031000000000000028	32.56332900680725	29.636222054110387	28.549950070463375
0.03300000000000003	24.960788200578676	34.74478290732641	29.914843099851947
0.03500000000000003	20.665483336346213	31.257089489892095	29.067221063270285
0.03700000000000003	34.00129279773623	34.555457442434445	30.139284268524783
0.039000000000000035	36.88241547417093	35.01459951808535	28.340387179747353
0.041000000000000036	79.47772291183597	36.66281427520553	29.93665800438022
0.04300000000000004	1.497803632011241	35.9137487556007	30.285337014279374
0.04500000000000004	10.29449141443095	30.613908222419838	28.464782676051183
0.04700000000000004	30.579618766735095	32.936584322207544	29.695984723078798
0.049000000000000044	53.01866601947758	30.029283775216527	29.087724391560617
0.051000000000000045	33.2169013070871	34.67609747012279	30.47797634777489
0.05300000000000005	48.18486684321499	28.648577431119058	28.470131370658095
0.05500000000000005	25.534725655917967	34.162001210881705	30.191330497704094
0.05700000000000005	-32.05198788591712	33.221609578849964	29.861504662779137
0.05900000000000005	-1.052510572363552	29.29578083009967	28.64027291172858
0.061000000000000054	-21.808961690239492	34.03046819201407	31.065095848932547
0.06300000000000006	69.57580063859936	28.84009904787216	29.881916359429578
0.06500000000000006	-38.42086594774141	32.83697898230705	29.404268705227928
0.06700000000000006	46.60077834017784	32.25104553827254	28.136569933104973
0.06900000000000006	14.053721751672299	29.59332299566606	30.35299345448156
0.07100000000000006	-34.57954725094581	33.466604761367	29.323063460133707
0.07300000000000006	-3.763202644058161	30.85049406367319	28.752832241033055
0.07500000000000007	21.542481333014507	32.62973168143176	30.522468972239505
0.07700000000000001	26.360091235355654	33.611832309285894	30.28375097864859
0.07899999999999996	-44.15025860349253	29.934782254907386	29.712702989924185
0.08099999999999996	22.55823923480449	34.05156589554399	29.43737748536533
0.08299999999999996	20.750913511280444	31.899635078390464	29.781743883887586
0.08499999999999996	44.51806885885645	29.48346113328635	29.70810227584744
0.08699999999999997	18.905255757539763	31.216089413174632	28.75762335710107
0.08899999999999997	-14.838501160352457	33.224479402785356	30.75027977633439
0.09099999999999997	49.88927682059163	28.95192999961317	29.18141462151894
0.09299999999999997	60.22848044606732	28.629010527732067	29.860163558552497
0.09499999999999997	39.93892693610057	35.54211185530531	30.43745871813651
0.09699999999999998	-55.77426063840818	30.498414282728532	29.279044644810938
0.09899999999999998	-17.840848092642858	32.66045400427696	30.156024297173524
0.10099999999999998	2.7083676215067243	28.50741145825278	28.586597043817918
0.10299999999999998	20.611282911753293	33.057867055258455	31.624158125725703
0.10499999999999998	-8.20562205250397	27.826821961270404	28.053902071717534
0.10699999999999998	-24.051898564358964	32.42336759262127	29.773733627472684
0.10899999999999999	9.768842305302172	31.797159609043444	29.556775542980667
0.11099999999999999	45.85920250965714	32.62274002892986	29.08673905735157
0.11299999999999999	0.9035980137461763	32.12706467246646	29.488730366733
0.11499999999999999	51.293269739183245	30.683332357109332	29.334255159971853
0.11699999999999999	20.870060053912454	35.40706883363665	31.01877674503125
0.119	40.90832664460642	35.088561941042244	28.07185081541316
0.121	-31.17372639249716	34.14799352963513	29.91915920383185
0.123	98.73461186127308	32.40895735621676	30.39406949641874
0.125	-7.24849117539339	26.759501517087553	28.121528966613496
0.127	11.01322449303943	33.46181864538197	29.667195191232686
0.129	5.532055781465317	29.497558727623243	29.230861916568035
0.131	-3.6577393052183993	34.41931035300673	30.033948755237866
0.133	-39.92291626764288	28.6287214091008	27.862558293063145
0.135	-11.483583633786765	32.22096315438857	30.451797525945903
0.137	2.262846510170391	31.747055896614622	30.443615766692727
0.139	8.818204682237152	33.2287854166129	28.5990471563128
0.14100000000000001	-11.244713142399831	36.605075064242556	29.42908530928224
0.14300000000000002	0.411319979187752	32.658977585330476	28.91716403099589
0.14500000000000002	-11.43056542507459	28.509410565952436	29.700716735107978
0.14700000000000002	43.40044361517137	33.81639563786525	27.891689220623633
0.14900000000000002	18.4753890848377	32.37515185247869	30.166045587477353
0.15100000000000002	-48.88755968168734	33.07852217452888	29.973525210300508
0.15300000000000002	74.40387270163384	29.104293761773043	28.52194921731694
0.15500000000000003	0.2349539296453429	35.03205786350376	29.940793885954406
0.15700000000000003	77.96335370535701	31.469758977196744	29.48623757840987
0.15900000000000003	-0.5740969950540631	31.37731528989108	29.41889777698543
0.16100000000000003	47.48889427030889	29.392144019378097	28.607743261010256
0.16300000000000003	38.464475493604766	29.63792648436211	30.86380779752228
0.16500000000000004	-6.44482371725541	34.05791643274323	29.05598889580924
0.16700000000000004	53.43311407468576	33.153466996843036	28.529664073275697
0.16900000000000004	-16.676125206949166	36.27899968774826	31.107948241327485
0.17100000000000004	-23.60603330764377	37.32654410310296	29.11443305918504
0.17300000000000004	29.465490983815457	32.130565646758846	30.646305378390167
0.17500000000000004	-35.21151628682606	29.54027269590247	29.18107013534685
0.17700000000000005	-28.77105023280091	32.69850927094955	30.17000129191704
0.17900000000000005	-33.00113904580737	32.641134543775344	30.51791988598338
0.18100000000000005	2.716184829942847	26.85761297948478	28.170598433285125
0.18300000000000005	41.30290346315846	37.27429180088748	30.50198111767959
0.18500000000000005	-12.187150865372587	28.58133838568055	28.583297696429838
0.18700000000000006	-13.627479074962423	31.253172901468925	29.67121475273625
0.18900000000000006	49.385226968734486	33.1669049937785	29.631626596608708
0.19100000000000006	16.8200764965043	37.0065473679414	29.963682898176067
0.19300000000000006	57.89224420449379	32.598907581249776	29.476024606963406
0.19500000000000006	55.38408110705717	32.57661686002346	28.961770791866016
0.19700000000000006	22.05181895953423	32.07729788526142	30.78496492717171
0.19900000000000007	62.89351467736459	33.58065206173747	27.88391706388603
0.20100000000000007	40.7974649592191	32.83551919175301	30.05650110412807
0.203	45.895665101269856	33.9498661900954	29.30358651175395
0.20499999999999996	41.69034919332404	28.44739176590406	28.380457386618158
0.20699999999999996	48.065817785492015	34.69103113505184	30.43239250196763
0.20899999999999996	-3.4083671593965192	32.85901543735906	29.66536021650263
0.21099999999999997	-9.93848315022916	29.6237871537164	30.25469727532698
0.21299999999999997	69.09411927180642	34.8875489045986	28.699419905597626
0.21499999999999997	3.870225590674181	30.5766972558692	29.655956619772134
0.21699999999999997	-12.330993781728417	31.84241264219435	29.400721182465624
0.21899999999999997	47.15896773688222	29.195033471637753	28.23932275880905
0.22099999999999997	13.445832660829993	30.59946366750077	30.04805421345415
0.22299999999999998	-9.249987707793395	31.788420159392665	29.510665144124804
0.22499999999999998	-29.522432790529685	32.79629850735222	30.512024750498664
0.22699999999999998	23.72177423870525	29.27719626734062	28.382088561393587
0.22899999999999998	-71.07106959536313	32.224013092552944	30.466817017547708
0.23099999999999998	23.644096203367937	34.535715491452216	30.21049139193952
0.23299999999999998	10.183162039378857	30.489693974435355	28.54208347160851
0.235	-15.62869542026668	32.03877783540413	29.892456070496326
0.237	-4.657417098430372	29.789824847306317	29.360134865451535
0.239	-31.5358394556986	32.051735417839346	29.35618221120469
0.241	61.86779759231875	29.974417736849254	28.069438867913973
0.243	5.292080069274618	32.786402654675996	30.345938497747582
0.245	19.231264041685847	32.47896585153958	30.449191600670517
0.247	67.70997482119512	30.030794783744224	28.434133878787758
0.249	-47.49958223848605	33.39444676684188	30.85710367789838
0.251	19.066518504917696	32.863015073269835	29.938570588434995
0.253	-33.017225981035736	31.05511345532539	29.367757774345034
0.255	22.818139390423653	31.599922712107634	29.355543774037173
0.257	-75.77719700690989	34.68046588786808	30.0823643110257
0.259	31.946998127363457	31.833321443023895	29.66829790602249
0.261	47.00891698394827	29.82794564891222	28.292470882328956
0.263	-3.133762865425993	37.818854046127626	30.769304502023466
0.265	52.890533082994295	29.126545668883708	29.284350221296737
0.267	30.61679045091026	32.843987167206464	30.35773110302366
0.269	-10.139681538956502	31.515496191136823	29.23278543678805
0.271	49.207968765507815	37.284354252210534	30.417694719248495
0.273	-8.675009294245584	29.406849411743703	30.16682239864515
0.275	4.509958738685427	28.383880519851715	28.906425476332913
0.277	-74.31117635214868	33.7279348833697	31.388841566258858
0.279	29.926223933607332	32.23624286153371	28.755165410662197
0.281	38.0364869156935	31.304004452608527	29.87290384006207
0.28300000000000003	-34.98345745400755	36.2572769141743	30.20266174337453
0.28500000000000003	63.81099853292049	32.46774123466265	30.405793583380156
0.28700000000000003	23.206341635662042	32.89386538343853	30.47100523310143
0.28900000000000003	-11.846744589538716	32.66354938416845	29.6490293127101
0.29100000000000004	15.335745285227631	34.35097009637535	31.596045442448503
0.29300000000000004	29.52262625055546	28.864285836986465	29.107982577558722
0.29500000000000004	33.89766320172072	35.35687004481923	29.729085041496244
0.29700000000000004	43.71504185951558	34.134546268281376	30.00914825157948
0.29900000000000004	47.47782968861358	29.123535039430468	30.115264325623432
0.30100000000000005	-19.370952444863754	29.423314010135133	29.558923964747535
0.30300000000000005	69.12201857023348	29.9211748098274	30.05567838680276
0.30500000000000005	-62.182125129872645	34.584109709599915	32.10751996207708
0.30700000000000005	3.563319781685337	29.15325700267255	28.034728059317317
0.30900000000000005	23.065894625196037	34.86357286837502	31.30921643334886
0.31100000000000005	-15.408451565779302	32.23312832207951	30.24667562939658
0.31300000000000006	78.40047571261444	33.52348164560266	29.115605385423738
0.31500000000000006	-15.53188368863534	32.541634289882154	30.5278675076196
0.31700000000000006	50.98349281329462	30.01535426012462	29.653093845271982
0.31900000000000006	3.233869452445859	29.988048584711944	30.964674665986912
0.32100000000000006	83.88899927469495	32.49388376928116	28.95623001225877
0.32300000000000006	14.533814408634882	34.70218909253278	31.054147385189946
0.32500000000000007	27.250410409962456	30.98991087264445	30.500140245628096
0.32700000000000007	52.60920143279613	29.08654806551248	28.42974773582304
0.32900000000000007	-16.58406141380464	30.164524554416868	29.851064888868624
0.33100000000000007	20.9480345534363	31.686695130520754	29.991111708031873
0.333	8.435639269332995	36.861889879105874	30.039435814780074
0.33499999999999996	-2.4353204279847773	31.48334322281248	28.9346963274997
0.33699999999999997	38.2455982927965	32.76729859779043	31.05674154295502
0.33899999999999997	26.82655642338716	32.36050260240347	30.756621754211853
0.34099999999999997	39.31717732807982	32.362488482157545	29.400907540804944
0.34299999999999997	30.06205715871957	33.17680733124109	30.990852378050263
0.345	9.327835305050769	35.79122396580987	30.29108052369282
0.347	12.551225595069937	31.492156644142483	30.90091352449311
0.349	27.599092007779547	32.52159355158191	29.190892394407836
0.351	-25.19329241712498	31.933738996923633	30.408276653554193
0.353	-24.753717807191045	33.009256240260314	29.673810487769888
0.355	14.301219852574931	31.780542019822	29.354263261264848
0.357	40.20814360661262	33.46534845306612	31.561273602133927
0.359	14.315136326104039	27.490532106281968	29.469674634413344
0.361	46.75404546916617	32.91816871737666	30.22405739349583
0.363	16.452148953627344	31.71758802480705	30.27997949727682
0.365	46.459351674688065	31.470527193463617	30.666332673186883
0.367	-20.408987952302837	32.49649187522039	30.554881157842484
0.369	-0.8660536787719053	32.56106063227151	29.053038400348612
0.371	43.47817230065942	31.93500177733566	31.49845248787483
0.373	17.962796547976723	29.334199536758902	28.741317257620214
0.375	42.51843831371005	33.07898946506405	30.090743356532748
0.377	9.891986423982146	32.1346480012769	29.920399096705438
0.379	9.50903878682574	28.4668295502893	30.212311390771127
0.381	41.71111016026963	33.56920422122682	29.349041350097032
0.383	2.6707552103211185	31.903027274750976	29.425296682210195
0.385	-5.276365152573348	35.230776729288245	31.833626250654866
0.387	19.299997158439552	31.538108383668558	28.89137115864844
0.389	-21.816448505518338	28.866878032907014	30.24153533514271
0.391	3.50261321857559	31.306208686382412	30.28533162974118
0.393	-11.053786037051871	35.96480405109763	30.857086068488794
0.395	67.22815780779712	31.917700359052898	30.53797268506837
0.397	9.71527596260735	32.40089138617238	29.88600082126193
0.399	13.778958026566812	35.362123304266994	32.094938012629825
0.401	48.456676388530795	33.23330451162195	29.111610791316828
0.403	12.860193778108098	32.14381615955795	30.649338511270592
0.405	5.144355317954208	36.97569356112496	30.472190791890426
0.40700000000000003	35.352708084746	31.075478059845885	28.991791809872584
0.40900000000000003	-7.085324818967287	36.067221659593564	30.634691081787828
0.41100000000000003	38.105343124650304	32.384167982308014	29.40121730918471
0.41300000000000003	-16.44506929043832	33.392811503756874	30.93786723375859
0.41500000000000004	6.50213630071228	32.914002747245775	29.77991143219441
0.41700000000000004	-0.862706700854865	35.848143702285995	30.418355819666548
0.41900000000000004	0.3225719025223839	29.798101615845127	30.88500074284126
0.42100000000000004	16.71901747379856	33.05201133076316	28.376405279170683
0.42300000000000004	-23.112121157908838	27.322415296030254	30.94644757204825
0.42500000000000004	-13.393832509978054	32.99020037032177	29.674206549777036
0.42700000000000005	24.50444756996184	36.056529637753236	30.433342696530712
0.42900000000000005	-42.36498461485105	34.06782818416242	29.254381812182718
0.43100000000000005	17.509855576358646	30.26861235037707	30.468639210198504
0.43300000000000005	7.263868149198771	34.9124009500525	31.440573516512654
0.43500000000000005	54.97644461605056	30.86956373962335	28.527633466740422
0.43700000000000006	-18.360208466683403	36.92507084975437	31.294605863911514
0.43900000000000006	32.70979536362795	31.825455031815654	29.787760252143027
0.44100000000000006	48.57012740178135	28.801918908818713	29.95267312294827
0.44300000000000006	-32.30754869820718	30.691278799941937	29.894868667092872
0.44500000000000006	22.58027277202146	31.861293890338963	30.43362213612436
0.44700000000000006	-9.590939408221644	31.743951332126176	29.376597850410132
0.44900000000000007	58.83797354866438	33.751076078432234	30.927756285524964
0.45100000000000007	-16.475679170513402	34.41937554442243	31.288598588283115
0.45300000000000007	92.2222033024056	29.144636196847753	30.35191434405658
0.45500000000000007	44.1865573330702	28.04581082213831	29.414243535451938
0.4570000000000001	-6.951921322717602	31.295769705072896	30.89349332094239
0.459	-27.7737043905546	31.879721038096143	31.4153288125506
0.46099999999999997	67.22154429539273	34.75499031822607	29.902543402592993
0.46299999999999997	67.73700817142014	35.62874961890913	29.670513509083076
0.46499999999999997	-17.753266483899743	33.541815867698624	31.63639387291055
0.46699999999999997	30.08072739651979	33.963195490359894	28.86959246013125
0.469	-16.45817764950319	33.2147743459664	29.520805638444255
0.471	8.609441255913453	29.703364966408838	30.71383990887845
0.473	49.55797511718707	33.0118657956097	31.2875561418674
0.475	-17.977811549552136	34.90881185614582	30.486463701025553
0.477	49.39435786166513	29.01485624938099	30.143740736862497
0.479	34.06359725066643	33.30621293279019	32.084201391831414
0.481	69.46955972231272	30.182605778679022	29.33081255555236
0.483	13.55113840406652	35.73090816133175	30.381574823797063
0.485	-8.883668110470921	32.26014392761671	30.616416612022046
0.487	33.92599674256758	31.582088141363542	29.714072125156576
0.489	-23.948433860110363	30.71761973324451	30.053373303225396
0.491	4.082937331117975	29.093142379311644	29.56565943200739
0.493	32.59278538747523	31.021766854005712	31.76234931598489
0.495	-19.432899766802514	33.37299150406247	29.894062536411695
0.497	-43.72955499953868	31.99119245876776	30.557993601532708
0.499	43.38124600788973	32.48722708996705	30.025581685958844