-0.499	8.235639975762155	17.151980764832455	13.298287210559435
-0.497	23.70963122344527	13.54523173354858	13.318872380457313
-0.495	33.75078795730957	16.25001627294816	13.505863701720708
-0.493	-4.5671490792598135	14.412379166441083	13.31314377187487
-0.491	39.379897928126795	16.54894442868364	13.447543331706086
-0.489	-1.0631312106212931	14.751179405635522	13.234529925455183
-0.487	30.684751313847514	16.15831773280199	13.781443236860975
-0.485	22.480114542533514	15.246985383900709	13.311473804678323
-0.483	23.975871276560312	13.998054574621476	13.160854429218668
-0.481	19.181480029439868	16.02285977208832	13.246639097240747
-0.479	25.736375004914436	13.432374962713983	13.71731368450092
-0.477	8.689654966032023	15.299485871979966	13.034761375024239
-0.475	-5.481087370307058	15.402339743431408	13.316970912145706
-0.473	21.584376167282926	15.775557003484908	13.04462451838789
-0.471	-2.274713109984283	14.392692939908178	12.93984973451113
-0.469	-5.5921808765901915	14.362836111092115	13.038986378454474
-0.46699999999999997	1.297585643156296	16.89607597511524	13.162429072346649
-0.46499999999999997	-9.482335647903462	14.81326114995265	13.24247422068218
-0.46299999999999997	10.035861955470793	15.565824884190695	13.56708765562807
-0.461	-9.339856401391344	14.635301703550876	12.581940373971461
-0.459	14.412075470371377	14.076653677085421	12.919886188852828
-0.457	-0.7782271589373835	15.230882868409964	13.06123507811899
-0.455	-7.5413012592395745	15.796522741450667	13.231188691493092
-0.453	4.820770922897566	14.561364741023846	12.984610440800635
-0.451	16.356496768565876	15.113828900042943	12.860021016356132
-0.449	16.951988367486237	15.21470557256385	12.921870761454084
-0.447	3.009905503281729	14.248444487407957	12.685188062236923
-0.445	15.047788218147673	17.106570930804214	12.816598112094592
-0.443	-4.699354243964393	16.316415925531587	13.171550980273603
-0.441	-17.190190004678918	14.027870475096549	13.161619949061544
-0.439	24.57211916429003	15.566863131508859	13.306525335281961
-0.437	-12.295451927712975	16.807446756897953	12.791074106706386
-0.435	-5.554118212014458	14.821450199117209	12.938628896368565
-0.433	1.314797356988251	16.563921448776952	12.515012143508676
-0.431	3.75114030770618	14.419055716950426	12.85644749671989
-0.429	-25.349832041388076	15.074546509903204	13.175924903404374
-0.427	7.875818022862191	14.95601058518536	13.027993197863172
-0.425	17.263812306600457	13.690843999455186	13.371559245560487
-0.423	-0.34814896876511625	15.467534089957349	12.920832977021773
-0.421	6.686139967904126	16.47535989352307	13.173581733369444
-0.419	6.056742867466269	16.18507287988171	13.166465772767635
-0.417	3.5126861335221804	13.119328331570708	12.99395814484422
-0.415	18.81508089862649	14.152887219570776	13.64919729191706
-0.41300000000000003	13.467835499936243	14.270654998776081	13.179534858870836
-0.41100000000000003	19.122723737829972	14.859910199025872	13.432267782206372
-0.40900000000000003	20.8615651180466	16.518217409185056	13.57617722612605
-0.40700000000000003	-19.905362364625034	14.769403852633168	13.111714245316197
-0.405	-4.829629072999886	14.913285089208498	12.923844672605965
-0.403	9.37137694156931	13.872627431865077	13.299820992393395
-0.401	-24.46538907019402	14.076815431219565	12.754377632445145
-0.399	-31.122402592953513	15.660961199040385	13.296150834753822
-0.397	5.786075409019986	14.193298662291873	13.034119342159785
-0.395	4.4645879337945615	16.11463958813452	13.364938770893431
-0.393	-13.492790371216756	16.931966743569653	13.415034202472421
-0.391	-8.564740726857423	14.996882694244468	12.99770473247549
-0.389	-10.763111611633569	14.862526984369556	13.431137598195212
-0.387	13.915938811503992	13.224162863318176	12.691794040228224
-0.385	-26.758929777548346	13.942045479723683	13.559934427751395
-0.383	-12.434794432913954	15.720049134489397	13.106400729419471
-0.381	-6.894700608661708	13.56843784685754	13.569414602597034
-0.379	-7.929916520210689	15.71854798671093	12.984245593896905
-0.377	-1.4123243607944147	13.585155951219464	12.875604051540314
-0.375	23.868401375137793	17.179131098128167	13.559850404684965
-0.373	1.5470637695358391	16.24087911496622	13.065520329429026
-0.371	6.7515637811599305	16.475717316281454	13.495390237196744
-0.369	7.113958101268025	14.59201425399881	13.177443761770073
-0.367	-13.912128639881338	14.698787948244327	13.57914165379422
-0.365	15.944611881035797	16.44863712460061	13.1151872886038
-0.363	34.73869860282086	14.8713158598571	13.71348159589755
-0.361	23.957107681216172	15.217945966654309	13.119230484143552
-0.359	30.337615615216862	16.28430595350776	13.644615864989143
-0.357	2.244520932448424	15.170770450624802	13.308825742785393
-0.355	-1.9697896086467992	15.682776801640006	13.122131050172491
-0.353	30.82902030615564	15.080259224624987	13.495956889373616
-0.351	-1.8333556082161806	15.082827926139512	13.387470980402867
-0.349	-17.356072947061207	15.949334187568503	13.910309634065781
-0.347	-8.014774059095231	15.59496557761264	13.730893176786632
-0.345	-8.643962218890522	14.000795088659155	13.430378773619626
-0.34299999999999997	22.221721708959308	16.80717038230424	13.2392222310071
-0.34099999999999997	12.30138422947391	14.737438653192372	13.944588475374456
-0.33899999999999997	10.220401380101052	16.30848634634723	12.684142342401396
-0.33699999999999997	21.90194505047316	15.629925650533043	13.373316666200683
-0.33499999999999996	4.472374641961707	18.177931809454474	13.033382335030353
-0.33299999999999996	-17.28710466930572	16.383852866694273	13.178157544020317
-0.33099999999999996	-6.603536520044528	15.188307303037316	13.111534096707842
-0.32899999999999996	1.8543645157187427	16.87500712417102	13.286084832169822
-0.32699999999999996	-10.166070086303769	14.976243736115732	13.379274780914464
-0.32499999999999996	48.05087489900828	14.691458255472172	12.983453765555415
-0.323	4.09414727009505	14.759865260072596	13.45113622486855
-0.321	6.137791196181297	14.577028815182896	12.923323080593486
-0.319	0.7692546779569653	15.041515306012757	13.361935166277172
-0.317	-8.301246802289164	15.405365553670887	13.04841089855893
-0.315	-6.358508669812579	14.644884786005205	12.92912679877456
-0.313	17.912804750386258	14.562830515260202	13.034981382632393
-0.311	-3.251979209917266	14.365541297807564	12.70331323203982
-0.309	-0.3413246381089863	14.268844399354222	13.245501676864901
-0.307	16.162700423150156	15.181772573279545	13.31444574069056
-0.305	-5.725567737258075	15.286869483363517	13.648194816479773
-0.303	-1.7401429807106794	14.57993558839823	12.804426159437837
-0.301	10.43535458200573	15.391836635782356	13.435340899660634
-0.299	25.72486890950465	17.189975081887788	12.628752951531828
-0.297	4.626819502639989	15.283375737717936	13.305723145554207
-0.295	-5.974172841205494	15.420224999413634	13.043633817004872
-0.293	19.278875244221894	16.639819806183827	13.002740315076833
-0.29100000000000004	16.01899350411884	14.902094486815354	12.986599330616766
-0.28900000000000003	-10.369644280250334	16.886072767660586	13.63811925686661
-0.28700000000000003	19.60254489352664	15.317061384178874	13.188987401131346
-0.28500000000000003	33.56516842734081	17.571101718679248	13.314608853705352
-0.28300000000000003	-7.37507703740814	13.811448616568747	12.875528872058077
-0.281	-12.720913733943462	16.303094133857098	12.741120802357292
-0.279	-25.756349398164957	14.351609600985181	13.245229476247847
-0.277	5.1931141096250855	17.240977277030392	12.801551966319497
-0.275	-3.6576280839639708	16.767231641218117	13.645631549842227
-0.273	36.53878629727991	17.994041402123578	13.771689907598974
-0.271	3.6868026027647716	15.729590601972212	13.446940082313446
-0.269	18.80311428559267	16.17886912354501	13.237524469691328
-0.267	30.61466894349607	15.589580609598912	13.053504213055227
-0.265	2.5448481177914317	14.731927132955038	13.66509628663079
-0.263	20.30090910465354	14.767359719656069	12.642231915177033
-0.261	-0.6689983939045518	15.866205113390716	13.944443281224594
-0.259	9.857848977334882	15.779477885321615	12.818828185463506
-0.257	-17.643536361244827	16.062420505667937	13.369239303017004
-0.255	7.29875086413756	16.962394258786695	13.567657333397134
-0.253	42.92816692652579	14.401735731293819	13.446061769965581
-0.251	13.481887326749487	15.003642912313111	13.656479272330186
-0.249	26.544030514719097	15.51030204739056	13.44428794989042
-0.247	33.95827160690423	15.722078318637589	13.058395470998763
-0.245	20.064015557430537	15.349650669425575	12.984932029917145
-0.243	2.364860160142257	15.933350682097108	13.318519014898392
-0.241	1.7925019273334897	14.155615109644463	13.236944874630183
-0.239	-18.55540033657288	14.231140118221035	13.396433710177408
-0.237	-21.058076435487294	15.039587603460175	12.749994317050577
-0.235	-16.89087205236639	14.871523886867335	13.384461997057384
-0.23299999999999998	6.1300733407154695	15.621049195183025	13.170682955527822
-0.23099999999999998	-25.649055150900324	15.465804961900997	13.38984344850142
-0.22899999999999998	6.659930967156669	16.94635208560208	13.245228325009363
-0.22699999999999998	-1.2601213545959666	16.034635953848742	13.056103668038284
-0.22499999999999998	9.948766820144783	16.140426911355007	13.244393187341807
-0.22299999999999998	27.70429455267731	15.550703256309887	13.122512845843172
-0.22099999999999997	9.313203668481762	13.92850900698754	13.256921234246398
-0.21899999999999997	-22.612660868226442	16.54215244709495	13.056600015456459
-0.21699999999999997	-6.4500408540890675	14.069192072849665	13.363269134978939
-0.21499999999999997	-17.695099340242493	14.274413969250602	13.364085203052
-0.21299999999999997	-4.328633909755908	16.749534696862543	13.42745529235159
-0.211	31.296345995190933	14.48838031141992	13.291330564400852
-0.20900000000000002	6.502747152081767	15.937740072189916	13.181487275290596
-0.20700000000000002	7.013495435526096	13.531954099493465	12.928982641504852
-0.20500000000000002	5.142033478344743	16.40962078004078	13.166311535195236
-0.203	27.20327474170503	15.686515393937	13.050940666047824
-0.201	-21.294411952088588	15.383966348213779	13.052985810205358
-0.199	-18.65855403049288	13.510453950043404	13.450370681279619
-0.197	18.266883180961813	14.316050567937998	12.801208840088904
-0.195	-2.178975478051015	14.267394389504519	13.311747081900814
-0.193	-11.694393165950778	16.589176034174898	12.922792225907157
-0.191	1.52111855955539	15.98450246437569	13.248787199526118
-0.189	37.1639795455625	16.810712480682064	13.709775241450986
-0.187	10.774245472466859	16.00289838331964	13.09903693521076
-0.185	15.709745520231522	14.308961120307597	13.036983835870675
-0.183	-7.645609961914879	14.951225105515887	13.242463254883624
-0.181	-35.111389266484494	16.00572002931788	13.319112024084133
-0.179	-0.20725885119254883	16.685495552504147	12.866854278904139
-0.177	18.893402607078613	15.698560293484942	13.391854695785144
-0.175	-0.07438656035585467	16.651634898054247	12.857274079910265
-0.173	-29.83018524216341	16.879156445337927	13.177496719169827
-0.17099999999999999	6.69762247551553	15.113452087426992	13.170099778609616
-0.16899999999999998	10.364554854369601	14.76264787548522	13.308873700971272
-0.16699999999999998	3.9112963385878885	16.424202293005873	12.747745686337598
-0.16499999999999998	-1.014519927511337	14.886079078567837	13.562972455718329
-0.16299999999999998	19.84618410966199	13.834700502812362	12.809890316219231
-0.16099999999999998	-12.746123072893134	14.996766555440866	13.303434058128055
-0.15899999999999997	5.605359444604829	14.819080487313986	13.454692438482473
-0.15699999999999997	7.936187577994858	14.21349590790851	12.807835637714833
-0.15499999999999997	21.303178371345766	13.346196030478934	13.94923634195265
-0.15299999999999997	23.444028149910423	15.578289808566433	12.796812213448765
-0.15099999999999997	8.886143814335057	16.06143504354834	13.130479259475207
-0.149	2.0457806051421557	15.218177493303248	13.1135493310949
-0.14700000000000002	-8.04277044785806	16.275467314308397	13.310943672797759
-0.14500000000000002	12.391094690755722	15.095084078278704	12.758048686464175
-0.14300000000000002	23.18613132779035	15.2367605553781	13.12115873320572
-0.14100000000000001	26.348690062238944	16.967018210552943	13.509668552957525
-0.139	-5.436510963074959	16.094608112831178	12.859040071268247
-0.137	2.042163088189497	14.956135137094243	13.658289812805002
-0.135	-20.168170540735275	17.367046951199626	13.230635229395617
-0.133	15.882590738147684	14.866703266502485	13.30929643342064
-0.131	-3.6860053466147846	18.35966914583526	13.228401252140584
-0.129	13.523939848436584	14.172236400545271	13.436669974105529
-0.127	-35.384220363643415	15.102503908246424	13.322366675742288
-0.125	14.131863660615807	15.834424309329501	13.172215899415374
-0.123	15.166777639130657	14.159112438248103	13.2432160482353
-0.121	29.12872576810166	16.68167622947611	13.450744396749112
-0.119	-20.63750994596436	16.48731266759821	13.378632073725932
-0.11699999999999999	33.34676031241379	17.22549226628695	13.098538211014352
-0.11499999999999999	-13.86403960013105	14.453487642814098	13.59019942402595
-0.11299999999999999	-16.346539154721285	12.740172053164528	12.919269309617114
-0.11099999999999999	-20.13052174310026	15.678427075610713	13.587190803874915
-0.10899999999999999	-0.9368178200963584	13.048079331425448	12.985712189653867
-0.10699999999999998	-0.8602519043776624	14.747010138864802	13.37381565123569
-0.10499999999999998	25.928339952185908	16.43572414718799	13.5139726268202
-0.10299999999999998	1.2165501594996186	16.297366703836712	13.239079881392195
-0.10099999999999998	-4.077479858421995	16.330666824708853	13.320173035519995
-0.09899999999999998	3.893793976583737	16.267229130181452	13.22950468928213
-0.09699999999999998	-7.704579638612152	14.705127372265732	13.263754085888392
-0.09499999999999997	-1.665146740714718	16.170565796129836	13.353547236630739
-0.09299999999999997	9.130448792360468	16.452754312366437	13.471308802612379
-0.09099999999999997	8.459677360406204	16.669722376565783	12.920888926193319
-0.08899999999999997	8.285964506971055	15.872600137645925	13.223434066413695
-0.08699999999999997	0.9284306754508975	16.338701471553367	12.932735384297382
-0.08499999999999996	-21.566523440097463	14.773898783037035	13.040480167096945
-0.08299999999999999	-0.7079171948642937	14.75675041807833	13.516699786536536
-0.08100000000000002	-12.688620704359721	17.53717688307085	13.373697168075672
-0.07900000000000001	-8.259185721115614	16.328404539130563	13.813036796196405
-0.07700000000000001	-8.293811834092502	17.186711924888574	12.985505289391243
-0.07500000000000001	8.998368654866695	15.174735900717225	13.66993873754197
-0.07300000000000001	11.85614775423005	15.994032392820136	12.797647096317316
-0.07100000000000001	-0.693789388606092	15.569145953537216	13.432246622204868
-0.069	-17.494586071920004	13.869853570161887	13.023767110118245
-0.067	-9.029626281908953	15.61258453774197	13.498815430942186
-0.065	14.30342215957836	15.723202396213493	13.509722972202898
-0.063	-14.612499769750542	14.477003471935625	13.116878066641691
-0.061	3.2287825368904066	14.555893502471928	13.663486573968765
-0.059	-0.07027156612160468	16.77926165373174	13.165611127011243
-0.056999999999999995	-17.472167043508513	14.511790715449493	13.578138894455874
-0.05499999999999999	15.71818481060916	13.712999142153958	13.4149033989345
-0.05299999999999999	4.6904529749092205	14.91610373472153	14.04136234128072
-0.05099999999999999	-5.742311883216722	15.53573101807823	12.96984929644684
-0.04899999999999999	0.2577561826200281	14.521827786678317	13.382088237168151
-0.046999999999999986	0.7326607245339289	14.653482588699477	13.1768822134297
-0.044999999999999984	30.613477844276815	16.588945090549235	14.178352130314043
-0.04299999999999998	23.188929602513397	15.848146078400848	13.193167640564564
-0.04099999999999998	-20.266546019165332	16.077114973254613	13.287994299500992
-0.03899999999999998	-13.011937769036308	13.444028024684451	13.451925681149833
-0.03699999999999998	2.7514019369512255	16.064415020098107	13.292304957689167
-0.034999999999999976	-20.525597554721386	12.971755016080829	13.443816624562135
-0.032999999999999974	21.275222375161107	14.96195518611772	13.499259792615822
-0.030999999999999972	-6.397563617421831	14.078232068174612	13.369074188523452
-0.02899999999999997	-3.6723467691235356	14.765573104197045	13.169135084248605
-0.02699999999999997	3.951275855396119	15.957570756114405	13.955698928661963
-0.024999999999999967	-24.368177800604407	16.28838817288391	13.300498263103762
-0.022999999999999965	-7.248300493811755	15.638996010991397	13.23531192985163
-0.02099999999999999	13.894210913134586	14.790074102827436	13.660989296044965
-0.019000000000000017	-8.402131948970215	16.388113923429938	13.423530181558839
-0.017000000000000015	-19.632780103306935	13.496137903173272	13.183592406415132
-0.015000000000000013	-11.035911500756335	14.24223311878568	13.097526154537729
-0.013000000000000012	-4.9147917257075235	16.214036171763084	13.575274903349817
-0.01100000000000001	19.05123295542488	15.888923608384479	13.356727555787351
-0.009000000000000008	-50.82097252406825	14.037267295820401	13.572997886985876
-0.007000000000000006	-126.5907232115282	14.305895969655861	13.175012040169051
-0.0050000000000000044	-142.09312128010686	17.181437330253107	13.561822413648873
-0.0030000000000000027	-154.68454714029355	14.194132999714753	12.806753708103354
-0.0010000000000000009	-160.24039441842052	15.02653087692384	13.62964586613005
0.0010000000000000009	-170.1779835132644	16.259538413527938	13.726628437066928
0.0030000000000000027	-160.5457076908623	16.348314347253027	13.103946813205107
0.0050000000000000044	-146.47389917077368	15.76547391608193	13.5956972823521
0.007000000000000006	-149.87898049123595	15.195430738813329	13.426137995937056
0.009000000000000008	-25.997706823210898	15.357394500549049	13.167843209406554
0.01100000000000001	28.039705249449653	15.343106799654043	13.031629326717214
0.013000000000000012	-38.30247568636924	15.271208792818758	13.344384748725275
0.015000000000000013	-13.059447884544717	15.646154157461003	12.924147844204995
0.017000000000000015	-0.03058802922062398	15.752401772464244	13.373134779270725
0.019000000000000017	22.399883786272667	16.551829430330297	13.388544699878084
0.02100000000000002	-3.7544223610019856	15.168543927631738	13.043550085775895
0.02300000000000002	11.25875133412002	14.260591067367791	13.808265477548632
0.025000000000000022	-9.195449026777602	14.989915154532094	13.415919247999762
0.027000000000000024	19.252356235233137	15.952622868322681	13.060545598360015
0.029000000000000026	-6.731311269270179	14.08186277964401	13.039873255089661
0.031000000000000028	-0.4486822399174528	16.70131267017878	13.73284498561242
0.03300000000000003	-5.239039806870238	15.692697068995358	13.442767961523163
0.03500000000000003	-15.83083508838179	14.513640874135952	13.367177002545967
0.03700000000000003	17.90054679284836	13.932257076077558	13.117273866129107
0.039000000000000035	-14.560666683594015	14.593836584212664	13.40805531884339
0.041000000000000036	20.14107580583513	14.317391806102036	13.256163649091894
0.04300000000000004	4.078321481859604	16.93315741806448	13.630541317637643
0.04500000000000004	-17.07282436025359	14.725648222982374	13.253783360967907
0.04700000000000004	-4.83806091822192	15.737059388715362	12.920348554097187
0.049000000000000044	-1.347532489259784	15.777887492740904	13.37324153491281
0.051000000000000045	29.922576894048092	14.187873731966834	13.500135667415972
0.05300000000000005	-8.380370729477171	16.49725523086049	13.515936526424012
0.05500000000000005	3.0232729095747146	13.47330854629004	13.64693098118597
0.05700000000000005	-4.874689954248446	15.700453494767629	13.000784527751954
0.05900000000000005	-19.121437705660327	14.224268307516892	13.715052839570712
0.061000000000000054	-26.355753520723724	15.5580213581471	13.57497873024501
0.06300000000000006	-17.791840368541756	15.15346371933817	13.185779371119837
0.06500000000000006	-2.4463603564006675	13.81067916911157	13.362380588253009
0.06700000000000006	-11.516525198040917	15.160861315972447	13.522811960732023
0.06900000000000006	5.902292393500375	17.356224510641404	13.235070346821376
0.07100000000000006	-24.752241560843657	14.676452516123126	13.380252603151567
0.07300000000000006	-16.029979089116075	14.98452698890973	13.864116512401658
0.07500000000000007	12.336392128720064	15.133904524123247	13.245549147088543
0.07700000000000001	-1.4222311652822839	15.249509280210821	13.720853356614187
0.07899999999999996	3.659309105730202	15.380391118585711	13.1630561559113
0.08099999999999996	-1.9356726927988177	13.370515843338415	13.744438647310696
0.08299999999999996	-16.821137839406752	15.698129664996227	13.560388625796477
0.08499999999999996	9.842880797972242	14.79787791383331	13.253186247212845
0.08699999999999997	-25.843326432184455	14.121078022832586	13.431389988474
0.08899999999999997	18.087158021318217	13.597859612826344	13.309356458959353
0.09099999999999997	-4.648328437828475	14.376052359719433	13.443705271321674
0.09299999999999997	20.201320385604404	14.161000605035946	13.222397735359623
0.09499999999999997	-9.455621022724792	14.400494088092884	13.586191570022574
0.09699999999999998	-2.3254694822005817	14.851063025330705	13.443596343891604
0.09899999999999998	-1.2250962515558683	14.722845962407543	13.502035497907928
0.10099999999999998	-10.574520278305855	15.107164232301738	13.37610893940158
0.10299999999999998	32.54469147706551	14.270082196030158	13.176820564149843
0.10499999999999998	-30.183370934411258	16.723360877506778	13.084946966876842
0.10699999999999998	1.8808169699457977	18.80226443592064	14.093761125422818
0.10899999999999999	17.778234447041186	15.757348913076138	13.223617949236731
0.11099999999999999	12.748641008419881	15.638116381664032	13.7287249171657
0.11299999999999999	5.89990130572815	15.545189260964504	13.436753165757043
0.11499999999999999	12.917070712381573	15.33283273963066	13.720585465528877
0.11699999999999999	15.286170989003978	14.701096935407495	13.961614503939977
0.119	-12.008767721338742	15.884457886794412	13.693782846338992
0.121	20.781248347478964	16.88811146734296	13.644178892252905
0.123	-10.945461465627915	16.009284079028014	13.214497399096368
0.125	12.132236858253265	15.495956538792509	13.183408893008895
0.127	-10.554342859792065	17.162558413179152	13.720846349444855
0.129	-2.2021004503214314	15.889762708969116	13.514916708426153
0.131	15.670345504537053	17.239779173779038	13.486518044812817
0.133	5.8495256392010475	14.775264222276332	14.0158921935122
0.135	10.985219845105476	14.530711915516225	13.443757143392991
0.137	3.1822748214338503	17.066847791646953	14.093958651293747
0.139	-13.414453998383813	15.603463761622637	13.927165369548426
0.14100000000000001	0.06366875893171198	16.567078218478976	13.449055204617421
0.14300000000000002	-5.5619785319649395	13.943963157155638	13.376421318338055
0.14500000000000002	-3.7630621492201755	15.245179592198518	13.511921473749108
0.14700000000000002	-9.186235559122125	13.291622338766741	13.393764931915813
0.14900000000000002	14.036495827207673	14.713376607232616	13.867771553745952
0.15100000000000002	-3.145655965486327	15.14838959990278	13.226728289450461
0.15300000000000002	-12.0634427021038	13.652509282098773	13.653315719289054
0.15500000000000003	27.009679901990324	12.202534755731095	13.240606155516362
0.15700000000000003	8.264602778584873	14.418566367026731	14.036470508420521
0.15900000000000003	19.033790682243534	14.051143367143572	13.220074130061347
0.16100000000000003	30.01901463983714	16.02130541433413	14.351804313164173
0.16300000000000003	-6.779878789719973	14.732598994076165	13.499355597543998
0.16500000000000004	15.642713905528183	14.015220091688475	13.71978392336923
0.16700000000000004	-7.95522525376402	13.354562368555086	13.431294607223098
0.16900000000000004	-22.59317067465627	14.715022802827164	13.44828638036003
0.17100000000000004	-19.409595741537444	15.326423048321775	13.716851605773357
0.17300000000000004	13.46786638212194	16.621675757364393	14.033176141127766
0.17500000000000004	17.072948354845963	15.532963480759733	13.121574651599657
0.17700000000000005	7.216140896160184	15.143766452281701	12.861200489574177
0.17900000000000005	44.655560767159486	15.369325237729237	13.820128462326675
0.18100000000000005	-4.0219742282188164	16.24894381291199	13.440019404089181
0.18300000000000005	3.71740754112615	14.939388971490498	13.724493366450877
0.18500000000000005	-3.8158800865772946	18.622469023482015	14.010923032598173
0.18700000000000006	25.640792538084156	14.59391884356058	13.731099480510672
0.18900000000000006	2.6945754509899444	16.9387428251057	13.795246255145825
0.19100000000000006	4.39122514706014	13.707196049149802	13.171021670310576
0.19300000000000006	-12.9181202432882	14.016791901536239	13.793671103952857
0.19500000000000006	3.092118330272342	13.809251092984798	13.494250497384282
0.19700000000000006	-23.84855194259572	15.408282439873423	13.533861522610799
0.19900000000000007	3.426273932793933	13.829040731051514	12.862277908052153
0.20100000000000007	57.11221450632742	17.04444061540995	14.053305881136632
0.203	1.2292495765731104	15.421289657658448	13.57486714028796
0.20499999999999996	9.36796862971434	17.90645441152754	13.591891285585252
0.20699999999999996	15.023487949239467	15.36710887896746	13.953158886337532
0.20899999999999996	-7.717445542843038	14.156127219776344	13.733912249632354
0.21099999999999997	4.247574259652609	16.40679924508114	13.242714093352209
0.21299999999999997	-16.637118753659585	16.250869518324766	13.381928508591495
0.21499999999999997	-6.289704082562686	15.571448999047226	13.252493917368843
0.21699999999999997	-1.8836851836123714	13.746962825643775	13.122124675037565
0.21899999999999997	11.753500669842154	15.582134365480071	13.319403876515509
0.22099999999999997	-3.581878605940503	13.627096132616654	13.64732658594395
0.22299999999999998	6.671027184435019	15.362955879603396	13.529622331558603
0.22499999999999998	32.035069027269714	14.133202318880151	12.905820735877343
0.22699999999999998	26.72625183519628	15.887564532657944	13.450727840807378
0.22899999999999998	24.2904378824349	13.41310675107193	12.922120204673103
0.23099999999999998	9.213272852415244	17.090561000804716	13.434033681256542
0.23299999999999998	-19.119304640824453	16.194266704517524	14.110186870059946
0.235	17.646661601311564	16.84914782815503	13.368898805260919
0.237	13.178668678559546	17.266077317964477	14.104727397732574
0.239	11.85890119259625	12.454607192539465	13.439846740704168
0.241	15.548800978759658	15.553284122537585	14.106078332765104
0.243	33.47763434780049	15.194321673965032	13.169273237748278
0.245	-15.799975490837781	13.718706020651208	13.367956692505434
0.247	-3.4500519612290503	15.331290588897135	13.584210063017297
0.249	-6.379583438853587	14.552760967775157	13.130212262108767
0.251	24.548420254122405	16.405173856662046	13.298115518065131
0.253	33.59000558900149	14.123822073238498	13.368958462509463
0.255	15.740558097387947	14.811527116347497	13.816037590114103
0.257	17.814516575453965	13.277058994684715	13.248221511837663
0.259	19.243697230608703	14.839285983007766	13.002459513597
0.261	-28.295799905930785	15.729284020578822	13.049233282767078
0.263	9.650145686990186	15.676037786166557	13.312725917087517
0.265	-13.005196747628567	15.143117147625201	13.237151529889722
0.267	-9.597506409386725	17.12511418645514	13.799623733109218
0.269	7.5909146455277465	15.601750750572656	13.30900318495724
0.271	-1.6834749200222987	14.585238872799046	13.31821052126831
0.273	-17.364678698394975	12.725911111921745	13.171317643178927
0.275	6.642561989789186	16.146083159380037	13.4994193289928
0.277	16.135298441355417	15.207988021689456	14.01612935254816
0.279	-6.563289614680556	13.636583406935832	12.801720807289936
0.281	31.49969875382297	17.1799204379656	13.536442543582236
0.28300000000000003	19.041461209567956	15.330854635368487	13.177431188655941
0.28500000000000003	10.14999647042103	15.359202930106042	13.731151460557525
0.28700000000000003	10.889110062972662	15.681866279746119	13.379975293069972
0.28900000000000003	22.18907536111203	15.849718865448132	13.579060266140347
0.29100000000000004	-8.56844508079213	15.444476489601783	13.313642699290407
0.29300000000000004	14.270542580074874	14.022481136633486	13.589351840766774
0.29500000000000004	-8.202739677276583	17.120895360819773	13.733359113070028
0.29700000000000004	-20.48486927463955	16.19915435549276	13.797419919786435
0.29900000000000004	3.518460455653738	13.214442292157134	13.18823484916679
0.30100000000000005	-24.820337520270463	16.760042273583718	13.32086742437705
0.30300000000000005	13.281373678619701	14.616563158459178	13.592359694067573
0.30500000000000005	13.466772453618603	14.09273709744505	13.372888691345823
0.30700000000000005	-19.433378202315943	14.758103191104869	13.67384118378406
0.30900000000000005	16.890177535033857	16.432864359173273	13.098401989573397
0.31100000000000005	-7.9917723727618295	14.48007451269318	13.442174140306337
0.31300000000000006	10.830354447044499	14.224469181396362	13.583485058886195
0.31500000000000006	-15.497346523396516	14.893636407867366	13.361640751905272
0.31700000000000006	12.682537270825023	16.940616893754225	13.87399479394368
0.31900000000000006	-4.647044880456974	15.595484853436794	12.97886715567177
0.32100000000000006	-12.162378411173513	16.182963089766496	13.673181977576142
0.32300000000000006	7.760618306207334	15.85367290140278	12.969175636488162
0.32500000000000007	7.836199534372312	14.490711967890826	13.521214299190548
0.32700000000000007	8.817231538449377	17.249757811682503	13.377479203240998
0.32900000000000007	-6.284786945420784	13.26336735282036	13.573364434370259
0.33100000000000007	-15.697012334836558	15.560787305751518	13.356379204962328
0.333	-9.05292969943794	15.645714305476947	13.430098446911769
0.33499999999999996	-33.93224289649499	15.250478634991905	13.803445182344714
0.33699999999999997	-34.38661738797144	15.209249135173245	13.23633951962095
0.33899999999999997	-7.426044304925661	14.80657235257826	13.525648698300841
0.34099999999999997	6.608306129196606	17.148790623412598	13.452066213125342
0.34299999999999997	15.056905374510876	14.500724405006924	14.095422277045945
0.345	7.949516797056688	14.34882842053035	13.109929873707223
0.347	-16.680218605902297	15.572943802959786	13.876231196114448
0.349	-0.651626481329437	14.541474753875566	13.290459716411005
0.351	10.415372675876	12.260630999869269	13.24191220598926
0.353	-20.50234986816779	15.539875627298072	13.309560502270168
0.355	-2.3178352400732294	15.325688823550102	13.725006731466388
0.357	-11.360399220783357	13.446190974378627	13.044809707539457
0.359	1.6970291807361093	14.044791286263143	13.65314495897077
0.361	2.9419327214341706	14.8700104903293	13.323332757020927
0.363	-19.479632089591803	16.75940068181422	13.69920621127702
0.365	18.151640190700036	13.444893129386099	13.38667118135773
0.367	-1.7368956034546912	16.255002740122592	13.230019915604215
0.369	-33.181429227258086	12.946309181641672	13.185201272156684
0.371	14.963364315168093	16.635798617576466	13.499807758013393
0.373	20.603056267942677	15.379602966586877	13.300153679500736
0.375	21.750758071092946	17.739064883084577	13.861616049273724
0.377	-1.4654069797614966	15.067667728468809	13.440919796336395
0.379	6.399407299850779	15.40258288309698	13.591146791535204
0.381	10.97074996092573	15.694464700302513	13.308711347652027
0.383	-21.33801689430115	15.635361450698278	13.645392417508631
0.385	23.211388350485862	16.247698090721226	13.710619749968238
0.387	-10.056330412622216	17.106016312085984	13.939188241136613
0.389	-1.0472142848438892	16.69695106765809	13.30099811396481
0.391	27.656112639995456	15.606475502264363	13.746256096671011
0.393	9.5578227961024	15.470697606845157	13.425606529658308
0.395	3.348877764652869	14.55021491466603	13.589653188691189
0.397	48.785664223949254	14.435940265563076	13.571783806056516
0.399	-10.395527589746045	13.768173026801593	12.995183621065966
0.401	19.577155013994485	15.224770132351308	13.586092102651651
0.403	-17.58283849873088	13.913607271354122	13.571842020653511
0.405	-2.4404707497094336	16.89968197838635	13.46195322920667
0.40700000000000003	-12.279350124155819	16.944982769897912	13.860354517166986
0.40900000000000003	-8.54820825313407	15.34111602040863	13.498744946125848
0.41100000000000003	-2.890742292205317	18.438757796902188	12.987992490628626
0.41300000000000003	4.864549277838748	16.184736162162636	13.05591133978423
0.41500000000000004	-3.995943902546095	14.853007903426496	13.658229712098223
0.41700000000000004	-21.391097760781186	14.613927204805291	12.864738666390855
0.41900000000000004	-13.708332244011245	15.792348735719546	13.30533942384373
0.42100000000000004	34.35704835785813	16.99323719390001	13.045128289062704
0.42300000000000004	-7.1435723193458145	15.030961546014668	13.241755939523332
0.42500000000000004	-21.223311503892894	17.34924821854776	13.370978392105801
0.42700000000000005	15.70247063753527	12.19213520855508	13.112461418750168
0.42900000000000005	28.487912230756862	14.987045019136835	13.711511911647307
0.43100000000000005	-6.927121860789143	13.757634031591028	13.363879930048144
0.43300000000000005	-11.441478584783837	16.657697134806742	13.430857247088614
0.43500000000000005	-16.340381850721286	15.975732387391686	13.588050116393203
0.43700000000000006	-37.68640367507459	15.264324019894891	13.225437856887016
0.43900000000000006	-16.701886296877078	15.835446244945215	13.047941831713432
0.44100000000000006	-2.127512766181283	15.9823759148973	14.51230578000091
0.44300000000000006	11.905761877040177	15.11777814924793	13.168480426854167
0.44500000000000006	2.392295248343501	15.695489800367305	13.575049311868977
0.44700000000000006	-5.619891643493524	15.09715762278106	12.979157097855376
0.44900000000000007	-0.9372680546126944	15.054375365192524	13.510777272371387
0.45100000000000007	27.021135635463267	15.504299170072073	13.498831006171732
0.45300000000000007	28.102511409944242	14.3679871903857	13.230667467698787
0.45500000000000007	13.240921925339322	15.592046388746406	13.458668605635431
0.4570000000000001	13.558678252367784	16.700162972107904	13.498523472361185
0.459	-0.6805115645436288	15.52854213705326	13.572144449545029
0.46099999999999997	-21.21068516591773	15.615951511059102	13.301659294874284
0.46299999999999997	33.63074291118373	15.318699351882017	13.941492837664653
0.46499999999999997	5.298535140862981	16.45298298163225	13.297201865149084
0.46699999999999997	8.318371047089101	14.319126036269491	13.502094304214108
0.469	2.0949410661774692	15.59254623032505	13.360806700483753
0.471	13.943784551440075	15.94029272559733	13.11547624981007
0.473	-5.0351220121092055	16.737350289596396	13.570201920609192
0.475	5.009561479196734	15.353545301014188	13.402816251821939
0.477	-13.585147441652623	13.897001429641207	13.040486400695933
0.479	16.715940315936706	16.13842013460349	12.998644515580862
0.481	12.288793554082744	12.685778512628215	13.225721752434778
0.483	15.89319513262133	15.187558392733074	13.160675084653393
0.485	12.425884929223585	13.646807906280642	13.120502449099586
0.487	6.234882469868808	15.295406524980732	13.570430806721857
0.489	0.0003697724348938891	15.181071086268519	13.250084746727362
0.491	-5.031655784804023	15.12202564922369	13.57311940141228
0.493	21.775537356605312	14.487863650797193	13.225198200999913
0.495	4.60244116373687	15.120143450530854	13.451234545339704
0.497	-4.095370230050577	15.510959136886997	13.698230465749749
0.499	18.20697645738001	14.796247332107258	13.371715262841656