-0.499	33.179386039305925	50.13705616385801	49.12785388802309
-0.497	11.23422074722491	53.92456195276892	51.37071011461636
-0.495	-19.770118063200393	48.87146257331284	50.51914812437583
-0.493	-1.6682668929624	53.72243096381883	48.97248495448699
-0.491	-7.170332652628453	58.04496652324955	50.90554891797783
-0.489	11.69147241997237	54.569852124619835	50.29459719667367
-0.487	-24.145562801169973	46.138077579988206	48.41130650480906
-0.485	53.384553396318424	51.431382535397454	50.46268260064477
-0.483	24.367992390361692	49.57477844207457	50.11144658509995
-0.481	43.123990342452956	50.3206407899241	47.83261469642016
-0.479	20.61700165234548	54.905621364315095	51.20622871668988
-0.477	14.432411631792874	52.53077225987255	49.008783846260236
-0.475	25.309794760230986	52.36826753909443	47.75020334993572
-0.473	-46.70924659810893	54.52523745987524	50.66736774844269
-0.471	26.39394326742206	54.19597367217425	49.58730998733387
-0.469	-38.7322195232187	55.472395442164355	51.18903712458709
-0.46699999999999997	24.47447335107711	53.57234354237904	50.705314822240084
-0.46499999999999997	4.736394365378871	50.404360733731586	50.10458672056621
-0.46299999999999997	44.11381802449377	61.03946619639847	48.3743665307297
-0.461	69.59365013181618	52.88879020839674	51.27250366272577
-0.459	13.95779564439259	47.62472937263645	48.96320400643207
-0.457	-12.252157569503375	55.41765310748202	50.18653571159083
-0.455	36.879541141177086	50.860371525379065	50.05007776113908
-0.453	63.699360024038754	42.75270276787113	47.89866597069668
-0.451	37.18167155741803	50.969150199238314	49.449107135004276
-0.449	73.44417936949732	53.73121951214258	49.97326358565832
-0.447	121.071108878823	51.89099180288431	47.720781728402265
-0.445	88.0690238191928	45.95045985147785	49.89264840401014
-0.443	2.1517020285521937	49.478887888475036	50.01423293582757
-0.441	-34.357609041024695	50.937157480649155	49.16328530782441
-0.439	41.72459835394271	52.65229199188741	50.36461400231431
-0.437	83.02043966312844	54.29421357679355	51.25420219371496
-0.435	64.12734446148427	54.62367987891372	48.5513839428046
-0.433	22.312315156591822	48.204173067669636	50.84474009121888
-0.431	-85.06305690925143	49.78348195103052	49.431150095704716
-0.429	-36.31303196860447	51.79551815128948	48.72916996289489
-0.427	41.97269096861689	57.32796879534752	50.479533787396996
-0.425	-40.069419728783195	56.513166266892	50.06169015455797
-0.423	-11.892173154670616	50.71773664585069	48.04874429168182
-0.421	110.60090251469035	50.15154978303725	50.13634295882857
-0.419	-71.56945454356301	51.09758403506132	50.34384937908739
-0.417	-38.41885743605111	49.75220716489808	48.03531360368159
-0.415	78.76166905584903	56.3063582718962	50.410126238197144
-0.41300000000000003	110.40157513964033	47.669038911807384	49.83008122029347
-0.41100000000000003	131.85640513091457	48.233788490388704	48.465499965984414
-0.40900000000000003	66.71138254410458	55.277206888361086	51.71684388485015
-0.40700000000000003	61.95158512278809	49.1591904257638	49.63848063817475
-0.405	64.56009067279389	54.38965486951999	49.26909981768603
-0.403	83.8780173131326	60.79295774352898	50.927498306235414
-0.401	19.275741491853182	50.08452441967278	49.67353270541628
-0.399	66.1916951512076	56.306885087139996	50.64845066083866
-0.397	22.098234828016317	56.63002139398883	50.706836433203755
-0.395	-66.24079276384975	52.89813495846658	49.89278987222448
-0.393	55.082654763838335	52.11090905879132	48.195632514984325
-0.391	-10.309759147952846	54.017269621118906	52.50331843367373
-0.389	-50.21049110776055	45.94436019308653	49.16558078354641
-0.387	4.341222417325596	50.06185554212908	49.68684953188804
-0.385	74.7597209120876	55.01262955276892	52.164875911951164
-0.383	-35.26733306769003	52.608731200239205	48.81253608831102
-0.381	54.46155034971589	49.712353970801274	49.63965168164963
-0.379	54.57796995167463	52.57093279239404	51.753874101059374
-0.377	29.338909773857225	46.410036166016106	48.870824950213674
-0.375	29.58426228882871	60.50612714420163	49.19589496391218
-0.373	-41.29836360122763	52.656478985212495	51.321517875129615
-0.371	-52.48153721082449	48.359126937524586	48.072770210473934
-0.369	50.68749804859607	47.23856756722176	49.178961508256386
-0.367	-55.97852378480539	53.05672998423341	52.055104142629304
-0.365	116.33658863940965	54.18355829890402	49.24095471499701
-0.363	14.082767120227047	53.75803400385462	50.82253474732753
-0.361	50.0722475329507	57.28394811893134	51.28218449740182
-0.359	26.596929560529503	51.5255271392746	48.92255856315981
-0.357	50.03497055366957	47.61473145996187	51.59205852085604
-0.355	28.470619336529168	56.4001592886757	50.581290909412544
-0.353	17.57924283363188	53.954493483505594	49.146211588573024
-0.351	12.17243814766178	52.5576808348155	50.352576967961596
-0.349	28.90951388079266	57.57938303637982	50.104944857520366
-0.347	-66.19308577782147	57.425475086431966	50.39148217576616
-0.345	-48.813147380033506	48.4014175123197	50.104904464897864
-0.34299999999999997	-74.74597868351029	46.25140275800599	50.10585911431574
-0.34099999999999997	51.04329804694885	51.26704287028323	49.258331922738606
-0.33899999999999997	-6.284055108163322	55.39119237394536	52.390920295602136
-0.33699999999999997	39.80670606096304	48.512092098620776	49.61504062693924
-0.33499999999999996	54.82147875279786	51.835134570145975	49.633074602511336
-0.33299999999999996	8.555948437516392	48.30633012449284	51.42517621766907
-0.33099999999999996	41.250062580378	54.057151571736135	50.12081666948326
-0.32899999999999996	116.24823313161059	50.75437849153328	49.61465777238816
-0.32699999999999996	-26.408387062248906	50.874221464208865	51.16885521628434
-0.32499999999999996	18.579581438915582	50.102971558914874	49.02447280979488
-0.323	-20.693091273504827	49.535842775298846	50.583818541775194
-0.321	-88.72608936161264	52.21289632350272	53.07466565428386
-0.319	-95.0107405959244	56.99087209883896	48.90683391397112
-0.317	-1.1733149603010418	52.01940828794237	50.11268246488329
-0.315	162.2946631447686	57.340137531122224	50.971695463050565
-0.313	44.64707874873852	53.26697382112717	48.76255517107266
-0.311	-63.121137689137186	53.805342738008896	51.54533006755667
-0.309	-10.488678826803266	54.7579696494699	51.7673448729182
-0.307	4.920225606053208	52.75911220031498	48.93356370671033
-0.305	51.05000004279603	54.171728470626185	50.84052826488756
-0.303	58.954673041622385	53.60658619759852	51.24666084748814
-0.301	-24.420966330040983	48.0293544289116	48.951474091649565
-0.299	45.33770321191177	53.14353771296974	50.72780990385138
-0.297	-63.7960441578489	50.149114502573305	50.03431800907544
-0.295	35.99035638068848	44.756675513328126	48.27142176336889
-0.293	-4.3211533374831745	49.56352065528866	51.06391317625586
-0.29100000000000004	-56.62452607435586	54.79671083597339	52.554933317195264
-0.28900000000000003	45.679206055027066	51.39833231895813	48.43903994371935
-0.28700000000000003	69.14798010582146	51.821573606980046	51.84891274317611
-0.28500000000000003	24.355457451719076	50.12908309022216	49.66128242361369
-0.28300000000000003	-61.24544578123281	54.67226955378889	48.614411697183115
-0.281	19.440529245295934	50.71983611211549	53.15655278689241
-0.279	-24.72024043487231	56.439244281493444	49.38042257438346
-0.277	-36.264544680975064	53.000250812460145	49.46235711841062
-0.275	14.796253909654666	60.33385279078827	51.93097176544837
-0.273	58.21119221471882	60.036932869245156	50.290485346920995
-0.271	-23.31092422647174	53.091679667776425	49.143398936532805
-0.269	59.99402778544827	60.91871779323844	52.24149113735813
-0.267	-3.7695570026530234	52.1021996658228	48.51200984975815
-0.265	29.86666709103858	48.08744462712756	49.91641067064956
-0.263	-76.97503583825593	57.96344556011261	51.16355058283326
-0.261	-10.498204190079186	50.81791378332736	48.55813838359923
-0.259	12.066326293025398	56.27045551563314	50.68771176643693
-0.257	67.7903428423221	50.35916906944871	51.20012399737646
-0.255	25.173651794219154	49.06806833899502	48.976304072855214
-0.253	-27.055685792420903	54.68491478253496	51.07154010523869
-0.251	39.82802203061908	49.623535020252795	51.5083978290637
-0.249	-36.84439752482671	44.59088770172094	48.06630455362567
-0.247	-29.519983053782894	56.225550389898444	49.891987815453
-0.245	-24.3554652787914	50.59381616021367	52.060167429361556
-0.243	-61.09838921897204	56.71710758056361	48.94977521133452
-0.241	-19.075067487550612	58.34305706137985	51.024182624814244
-0.239	-25.40916263726878	56.78679194172292	50.934442668435835
-0.237	4.659405354656698	51.88502870279292	48.62658252350846
-0.235	-172.28128094948227	57.84418786343856	52.378084486257535
-0.23299999999999998	-66.3875147147719	46.8636965896373	51.48546093777448
-0.23099999999999998	-27.305933317456343	52.306207492941255	48.63813441865424
-0.22899999999999998	-51.05587745568574	56.812211117912554	52.088659482708934
-0.22699999999999998	58.18750850483667	55.989972144619436	51.032039008215705
-0.22499999999999998	22.560934542115163	58.610551107243666	48.809875125516726
-0.22299999999999998	68.15660250292233	49.12635062481327	52.4662906433892
-0.22099999999999997	4.5176284835246605	52.82629462213163	50.541721544072
-0.21899999999999997	15.036499025011807	47.29662786260981	47.76262459998694
-0.21699999999999997	81.60795832123924	48.29737630011691	52.14241799700651
-0.21499999999999997	22.763279202697717	51.59836273449716	49.778046544570614
-0.21299999999999997	54.64240296482181	48.49885247245323	49.94547591789781
-0.211	-31.428855411519407	57.36403205565182	52.2333312216573
-0.20900000000000002	49.94558881787903	52.22053190480231	49.471193597356276
-0.20700000000000002	18.591741588913635	47.18961173650776	50.15644784872226
-0.20500000000000002	35.79293190769661	61.5904009609711	51.65141062789165
-0.203	78.41639612760076	49.26625870963955	48.92584303229651
-0.201	-22.476572933749495	51.881508566307744	50.08856804307136
-0.199	11.687141002969526	56.96027505487576	51.660505951873944
-0.197	71.33021273242335	46.52029532072252	48.48582354029168
-0.195	46.38219577679514	51.7927691054043	49.40750227285893
-0.193	35.780937588159034	54.15252816884491	51.64301269505881
-0.191	69.0916409868958	50.94325456714923	48.993567643524095
-0.189	50.24943314846375	55.37958252390299	50.05082534670852
-0.187	-28.167336897366724	59.42336602892151	51.35994429673441
-0.185	25.399145330284867	52.840088175236595	48.75332102413417
-0.183	-1.2440799644908296	41.712149638618094	49.588949894258675
-0.181	70.46680666999983	57.63052325245934	50.98863105855816
-0.179	-84.7633524244662	52.27264109805797	49.423500891514045
-0.177	-1.076979449066151	54.29802306771353	50.56496192874973
-0.175	15.593462397767155	50.298187437091926	50.468143324032326
-0.173	-21.926238353175975	48.28126828889003	50.01502038055805
-0.17099999999999999	93.31006804291775	47.86189646850445	49.79423760939518
-0.16899999999999998	-33.23922314546479	54.802090610658745	51.24324965824458
-0.16699999999999998	-28.92138895982388	47.31060384851803	47.81112884566274
-0.16499999999999998	-33.16701491107299	52.92511270689799	51.589428265605044
-0.16299999999999998	12.064133347866601	56.42475408412253	49.587278522548225
-0.16099999999999998	-55.21876468839171	52.533355585447445	49.085242685390355
-0.15899999999999997	-55.73115733759071	50.39103926169724	49.87409029120759
-0.15699999999999997	-45.95367088611191	56.28113859058347	49.540486983973736
-0.15499999999999997	6.509258594800116	50.6623649791106	49.00829984864698
-0.15299999999999997	-25.681037992830724	51.224659717288255	50.17894101219273
-0.15099999999999997	-12.257535506154937	48.932493191125616	48.919173292635534
-0.149	55.25001779016492	51.15263272779037	48.00022577696616
-0.14700000000000002	-70.12482723478541	47.96686009675436	50.43786993846706
-0.14500000000000002	-4.526378442504253	50.31393095638474	48.909667188615686
-0.14300000000000002	76.91082118976844	52.78671010327095	49.296712462619766
-0.14100000000000001	-48.71286270613506	52.77794466738919	51.20826391130505
-0.139	-39.600448693777324	50.19426983664033	48.68090852397559
-0.137	29.695119527106684	51.13536280451957	50.001721202084205
-0.135	-34.134889026260495	52.477327909694	50.49969945030473
-0.133	-22.09394214913729	52.44957224773192	48.67248153241961
-0.131	-34.604499826729196	54.72349117032101	51.89272437301081
-0.129	31.444150492943024	49.42436415165559	51.01731742671523
-0.127	98.94878965766019	43.43787961357397	48.67408786878055
-0.125	-29.75394313864399	51.359291265715704	49.460943953297026
-0.123	-31.95727363280998	50.39464070908359	51.01842028732937
-0.121	-3.3147865831084644	51.30141552874139	48.80363295230203
-0.119	63.59385727106037	50.96639682990332	49.90321440798844
-0.11699999999999999	-53.86854184386003	48.59473682278952	51.046035010984966
-0.11499999999999999	-56.6137423557711	49.89902367585658	48.942326219634204
-0.11299999999999999	17.225604306503328	52.058794651344456	52.3619139521558
-0.11099999999999999	-0.3064093264670831	52.25721237003118	50.5991326293308
-0.10899999999999999	49.63252393652695	48.141169636057434	47.685232838518914
-0.10699999999999998	45.133537781794075	54.69937128755685	50.406381285020515
-0.10499999999999998	33.8861113575728	50.90373133916102	50.13244051490825
-0.10299999999999998	-57.81645987179562	53.40734032914602	49.60687791972906
-0.10099999999999998	57.459965649542255	51.4579754903482	50.396967341494374
-0.09899999999999998	79.79616361741826	55.00276574842456	50.261157795061806
-0.09699999999999998	28.398429778864198	48.12436369885501	47.454635059734706
-0.09499999999999997	-5.366202004641885	55.475106497516	52.420529042140494
-0.09299999999999997	16.58115446701025	54.56799445073453	50.324411757473754
-0.09099999999999997	89.18800204371635	57.1965669776704	49.7701461837498
-0.08899999999999997	11.93419780953775	55.523334988543546	51.52933155187335
-0.08699999999999997	104.59626980119374	50.81273996504769	49.662167012865076
-0.08499999999999996	42.068569163111746	50.96530758334556	48.84805094830372
-0.08299999999999999	-7.3850934675379065	52.759218135964794	50.99176595476674
-0.08100000000000002	2.833810666569292	51.58724030610953	48.942190372174224
-0.07900000000000001	9.531703638376854	48.00191550475683	49.72022099419425
-0.07700000000000001	-32.8339566956215	55.00567857009121	51.466394338232625
-0.07500000000000001	-59.39104120966654	52.34840380498775	49.800759411986746
-0.07300000000000001	40.33206054354643	57.60039180447408	49.88082068086524
-0.07100000000000001	92.78783565802584	43.6073160632193	51.26925014239237
-0.069	-7.242973509624662	54.27566947109809	49.41228822051068
-0.067	56.05772553174404	49.93337803767944	50.890987211725474
-0.065	7.09449011471186	56.08009262485389	50.44176016336882
-0.063	84.99414895335455	51.38072862904159	49.01242712557693
-0.061	-0.8344316370090255	54.372335756806244	50.10286847902083
-0.059	-28.300127689950827	58.77696778328576	51.013289394978386
-0.056999999999999995	-43.06538774712099	47.685184540526606	50.06613350003189
-0.05499999999999999	5.9108930867690646	47.792017881532786	48.81871898885876
-0.05299999999999999	-72.99033998109383	56.96541027865869	50.499739021013575
-0.05099999999999999	23.009620455205493	49.59702488165688	47.89906417807332
-0.04899999999999999	22.52170121530561	56.39384479694567	49.764504024201834
-0.046999999999999986	31.397243615671755	52.029338575606324	50.513789548626264
-0.044999999999999984	-81.88245411511197	49.70938404971933	48.343618574355006
-0.04299999999999998	12.265377841158553	48.174204194309986	50.408951510561856
-0.04099999999999998	-126.71984093470812	49.997484814305	50.29691742900479
-0.03899999999999998	29.03513749052955	52.91611109760994	49.63490215405336
-0.03699999999999998	-111.50144791982619	45.4931884152221	50.01970661794659
-0.034999999999999976	-18.692865480174348	55.3667603009268	51.185473027757915
-0.032999999999999974	19.862616243759845	56.8305674272125	49.61227296476811
-0.030999999999999972	-4.433075787013685	54.90512682353077	51.04199877469053
-0.02899999999999997	52.47219054260732	53.75359556841542	50.144213191975396
-0.02699999999999997	22.279921829237992	50.83301224096498	49.050647219308715
-0.024999999999999967	-18.627005601068447	49.956920825105335	52.59111722314219
-0.022999999999999965	36.72239024732349	52.518307467257486	49.0205556267176
-0.02099999999999999	-43.87316152598686	50.1056574292563	49.03620020003749
-0.019000000000000017	115.58823961821396	50.54255753807421	50.297433095601875
-0.017000000000000015	29.373072526928112	56.34990055209817	51.97542395083679
-0.015000000000000013	46.08641361447674	55.835331776042	49.99416866159211
-0.013000000000000012	-89.64374575815003	48.43888920499731	50.29911025952073
-0.01100000000000001	9.712634046588065	49.94428798666776	48.52921851058967
-0.009000000000000008	-42.72436749497288	46.373192987813674	48.99042422811255
-0.007000000000000006	-149.75041926290623	51.99139426226689	51.284431064278735
-0.0050000000000000044	-244.94772447936074	53.035937127493874	49.91502931025714
-0.0030000000000000027	-215.00941570040678	50.039877579700395	49.21341981137013
-0.0010000000000000009	-276.8324678548151	55.90515471742129	51.23332552174937
0.0010000000000000009	-190.86884312913276	53.06005222578595	49.309722325188034
0.0030000000000000027	-241.64786418101602	54.781795798426444	48.986049127755464
0.0050000000000000044	-276.86630981949014	50.86551174168707	50.299821861487146
0.007000000000000006	-189.681736182723	54.18427697084793	48.60458737936042
0.009000000000000008	-15.414284967318892	55.299590651139724	50.402726194035594
0.01100000000000001	78.43765678128278	53.404004188619815	50.827414311362446
0.013000000000000012	-37.19641805222107	50.214754130881424	47.548731134092506
0.015000000000000013	-66.7140547376821	48.588701002769255	50.18320553745745
0.017000000000000015	40.70613947226853	59.90362407891642	50.099047256218434
0.019000000000000017	-45.33227603842338	42.58904922361415	48.691158553751414
0.02100000000000002	27.74948915806874	53.63678203718866	48.64211514656477
0.02300000000000002	-51.302096227723304	54.70256448484417	50.65390225422685
0.025000000000000022	26.35299484987641	49.445666149092816	47.277644303188744
0.027000000000000024	57.96151090642354	46.368764849989276	50.25562674348933
0.029000000000000026	26.985527658673902	48.20027560629551	48.75730639000598
0.031000000000000028	32.849809469936986	45.739665634861886	48.00417164678049
0.03300000000000003	42.43701048545212	58.40102565254757	50.772084416357615
0.03500000000000003	86.73895808986032	47.012996613213005	49.22646543788163
0.03700000000000003	-43.28210961235257	48.39749563359221	47.78495691847962
0.039000000000000035	34.38310270542644	48.06841244990336	51.25510438599305
0.041000000000000036	15.44220631477522	47.26788936908673	49.63688066735802
0.04300000000000004	5.465114766733947	53.21193548850361	48.865435618917466
0.04500000000000004	32.604735418217956	48.508937888169804	50.796974453264326
0.04700000000000004	-5.79763558428148	46.58071006318179	49.23990048028897
0.049000000000000044	61.93827515388328	55.729537239880635	48.382822368215805
0.051000000000000045	-4.801779171059728	56.85497830320174	51.51979332448021
0.05300000000000005	-14.846677375834894	53.89886524425807	50.89794305244545
0.05500000000000005	111.4951538101483	51.83204198825438	49.724203468786875
0.05700000000000005	-5.247656266416101	49.99029574340256	51.47343024936464
0.05900000000000005	-26.91457634840244	50.328330475731846	49.98240423131299
0.061000000000000054	-39.454593761201195	52.02850125830669	49.911442003443945
0.06300000000000006	25.917365279681803	50.97564245027253	51.85068282241852
0.06500000000000006	-20.873689601019763	47.138932553094975	49.28623259418242
0.06700000000000006	-40.661701198430045	54.49584025718838	51.118809923860546
0.06900000000000006	49.03752839102715	52.66177827666753	51.46394637060683
0.07100000000000006	35.02955690870557	53.6410127332966	48.95305479122395
0.07300000000000006	-93.45000374894053	52.31866779735527	50.20291097294888
0.07500000000000007	73.66276356335355	48.11692946851745	50.77614298526071
0.07700000000000001	4.478255073436799	47.640316726359735	48.55779396854962
0.07899999999999996	44.77380055045721	52.767629723614824	50.703976271327754
0.08099999999999996	67.02019408511006	53.194409178146486	51.12512751322597
0.08299999999999996	38.07326370641739	49.117086891087176	48.50107005007623
0.08499999999999996	9.913428312469108	45.990527686904365	50.9614982324605
0.08699999999999997	4.927405869104007	54.80119724103198	50.17580167809922
0.08899999999999997	-97.03825936002718	48.39771902747177	50.07772037690842
0.09099999999999997	100.08140914541386	53.99096691345651	50.486300173664674
0.09299999999999997	-87.95878739809027	52.61644640050674	49.92785972854076
0.09499999999999997	-27.14540743742333	51.26175642033152	48.271589204604055
0.09699999999999998	-54.46831267952312	56.1113963194602	51.27195290591158
0.09899999999999998	-3.172751845581523	49.46436927447224	49.50345897658596
0.10099999999999998	30.267469020905935	51.342048842606005	49.569424233185536
0.10299999999999998	46.992285024805014	53.23077057869783	52.085592341886596
0.10499999999999998	-56.78317707547009	55.47295466368754	50.681574756783846
0.10699999999999998	77.95643428143428	51.07848416105658	48.503883089032186
0.10899999999999999	-55.142461767521134	49.85110767740029	51.103376209022294
0.11099999999999999	28.293318025340852	51.444502832447	49.275551060502735
0.11299999999999999	-39.11761548092141	50.96175577246579	49.08941748687288
0.11499999999999999	-10.936607222733485	52.0272225777356	51.84843014960074
0.11699999999999999	-8.092160666439696	46.791187444295566	48.65230671079716
0.119	29.927790009098842	53.900895377333384	49.348381908530676
0.121	-5.321982430417371	45.488213602579826	51.26184925121588
0.123	-17.14799223262453	49.38791527101723	49.295445965839626
0.125	20.012883739317644	49.89193308149084	49.93577338701113
0.127	-8.15962951095095	51.74502172395178	50.87690933502773
0.129	-81.32491917578477	51.62845113138559	47.9890695317225
0.131	9.543009598989016	50.356217099568205	50.43669730305263
0.133	46.32497422907278	55.142535090644856	50.85670260392053
0.135	-12.323365445099377	49.21393222567161	48.203926427402166
0.137	-41.96990148597202	51.34088704873298	50.41039784836367
0.139	-54.827490061248874	53.93109230550671	51.365141768963426
0.14100000000000001	11.220273912648793	52.075522052540705	49.3827718459402
0.14300000000000002	-27.563175076350532	50.72672104124773	49.79233145622516
0.14500000000000002	-68.03782999154073	52.03637256490661	51.38371341007733
0.14700000000000002	26.55922944061473	50.537961305068265	47.95106706361401
0.14900000000000002	-45.23169999293142	51.37830298375877	51.002558314386626
0.15100000000000002	-29.885961646214376	56.37175340590558	50.099418668770824
0.15300000000000002	12.428149890997275	49.25352106786364	48.480864580616114
0.15500000000000003	67.24911950217738	54.43156697179231	50.52022094066355
0.15700000000000003	-85.07657387146762	51.566604653385546	50.34109876305444
0.15900000000000003	29.708650378434953	53.09870552531543	48.462538256385116
0.16100000000000003	12.51383930700456	49.49676566955882	50.503858042752675
0.16300000000000003	110.1001190910722	55.17782558139875	49.9798361388326
0.16500000000000004	41.53170302001463	48.29536286820616	48.23303621312263
0.16700000000000004	-38.483537809552715	55.30563820856668	50.75302652067707
0.16900000000000004	72.1940781356345	46.60316921847841	49.44291518691551
0.17100000000000004	29.50731236928128	53.73409846801488	47.96986307780929
0.17300000000000004	-25.73754836532327	48.08990369613839	50.533224769188536
0.17500000000000004	120.35268784593711	47.64249780171718	50.40854642958186
0.17700000000000005	41.730360344161	50.79343248667335	48.354901529223234
0.17900000000000005	1.4575596405386193	52.28521322750628	50.56521674941417
0.18100000000000005	-52.14277985488014	52.57854377177379	49.410697737267256
0.18300000000000005	-38.70104096381777	49.35694847297433	48.87185779035867
0.18500000000000005	79.0580642742178	57.80497131016033	50.6061775594463
0.18700000000000006	44.74255239772518	51.90515790369437	48.15516383906045
0.18900000000000006	18.924028280631333	49.29006836956774	49.49695224408017
0.19100000000000006	-35.02145059297579	55.53154617778419	52.76508076491025
0.19300000000000006	-16.70541484821708	50.72613138151687	47.860301485839365
0.19500000000000006	47.43063876122555	53.47276547376062	49.49970297738882
0.19700000000000006	3.3057703572314523	52.80321082783861	50.8112423756617
0.19900000000000007	44.00780665347881	55.11446730419726	48.314074998831835
0.20100000000000007	30.48330860977444	54.76230567926106	51.21170618308939
0.203	-72.06870325948688	48.042456373857945	51.03094039409724
0.20499999999999996	-5.748304330199794	45.68670571246337	47.420402128130014
0.20699999999999996	65.01872831354838	50.14760527971294	50.74669158270101
0.20899999999999996	3.117803613061909	54.317990345818366	50.54788203657835
0.21099999999999997	35.52568374254328	48.54579971762792	47.59839495584963
0.21299999999999997	8.734118962072657	52.95973628659462	50.31236057638712
0.21499999999999997	36.548097690047854	49.11426628705574	50.52262110494962
0.21699999999999997	55.911547401699124	51.455387807533924	47.841947147306726
0.21899999999999997	-23.1147172888857	45.22816222378397	50.49316626865714
0.22099999999999997	-67.11578974705202	60.53071766996428	50.18654424360025
0.22299999999999998	16.293194041727688	47.58654151637064	48.840280490598985
0.22499999999999998	-63.28510129371967	49.82707340858696	50.01448365283995
0.22699999999999998	62.85308257703015	53.148360164030976	50.37988273700369
0.22899999999999998	36.34304088229179	54.92035819565297	49.114803898100696
0.23099999999999998	16.230237095182787	51.10218906905669	51.042828273584334
0.23299999999999998	14.678106363241739	55.626876215419536	49.38365472911291
0.235	-43.81219674454151	52.8198517607823	49.471697558112105
0.237	-45.105818156199184	57.56986926399985	52.41709348524024
0.239	62.81982813027831	49.65280264748533	49.16211834359669
0.241	62.24489580297643	51.709891459464316	48.41380877593204
0.243	-61.08342376953679	52.643476807555565	51.487917893030875
0.245	10.766954089413971	51.19910851820147	49.24136504592801
0.247	-47.88163089852748	51.97658574038438	49.286239329122445
0.249	-38.66005289732133	44.926274280642104	50.77782120083137
0.251	13.378761375415493	56.09191912150805	47.95318208959821
0.253	-1.6813242292856856	52.02005203057245	49.74082038843992
0.255	43.92380103301896	50.143350843256634	50.550227811804035
0.257	28.29260166059555	50.46368319768995	48.35676762570236
0.259	4.597269515294045	43.20933538458832	50.17652873213443
0.261	-39.851085616327	56.45780910461766	52.05647637318975
0.263	66.98375153746383	53.16028979398604	47.632390854146124
0.265	-42.29146331824474	52.951251246619144	49.74897736168167
0.267	0.7633213876534484	55.59184523857808	52.307962320394296
0.269	-1.2515103907650982	45.628656467086785	48.66235138761156
0.271	-57.21173987416339	53.262976342672495	51.48362092842902
0.273	61.30666766379633	50.91508101472037	50.03937781383214
0.275	24.821402547337	53.20217314646275	48.61954843195335
0.277	101.13233918951359	55.454812457753235	50.47552126295489
0.279	25.77361761191277	50.69662659614282	50.642306045926404
0.281	-70.8543543611606	53.64261938723492	48.26487153916439
0.28300000000000003	-10.49189241830728	55.3534565352465	50.718237133341354
0.28500000000000003	-42.920114236899565	50.16204128832238	49.24148031597649
0.28700000000000003	62.97801089938382	49.83354556036082	48.38904919181731
0.28900000000000003	70.73236648502679	52.94256514252062	51.05433855148865
0.29100000000000004	24.91767160450742	51.90762201333338	48.92207276593044
0.29300000000000004	-2.1009072552757857	53.39125967793147	48.591524315432814
0.29500000000000004	14.899424617631496	59.38615060327116	51.55186492948326
0.29700000000000004	-9.512078080309294	50.74619284463549	48.17287627530365
0.29900000000000004	21.682981872439555	52.285397754274456	48.856382854094804
0.30100000000000005	16.807922103234674	51.66227470040514	50.75427375675735
0.30300000000000005	-63.32553732757429	45.0253400663288	47.69305964352591
0.30500000000000005	-11.814379048402657	57.031315019647444	49.30201186564874
0.30700000000000005	70.55372606012966	58.64371710151368	51.20931746881334
0.30900000000000005	-42.84810365318137	46.485070274821446	48.768799871356464
0.31100000000000005	42.9927582465961	51.30795543413786	50.52017096784162
0.31300000000000006	84.87773300713819	60.020813153863045	51.484915659448895
0.31500000000000006	23.752566404189324	51.065391019329944	48.49971486100886
0.31700000000000006	15.847185482753545	51.09959046354055	49.499170920553865
0.31900000000000006	8.961932997930688	49.451163801403936	51.79814844050827
0.32100000000000006	63.63911323026272	52.331428723694636	49.323557527995995
0.32300000000000006	-40.13854536422112	58.136378566791905	51.48003544825996
0.32500000000000007	-47.84594133577791	52.26892716346109	50.3070104932003
0.32700000000000007	3.1064046397411005	53.39366074525059	47.3861050904755
0.32900000000000007	-15.803386894774896	49.98198180311555	49.52743580024575
0.33100000000000007	-3.940091198306739	58.8881630864061	51.00231046187414
0.333	12.238994912872059	49.73169363353139	48.20295350821739
0.33499999999999996	-59.19791544783948	48.60674250735784	50.98372280685895
0.33699999999999997	36.98492556947208	55.91337825460162	50.357226381349314
0.33899999999999997	-11.575156086407468	45.64049952586336	48.24632210204714
0.34099999999999997	-3.6735872128712543	54.52713257931577	51.28861457535431
0.34299999999999997	20.257512774790598	48.164356232843495	49.409459596014116
0.345	-8.74114176296903	44.59305420565935	48.735929051235054
0.347	-81.016875056239	50.3905395530721	52.999310990880474
0.349	-20.66181888438212	52.42045076714865	49.82389326666388
0.351	-9.49350089485268	52.65239840392479	50.41121995482123
0.353	13.824810136453536	52.77538222091215	51.4436914102414
0.355	-1.3032539664115106	51.222699901264406	48.78849421813299
0.357	-4.712068777168454	51.94283249705554	50.433993589679524
0.359	18.613805251366244	56.042728871195884	51.24496353481669
0.361	35.69339963149787	50.34604170053867	49.77910162071153
0.363	76.00421285913761	56.386915516400435	51.15778486104493
0.365	74.37380077224276	54.66120634627312	51.77788663567817
0.367	8.814181811533928	48.89789549475873	49.37700352185038
0.369	-50.73445848358116	53.038259556642764	50.12880432829065
0.371	38.42583903224117	57.07417488348228	50.73133115524035
0.373	22.525243035476095	53.22359436411422	48.10343366092995
0.375	54.13436425905083	47.150251933597765	50.41139267660413
0.377	-43.021676339405346	55.98765960600744	51.27194689062521
0.379	63.14534939222405	49.3254417556767	48.116679669140204
0.381	-37.07641759009839	45.363560690303814	51.69916070840563
0.383	58.599483033994204	49.509358173495066	51.563979265979235
0.385	-93.42213964214085	48.82194605478524	49.40392368515863
0.387	-27.175234723286756	52.27017710634881	50.882121647241625
0.389	88.91708440872392	50.08515623840337	51.885484703666286
0.391	23.626117355624032	46.85244611599105	47.84884974804451
0.393	102.24150988147329	58.230818045591576	51.67127098902186
0.395	-20.515971748791273	57.86077308229532	50.89636488039489
0.397	43.06983303892231	50.808992868058226	48.70689251471354
0.399	88.62651490582074	53.05417098565263	52.55220675139485
0.401	6.423623974072257	52.35029261080707	49.94502998100859
0.403	27.922342397346256	52.06905441618602	48.556736889000675
0.405	84.18819777444853	59.0372981548261	52.30471889639159
0.40700000000000003	-36.93344988242586	51.29438270013351	48.57322471017337
0.40900000000000003	-0.7021902580506278	50.71239199531557	49.839123336184954
0.41100000000000003	45.08828180660451	49.43056065683214	52.37897761611582
0.41300000000000003	-37.253105756529514	51.99270496343828	48.30416049077465
0.41500000000000004	3.334178681368982	50.370882474010735	49.7296030120284
0.41700000000000004	-1.277520340736693	52.05991061643659	52.301062335415565
0.41900000000000004	-72.16358328965278	54.114562265126295	48.23120433780439
0.42100000000000004	173.9228349517674	56.01753803988086	50.94887010340351
0.42300000000000004	-74.08871593295174	51.80382451078916	51.74989630410695
0.42500000000000004	96.54402104231075	49.52723518769531	48.778649808135576
0.42700000000000005	25.88854485940928	52.01053228648987	50.43424722305748
0.42900000000000005	-35.02904462182599	52.24997732693571	51.763184616706894
0.43100000000000005	-134.17475325849804	51.83436487389223	49.09121611141817
0.43300000000000005	46.10831811779903	51.58454800856607	49.54289282125514
0.43500000000000005	-10.93540157537376	53.45673329683875	51.017831245238995
0.43700000000000006	-6.708204454142219	52.96560909478129	48.83572182374318
0.43900000000000006	27.48785728634573	48.38596696117399	50.181642306466806
0.44100000000000006	40.69292866448748	49.44976790241273	51.62852523631185
0.44300000000000006	53.34254046140963	49.282468467661	48.38341250669835
0.44500000000000006	63.96248473983235	52.058063183119124	52.23413254921461
0.44700000000000006	-58.91385332290611	48.8817503078709	50.27947141756466
0.44900000000000007	-1.1180743868521859	50.700248168301755	48.30058094070877
0.45100000000000007	-29.428418894972275	54.40859421041582	51.743587895902586
0.45300000000000007	3.280578138697976	56.41775208747072	50.35439781406488
0.45500000000000007	-89.28229583404779	49.79474113146781	49.28407555489142
0.4570000000000001	71.3227337505451	53.927350939822844	51.432817475992394
0.459	56.91645787675448	52.685894819000794	51.33038974322681
0.46099999999999997	110.08689237534952	48.16319053260487	47.83465783833484
0.46299999999999997	-9.89963616659928	65.82694270449599	51.51537603087714
0.46499999999999997	52.53353399203853	52.4319803795764	49.640044098718676
0.46699999999999997	81.30664152306011	55.16444449189875	48.865235990725274
0.469	-2.272792907320742	47.82165598969703	51.503030874093064
0.471	38.836804456154894	50.27107162712158	49.580397080031965
0.473	-11.688325912806441	46.3705765449844	50.443337303302926
0.475	36.90816451995538	52.63457740375423	51.207505398749674
0.477	92.77500534232708	48.67560779378156	48.98621994945499
0.479	12.90862930636294	55.44634308347106	49.4485204466165
0.481	11.118147006383694	50.445946939174775	51.21113646301543
0.483	68.18514975104328	45.6786047385735	48.99818635261464
0.485	44.520971226980066	49.08078803153012	49.756424676341254
0.487	64.3924066103807	52.598438730511816	52.0141603987766
0.489	-12.072567092569209	51.39055195894987	48.06234471504418
0.491	61.29031147183994	52.34988944067425	49.66341856923323
0.493	28.047116747087486	53.60528764264697	50.87539287666389
0.495	65.18277569500519	56.24190649389233	48.847148171432465
0.497	61.471032496207556	49.80753750297129	51.148786565022085
0.499	-109.76025043485382	52.2190585632264	53.18982222852915