-0.499	21.994222860088897	1217.0577553138758	49.51511613485187
-0.497	154.65474305953464	1165.8417900090612	48.69189743770118
-0.495	-255.6910750027841	1210.0364615503586	49.95151759439934
-0.493	466.15469085642405	1127.3580919570447	48.24388184001657
-0.491	-730.7233634598065	1180.8713800399114	49.66002351649765
-0.489	-190.72233351946633	1190.62632591568	48.357467424645435
-0.487	-2.0821879774812757	1095.8516270338837	49.601167679297376
-0.485	-259.0770804591358	1255.6252392222289	48.64569980858084
-0.483	656.1003502092433	1081.8022483460115	48.30140287615507
-0.481	-878.8292050674329	1249.6001930776652	50.818574734462025
-0.479	637.0582318853124	1175.0773315148344	48.18447322206982
-0.477	-1275.0289916479974	1178.5124504372977	49.754713940805516
-0.475	264.4117739887264	1142.3954564240987	48.72454414165503
-0.473	-1015.3858515894453	1157.037944135385	49.33395227175771
-0.471	-90.65493817406178	1156.3049748586945	47.22076042293917
-0.469	269.56626247431893	1120.8874000133883	49.43961708596948
-0.46699999999999997	-519.2857568593334	1201.4512350531322	48.20883115330783
-0.46499999999999997	751.3204197797663	1112.5863242672358	48.64120538702403
-0.46299999999999997	-605.5098612391952	1269.1803702207105	50.98801750145428
-0.461	-86.40416619432045	1090.5913587042942	48.69366399316203
-0.459	-288.2898226913566	1162.6374276763827	49.77045719506313
-0.457	-684.9435164357765	1163.1166403967231	48.36030157676643
-0.455	15.327596579517433	1053.1506992186014	47.70084432480169
-0.453	-976.2423948910248	1198.747167697143	48.78204935448972
-0.451	650.003960592782	1080.1667184652194	48.922278404161155
-0.449	-839.3506987364185	1213.6591328839866	48.66108785878245
-0.447	633.4227587965202	1134.4295941563705	48.642821354864424
-0.445	-427.86751784507084	1141.8841394939188	48.40038597063119
-0.443	-135.87159972405783	1138.3492620292855	48.87889913936693
-0.441	-723.7000994779752	1090.1356383688358	47.84775428967307
-0.439	-546.8674286914777	1130.390357844473	48.44648442733384
-0.437	-59.31934777336778	1058.662657988513	48.730420668033176
-0.435	-872.4661577697024	1147.824162657516	47.949479659542234
-0.433	881.1090120057763	1157.927007076711	49.95872563087066
-0.431	-758.0169913884438	1103.47712813286	48.40463475063301
-0.429	686.8123164294193	1104.0470810256688	48.61565611955282
-0.427	-650.2665283795172	1126.781687470076	49.19481881714749
-0.425	534.750438687448	1095.4964656361858	48.38909823449342
-0.423	-539.7144955159306	1113.4241594305586	48.97706620622549
-0.421	34.203280514510936	1135.6145278920226	48.5364473933414
-0.419	672.2534098986266	1057.2381419522412	47.66112840066604
-0.417	-1899.6052519006935	1144.1348663714944	47.73215719245773
-0.415	324.21069919497114	1194.289264723733	49.128559323327295
-0.41300000000000003	-934.0295081490258	1232.2302924058392	49.434541807496515
-0.41100000000000003	420.01673567959585	1080.4624322105071	47.78232534813679
-0.40900000000000003	-1609.2268515177643	1136.1140425500387	49.03234171110628
-0.40700000000000003	-242.90295941964413	1185.8582765490826	47.857314924510035
-0.405	61.84341268111737	1069.6131358092955	48.41411767928209
-0.403	-775.0030298087074	1238.7317331013621	48.674422349589406
-0.401	1107.6868857906597	1158.4940439207082	49.04674527771336
-0.399	-982.9496470684651	1155.1901173529754	49.70454395649881
-0.397	593.5675756281178	1132.531693652881	48.75335449638845
-0.395	-34.789212693397964	1201.6738677316346	48.04323286565632
-0.393	413.57692882249	1165.0328246324352	48.63140662584893
-0.391	-711.3562737407486	1157.850051955889	48.056710276145274
-0.389	167.8714861437225	1165.429228023386	47.63350911339795
-0.387	552.2651198033302	1121.1730093543322	51.055190845426864
-0.385	-377.2694423077594	1183.672383762666	47.13619738224699
-0.383	734.3213618198341	1098.6922948438691	47.8925761432455
-0.381	-1275.411307639418	1188.125744446758	49.037236380205904
-0.379	184.6947828807455	1099.613066537053	47.67732210060233
-0.377	-1047.254428324096	1229.7340084169732	49.779335792192
-0.375	207.59684017401804	1145.8307872034939	48.04943912676014
-0.373	883.9675272067637	1175.3524449013228	47.99243551224574
-0.371	-856.5239245948985	1240.1370372093445	48.83911222289911
-0.369	575.4370706849699	1087.6964410143173	48.50846825829031
-0.367	-277.65089477083114	1232.0716968275412	48.7261214060886
-0.365	8.43332017774756	1218.38211652589	48.84298146812672
-0.363	-403.6607197578368	1168.1567637082576	48.764101063650145
-0.361	-41.393416180368625	1196.6476651242078	48.77325516417804
-0.359	-922.9539718316194	1115.3879387660031	48.04572732793777
-0.357	-297.5913612424108	1206.4721348706103	48.16710243431825
-0.355	282.64626814311634	1077.8872930334953	48.42263185794646
-0.353	-1024.5353162824379	1264.4076431455985	48.21175209045268
-0.351	523.4289584818974	1180.5898957876002	51.1553537435713
-0.349	-271.02520809574315	1198.676178063431	48.373239862220224
-0.347	-64.36363554740421	1249.794217523512	49.027390164981554
-0.345	-656.5351643930128	1184.877235812313	48.889123362880966
-0.34299999999999997	1453.0582886778109	1226.6894525644523	49.13095340705016
-0.34099999999999997	-414.48219692308277	1203.307429639276	48.84374930710847
-0.33899999999999997	269.8566588938967	1142.5314444644375	48.34047980478389
-0.33699999999999997	-96.4647483345793	1197.5858434191584	49.746432315970196
-0.33499999999999996	-1205.3509631678728	1264.0024478488888	48.99619183079565
-0.33299999999999996	-611.7432156106383	1192.5089408541792	50.05859515762479
-0.33099999999999996	-851.3770309998004	1192.6194662817757	48.76008046490613
-0.32899999999999996	-280.4846860453569	1218.9570729009756	49.9847251421497
-0.32699999999999996	-389.6054717515973	1191.852848607857	49.713070494113566
-0.32499999999999996	-400.8179378205412	1200.8876532896172	48.179840241187755
-0.323	-558.7303051383108	1194.3513062231882	49.302339098909066
-0.321	-766.4600793013676	1175.80028528443	47.6059194964289
-0.319	-520.5471088565172	1306.6278804774888	50.60913154312595
-0.317	-1113.282827304829	1251.658358788898	48.23257776468163
-0.315	197.53848997061675	1266.6639920345676	49.96236422366179
-0.313	-1310.1687827340447	1269.11037182948	49.51834501327997
-0.311	-135.72531273686738	1213.3908304431711	48.813940264076415
-0.309	-1245.5093096949145	1245.4727926962044	49.37183176560224
-0.307	-1411.8197591620474	1171.4691181213364	47.80138219688431
-0.305	178.64347655827117	1237.461856956574	50.96164589803213
-0.303	-1676.9122028641448	1261.864979715801	48.400916283421836
-0.301	240.7876829040312	1181.6090408268553	48.647938855782385
-0.299	-1203.9979001310376	1186.6156059112113	48.62695001586912
-0.297	-28.20426583793889	1239.1557861838714	47.938000381135986
-0.295	-1242.4788162269663	1171.85582768002	49.79417793787143
-0.293	-624.3799266176798	1229.8885193813933	48.52124104118001
-0.29100000000000004	-812.7291544873793	1282.719159720568	49.94597108407673
-0.28900000000000003	-1117.4777326433682	1237.325369817664	49.93376159163468
-0.28700000000000003	-326.5369983422861	1196.2204057955637	50.18193050784542
-0.28500000000000003	-1103.9810984202481	1267.692338959517	48.89664689570774
-0.28300000000000003	-615.3991121230496	1317.8174766422078	49.24929753768994
-0.281	-1125.8325133362002	1193.5998623480646	48.795926923212
-0.279	-330.31537912731056	1306.3012150768152	50.50010920145246
-0.277	-1284.8487272443253	1257.6752485458694	49.3174179519126
-0.275	-630.5291240911171	1209.6987502655181	49.61333153546066
-0.273	-637.5401316298656	1292.8832559531813	51.02240150115997
-0.271	-927.2321045722398	1236.5294905402343	49.14468503117394
-0.269	120.32765101510634	1214.4867882269655	50.54169533194394
-0.267	-1276.2079017726303	1264.5432149212324	49.53176102401771
-0.265	-38.77838836574554	1180.7385319788689	49.61323179017165
-0.263	-1240.4235192720048	1235.604872187407	50.43669672683593
-0.261	-148.81297077573575	1121.3828350011784	48.34759143941727
-0.259	-584.7283738104059	1282.9027800330498	50.71735867693499
-0.257	-1289.0732438476382	1244.1512531810936	49.898277863500134
-0.255	-1317.5606974332732	1183.3866351546203	49.48610280707597
-0.253	-578.0045299137448	1213.2037337940772	49.52576176740985
-0.251	-624.8379487716616	1245.822556365515	51.03633058662053
-0.249	-634.2897458444519	1219.250481149605	48.51271877282768
-0.247	-1303.514706202602	1176.1171633974825	49.03776666731022
-0.245	-374.4911815326546	1225.789000760415	50.28476725862287
-0.243	-1746.54912807215	1201.1383907468364	50.27014492940328
-0.241	-920.0853429385259	1237.4591485840026	49.854946147951885
-0.239	-586.7446702637613	1251.4646552321722	50.095773905312356
-0.237	-846.5055999746785	1169.6257551651784	50.04072407563479
-0.235	-769.4305234487997	1360.9145927241725	50.50335101728955
-0.23299999999999998	-955.9220800419155	1174.1416965696135	49.96768281368397
-0.23099999999999998	-1390.3337207381571	1293.3473976657972	50.34546934781506
-0.22899999999999998	-284.15256745417673	1160.8169963776559	50.5191945558979
-0.22699999999999998	-1213.9218598868906	1270.8521104358	50.269889568126544
-0.22499999999999998	-1398.5153358938574	1186.0758387313858	49.79443461596427
-0.22299999999999998	-696.5156467383382	1310.7436764472325	51.22902759245753
-0.22099999999999997	-923.9767862109227	1318.0216592276406	50.62918038654858
-0.21899999999999997	-533.0105856247158	1274.7226658043965	49.782814126686176
-0.21699999999999997	-1426.1487832994967	1249.4929391877006	49.656467725182615
-0.21499999999999997	-898.3626963474655	1302.5903191662296	50.698361961121066
-0.21299999999999997	-1021.4775238125418	1212.5346779713138	49.7402306587874
-0.211	-1229.4717442200565	1308.11283970096	49.22985283348983
-0.20900000000000002	-937.6300827832473	1212.8233803866303	49.311365064078736
-0.20700000000000002	-1344.3365787729756	1318.4335677358363	51.02853661368596
-0.20500000000000002	-1699.8863555129917	1242.8241122160023	49.42471020305121
-0.203	-983.6896292810815	1330.1687632006053	51.37602336476736
-0.201	-841.7030824284799	1359.0694005831344	51.92989117736966
-0.199	-1340.1276461028067	1202.734131055193	50.42082413731993
-0.197	-759.6858021493568	1311.8985131631	51.08301578456792
-0.195	-1305.003344594935	1271.478948252044	49.944073531120694
-0.193	-882.3507762623084	1185.852980550693	49.45580911212435
-0.191	-1790.9787515342223	1261.6775089375071	49.11078658094597
-0.189	288.5116806845556	1258.772541411712	50.58158127702531
-0.187	-1870.1702566822353	1213.3048669390994	49.496721033858904
-0.185	-855.170572233388	1257.6147984852287	49.09089940955742
-0.183	-855.8663532790556	1259.6393487380517	49.18644590558638
-0.181	-1798.7016511712418	1269.187568584137	50.22648512315961
-0.179	-999.6283202245993	1216.2221749748694	48.80964678651242
-0.177	-1351.2602300541632	1232.2160233817294	49.817320254164514
-0.175	-1425.5685952433428	1288.1971787954055	49.96960096425842
-0.173	-1604.4026588399875	1210.0016383039028	49.59431772196788
-0.17099999999999999	-1224.195824053309	1224.449646386604	49.7388921964137
-0.16899999999999998	-1050.1841838104208	1269.2237031546354	49.52890212400975
-0.16699999999999998	-1130.3641662474552	1289.213101287692	49.158266938071506
-0.16499999999999998	-1177.8820574647186	1245.4925373967596	49.23435142683429
-0.16299999999999998	-763.6905732129051	1288.538789849618	50.70842411833148
-0.16099999999999998	-1627.412834804498	1225.5652621994752	49.14421169319511
-0.15899999999999997	-88.03359026965384	1371.8699475052397	50.142433773097544
-0.15699999999999997	-515.6224798419373	1260.978491004249	50.31877528101053
-0.15499999999999997	-1075.0374699520783	1344.0926357012981	49.92815928309483
-0.15299999999999997	-1197.1606726464136	1330.7317920103303	51.04444000484545
-0.15099999999999997	-1158.1132185322085	1268.6408852152967	48.711410953183496
-0.149	-1163.810051740044	1299.2555785028208	50.428409707252456
-0.14700000000000002	-1503.7101878256908	1278.734738479245	48.60076149037564
-0.14500000000000002	-535.5721411318681	1269.243187433381	49.955937914763844
-0.14300000000000002	-1542.5140367685276	1237.7194351033809	48.102876472594744
-0.14100000000000001	-1234.806466891114	1278.685803857517	50.558927942645234
-0.139	-1903.299246046708	1267.2306325322672	49.383293013351775
-0.137	-1324.4472892890435	1323.731417742293	49.745103739993155
-0.135	-2453.0404229552437	1275.6809791087085	50.596505816705736
-0.133	-625.3193928072998	1367.7489437479655	49.826726044381104
-0.131	-845.9305271252271	1253.514047306698	50.17801907524581
-0.129	-2384.433330321567	1281.6022488899234	48.980047537690226
-0.127	-719.8601855860077	1273.8911355385553	49.62607491597195
-0.125	-1432.594796421105	1250.3064062538363	49.715540202542876
-0.123	-1119.6149940261303	1344.1140009757628	50.407969071815934
-0.121	-1053.5596949335923	1201.161441112399	49.21799084957003
-0.119	-1649.6770696705632	1298.8382224684838	49.26377459152467
-0.11699999999999999	-1242.5241011465582	1311.068312831368	48.9426815729191
-0.11499999999999999	-553.6404698481823	1208.2055883413584	49.616338135662495
-0.11299999999999999	-1586.0261554053734	1280.0882695200564	49.42988933826606
-0.11099999999999999	-1146.9713023143368	1209.8461254256476	48.98657136053952
-0.10899999999999999	-2049.5371554242192	1269.6794829799064	50.94700979595764
-0.10699999999999998	-976.857617717819	1184.8014879467767	49.596637740169434
-0.10499999999999998	-986.8178144342155	1370.8411886281917	51.64449538106193
-0.10299999999999998	-1216.6286414551087	1262.7202810053761	49.21882621207402
-0.10099999999999998	-1677.4095735686556	1294.583812641272	48.978639803173294
-0.09899999999999998	-1024.143647086806	1346.4290817550507	49.55665865056987
-0.09699999999999998	-1805.4922526966611	1296.109403989717	48.15740227581023
-0.09499999999999997	-1312.8312746250037	1288.696088279774	51.18702760396922
-0.09299999999999997	-1655.2551766794154	1212.983248645921	48.08025701064517
-0.09099999999999997	-1251.7840854013862	1270.3427309028382	50.1623263999454
-0.08899999999999997	-998.9583668245094	1321.726245751572	49.63760246367153
-0.08699999999999997	-1468.9826499558744	1346.005036258203	50.52503154851147
-0.08499999999999996	-813.4826985614075	1247.4613234253393	49.692934980670316
-0.08299999999999999	-1420.5621240068745	1241.4100322699192	48.652434764013904
-0.08100000000000002	331.36667529709564	1217.1735634160534	49.69508172780214
-0.07900000000000001	-2442.3453773033675	1233.1520029770957	48.229688344046124
-0.07700000000000001	-1726.5739782577061	1349.3959555399063	50.82943314419773
-0.07500000000000001	-1247.392197175401	1243.6881323130353	49.10402565252197
-0.07300000000000001	-1140.4189357042683	1266.3977385310777	49.59665080356684
-0.07100000000000001	-1321.616368963885	1273.5748708454094	50.22515456541072
-0.069	-1420.6790537326651	1245.3083415617123	47.9466655267231
-0.067	-983.3749769607714	1298.697788984831	49.54869290819073
-0.065	-1609.0978711081893	1222.8767860362684	48.1829732779078
-0.063	-809.9835699348912	1285.396006558602	49.75815327221035
-0.061	-1600.1823416811335	1232.4114152759269	48.85000318534073
-0.059	-678.7440293561931	1258.6335139937937	50.48014686154949
-0.056999999999999995	-1946.5214389990938	1237.4450708278207	49.45650874295384
-0.05499999999999999	-1278.6992066557978	1296.3614479721841	48.96621933043571
-0.05299999999999999	-1099.1117401092376	1259.893740092486	50.67478054295251
-0.05099999999999999	-1423.9206848651875	1262.8575438289756	48.37518775084043
-0.04899999999999999	-1199.3218194574772	1356.6004270850183	51.03335894727433
-0.046999999999999986	-936.4648041684243	1182.2889650329448	49.1760842878616
-0.044999999999999984	-2409.7628269477145	1338.858160903825	50.33937341721424
-0.04299999999999998	-1606.8484644673476	1222.8045058854614	49.13252364054212
-0.04099999999999998	-1163.849267591943	1301.479515520565	50.54139709352057
-0.03899999999999998	-340.1160909848322	1212.2487975319293	49.453228389894726
-0.03699999999999998	-968.5615157913885	1310.2100907938743	47.822768237801384
-0.034999999999999976	-1391.1420101634376	1328.5869838728963	49.51723186342557
-0.032999999999999974	152.00665127279578	1252.94585018577	49.78160586926331
-0.030999999999999972	-1686.5222352637766	1329.7567015124152	50.26339856771685
-0.02899999999999997	31.76308912156145	1218.5998409500814	48.740559705957075
-0.02699999999999997	-1068.396441533226	1319.4617167991205	50.17083901620208
-0.024999999999999967	-923.5122569306586	1178.33317538657	48.91387457182385
-0.022999999999999965	-969.0225494417559	1256.4876752091436	49.73927291530949
-0.02099999999999999	-1383.364607923987	1293.9062093259365	49.64697303647222
-0.019000000000000017	-984.4589261289727	1214.6469283074127	49.23672642081626
-0.017000000000000015	-1012.2060132660149	1312.1764978392878	49.72842418763945
-0.015000000000000013	-941.0038532690069	1325.8900211281607	48.65645609011986
-0.013000000000000012	-1368.998703628721	1239.791234146679	50.43497607620224
-0.01100000000000001	-1233.3321626200045	1268.8157371574596	48.88921662748828
-0.009000000000000008	-1126.8005115073754	1294.4109783178196	48.93334683968167
-0.007000000000000006	-1192.5212750277803	1205.665608887296	48.563481738749246
-0.0050000000000000044	-878.9085077135494	1379.302195165086	49.3513785190765
-0.0030000000000000027	-2819.0412155291165	1251.4617271914362	49.997457206363755
-0.0010000000000000009	-3150.5784767992263	1277.4303426893093	49.09518744719971
0.0010000000000000009	-3227.3899503428847	1247.93431323415	50.15568861472205
0.0030000000000000027	-1391.4291602619144	1243.958992974896	48.345127715701
0.0050000000000000044	-1342.8458372831687	1299.7028271877903	49.34012019062247
0.007000000000000006	-1188.1762612988566	1285.6173438671885	48.82195615931075
0.009000000000000008	-317.0425637916141	1166.9580515811954	50.04761778026956
0.01100000000000001	-1289.6030898593701	1236.5609117699394	48.605180285269235
0.013000000000000012	-1035.7195150828557	1258.7331989468432	49.54464867382846
0.015000000000000013	-1288.1610189561243	1231.4361830163687	49.49268613265294
0.017000000000000015	-336.16255286605946	1275.671621226788	48.57707466741095
0.019000000000000017	-2300.8415955765304	1241.6962481030378	50.327933725936944
0.02100000000000002	-177.2826256903892	1239.3186668568742	47.67019546751848
0.02300000000000002	-1279.3112715344669	1350.546404077303	50.45717925969509
0.025000000000000022	-549.7448009305073	1175.949887585035	48.465419379334065
0.027000000000000024	-985.4761549271674	1320.4958340502862	49.150855093058716
0.029000000000000026	-1079.2873838669782	1235.3625395346182	49.1799089410056
0.031000000000000028	-377.70141292436944	1258.134194457358	49.011296622809404
0.03300000000000003	-1676.9808765695338	1233.1410577468955	49.356820897583376
0.03500000000000003	301.71956010982547	1182.1186385623942	46.73891191950604
0.03700000000000003	-1910.9947360806955	1298.6934047893458	49.422478402117605
0.039000000000000035	-1011.1450885262885	1181.2133918771387	47.634763239852276
0.041000000000000036	-1500.875561317172	1323.5634757736264	49.27809257441837
0.04300000000000004	-457.1029923354786	1225.4649744208123	48.31649065100948
0.04500000000000004	-546.1192883488009	1278.2252756128757	48.55549030359905
0.04700000000000004	-1964.4460967862542	1282.2328318097423	49.12667219538431
0.049000000000000044	123.05462990513938	1228.5016887584854	47.8906746573727
0.051000000000000045	-1700.9319017178282	1301.5280989903254	50.00749276294726
0.05300000000000005	-1342.4770758001525	1181.9209902705302	47.95793787258075
0.05500000000000005	-501.8463655437344	1305.3010320546905	50.19675014986868
0.05700000000000005	-606.9229223159001	1241.0432212580008	49.819142017158114
0.05900000000000005	-967.9715708755809	1296.5713425466759	48.52110885243754
0.061000000000000054	-1065.8619655271596	1218.7405005732123	48.17645040404972
0.06300000000000006	-1000.907114343641	1242.549689441787	46.952727583224636
0.06500000000000006	-1039.0542674668657	1296.4206585449497	51.43943876512087
0.06700000000000006	-1166.7316676771122	1290.3192426207252	47.48414878316324
0.06900000000000006	-1717.5925315195962	1291.7625169203768	50.73126498855575
0.07100000000000006	-927.0312235072354	1199.5262414300298	47.35968866890575
0.07300000000000006	-1835.4231365755868	1430.3061005753173	51.74083522575938
0.07500000000000007	-866.1347275956688	1206.3030059942362	48.2398710270777
0.07700000000000001	-500.19277416346597	1285.345509019094	48.693472667125704
0.07899999999999996	-1410.641953111358	1232.2024693789456	48.227106846954285
0.08099999999999996	-923.0000446406317	1249.0662695601736	48.09329746304374
0.08299999999999996	-2619.736652825	1238.6105194081858	49.20979603367756
0.08499999999999996	-938.1518252408183	1218.2012767252772	46.801823561969485
0.08699999999999997	-895.0626294929043	1337.42669925863	50.00201124517613
0.08899999999999997	-1269.3046907216176	1253.8584067755041	48.57497843699578
0.09099999999999997	-867.341412031597	1236.2971402237795	48.48394961669649
0.09299999999999997	-1228.333202560883	1251.1174873896346	48.774557401899024
0.09499999999999997	-957.8525338076461	1293.9846863497014	48.631928404356614
0.09699999999999998	-1960.9315882622714	1287.486271334591	49.3081210007982
0.09899999999999998	225.29070943244633	1283.1109538986063	47.321098160328724
0.10099999999999998	-1162.7041115240822	1301.0595338324817	51.767427082214404
0.10299999999999998	-671.9958187060282	1247.9233183161632	46.50757589879351
0.10499999999999998	-295.935984286233	1342.41524502189	49.859291113325796
0.10699999999999998	-1240.5843652022463	1220.866694870688	47.054568707607466
0.10899999999999999	-714.607047810456	1226.9670587823962	49.14961513019263
0.11099999999999999	-601.5908930357972	1266.0593409142314	49.46009992853839
0.11299999999999999	-1000.7022073040828	1243.3647448247484	48.23265927856441
0.11499999999999999	-1238.068477469878	1312.6272628629813	50.98231797179827
0.11699999999999999	-1011.0570071135694	1269.7776189000856	47.12091223603936
0.119	-1837.8154938963887	1323.4189500644213	50.45486379723869
0.121	-368.68184889382593	1258.761507570086	48.56331815990342
0.123	-1231.6644764707173	1299.5037170216997	49.360650943928135
0.125	-1210.3827751307472	1290.3727032145391	49.443944772209974
0.127	-367.22766813168664	1275.4638403676192	49.54888474437942
0.129	-1421.0826421625634	1265.4991609583883	48.52931022979871
0.131	-437.2154753370383	1251.1297306873041	48.31797945856417
0.133	-1934.1762624545122	1235.9152760165323	49.04427200629393
0.135	-1103.8477057535579	1268.3073809817163	48.14488999081224
0.137	-442.9372235125184	1233.191301557828	48.24864974359518
0.139	-1233.7087935294644	1296.3769782883896	48.84326864855304
0.14100000000000001	-681.8614717071237	1226.9851166064882	49.795791226697915
0.14300000000000002	-1595.6522252900118	1302.3295326326709	50.10216584759641
0.14500000000000002	355.80604326845844	1212.705231990098	47.82656805330554
0.14700000000000002	-1503.436089427379	1334.5837854027634	50.51713372144614
0.14900000000000002	-1251.5774853374405	1225.4614689453158	47.95703194658021
0.15100000000000002	-749.6762271455016	1373.7266223811873	49.75245241793654
0.15300000000000002	-929.1282464841677	1243.9499234992618	48.90520135052139
0.15500000000000003	-701.112583167518	1254.001022548514	49.0507482541496
0.15700000000000003	-377.5472364642152	1316.8706502553737	49.67123987791886
0.15900000000000003	-83.5979943004661	1229.80487805959	47.75969622767817
0.16100000000000003	-1437.1551998860755	1262.7404697635563	49.74006650679039
0.16300000000000003	164.65170210477885	1223.9020918596855	48.69488564699209
0.16500000000000004	-1652.6425637072296	1218.473629439384	49.564812688249525
0.16700000000000004	170.5134384275553	1252.9382352756702	48.981420678690405
0.16900000000000004	-965.8921101336482	1195.1412501422515	48.91331499994151
0.17100000000000004	-485.5339064476771	1314.6861782088301	48.544051970249924
0.17300000000000004	-96.78528526846364	1213.8939650209213	49.60946317481284
0.17500000000000004	-63.63825228139497	1273.8385210337622	50.33213445816407
0.17700000000000005	538.4728339867806	1252.8248858974157	49.098954466273945
0.17900000000000005	-1189.9404370849797	1309.5043161364279	51.24513142705108
0.18100000000000005	523.0385776640035	1321.866702219282	50.12057685783069
0.18300000000000005	97.53604482098943	1262.0200544528914	50.20109277809958
0.18500000000000005	-918.2313330116099	1253.1590507196952	48.936690811238144
0.18700000000000006	-849.3159639855197	1170.3214396577537	48.75018612402253
0.18900000000000006	238.07650262552826	1301.0235598638665	49.76230752080992
0.19100000000000006	841.5541824358108	1220.6865999607107	49.973894807692666
0.19300000000000006	-913.787017979728	1221.3513857084727	50.2576647376637
0.19500000000000006	-376.8080874960722	1270.4292898907945	49.69433692391015
0.19700000000000006	-623.0532261320976	1164.3338242489242	49.00075741473013
0.19900000000000007	-372.5607854242474	1223.9208627969435	47.77768274184296
0.20100000000000007	-18.940271103162765	1194.508425459965	49.91503428541375
0.203	-407.73638675539735	1239.52103818826	48.55420955049963
0.20499999999999996	-433.6608995059166	1116.8943813500184	48.69425869859451
0.20699999999999996	-869.4911464426358	1245.8924215574975	49.88250854496285
0.20899999999999996	107.0469665021001	1142.8222220085195	48.89047638448505
0.21099999999999997	-729.6252449626728	1181.2364087670387	48.86588838498053
0.21299999999999997	-113.58329891364427	1164.032307338616	49.04997199754273
0.21499999999999997	1.379593804085033	1174.874288282165	49.958931497863084
0.21699999999999997	-1238.637598869663	1197.6841260356107	47.13922579391263
0.21899999999999997	246.3247110946476	1148.9804943907075	48.5614543818252
0.22099999999999997	-239.9462698550181	1259.1752962043506	48.94284756343304
0.22299999999999998	-149.05663505226929	1159.870782439637	50.3244712742456
0.22499999999999998	-1313.771427938981	1211.3701347943825	49.52278877449676
0.22699999999999998	-142.67741373741316	1230.7154263787668	48.35894336331981
0.22899999999999998	-344.9649646858344	1126.8776585472135	47.828426660310704
0.23099999999999998	-394.00684916146565	1199.5008369916363	47.70114225296621
0.23299999999999998	-131.80810154989064	1142.1715038680418	49.36441829412823
0.235	-631.150294023386	1226.9691732265226	50.019622702676756
0.237	-1065.3850180873947	1175.3051963952494	48.45264488236747
0.239	-647.2908045972448	1232.3796960418954	49.48994055997296
0.241	412.7952256738343	1226.9264862239809	48.959767926549326
0.243	-1241.957874225319	1222.7350086649028	48.196431677649976
0.245	717.5078037104931	1195.310810637041	48.585941956577415
0.247	-1493.1717861458305	1193.3079725457749	48.4295050981036
0.249	-413.6168610878732	1241.6435493829779	49.091549321564905
0.251	-566.9853356896626	1137.4671197955392	49.6263424287254
0.253	136.28455639791426	1275.3011716227686	49.014225607850996
0.255	361.02345857558225	1184.2091400700995	48.929619903269916
0.257	-477.61042020522115	1251.7639677869831	49.8509849252839
0.259	639.7516251863689	1159.340205861353	48.83630870108828
0.261	-1018.3184666980871	1219.0122630031697	48.66260258973822
0.263	219.20685518672656	1177.6651274114504	48.007630358614264
0.265	-172.97836287499814	1150.969958370601	48.92603930636381
0.267	-1184.5964491311588	1312.0511919578187	50.42961855742782
0.269	-625.7577654082969	1169.8746033080413	49.55134488764518
0.271	-263.4157356756761	1318.2860597180254	50.7708527240421
0.273	91.06430438099444	1114.9518829275928	48.95355858935112
0.275	-1596.515121550679	1120.055059118535	48.00944165053613
0.277	1086.6810932605997	1181.2474238958332	49.561328165097144
0.279	383.6631124838341	1142.737633646333	49.191613596754046
0.281	4.599584168651916	1262.270663089723	49.202428517947034
0.28300000000000003	-49.44562214248549	1052.3596932949406	48.15929930655863
0.28500000000000003	-193.37401267072175	1267.6660099380688	50.56572443037298
0.28700000000000003	873.1053975183922	1080.1924365993257	49.54062060385205
0.28900000000000003	-1030.893093827645	1181.8542890130848	49.12455763703115
0.29100000000000004	930.6326965059508	1177.904037569357	50.292205371386366
0.29300000000000004	-1867.8683129661476	1104.6805803663356	48.037481166819305
0.29500000000000004	347.9511812003455	1163.0196254516727	50.29838996986284
0.29700000000000004	807.6887653842846	1163.8528435811793	48.729113950865106
0.29900000000000004	-1534.7614625805807	1235.3249986408198	49.005449555456984
0.30100000000000005	246.50214407651026	1107.584299092097	50.19698270212152
0.30300000000000005	-1131.3218055742925	1213.1949240697302	49.08699734171583
0.30500000000000005	411.13456667685176	1112.8694417915208	49.157374638449234
0.30700000000000005	-1064.2243648174565	1177.6419063550327	48.4754568757746
0.30900000000000005	788.3226917428932	1162.482501456248	49.15464904377668
0.31100000000000005	-344.7101950231346	1111.7905944978404	47.891325231803926
0.31300000000000006	430.1492725509171	1213.305983352185	48.938712961307175
0.31500000000000006	207.5435054993413	1123.688700844319	48.39652205174577
0.31700000000000006	-1002.8285951882987	1255.4087265865542	48.50979476915313
0.31900000000000006	468.0888150614404	1073.8877121923829	48.06608781273161
0.32100000000000006	-908.2167269729435	1166.719084627891	49.17237139734378
0.32300000000000006	1049.242122848959	1196.0854251860544	49.666415945774766
0.32500000000000007	-1796.8639882521843	1102.5311441955855	48.45575701567161
0.32700000000000007	92.31211730620359	1207.766578532981	49.694812675281035
0.32900000000000007	-480.28969076086	1108.8438754614474	48.66582406726013
0.33100000000000007	-57.14786028321317	1303.3314309492528	48.69918723785755
0.333	57.00640501871135	1071.0635085050635	48.46137383658107
0.33499999999999996	-1243.2732259634038	1341.346537263879	49.596540370172896
0.33699999999999997	486.382582116196	1097.6199649097089	48.187670402465784
0.33899999999999997	-1171.273499292136	1176.3410467563488	49.05643206077936
0.34099999999999997	889.7437917623208	1185.1728830849543	48.437678781245324
0.34299999999999997	-1090.3356231235507	1107.6773204569388	47.710965189589096
0.345	-218.46322075380618	1195.2808233951043	48.66939300864327
0.347	243.20891007212353	1111.3091374516446	48.98540588301355
0.349	-28.584203548009945	1162.8109197102874	49.26161359249106
0.351	288.33613486223265	1093.8559094955788	48.77863607488846
0.353	-822.1656743111483	1182.9617158968865	47.91218983370178
0.355	1451.2288552752661	1081.9557306277852	50.15449390761844
0.357	-1971.4211398119685	1201.5517477843948	48.75234794712463
0.359	617.7554234785276	1138.2463360870613	49.325684556446824
0.361	-177.8380162291704	1137.8392453815386	48.53733825935587
0.363	221.04096361585945	1142.7802495484132	48.618182951357205
0.365	181.853828219003	1156.6455202402324	48.72328586785749
0.367	-868.7724269440533	1211.538691752442	50.38567226506198
0.369	322.22480540267105	1176.8238039217013	49.22572168929109
0.371	-861.8064152293714	1230.1620727385152	48.4113500880005
0.373	1281.613157313899	1147.8233090023232	50.34260982327689
0.375	-1042.8258545901458	1205.095873244339	47.89976423723107
0.377	950.8342056037122	1182.6261260538822	50.91684016609598
0.379	-403.1334935289399	1189.394482239278	47.419663056274956
0.381	345.8615044682478	1157.9098476863576	48.527833862635
0.383	557.3857017788786	1154.5176449044548	49.572153794509596
0.385	-575.7732536235683	1238.6561048825351	49.83905150068756
0.387	-52.87056215175223	1217.4048057226178	50.09828189578675
0.389	-1129.521237179687	1208.627442136574	49.28805164545384
0.391	1497.096577819157	1192.9777438394653	50.183468444692906
0.393	-1200.911111014058	1167.9189376095276	48.452245987455065
0.395	186.35156370461203	1139.248214895774	48.271965016235264
0.397	-477.21074935958006	1223.0953051068775	47.7865860642502
0.399	-24.90789282227901	1159.9449597081968	49.5550737467506
0.401	916.6743058273141	1155.585488596073	48.41857461450917
0.403	-1363.0491853308113	1205.7751071770158	49.71918951556387
0.405	455.381226186935	1139.4369188387818	49.40579384794758
0.40700000000000003	-1418.5089214572288	1247.1183219104125	48.74553138981007
0.40900000000000003	45.752394034481725	1092.4723909934787	47.80129158941651
0.41100000000000003	-1247.0941499103105	1193.5131754361428	48.54511034772728
0.41300000000000003	191.58521537199215	1152.6462701719256	48.59489155083092
0.41500000000000004	-558.4318983188341	1224.410378449277	49.51424209090146
0.41700000000000004	-258.352736269396	1136.7074861852252	50.09893814309325
0.41900000000000004	449.88442729487764	1194.183557228363	49.87416873801524
0.42100000000000004	-1374.5259111558328	1186.7728479324874	48.599742270144844
0.42300000000000004	672.5888830256821	1194.0702143223425	49.53470707270842
0.42500000000000004	-1157.2705555487062	1201.1344964245761	47.98416315700371
0.42700000000000005	-453.180441596257	1178.6940932373984	49.48758028008915
0.42900000000000005	-284.30160997039434	1193.58618841342	48.35821245580715
0.43100000000000005	-449.89652133475835	1153.2494063466022	49.019008165114585
0.43300000000000005	-463.37436035381876	1246.5385472378541	49.04992028180828
0.43500000000000005	-447.01171633088063	1168.303058750256	49.166254334745716
0.43700000000000006	244.4987761354156	1192.201894256713	49.342695193324616
0.43900000000000006	-669.0211966894344	1225.1055219871087	47.49189432862741
0.44100000000000006	201.49998966867423	1204.439073712884	49.706486163585815
0.44300000000000006	-1002.182332701218	1203.1155582064064	48.711445868901876
0.44500000000000006	228.58369950240487	1162.439334792697	49.522436877707975
0.44700000000000006	52.07961671693795	1225.5662993344768	48.33156478699599
0.44900000000000007	95.10764131270832	1211.644421524406	49.23795709923347
0.45100000000000007	-310.9271239526423	1171.5999447625836	48.61269672001227
0.45300000000000007	-652.9498118159615	1144.8868014419488	48.23433215886483
0.45500000000000007	752.8563565857294	1169.9596350763964	51.31452672758692
0.4570000000000001	-507.06358187324605	1133.611154178586	47.32257003179546
0.459	947.3828130710515	1189.1509581234607	49.90994504110293
0.46099999999999997	-563.6302359018907	1179.4740295599358	48.81406168476771
0.46299999999999997	294.66566993141544	1144.8744406836254	48.88324623401444
0.46499999999999997	-657.1792104032025	1254.275643570884	49.912528522765996
0.46699999999999997	-131.4144708152165	1142.870752634286	49.75257348784284
0.469	-464.4051749769229	1250.3373549566054	49.470885274645454
0.471	-141.96809194422232	1155.6802280199945	48.975460584719656
0.473	-423.0625375437613	1230.6505412345005	51.8463448248417
0.475	-983.4151996856999	1148.3470633797467	48.154930666477036
0.477	230.8906818804246	1213.515364800684	49.69296908076946
0.479	-480.1872785580308	1246.7132799153326	48.4578747129369
0.481	137.48967664017897	1158.9950667377814	49.96988461311701
0.483	-56.53075438516453	1202.7592228448655	48.80688859050576
0.485	329.415946178413	1156.6207363917695	48.257929812935934
0.487	-1053.9673265242966	1194.7455174569825	49.51335123546924
0.489	573.7952279176728	1156.9887907407087	48.89656892620276
0.491	-650.8297943226271	1171.8215427434607	49.20868533252928
0.493	-220.82745736362597	1124.241263201168	47.56281356998532
0.495	-832.9960717409213	1149.2692744879025	49.13235265611323
0.497	-151.91597093011654	1192.8693805293854	49.53501459054848
0.499	243.53167427704216	1126.91083929589	49.98904066632884