-0.499	-722.963431349255	452.7800792138691	40.33740286820992
-0.497	-154.69844669702138	428.5477778750298	38.01258634813916
-0.495	164.16863948087723	373.26316175698435	38.875838284370886
-0.493	-165.59787245240543	465.6337994977127	38.06010313524217
-0.491	-190.2434998566349	426.909103551439	39.321978601974415
-0.489	-299.92136761636255	427.1514890581641	38.12225591142872
-0.487	64.36744869597888	422.9635993265783	39.317558989660405
-0.485	-200.83039213469877	431.6768506631514	38.138908570263496
-0.483	239.7048545257352	427.58605331569987	38.38376595532321
-0.481	-473.4491628652915	435.2391927900691	38.467840375281014
-0.479	331.39281215466275	441.4762275998233	39.18253044268854
-0.477	53.829535593408195	402.5901115677693	38.62838884551156
-0.475	270.6967011354422	464.4332717034573	38.906599715782
-0.473	-38.66285127651636	414.1774694079235	38.7106726293998
-0.471	-92.75479834758293	407.73316438310655	37.74041329623896
-0.469	273.5555970074799	420.35630368403497	39.1264536810421
-0.46699999999999997	28.098703347634313	442.94117676359224	39.52645587615674
-0.46499999999999997	382.88491067217655	442.06149790353487	39.097605812466384
-0.46299999999999997	-680.6348146940477	420.72952858968137	38.85445210769996
-0.461	-88.334277785318	438.9798555959054	38.57946127964094
-0.459	75.63288971379478	407.05941924984364	39.9116993579625
-0.457	-229.09043457641775	458.465396713188	37.93191534532853
-0.455	54.27807827196318	421.9273710500398	40.23396905111225
-0.453	-271.5391616733287	435.3956695314802	37.577458426686
-0.451	313.2137416954617	401.7525999895693	39.207792243231275
-0.449	-91.68370497214528	450.16912156051586	37.89141034158576
-0.447	115.58582189241662	429.41080864388533	38.26478023758046
-0.445	-379.021853834427	432.84535547644896	38.973082408492665
-0.443	144.48420392776384	414.119296727051	38.49770070000699
-0.441	31.76977698537975	444.3812205683278	39.5208866953773
-0.439	18.140094566687637	450.38842531427684	37.95464618180955
-0.437	108.47815907144565	396.36673360268645	38.62814466111179
-0.435	-142.763044470251	481.50433123063607	39.458842770631335
-0.433	308.49862119675106	387.9606659839803	38.03159024962235
-0.431	-177.19600137089398	455.01071845613063	38.07899500845899
-0.429	-91.97756022549797	443.31880110850005	39.1012617622641
-0.427	-32.96226041893391	454.43385088691446	40.78317389115148
-0.425	-53.68834264762867	450.95305052127196	38.7855514497984
-0.423	-61.24165040588547	438.99456635699136	39.130570897548516
-0.421	-296.7436884334651	456.73943670918845	38.92330504045398
-0.419	55.35287660984878	395.57696341360986	38.11482727686558
-0.417	227.1095769859066	476.16384824734644	38.84393643547512
-0.415	35.494596521967736	410.3821248518683	39.33855131513136
-0.41300000000000003	-124.14269370786269	427.4983709961312	37.44297476272896
-0.41100000000000003	155.69047141261728	430.0629526006429	38.20153878197365
-0.40900000000000003	-361.6423482915021	464.59550239692595	40.24671389677458
-0.40700000000000003	-63.828995669923394	415.66787373063477	37.40303807090192
-0.405	13.448512222957731	448.2819135767439	39.29214518051786
-0.403	-448.29624276043756	446.6709278505657	38.59894957635246
-0.401	256.78876709478436	380.45269850149356	38.175752049343906
-0.399	-81.50081680058375	469.8088587228504	38.309466980838955
-0.397	253.71046014588393	397.64418643183313	39.41829481245467
-0.395	-31.920802243234903	422.5349418550468	37.829243068342315
-0.393	-144.38443294395586	440.0541393345489	37.73142260876684
-0.391	60.96949211475966	423.9277036298677	39.220590204459604
-0.389	-56.72251115695914	447.1417774142699	38.217329022443
-0.387	-318.10097427686924	429.98428424067106	38.54514697698908
-0.385	-336.49265707025313	448.4730741797976	38.11024898210296
-0.383	223.4149505642158	410.0944397232574	38.44206490305092
-0.381	-108.78758823262835	461.59040832825656	38.4181376926758
-0.379	-103.18962175992485	415.5516334273094	38.421319526488354
-0.377	-64.74294964609051	428.6072106341867	38.06798763374698
-0.375	-140.79934433819386	430.1633243153019	38.217138511323704
-0.373	-97.84553999803158	433.29765095591574	39.18817554957307
-0.371	57.63673556713478	417.35566230222395	38.345142299599665
-0.369	-139.53080907558314	440.3167622725046	38.44112625927144
-0.367	-350.1053968966161	424.97779612061373	38.17568035826019
-0.365	9.927997346448336	424.16184800572756	39.90029868707317
-0.363	-139.61278653706887	448.2503804340307	37.91247810506924
-0.361	59.22064135965854	412.24810788493835	39.70900908457742
-0.359	-323.57585957765167	468.8673672846414	38.64772105741341
-0.357	120.36997735931365	410.96817938660865	38.38340211660595
-0.355	161.02721537936128	428.7887102239851	39.2654601661365
-0.353	-82.35814751489379	423.223578709182	37.754209075741805
-0.351	-505.8583360961766	440.80197028695994	39.792260900164855
-0.349	-23.519942417227213	430.2277132579779	39.01158421813958
-0.347	-19.82431297231635	432.4186054172746	38.58941638302058
-0.345	-324.1814243299945	445.53386571821113	37.59038154430546
-0.34299999999999997	86.39698268719798	403.07547122408414	38.551739215244424
-0.34099999999999997	-253.49777311778342	441.22758926241795	38.51924935005216
-0.33899999999999997	63.39796253018726	398.7873356232353	38.83290882442824
-0.33699999999999997	-324.32949247473977	418.44920947477857	37.854030569508886
-0.33499999999999996	-314.19420297063016	433.0214064343496	39.344201603683
-0.33299999999999996	-337.81295705115343	424.77244807939934	39.27015813326075
-0.33099999999999996	-188.91055364933518	400.40780551909984	37.683105436843164
-0.32899999999999996	-121.47228323866611	431.88910899502173	39.112798084488055
-0.32699999999999996	-358.0399967552106	434.7269557115678	38.30483297116911
-0.32499999999999996	169.3668465758691	398.0501584203904	38.55337218675027
-0.323	-413.56200522657537	430.39030497162133	37.21304918092958
-0.321	252.09616915988775	420.05278960095444	39.13665699802454
-0.319	-547.3853550767016	409.5330229405809	37.937707012486634
-0.317	-15.266380510525757	422.48593949945723	38.22511673273591
-0.315	-449.6410341422452	421.3647916969085	39.33549885119576
-0.313	41.809270438619706	416.8067168621525	38.325897274910695
-0.311	-103.08345380383166	435.40133443790216	39.6114854096479
-0.309	-646.0411756157303	439.23189799391986	39.05806609245305
-0.307	220.83821283902518	399.6656315225077	38.20648409395661
-0.305	-274.3052897630216	432.09550042756035	38.51664290697665
-0.303	200.78862329420133	426.2942181903187	39.03837605609712
-0.301	-725.0044517761456	397.73423798847983	37.9249753027984
-0.299	-8.019909349066268	420.2271240225194	37.828325012273154
-0.297	-596.5546342344696	415.32882969429795	38.74052812890499
-0.295	-135.7812103854883	402.16987965148274	38.83678276330533
-0.293	-88.85753824960929	424.3781860771165	38.30721120835456
-0.29100000000000004	-650.1232385325295	429.77591497275046	39.12353500716694
-0.28900000000000003	174.09887278763136	412.37211715464804	39.656387877458975
-0.28700000000000003	-508.2932808982976	430.54575512453874	38.13566468950438
-0.28500000000000003	137.58566169808086	405.6572666560724	37.97756765463079
-0.28300000000000003	-562.229916489021	421.5771808933435	38.57744777665324
-0.281	78.22028329962372	418.02827799792493	38.17335132551167
-0.279	-276.40683102136967	427.22542047354096	39.564741454043336
-0.277	27.58190866836152	408.7657815663502	38.48776635722673
-0.275	-293.5399767165503	449.3221439901578	38.32284985872995
-0.273	-355.7512793269657	385.65840888221396	39.06780733446664
-0.271	139.64441938818516	435.4495574433373	39.42600848980628
-0.269	-459.7968939509256	409.78678554287677	37.60676722725986
-0.267	5.129233004108613	426.346103291048	38.84144287219166
-0.265	-669.8405794863804	418.4195804667993	38.32039929545696
-0.263	65.23048632445239	422.0912822835794	39.41906946010995
-0.261	-399.708923172537	412.0232797976277	38.13691934401775
-0.259	89.30119308891982	415.4241841368647	38.1161689254924
-0.257	-363.4281881655932	433.1203325644633	38.95466065979886
-0.255	-175.75203930941808	395.0190792366625	37.32026495384356
-0.253	-60.49995495682747	439.1108963712567	39.677871294255254
-0.251	-297.50113481163964	418.23260236598435	37.10203741242632
-0.249	51.65609559143469	390.80198338381047	40.43272810918454
-0.247	-579.3299521094086	423.3667855973804	38.353128382318836
-0.245	289.2732352461902	409.1340362109107	37.97457548139711
-0.243	-354.0035213588366	399.0543318517236	37.77599086968189
-0.241	142.5324005912554	406.01170210361033	38.20933507878525
-0.239	-455.5560611854137	433.28792186064544	39.66778266199275
-0.237	-484.8246786376409	379.43159586029856	38.23783722187696
-0.235	116.41086671909662	421.1685653316673	39.053935241766325
-0.23299999999999998	-312.16221189411806	415.4938922143496	37.63749284972632
-0.23099999999999998	106.77237978651277	418.2851054330617	39.5863537864719
-0.22899999999999998	-398.3580580599888	422.3568073351752	37.60805098416274
-0.22699999999999998	216.80123737044534	408.15961066246854	38.479017368308696
-0.22499999999999998	-546.1034033243939	426.1039908195176	39.25498458029426
-0.22299999999999998	63.51361294054669	426.2815735328634	38.885812569913796
-0.22099999999999997	-566.8220822989678	426.8572891977887	39.36552908043487
-0.21899999999999997	-28.3462731662798	397.9879599371183	37.84165734151623
-0.21699999999999997	-168.9999574834289	427.847668688297	39.631764819814045
-0.21499999999999997	-677.1627721985362	416.4777469380166	38.261862561987996
-0.21299999999999997	217.63099753946415	408.05840597100706	39.14696341490867
-0.211	-534.3119354461745	428.9846016584716	38.02966504306969
-0.20900000000000002	223.45068935059055	414.585703858148	39.29123874461858
-0.20700000000000002	-528.8155901376213	411.0029403694027	38.193749319312275
-0.20500000000000002	-159.3626803526593	421.1626377892951	38.82406624059505
-0.203	-141.29236456639217	390.74778631902035	38.63929970286102
-0.201	-19.874713795164922	388.58300250079174	39.135908841281534
-0.199	27.84737502969925	437.73565308119237	39.684525596316284
-0.197	-724.3316143535905	420.83413463889724	38.524602248948234
-0.195	315.0528479025638	403.37677780582163	39.71569802768365
-0.193	-729.7200478790788	418.8408257277202	38.82024172317633
-0.191	305.72831414033	412.6294030297047	39.264334790533084
-0.189	-526.2733946715947	405.44938725744333	37.91265360330164
-0.187	-412.48661965620494	401.5391009517986	39.483896083093555
-0.185	-508.6003502042802	394.2233268200637	39.13254222315288
-0.183	-173.15996648181732	407.63118656023534	38.064994951147725
-0.181	-524.1610252068041	436.9825096742454	40.383053652928396
-0.179	-709.916867368765	421.1942298360721	39.52381431379107
-0.177	-24.075154660962994	372.77927537631655	39.865055272891425
-0.175	-497.4601941972745	410.59398510150515	38.320022549151446
-0.173	3.0177205256887163	415.7281554566099	39.5817686588401
-0.17099999999999999	-532.9314017185061	409.6443189183478	38.02938439984904
-0.16899999999999998	-403.4253793909759	395.5878215941926	39.684765608343746
-0.16699999999999998	-672.8747334864282	398.09820106681866	39.7553640375542
-0.16499999999999998	-261.25648751518236	404.70843527661924	39.60856180249773
-0.16299999999999998	-618.5397724466358	428.23121873576264	40.089472615587226
-0.16099999999999998	-458.98671427269113	391.30237917777185	38.124899433108254
-0.15899999999999997	-293.25386074519065	406.65624706744944	40.20330286278491
-0.15699999999999997	-483.231757255953	405.86928039512674	37.49454592019883
-0.15499999999999997	-152.17331905559294	407.57275706950134	40.55078997493498
-0.15299999999999997	-691.0920612425153	413.9311924064621	38.02696862505168
-0.15099999999999997	19.657086347102393	401.5784962482079	39.09826732732506
-0.149	-307.9502796837774	396.7058420523621	38.33550571088888
-0.14700000000000002	19.614059158623576	429.97715028167124	39.540561028136544
-0.14500000000000002	-649.8421078742211	420.52822952312164	39.15497685601628
-0.14300000000000002	-416.28198850318654	393.3396708930522	38.86991747757066
-0.14100000000000001	-145.80351896276156	390.73077159122835	40.00470345537518
-0.139	-582.6192798770169	438.38537827695086	38.46998474765254
-0.137	-191.03472326820193	398.1765179670563	39.614652330664796
-0.135	-542.215818372882	410.8904337177531	38.01387000097628
-0.133	-118.55861304510552	395.10875813248714	39.1979825906304
-0.131	-731.666546616716	385.252486352131	38.02541819862613
-0.129	-179.9290613880844	408.10351389728754	38.53159941407948
-0.127	-415.9193885250323	419.5154754485679	39.318680277030694
-0.125	-240.2551541176301	387.8861457460699	37.57460450595886
-0.123	-83.87257831943273	414.14643295940954	39.61251224511884
-0.121	-783.6314727424076	400.36638185520945	38.72687861062695
-0.119	-129.17753195218484	379.9731561677364	39.32854400065196
-0.11699999999999999	-282.0621246324429	418.5351998180577	37.626308542578485
-0.11499999999999999	74.24791860621838	378.42134371854604	38.894064715138704
-0.11299999999999999	-386.74847263420185	406.6226576754599	38.83724915185522
-0.11099999999999999	5.580839766983203	388.9463843602144	37.9996449825443
-0.10899999999999999	-97.65493269875414	388.7660542865554	39.257025535972566
-0.10699999999999998	-50.767819074981624	405.21367079362784	37.87627501208509
-0.10499999999999998	134.54990641248443	420.1203738539228	41.055955147722266
-0.10299999999999998	-651.6997901105937	434.94797456917104	38.74654271698928
-0.10099999999999998	5.572261548847379	381.9130700150291	38.89907718641896
-0.09899999999999998	-435.9478191521271	400.758185741524	37.961482817750706
-0.09699999999999998	113.03890504743563	411.17430150230706	40.99039824645228
-0.09499999999999997	-247.44234055151804	385.7414166017773	37.558806265078914
-0.09299999999999997	-31.596204078554457	379.43334617970453	37.81471624408568
-0.09099999999999997	-372.2355574652392	395.89469544552475	39.23100730451363
-0.08899999999999997	-144.00418355009492	410.2502786279224	38.256508746219595
-0.08699999999999997	-328.19130533323636	425.36863231561745	40.45709327303585
-0.08499999999999996	-477.96446707548677	406.916178717976	37.161726852902454
-0.08299999999999999	88.66467156298796	373.8988108831225	39.440158373225685
-0.08100000000000002	-464.39172515644333	426.03269306080153	38.52218754275318
-0.07900000000000001	266.27514400390237	388.0116270049705	38.94355452915231
-0.07700000000000001	-528.0802880235358	404.5541134743185	37.963638665496525
-0.07500000000000001	3.321667392697236	375.53925804576556	37.49349463567205
-0.07300000000000001	-200.71065989102354	383.7235929080481	38.521247925838935
-0.07100000000000001	-6.4563107396997665	401.2015754047042	37.33043853520778
-0.069	-19.14977421024755	435.5021423331481	40.794688076502084
-0.067	-99.79046557473393	385.5700988888137	38.26967302171353
-0.065	11.523235447841174	395.2212499438793	39.83694759116566
-0.063	-186.0292483628623	404.08210326087817	37.91714834863901
-0.061	73.64342516025246	388.8172099816165	40.21979662490384
-0.059	-683.2235097367079	414.2603564809518	38.90101735340452
-0.056999999999999995	36.424987084782146	368.3224566615205	38.08289503124246
-0.05499999999999999	-278.21798137783736	376.44716380555184	38.43302326165305
-0.05299999999999999	46.82155999802262	416.4234685242509	38.12181398499436
-0.05099999999999999	-533.7265812720426	386.297157856662	40.1334382348305
-0.04899999999999999	-402.2694402949778	405.99733321931313	37.60666068781288
-0.046999999999999986	44.15476349017844	402.8619076654613	40.27548698124453
-0.044999999999999984	-399.44749798281885	434.39360858998106	38.23813854551463
-0.04299999999999998	-14.101397664889603	380.8934020790681	39.6866199753271
-0.04099999999999998	-429.6843106378345	417.21549426664075	37.8348408460058
-0.03899999999999998	64.78138753873708	395.441025362063	39.132849249691986
-0.03699999999999998	-346.9100055446539	390.6491983847838	38.71567390411176
-0.034999999999999976	72.99350674250249	403.2495958450271	38.57901815567389
-0.032999999999999974	-354.18836929435037	398.9372259355942	40.00419165607786
-0.030999999999999972	-111.27140461864028	382.26668745191324	36.578076672230615
-0.02899999999999997	94.61922808307044	417.42380686574916	40.54471218845266
-0.02699999999999997	-423.17024321547603	405.054170404061	39.37724456318248
-0.024999999999999967	173.98431600068596	385.52520551852353	39.81447422858407
-0.022999999999999965	-465.09034567687735	426.53492509145593	38.23895054892759
-0.02099999999999999	324.65747530507906	393.8169769178847	39.406628497463885
-0.019000000000000017	-361.6278521537675	391.9866726215339	38.10703287569842
-0.017000000000000015	106.22809738025651	417.70861486594623	37.73778669340094
-0.015000000000000013	-226.00550956031196	425.15447486397153	40.18577922005723
-0.013000000000000012	-240.18542170078928	390.9303095982107	37.456906343328946
-0.01100000000000001	-164.17664809742493	420.10897744764253	40.67928546325645
-0.009000000000000008	-521.5624335533909	445.17617152265683	38.75277296708008
-0.007000000000000006	-16.08380907180962	379.9586715326171	38.988880854558154
-0.0050000000000000044	-657.6362871114627	431.7302113625127	38.40748937344186
-0.0030000000000000027	131.27433611748174	409.84531385932905	40.874969275026
-0.0010000000000000009	-362.45947201374304	397.758104019824	37.86504360895374
0.0010000000000000009	-196.45487127839533	418.0898483028242	38.586675720672744
0.0030000000000000027	-787.7379583710598	400.4778049096319	39.87301056054598
0.0050000000000000044	-10.503520927018783	422.45044193214113	38.20858560627722
0.007000000000000006	-43.68915125896322	426.83191642092066	39.846744369025025
0.009000000000000008	-495.12028268583475	422.47578208093466	37.859420490994005
0.01100000000000001	54.8521646606126	380.78551700343024	39.120316676720066
0.013000000000000012	-463.33945790211214	436.933370671882	38.155213725993114
0.015000000000000013	391.2672909456294	390.0101991757412	38.674700979404804
0.017000000000000015	-425.43090981905783	412.32689107393344	37.808909570007685
0.019000000000000017	93.66347727191027	405.1982264089166	38.159903885672804
0.02100000000000002	-222.64323747755998	392.3322838707181	38.83921269143837
0.02300000000000002	-193.4653467607905	415.4243037591272	38.69929008860389
0.025000000000000022	-17.190970971525665	404.1747416675543	39.136766699472396
0.027000000000000024	-95.89306408652743	448.0190673161123	39.40137368541769
0.029000000000000026	6.755175448791562	404.0031186136932	39.23833868569087
0.031000000000000028	-376.8408223990827	425.8310272934667	37.69225278177898
0.03300000000000003	564.9203366071554	405.4523043830914	39.150704950451775
0.03500000000000003	-391.0463420249144	448.1750254162967	39.475553219008354
0.03700000000000003	246.60578521529254	394.66280723816544	38.0334290448693
0.039000000000000035	-362.9705360351787	380.33306603644024	39.11252997761121
0.041000000000000036	276.5056763511797	455.53237304312165	38.46123674370338
0.04300000000000004	-85.24519652142182	388.3178187316724	39.59110780970838
0.04500000000000004	-333.31255931523526	447.36279465805427	38.41316162565789
0.04700000000000004	95.8873083569678	394.70917290845904	39.31630168333329
0.049000000000000044	-477.4594013438049	440.8264384887212	38.61938851149004
0.051000000000000045	327.1770582538025	405.7623407453945	39.011724677949594
0.05300000000000005	-366.8434642940532	430.2472288692369	37.74483654226027
0.05500000000000005	4.7436586090299215	413.1075018998027	39.99241799820825
0.05700000000000005	-112.81659347261996	376.3750192686406	37.67825328988065
0.05900000000000005	201.98350340505655	455.0651944987271	38.525805786323836
0.061000000000000054	-154.93006316169567	386.1382036488746	39.31747666089221
0.06300000000000006	-323.0305628166841	452.1448225075227	39.74037862213973
0.06500000000000006	54.04721811363977	406.20255269054553	39.608024693507545
0.06700000000000006	-396.0104104653306	463.3846016697021	38.6093863221301
0.06900000000000006	108.01374431679278	391.16674145353824	38.97465704245966
0.07100000000000006	-386.650096808494	425.4810777620612	38.30698497435749
0.07300000000000006	439.3221034566519	423.1562576564353	38.945073784546615
0.07500000000000007	-116.45730613873972	395.5029512261731	38.72772061175144
0.07700000000000001	126.6037550853305	432.97446463184843	38.37388668374475
0.07899999999999996	-135.91465954698734	401.5931431560317	39.37268486000409
0.08099999999999996	48.76282717813929	435.77356552430916	38.04378662415776
0.08299999999999996	33.0854284471549	418.51548121402726	39.323029656303504
0.08499999999999996	-384.25463683855463	442.47358829504947	38.86166434579485
0.08699999999999997	-133.4399883963222	389.0467881176324	38.560413134976855
0.08899999999999997	-456.1316711110264	441.68100926464683	38.88761688480619
0.09099999999999997	205.5642124532131	419.6503921905405	39.218863316646036
0.09299999999999997	-202.18634976854054	398.7508220614908	38.389610073248576
0.09499999999999997	-155.87768068914266	452.58238296019834	38.17811288903565
0.09699999999999998	-343.53194334257876	373.4332544592032	38.78387670579964
0.09899999999999998	-313.573278628132	445.39869099325165	38.22734194514081
0.10099999999999998	248.77710217441341	389.0518923228286	38.80554801137094
0.10299999999999998	-498.8895709786556	443.8514164234805	38.5318408395125
0.10499999999999998	83.04593020458384	391.651985066787	38.619465338655495
0.10699999999999998	-424.49064226368625	459.7444832455462	39.34293121458228
0.10899999999999999	238.95705968590698	407.1358323659237	38.934204712008594
0.11099999999999999	-491.3031206312812	400.45602312096787	38.34074159902926
0.11299999999999999	170.4734574783373	424.1806846324941	37.73132236856358
0.11499999999999999	-234.74689377245284	388.99470539803394	38.57487887632766
0.11699999999999999	-183.82433812191846	445.0580799758471	38.46461953876871
0.119	232.6320802867876	381.8913865120631	38.51831512509684
0.121	-369.8243006132751	446.7858519453129	38.63781531457174
0.123	38.57635305326568	422.6158023755924	39.1779869892606
0.125	-539.0537896262648	445.49345845833176	39.358278180312986
0.127	208.76771713118637	406.1206623953342	38.73999350826334
0.129	-463.3405659129064	429.4801625223664	38.89409550272558
0.131	-131.82033213066103	436.71171512086386	38.3944634014608
0.133	-181.68530012052653	373.3915526599737	39.08490879776978
0.135	8.110122425630806	489.90990328529017	39.21409019028581
0.137	8.879826533192414	399.9177587059794	39.205149299110786
0.139	-53.38570064827852	467.3987658618343	39.20374962230779
0.14100000000000001	59.54428652676924	417.57211863353695	38.9492933592996
0.14300000000000002	-433.8569684171345	441.7233593210262	38.199115097003435
0.14500000000000002	103.84364077054009	423.51367722964915	38.999493918355434
0.14700000000000002	-247.82380465737663	443.83397547429433	39.49065716484516
0.14900000000000002	-320.82773794728234	427.01449454607257	38.6697939713205
0.15100000000000002	20.33425639780262	375.58545425632724	38.53362989663387
0.15300000000000002	30.146071537506813	475.12257395525955	38.68617842149835
0.15500000000000003	-40.08014372458568	362.8113967099904	39.35137976751551
0.15700000000000003	-329.3481177957247	445.350015572784	38.448617207442936
0.15900000000000003	-29.75877136812688	414.20871578737047	39.311259406719024
0.16100000000000003	-768.6031984357467	426.96052227186107	38.73965359318809
0.16300000000000003	-2.2952013172261587	402.2268768999458	38.483954853286136
0.16500000000000004	-549.340748761673	422.17876089362284	39.56300076591907
0.16700000000000004	-134.108930903043	438.5432878068262	38.18087142556702
0.16900000000000004	-146.0798317293177	385.86495563482595	39.01580537746872
0.17100000000000004	-73.98803534675037	469.5976782758896	38.78922450933706
0.17300000000000004	-18.437624853318013	362.97522187325484	39.162296247921034
0.17500000000000004	-598.1588903239965	445.84504624094166	38.10956179631118
0.17700000000000005	-5.516885067780031	396.953171530199	39.53741137175898
0.17900000000000005	-680.9438010401126	438.523020517568	39.29402811326568
0.18100000000000005	58.32319747933745	409.8524773380218	37.855969141098086
0.18300000000000005	-489.83311339678704	452.6132608979054	39.633203936590746
0.18500000000000005	-169.19455998054556	453.30106912771123	40.989887936661006
0.18700000000000006	-62.85471506528584	396.6979448872773	39.22710659028442
0.18900000000000006	-146.70434716579362	494.18540459398207	39.14423739417376
0.19100000000000006	-4.063225288120087	373.4132907256966	38.774358204967804
0.19300000000000006	-460.0534126780742	441.38698627423304	38.141714391131394
0.19500000000000006	288.8294717311446	396.95506231248254	38.43913624214772
0.19700000000000006	-270.3529096528268	446.89811844870616	39.27650640837423
0.19900000000000007	-151.94957480035853	401.5912454074487	38.48668491324708
0.20100000000000007	-518.0850183057473	454.838621048777	39.18979935798839
0.203	26.81807677840098	423.75274521781034	38.692614603878646
0.20499999999999996	-288.9128681340392	408.32327583005804	38.762745110665875
0.20699999999999996	-299.56328439018074	454.3605611376797	37.94676388684496
0.20899999999999996	-167.98980087684436	408.2982902364807	39.88452096028774
0.21099999999999997	-302.8972150556086	446.8899900169766	39.10041267353436
0.21299999999999997	93.59156221311338	398.413817634203	39.395124801861826
0.21499999999999997	-407.19332267380446	437.3752337782368	38.96966437148399
0.21699999999999997	-137.0779107414677	412.43684126130387	38.83312672909213
0.21899999999999997	-325.1203041980677	434.0867991297546	38.81578444389218
0.22099999999999997	69.13904919336744	449.38445013104894	39.462805073691555
0.22299999999999998	-111.1593982681125	409.8718369220669	38.697631665827714
0.22499999999999998	-161.13388983607368	440.85281470045715	38.98098116538263
0.22699999999999998	-171.73141430115723	389.5661111450214	39.01273088577148
0.22899999999999998	-429.2183350345091	470.99503219079634	38.05931201904653
0.23099999999999998	381.3848033105138	379.1025788487401	38.87801730502198
0.23299999999999998	-448.49888032372223	422.2551455530373	38.133962406178604
0.235	-103.87933403088745	436.46424502198437	39.167210336232564
0.237	-485.42205478341316	410.13255278374436	37.20838046614679
0.239	-38.31199225301507	437.2027525447015	38.60780354743271
0.241	-255.798904857385	411.2184110368525	39.34268275798698
0.243	-302.01712225186304	478.8996119508354	38.461731633541895
0.245	-73.2811687640389	374.60197032003543	39.69087677963846
0.247	-65.64053149860084	477.72440026890496	37.61631434152983
0.249	177.6217327176255	378.26581022230044	40.14727867047963
0.251	-544.7033586207795	457.26448588614744	38.34117320761677
0.253	24.400320544293308	420.88622266123684	38.53096601686625
0.255	-438.5251441739735	431.91516297153794	38.38753850637131
0.257	65.62863548009723	414.4224188790413	39.0983918149948
0.259	-224.14500410516956	427.55711978875485	39.30469338125593
0.261	-183.06281092650423	464.5219002840596	38.645677617553005
0.263	72.24933565463942	388.8837838648795	39.54141027504526
0.265	-207.03630368956726	513.4350703042131	39.381254386329616
0.267	159.62012271719672	385.2225930487693	39.94716881253504
0.269	-559.7628080955541	443.8979220586141	37.53554777476735
0.271	-25.634119840467484	440.6597155565084	40.40253346506855
0.273	-442.47897172255966	433.7589325183981	38.08238828350288
0.275	-129.98635333849595	418.1132997977679	37.31229465037623
0.277	-128.61562324484322	430.18112814621935	39.119975680284796
0.279	-218.60097769843546	453.5771705687624	38.67485559085172
0.281	-141.03547066290912	387.70675497265927	38.5956126161835
0.28300000000000003	-603.7735947609368	469.69834625718494	38.70914883869745
0.28500000000000003	22.783857783315042	399.1299173180123	39.30835076999075
0.28700000000000003	-650.629342594633	457.7518043073496	37.73743777009262
0.28900000000000003	497.7736680018552	399.39201248541895	39.39939411781091
0.29100000000000004	-324.8307218766122	416.75509796836207	37.465578918352676
0.29300000000000004	-115.4994006382637	426.54290567521076	38.48242002447544
0.29500000000000004	-327.3109952292019	443.71030392297564	37.89947741168424
0.29700000000000004	139.2060234024495	444.0985626137702	39.03866318644995
0.29900000000000004	89.89234566114668	409.3927679997841	38.95591105978362
0.30100000000000005	-133.4762716772575	486.63002324413804	38.682783123377185
0.30300000000000005	-208.71084574713984	399.1568893372542	40.18165648687956
0.30500000000000005	-445.070339126441	451.98064444517485	37.96631735754403
0.30700000000000005	246.51416201093568	398.3052567834203	38.985639586850574
0.30900000000000005	-118.50237353006054	436.006741616091	37.529971229950114
0.31100000000000005	-127.06013525887184	417.43480928368587	37.96235592185136
0.31300000000000006	-93.38781310952449	441.1221695256576	39.05117624177853
0.31500000000000006	269.08407009562654	437.512252700691	38.25616353590584
0.31700000000000006	-137.86010841709827	408.5960473287087	38.75397935012584
0.31900000000000006	112.90345104031374	461.66093075851285	38.14086755106535
0.32100000000000006	-84.47109325826486	397.215552900043	39.02918169622242
0.32300000000000006	-357.1358159539795	452.9004203327321	37.67078752982169
0.32500000000000007	485.5544421795699	403.6059001295011	39.16918126952212
0.32700000000000007	-214.55565052141966	452.38147487349516	38.522551269019196
0.32900000000000007	-422.59959520574154	455.765803343571	39.11558209783393
0.33100000000000007	-562.8574584207735	418.11808185136397	38.03203125777017
0.333	50.59466103918275	443.89105205557127	38.67729789829967
0.33499999999999996	3.300985670140477	425.8729137953748	38.54998524657431
0.33699999999999997	-635.0162701214135	467.54386830741475	39.2479844494567
0.33899999999999997	-106.3528020422977	395.2504541185191	39.021066294486836
0.34099999999999997	-232.0149705373753	482.9028963971548	38.0558531098029
0.34299999999999997	328.73169794922495	378.079986598512	39.45706169981069
0.345	-22.319279004978654	441.32194801868013	37.68513947845224
0.347	-67.36996563383445	420.88041644600224	37.97326468319687
0.349	-161.0624698397123	448.73819849654933	38.41917029105735
0.351	82.9453627229082	426.6072475029621	37.87847131336815
0.353	54.706188811870504	398.8133573418128	39.15727490090285
0.355	-238.91541476628308	442.4325936054839	37.269701989243885
0.357	93.78503042389852	388.99783770488744	39.06164534112621
0.359	-142.65897058607368	469.46349429327955	37.91736203242893
0.361	182.37287210554064	378.9169113875863	38.66354431134175
0.363	-180.98762151086413	431.69119289717787	37.51523271726507
0.365	-125.0795121121584	414.1919348954299	38.83041156665812
0.367	-426.09106397550886	416.320995708242	37.783920955429174
0.369	-88.2117777483149	432.1829362279559	38.005034157156565
0.371	-159.8979861747729	442.11894131684926	38.57383781271154
0.373	81.45081545962718	441.4123870694941	38.17549869869496
0.375	124.09883399677746	385.0283886718031	39.158423132530054
0.377	-359.74008558026236	454.0797839702898	37.74902599584825
0.379	146.22399684460774	395.81850414119594	38.21941865879448
0.381	-356.32677307417816	428.23848402795267	37.46210992025946
0.383	62.21656635108097	422.1456907137409	39.60125683815388
0.385	88.32974083405887	403.25133139276113	37.335080128982874
0.387	85.18859872275186	425.0314806395104	37.91701328026105
0.389	-267.6513108946788	426.1538168924107	38.087410638752615
0.391	-126.65404803657853	440.74515046594024	38.95798242741937
0.393	28.887821116097	377.10710480034504	37.61767671488458
0.395	-452.3819541912832	446.4215374770851	38.10550215873276
0.397	191.82013219976034	383.15466465813665	38.623496915820084
0.399	-474.6302320718376	440.2069053517601	37.592763270335396
0.401	224.06494867910354	405.50616069883904	38.81306588502532
0.403	-429.5452765482599	418.8090248031094	37.503339074074
0.405	169.65669919910553	413.76381775779464	37.92563616567352
0.40700000000000003	-415.42093000335177	414.9720306296065	38.355703272400355
0.40900000000000003	-20.220469117315787	426.62610176746784	37.73780376480104
0.41100000000000003	226.39570275839736	393.0635944073352	38.71220117284068
0.41300000000000003	-63.31382779778405	466.1593037202255	38.43762596718388
0.41500000000000004	-51.50184134228297	402.7067123079044	38.81796666515337
0.41700000000000004	-500.860997988628	422.2864327353316	37.89511928598533
0.41900000000000004	153.06353964916752	396.22063336186784	39.25237221034463
0.42100000000000004	-217.01033071463982	414.76413728548744	37.682325525484366
0.42300000000000004	215.65148737079375	415.93536749450425	38.179552011690774
0.42500000000000004	-546.3178775151345	425.47653342247213	38.43566940677625
0.42700000000000005	-192.54456506268002	430.74967703724883	38.10565908899648
0.42900000000000005	-15.933777909427072	389.49965819841043	37.82367017791856
0.43100000000000005	-725.5476062970612	429.98897701014647	37.959729939599484
0.43300000000000005	-82.86469039553435	405.18688428833156	38.771468867899536
0.43500000000000005	-454.65465237648493	447.49550275035375	37.288989689880275
0.43700000000000006	206.26563212755576	395.8302071308214	38.74578773691847
0.43900000000000006	-321.1282771974355	411.06969566160905	38.04325795201041
0.44100000000000006	106.14385482266009	434.64168514817396	38.85089131505023
0.44300000000000006	-549.7758961207078	410.98434957388645	38.112765366288684
0.44500000000000006	-45.59561125272449	425.5907400328914	37.775303122307314
0.44700000000000006	78.9825430600466	406.24693301501344	38.861835495782124
0.44900000000000007	-435.6118778439111	453.37557588402393	37.850326118343645
0.45100000000000007	-16.066006776727093	386.07510188115606	39.07393212637353
0.45300000000000007	-284.61210852759325	463.0447540293364	38.378832222942286
0.45500000000000007	421.69917786072375	387.75915621134277	39.00147149926123
0.4570000000000001	-324.65872128639717	418.66029537926755	38.51744910009422
0.459	-9.981291195892972	418.399900444071	38.60828328478645
0.46099999999999997	-287.3361155898424	415.5996899407079	38.350567665727226
0.46299999999999997	-80.67610412454407	434.112375422151	38.67817783773964
0.46499999999999997	-74.18952851057092	406.7543046669759	37.498129255536256
0.46699999999999997	-416.93237615614277	467.39463474956045	39.2648290657472
0.469	177.35966267173887	387.6354875324822	38.999147262946195
0.471	-151.4688887561677	444.51851595374205	38.14582865899003
0.473	388.1058615564648	405.419590238869	39.92523589498373
0.475	-78.71768189748884	422.03603818430906	38.030662196599565
0.477	42.10907395973962	445.11624686169904	39.80308008675038
0.479	-468.4223032267454	408.2441079676156	38.25338551374029
0.481	194.55773232457398	397.0220218378429	37.2922135451318
0.483	-269.549566892735	440.25031610689547	39.55342529773164
0.485	44.220984311005296	451.2143656450139	38.675244213409805
0.487	58.35595045766695	362.17737202016593	37.94567552339922
0.489	-46.256924688625745	456.7160823624463	37.903316253881016
0.491	7.094797647821949	379.6110910478692	38.90258034920167
0.493	-520.3205272112932	462.24749852448616	38.50148130473908
0.495	197.11875344974317	402.3885036920935	38.69321448574226
0.497	-437.2469169801052	421.5603693974687	38.21561623083054
0.499	284.81379802069995	423.0458981264907	38.534714257320196