-0.499	40.27330697775611	63.38228929161017	54.65188567388047
-0.497	69.31907320772979	62.466213187712704	53.437016794673035
-0.495	84.65930683687617	56.782846685504076	52.236673551546396
-0.493	-78.39943742382616	52.29624696158798	52.17117938955553
-0.491	66.79956544886068	53.51962804590264	51.11788716155306
-0.489	-37.11361164204785	60.048528917755284	52.53256558230152
-0.487	70.58640106993863	54.9993973131148	51.204469676091485
-0.485	38.15627267877986	55.24750199085448	52.637431971627485
-0.483	39.88890522266253	59.54574521231347	51.857683400585486
-0.481	81.28105278326636	60.26696262455084	52.15092586007659
-0.479	-2.4877802654588166	54.4227934228468	51.67063019284165
-0.477	32.437212102109925	58.03038952164931	51.71088835883068
-0.475	-42.8793111264536	54.4977952004503	50.70021852067966
-0.473	-52.34817680166426	59.527846758206046	54.217529207162386
-0.471	-6.324990931672048	52.49283934359035	52.04082172402436
-0.469	20.31073235531089	55.98781078921001	52.89042497766728
-0.46699999999999997	76.3657706797094	60.24579508865512	51.8390602452952
-0.46499999999999997	-30.195814403222165	47.05764887626943	50.66424549543241
-0.46299999999999997	-43.85184466848546	57.22194181748319	53.30970328111807
-0.461	23.54647767788265	55.917541333257695	51.58614531925835
-0.459	29.429247947465598	61.51809595068801	52.57963236061906
-0.457	84.35362890324427	48.670733468292276	52.223709616935494
-0.455	67.62024824724655	55.37554501094446	52.36565635474423
-0.453	46.0769502599323	54.7341145541119	51.58833137350302
-0.451	49.98435677894264	49.924709311357965	53.33533804654137
-0.449	40.504229969595684	56.79269610747442	51.8118518118736
-0.447	110.39413312197155	57.20487601289939	52.29040444814232
-0.445	13.171146317825233	61.531246231847284	51.05001030203715
-0.443	114.85912465314385	68.2668885750169	52.53012225592593
-0.441	49.08784919299691	56.923145895417825	50.68918059546737
-0.439	-12.485183943922173	60.558473727988215	53.869139742351685
-0.437	86.42138851455705	53.723482652416266	50.621089619653006
-0.435	11.735839505311318	56.72314980229286	53.313543058305996
-0.433	-14.522996337973382	57.13712862690152	52.15599847394882
-0.431	-4.369416594429687	58.89598143082179	51.91718494737507
-0.429	49.20006648667652	56.7449118193356	51.5555270468447
-0.427	79.12551999922357	58.97048877411474	52.47894421298426
-0.425	-54.29530439893249	60.442518791164886	52.87593425737394
-0.423	106.48360268672441	58.382283573733815	52.22654492414938
-0.421	57.174581344909825	56.15135929924368	49.83334110761728
-0.419	-9.069278052220575	60.7746225915262	51.37741435534917
-0.417	85.89034803407891	62.43014053998934	50.58929487737845
-0.415	12.959486350272442	49.35569132960291	52.03565483377114
-0.41300000000000003	52.72392840272033	64.32263419550159	51.83410706140387
-0.41100000000000003	42.528596101876204	52.923925860841955	51.66780091843798
-0.40900000000000003	14.106969610905296	56.651687780444234	51.62262859629619
-0.40700000000000003	32.43604332259231	56.329431210200894	51.63539336187949
-0.405	48.70942067602968	63.289959972097996	52.07231234136146
-0.403	48.953546804897385	53.79509173031409	51.36410514594001
-0.401	-50.246308342827284	56.93276097259724	54.38173822200172
-0.399	-10.116894222256256	54.722421248446096	52.05646408912327
-0.397	16.325839338415804	54.66993028030313	51.100907528818986
-0.395	26.430599566307222	59.694141703276685	52.862187662037414
-0.393	115.97614310399074	60.19886423967588	52.88173493702151
-0.391	59.05336075784362	52.83421907563849	52.886359235541555
-0.389	26.67422302060629	55.95415193693806	51.1695571930113
-0.387	-15.378444196523233	54.43581594661297	51.414328849709236
-0.385	46.8743240111813	53.460552637977116	52.290655271007495
-0.383	21.66971766093262	58.11114914557695	51.798267124685275
-0.381	-15.52652958436429	55.81771617439015	52.12203620054857
-0.379	12.552126466003344	49.69998413585821	51.580235769057566
-0.377	77.9235959778024	55.65721413254242	53.129121014351675
-0.375	-51.52098897243107	55.55185448159029	50.98055098182287
-0.373	-46.52678706262847	59.688116941270316	51.48860673692475
-0.371	24.110272882627015	59.057111883444406	50.97754556796327
-0.369	27.546017069113304	55.24541879872745	53.0920110354987
-0.367	8.107579172467183	59.11246573950975	50.67560929054141
-0.365	5.133755795805328	53.51057027073774	52.10855134708306
-0.363	114.60344869851369	52.47437313545588	51.33537869076881
-0.361	25.997432615554317	57.92914721267163	52.31159502568696
-0.359	4.1553944105654494	55.62729525319675	50.181437045412395
-0.357	-28.155800572804424	55.037710870898515	52.87505518758606
-0.355	-8.653191058693999	57.44257414505383	52.96029892041033
-0.353	-15.906839408996731	49.483789635716256	52.07871872846891
-0.351	-47.60669447523291	57.466904315273915	51.48208791095913
-0.349	119.09032789847451	57.754156549264046	52.48651169197272
-0.347	2.1665310294682882	59.330224391911216	52.31629958002207
-0.345	25.937008120813232	60.56253973137889	52.86044348379803
-0.34299999999999997	20.633335861885982	58.779142238757494	51.20853595756332
-0.34099999999999997	29.655264282668625	60.19219838523216	52.642824014465916
-0.33899999999999997	23.147426639891222	47.44860234435157	51.86555903941268
-0.33699999999999997	-12.398293136595129	48.183536780637816	51.4931005997806
-0.33499999999999996	-4.542050165423639	63.97499883233865	52.780214502157065
-0.33299999999999996	63.52437632894947	57.821433155207586	52.8490314600569
-0.33099999999999996	-37.52693684566655	54.13906025177842	52.113128845704466
-0.32899999999999996	46.02932210806543	61.42523000119168	52.498423223751736
-0.32699999999999996	-16.864211232037185	52.838019368368315	52.046877214086265
-0.32499999999999996	139.07691967696144	53.71954728603974	52.297804914303434
-0.323	25.643870277258785	61.881829321363455	51.80586284694767
-0.321	32.91709962027767	58.50005567436815	53.789462919865855
-0.319	59.61306107105102	59.21952314597967	53.221390079991195
-0.317	-53.610386762548146	56.65321777881383	51.348397597802375
-0.315	-37.51180942446197	58.158350820507174	51.62090878355566
-0.313	6.767524983075646	54.42861815444617	51.09211903145712
-0.311	27.9864069649971	57.25951181197074	51.225149282282665
-0.309	-37.99743248611431	45.605586711491675	52.421788181838984
-0.307	126.8859084380125	56.00828381304721	53.44589129052092
-0.305	-3.0052822606041474	57.11268362511934	51.89397066076542
-0.303	10.734036196780039	62.10503848521755	52.00564729636445
-0.301	21.732374070770888	54.73674489356542	52.641859094560125
-0.299	59.295081338728295	59.45834719654765	52.146689322504095
-0.297	25.560288363868366	56.23053642154088	51.32640056899195
-0.295	38.474561547152675	63.799451443436716	52.76214316629197
-0.293	-16.743818255338105	52.89436683044721	53.349554895171124
-0.29100000000000004	8.678739784162559	55.24347192852348	52.404271550866056
-0.28900000000000003	-74.61982554457514	54.6546155778759	50.38364787027122
-0.28700000000000003	7.095977520688024	69.6828471832151	53.58844539601718
-0.28500000000000003	31.7991337654977	58.06654240874659	52.19339841229213
-0.28300000000000003	-26.92924818958886	59.340097660339374	52.995495971840285
-0.281	9.749436447714643	57.978119927794296	51.76629420249418
-0.279	-33.650721166123	57.417906965968825	52.31416957732486
-0.277	46.5612735276455	63.70443492239199	51.60430921034868
-0.275	15.465137347847602	57.90663925630861	53.693247442849334
-0.273	48.61991811089261	50.0944100715	50.185312416499656
-0.271	79.7955186995214	53.48482834919971	52.38306170228617
-0.269	-1.7893691425241443	57.859800813412015	52.229052978281636
-0.267	70.73131225499019	61.834567181310874	52.91774344062975
-0.265	29.657517623293828	52.709750418007715	51.72388205793183
-0.263	102.6049831789333	66.55406736925055	52.500734846162615
-0.261	-66.35105726715551	57.729100342335066	53.033884792629564
-0.259	26.326690981681722	56.05386724188217	52.15020107046246
-0.257	102.97647992785208	60.695599447269764	51.37679846146422
-0.255	19.35945382824933	58.31277668057234	52.09194375290076
-0.253	-69.94693428974408	54.93738326855867	50.9903607734076
-0.251	34.76326950302422	60.301860772554186	53.10820705254848
-0.249	-21.2798217412713	58.28589944753884	51.6829173055922
-0.247	-69.67094300847077	58.83494356581139	51.96018797983672
-0.245	-39.85037144726977	55.08803663978136	51.408501260998804
-0.243	218.2888832311658	54.354497427772756	51.50672040591361
-0.241	31.4079675236556	50.894123471094844	52.405708253832266
-0.239	-38.45924158352165	64.43403146771247	52.41527506775861
-0.237	18.70493004041407	43.029894328044406	51.63873753684382
-0.235	62.16960497096302	59.857774851319135	52.406547877781264
-0.23299999999999998	-5.879480182269248	53.320946926832804	51.400405473974494
-0.23099999999999998	-0.38255891954275256	62.64763323752139	51.432805530114116
-0.22899999999999998	0.9145724029213653	50.85920901451183	52.63201162940911
-0.22699999999999998	100.86802550346441	54.07137636564871	52.237371049106734
-0.22499999999999998	123.46778262606328	60.20750716980992	52.0930077652814
-0.22299999999999998	51.59557931433412	52.58677760401244	50.24182312456249
-0.22099999999999997	-67.27789269955764	54.74506758046028	52.418730451761796
-0.21899999999999997	52.92762745878754	51.53353792821118	52.710740162066614
-0.21699999999999997	-11.465664272125586	57.28955836872317	52.76078992976227
-0.21499999999999997	7.421467616675059	58.45435038360668	52.188843809727956
-0.21299999999999997	78.26083425999109	59.893729592380076	52.248313194358175
-0.211	4.03345189603499	65.86267308320032	51.829692992401554
-0.20900000000000002	33.16496011396275	52.214593423622524	51.169466289838205
-0.20700000000000002	-68.00702052578433	58.73181265089225	52.5775855235523
-0.20500000000000002	29.57378571277758	56.913175935940465	53.30824692429885
-0.203	-22.0517578067847	59.28607616299283	51.40404046571798
-0.201	4.0014833757595625	51.14846381481919	52.485497293589894
-0.199	80.13367636228175	62.69141093475117	51.69769966260709
-0.197	73.81996248567724	65.11146462632786	52.60562536207704
-0.195	-9.963293891468439	58.85494567850933	51.645448371166694
-0.193	138.37371521829846	64.73570962034665	51.09525431834801
-0.191	116.18077316311037	54.394745851522	52.81487352520492
-0.189	90.70240276920494	54.585274914601655	53.17579324870764
-0.187	-40.747533924800905	53.72801163045835	52.33780093956637
-0.185	219.3942147139527	60.795921405956626	50.80317841401549
-0.183	51.98371811321323	58.626800206019404	51.5750896550425
-0.181	47.70825698940939	59.71103947513872	52.978108101402846
-0.179	-70.42023229231198	67.19908312421684	52.57414953799119
-0.177	128.89948768601835	52.81838427208231	51.66170714524474
-0.175	62.03816151995056	58.747860930851836	50.7451208283529
-0.173	16.885282881018426	63.356028376102365	53.227713805294236
-0.17099999999999999	-35.6430375700878	52.660926107483064	52.5837056982317
-0.16899999999999998	44.140354595878506	55.62289696299749	51.71799449466524
-0.16699999999999998	34.67341141605296	57.937779752677024	51.85660978429171
-0.16499999999999998	8.71719914874447	60.1428907263556	52.47752087363106
-0.16299999999999998	75.70824477465266	54.22548108910053	51.060222389461046
-0.16099999999999998	26.055255375023734	56.182917038567666	50.64663542281306
-0.15899999999999997	9.700309908877713	55.627947623742145	51.147597516530304
-0.15699999999999997	2.5802973913080507	59.27112908101169	53.74270850823393
-0.15499999999999997	3.8695216626472018	56.244547555630646	52.10350203573111
-0.15299999999999997	-8.470853891662244	53.77045756426234	52.60661273362195
-0.15099999999999997	-58.53875308614587	59.8202937717975	51.311054408126864
-0.149	25.470346972422675	57.90672917502903	52.77614888199388
-0.14700000000000002	18.14711069214603	65.73620697159087	50.89584685963142
-0.14500000000000002	29.72215449226212	54.92923830333988	52.29554041753646
-0.14300000000000002	2.8185045080064697	51.84290826396853	52.89526134827133
-0.14100000000000001	-64.17964836558099	55.97679490706862	51.14670743757869
-0.139	55.83689696653238	56.73980705277675	51.106498553762165
-0.137	72.75366207393219	63.95836993762036	53.35779072523504
-0.135	-2.8121382037449294	61.382373002660245	52.09223229108759
-0.133	50.1601464775181	62.75887674717597	52.609813746995044
-0.131	67.68542914348252	54.90630981412237	51.437167036183034
-0.129	12.869453327901681	51.645540090816134	51.71465821504263
-0.127	34.966073241271545	60.091497165724505	51.811933340880785
-0.125	-28.36780649129178	53.19514580893534	52.27870530709441
-0.123	83.06309134886725	55.471368537309054	51.90941644386245
-0.121	39.08110345340887	56.445892374565574	51.530497897615355
-0.119	51.83166428612829	56.76727104345731	51.849588298292964
-0.11699999999999999	1.411238991666508	46.107260016326826	51.5231995081749
-0.11499999999999999	85.92513535377044	64.12343547909393	50.499519610271925
-0.11299999999999999	-5.323641855015104	58.2994367506939	52.917304392549866
-0.11099999999999999	54.869053762729436	61.43157185118932	50.92307379667356
-0.10899999999999999	127.10193776355183	52.80665469225809	52.51147100730919
-0.10699999999999998	33.4143559530542	63.11766277433797	52.22174077086864
-0.10499999999999998	-62.94421334318567	60.75773459092859	51.11961106072979
-0.10299999999999998	38.08129743632094	56.13032989840623	51.51800778683622
-0.10099999999999998	-6.162854770508375	52.28678369642417	51.27483150022396
-0.09899999999999998	19.599197009334546	55.207560982955435	52.429897803892885
-0.09699999999999998	36.45126974904933	57.28779515648916	50.860506037646154
-0.09499999999999997	113.07751924327647	57.31216656882702	51.843444306142985
-0.09299999999999997	43.92822061261015	65.15760168212002	51.707215348646265
-0.09099999999999997	-0.44135105081721804	53.991811381385915	52.563156906592624
-0.08899999999999997	-4.32539436423518	59.356549141270285	51.132245658152556
-0.08699999999999997	12.93997336881958	59.6796271451026	51.98692719674458
-0.08499999999999996	74.38664579995091	56.89862602768464	50.14915031200344
-0.08299999999999999	59.03484677927118	61.844655788887806	51.850488940751156
-0.08100000000000002	91.68730873621023	54.47711609291209	49.92433323755202
-0.07900000000000001	41.17774572387489	57.684596186613724	51.740148387146974
-0.07700000000000001	-71.5864472696781	53.137832468356784	51.573398629493596
-0.07500000000000001	8.418462442705277	55.606326325937346	51.11527615477217
-0.07300000000000001	31.680751556573128	56.42878676448454	50.06561307117435
-0.07100000000000001	-42.78064115803559	53.236336483533805	52.68847737492985
-0.069	-0.651486991021244	57.189025109126405	50.65517988378107
-0.067	-60.05920168605794	62.01996244210614	52.43939663535167
-0.065	83.0663783615293	59.031253308995375	51.22628129787142
-0.063	58.47682233084406	54.756664266037085	53.33489619793989
-0.061	8.769893884874591	55.34076336491385	50.467114733099635
-0.059	146.3119709195215	56.84635222901578	51.90046722812124
-0.056999999999999995	-29.992125695876837	51.676951701644626	51.53178035528544
-0.05499999999999999	-60.709170276673774	50.81018118856617	51.470708299723555
-0.05299999999999999	119.91541171640918	60.27089014142861	51.2127187869066
-0.05099999999999999	-10.006159491315891	63.828097133683215	51.426520250789686
-0.04899999999999999	143.459527783385	53.84252962365162	51.952110126766414
-0.046999999999999986	68.88115258130156	49.24446314073985	52.492611735593066
-0.044999999999999984	17.66998741503656	61.614828231247444	51.17378451233283
-0.04299999999999998	-45.5052349662699	51.346119110728	52.110798945669636
-0.04099999999999998	31.756895149559483	56.27644222568185	51.689438908597566
-0.03899999999999998	-6.316856795751669	58.058839253263265	52.03250561933291
-0.03699999999999998	12.494190659628757	52.77385418840263	50.4183134173442
-0.034999999999999976	42.76523821533651	55.18094007315564	50.99887146568099
-0.032999999999999974	36.178601132697	54.81978752457179	52.949988264089434
-0.030999999999999972	11.853776207493283	62.34585661265769	50.84139056371427
-0.02899999999999997	38.620844657222264	55.86367540562429	50.56984428111337
-0.02699999999999997	49.93125023244893	52.58427011616771	50.61930579750434
-0.024999999999999967	-19.25764762655824	50.41754957391848	51.795444550415695
-0.022999999999999965	-41.53396393979936	58.771035652484954	52.98260785159559
-0.02099999999999999	6.502198349966903	57.80040114885742	50.34593563204969
-0.019000000000000017	13.707758580672191	59.73882288390429	51.71529949706876
-0.017000000000000015	-188.65156611391765	57.9756901865117	51.324097286329106
-0.015000000000000013	-130.48089596678915	53.75908950137193	51.13586336198795
-0.013000000000000012	-243.70181632416	55.93112187832604	51.78035641255642
-0.01100000000000001	-334.43696046520085	50.26266293190203	50.69735815961443
-0.009000000000000008	-434.18489791524627	65.77728615310431	53.856474709578734
-0.007000000000000006	-472.2069560878506	59.0588348413281	50.74913177124571
-0.0050000000000000044	-460.5161080329934	54.99572793986823	50.67681188821016
-0.0030000000000000027	-461.4974435259711	60.29632845309977	51.29262524540131
-0.0010000000000000009	-551.1208151590674	57.01599482177889	50.86145086616944
0.0010000000000000009	-429.25271238103414	65.5835234792521	51.7366860962199
0.0030000000000000027	-446.77997644648747	52.70364389564078	50.98021407159354
0.0050000000000000044	-475.6163495956978	68.41658018013283	51.910929251333776
0.007000000000000006	-486.4753745890127	60.8820747461538	53.11697420318921
0.009000000000000008	-345.3538335609352	64.05262006902124	52.37360708841724
0.01100000000000001	-396.7424309619938	55.151685430706834	51.36859968678348
0.013000000000000012	-283.9857317868955	55.518762820911256	51.088908027392165
0.015000000000000013	-193.6249923524258	62.20634954415593	53.174638526417645
0.017000000000000015	-66.86630264518544	58.55428386976951	50.7760611735611
0.019000000000000017	-76.15201622179768	60.32419889602812	52.033499941048625
0.02100000000000002	127.6532914653572	57.931715788354666	52.052765113877555
0.02300000000000002	76.76287492275335	55.17534619279212	51.89693056155802
0.025000000000000022	19.9649256373835	57.86016245098907	53.40391736256424
0.027000000000000024	-62.331818074135015	60.15850917911821	50.47309101192436
0.029000000000000026	17.45105292805249	61.58091212604294	50.87200576290931
0.031000000000000028	32.85886366222179	50.288501647993364	51.92679187187254
0.03300000000000003	47.94018120946042	55.84815834945428	51.894773513910366
0.03500000000000003	-28.06830153334605	55.4044834410336	51.83479460074817
0.03700000000000003	3.231016770133266	57.19913041976877	52.58026908202088
0.039000000000000035	-14.50282576065387	55.89591338899117	51.69849235580744
0.041000000000000036	44.12254694408091	60.60012330065619	50.932008672352836
0.04300000000000004	14.53571988752067	64.98185855948212	51.15296937301007
0.04500000000000004	3.9940434153340476	51.81615815611788	51.10577665881449
0.04700000000000004	34.03194798257125	54.9649653178083	52.45113045763424
0.049000000000000044	-28.08077918359242	57.38386807445829	50.93362907096176
0.051000000000000045	49.41666315905202	64.55501609044198	51.340174287234056
0.05300000000000005	33.70324062834662	67.295280761057	51.57838362534473
0.05500000000000005	19.553001725736152	49.747839114456745	52.55002964650767
0.05700000000000005	17.103756803971137	55.19273912796556	51.293903858446626
0.05900000000000005	19.238846613589544	55.32587111304349	51.23768422648771
0.061000000000000054	-116.68336236292376	55.00615747042797	51.7823996904303
0.06300000000000006	30.858404843181475	52.33249723635612	51.861875286878515
0.06500000000000006	122.28198465757956	56.237983010191755	50.97613029569271
0.06700000000000006	19.88135287622761	61.1523331316322	51.422594986573635
0.06900000000000006	66.56619962730481	51.95300199869405	51.60399252388477
0.07100000000000006	-31.7625927640508	60.21079650432495	52.25507782592132
0.07300000000000006	41.76610151995774	56.617439792940736	51.6023262872038
0.07500000000000007	-6.519964311890725	53.134896798665366	52.167595048449144
0.07700000000000001	-17.773257831921185	57.04933709599467	51.487547318026266
0.07899999999999996	37.16656143937236	57.42414958048174	52.476281005095956
0.08099999999999996	-63.24531761059404	55.48527826403195	52.5697763947527
0.08299999999999996	126.41452886663629	50.74320349075695	50.97139674992674
0.08499999999999996	-42.137229333993886	57.64868088261648	53.37466036245622
0.08699999999999997	-55.576650174637976	57.218970434862726	51.959591041544606
0.08899999999999997	110.13688123506782	52.668825865538345	51.00809845609354
0.09099999999999997	7.322488664973648	62.23246128280996	51.65878854018421
0.09299999999999997	-16.146044772846757	52.01510511680676	51.68724112784673
0.09499999999999997	-52.1667317541219	61.76470238237715	50.357224175385475
0.09699999999999998	-40.474376734045414	58.13899315615959	51.24405639994709
0.09899999999999998	95.78193848169825	55.79418057141692	52.50629129331961
0.10099999999999998	-4.3623540135762084	52.01227569477129	52.86557945860946
0.10299999999999998	67.94878344851263	62.00225910864862	50.95632843487113
0.10499999999999998	-12.820359414522642	63.3469051980837	51.47229419646634
0.10699999999999998	62.47366971390278	60.86370727329845	51.98244204951873
0.10899999999999999	1.508751075629533	60.129667236984815	53.18626321285283
0.11099999999999999	101.69076645016872	50.756331680968806	50.81324500767476
0.11299999999999999	-50.50904511572085	55.19080917297564	50.62638102653367
0.11499999999999999	128.33559835789822	64.38487567242623	52.31484976847604
0.11699999999999999	-19.4453031578945	53.77295525451734	52.482810874228065
0.119	95.00962008779368	55.273114122945366	51.0168453717384
0.121	52.39857849037577	60.68214682056388	50.842574833498325
0.123	50.14738948294628	49.00689967423632	51.570791736343416
0.125	17.05191280820806	59.61332950577692	52.48850600832497
0.127	71.15822706227348	60.32966180681759	50.121401799845586
0.129	-59.70220649464952	50.73336020572556	50.84811141782442
0.131	47.35113030029936	48.69355731025649	52.295432411930584
0.133	-37.25542077859245	50.96602481372136	51.34596456365948
0.135	33.71465847279431	52.68302816338567	50.51706955110182
0.137	-12.232615186791307	62.52035188320794	50.68348884751416
0.139	-109.79168726377165	53.66588967618425	51.33793016967824
0.14100000000000001	-77.35812341869152	56.74685834832235	52.72334988256547
0.14300000000000002	-44.94066850602163	53.03425708137571	50.70000943752091
0.14500000000000002	18.40893359905671	51.669416486271714	51.3362138626817
0.14700000000000002	-32.723059948946975	55.96634906279978	51.47288927558284
0.14900000000000002	40.78645479022036	56.172359390095444	51.52404342766609
0.15100000000000002	72.16565836132283	60.563366598696845	52.18562956043856
0.15300000000000002	53.574755572327604	60.21185992539064	50.70881356109662
0.15500000000000003	55.31007091152951	61.2054909942953	53.17297215688454
0.15700000000000003	-68.42755353786423	56.544386516997186	51.823212680884254
0.15900000000000003	92.63034203343956	60.856790459482916	51.06179039372384
0.16100000000000003	17.791884836526606	53.038728976522584	50.02790416242049
0.16300000000000003	-13.01343756332507	54.002560542103595	50.913499455701206
0.16500000000000004	8.787879524296827	49.7352713584582	52.27116500049527
0.16700000000000004	125.98468181490574	59.41575624497813	50.83579653359533
0.16900000000000004	7.771709783721548	53.92145103154509	51.24295552998219
0.17100000000000004	-98.75908648904198	57.736956326709716	52.799275339173455
0.17300000000000004	134.87587187066552	53.94873183805619	50.78702592846711
0.17500000000000004	-35.02177659553407	57.45117048440376	50.30796669045265
0.17700000000000005	-52.89588999013439	50.42058031393881	51.06159166547947
0.17900000000000005	9.09020624373369	64.93271698084538	53.024077459336446
0.18100000000000005	50.09988392967735	60.3243721624989	51.26114246652557
0.18300000000000005	-15.26015044472917	55.8965845665144	51.07732384082689
0.18500000000000005	39.92246035755542	55.902524900840746	50.85906894646004
0.18700000000000006	-40.41207468818975	53.008963156113815	51.14947023344413
0.18900000000000006	2.571598879175241	52.16819314263612	51.80720650166599
0.19100000000000006	33.2739466049059	58.95560636595423	50.79699723381364
0.19300000000000006	-17.740267784893682	59.855610539521315	52.52958002351885
0.19500000000000006	-13.076873044415294	63.83606921670737	52.43889013224077
0.19700000000000006	11.220078366624975	52.09281558735621	50.36103488282102
0.19900000000000007	-71.07506939385556	51.44654443077522	51.72767262044752
0.20100000000000007	53.92184404318101	57.78263164779677	51.66482084780217
0.203	27.860069381935304	51.191319413686806	52.86934837221078
0.20499999999999996	19.658994259819096	58.96682236192044	51.40708126440384
0.20699999999999996	26.541271354929563	58.122265161615076	51.682322909370285
0.20899999999999996	-19.999181138263822	54.05736063390483	51.85624033663059
0.21099999999999997	84.21251240675609	50.11737676832514	51.61335613788858
0.21299999999999997	4.754186410105277	54.68911571418547	51.05217845291299
0.21499999999999997	-16.402160708306468	57.37667209782578	51.73149335096064
0.21699999999999997	79.9068412089543	58.73644742816164	51.11158752816295
0.21899999999999997	62.124697076004765	54.821108825065494	51.96229755192831
0.22099999999999997	76.76286717495096	56.7686009530683	50.125789547748084
0.22299999999999998	-27.968646076792503	59.717605184613895	52.4611045143143
0.22499999999999998	31.093162838002897	56.644634191772035	52.43287635623953
0.22699999999999998	196.87870792894913	56.89839416632198	50.66546773175092
0.22899999999999998	36.216261057431254	60.3857915864971	52.04452574366503
0.23099999999999998	75.43495462258853	54.516333358404495	50.084210717361756
0.23299999999999998	52.93877863876695	59.07474323880163	52.5512078274526
0.235	110.26524578316987	56.37573803598563	50.93893635470041
0.237	-28.56953657814909	61.890297792602894	52.742077777349756
0.239	49.37320489406538	54.70227530038139	50.957894070514534
0.241	-0.2896060179446991	56.174446451009814	52.66462846458916
0.243	-20.916719260632988	67.55973842465488	52.43292428958204
0.245	-9.877216190390392	65.68136146125978	51.75469347776992
0.247	36.38627956936702	64.41149708546615	53.77111318411188
0.249	49.86879424540014	59.48359967610947	53.58623489060451
0.251	-46.85257345338201	59.079779584588	51.89853971189239
0.253	-87.53325409194268	53.08527728667256	50.4521709011149
0.255	20.546548635147488	57.08294177744775	50.8260169294971
0.257	19.62045683967517	56.165595253301646	53.06636386831354
0.259	206.18041682918255	55.36195714942416	51.81790388039985
0.261	-108.73051724602512	51.15194410184228	51.69451933356786
0.263	18.4742750497513	58.13714370276386	51.17674578622758
0.265	45.042711266596314	66.4438570143729	52.34097504161741
0.267	11.453838601571675	54.43074078719309	51.33265774367503
0.269	54.73457623383915	59.36135711337599	51.412018318733395
0.271	30.400695605559136	63.04058366749109	52.07542353210964
0.273	-10.498960597238316	53.31127750842458	52.0093023211325
0.275	-15.958666873538974	55.63196573272035	50.7609460165648
0.277	-86.94142048237819	56.67896491104983	50.76205695152623
0.279	24.744789851594007	54.05840296716871	51.47338697332099
0.281	8.013144343843592	57.783093881011986	52.31116772205252
0.28300000000000003	44.36161281651252	54.80832596235517	51.34554292204724
0.28500000000000003	106.05382449990763	61.01687132875344	51.671749008757025
0.28700000000000003	47.236968574004834	62.28188579095039	52.24432642769684
0.28900000000000003	86.63432243571911	65.19746342426039	52.972231128268675
0.29100000000000004	-19.48826712527829	53.01980559922234	50.8643932844402
0.29300000000000004	-36.69449770116184	54.81313035722703	51.57113483666517
0.29500000000000004	31.982867066293608	59.50586273312711	53.01564399747698
0.29700000000000004	-58.23937251092648	53.68037115744288	51.886064518113024
0.29900000000000004	-41.5949626151324	57.18711417442322	52.338312211880016
0.30100000000000005	16.85736561785056	50.58652524319763	49.295065456833804
0.30300000000000005	15.596627342961966	61.24300956126158	52.40355736886455
0.30500000000000005	-111.90077029921142	47.78257736221162	51.54248726119904
0.30700000000000005	107.005839276475	58.28397845328064	52.04048723014017
0.30900000000000005	-95.96654371846202	57.62076717131923	50.516154511674166
0.31100000000000005	-37.693351451983936	57.64899660340505	51.80629037168042
0.31300000000000006	-61.75676050745871	54.84049836968797	52.78210086301313
0.31500000000000006	-122.48587215768492	60.05758110789779	52.20714819596332
0.31700000000000006	-29.01809571065339	57.63896742572253	50.716300490359394
0.31900000000000006	70.75930659738994	58.97947228469309	53.5277315689729
0.32100000000000006	66.05782062862886	50.636390159358236	51.68932037459086
0.32300000000000006	-123.22591809998951	54.86115559117477	52.41032410725613
0.32500000000000007	11.207734208040776	47.06980793211579	49.50894611897966
0.32700000000000007	51.5470289779163	69.87006558256472	53.42707616832228
0.32900000000000007	8.234107702120852	56.127475376727915	51.23489700579769
0.33100000000000007	-1.862188189760694	59.50226108225414	52.93329735261932
0.333	-8.723790247522345	50.72017040056153	50.87312261522306
0.33499999999999996	132.61163622080295	59.628663390028606	53.02373684451343
0.33699999999999997	45.29621616211621	63.34956869462883	52.74186306011989
0.33899999999999997	-40.4593592558955	58.829989385263325	52.30696353832282
0.34099999999999997	69.43220597177557	53.960609741460665	52.07941359191502
0.34299999999999997	15.951136018710343	66.19018013717631	53.438650560746936
0.345	-49.27956584466209	62.79630625036201	51.465262826961016
0.347	39.62354198039364	61.23622092509497	53.03499085955458
0.349	5.3711647931553586	55.133762754330355	51.296897089511944
0.351	54.13805559495444	60.61824186001977	51.553778596643454
0.353	4.859808406365573	50.79579233348633	51.79964121032928
0.355	-20.952955986475175	54.935929374846985	51.97828986581121
0.357	102.79594646567247	54.22985820408106	51.358647230451474
0.359	23.574145579408068	55.40686721351773	52.20590500795331
0.361	153.0372597942087	56.209195430691715	50.8303532683563
0.363	8.664926344215118	54.715324869746695	51.926618746201434
0.365	124.08158757670762	59.69655734529297	52.68214339882812
0.367	15.733291808706085	55.73126035111547	52.67886561068089
0.369	12.658279663346761	58.17577843924084	51.89442025074459
0.371	125.69027145015177	48.96168937670403	51.52128613912096
0.373	13.338954528485658	54.23010852926311	55.71406159301578
0.375	-46.179299340920466	52.74560965494903	51.14925528109147
0.377	-15.124456085868765	61.70244190162677	51.180788513380186
0.379	14.74240425825002	52.9400825133706	51.48770983371694
0.381	-6.573689904421087	53.87384918005506	52.9576124083343
0.383	-51.670433865225185	58.6404872255215	52.207905148497915
0.385	52.42129265159434	57.52833889447999	50.49717515111162
0.387	63.903057121672546	51.93578928986155	51.53060512573086
0.389	-13.762025201424777	50.140611750377225	53.337412829142046
0.391	68.39738973463128	61.17449834885608	52.55410274850758
0.393	-0.4335313728009993	51.96316288579361	51.94763976521756
0.395	26.351517654843448	56.03436356314925	50.18441071066273
0.397	0.009539199874453175	58.71806522227059	54.21335345494784
0.399	42.87817027748275	61.435631654729605	50.837575813226614
0.401	-19.865843451705167	58.318175170926274	52.62749106938109
0.403	62.28177166778259	57.16246745076416	50.67303226848456
0.405	-48.01756756334097	57.69290017335846	52.91105829615724
0.40700000000000003	-0.18725025829890996	50.43334809731249	50.96061527899384
0.40900000000000003	25.66086547739488	59.4857518293581	51.899920774486056
0.41100000000000003	4.301489800795366	61.12384237558315	51.407545842846545
0.41300000000000003	52.62048842880063	62.72748651466949	53.725076016817226
0.41500000000000004	14.104550508431402	64.13826332464095	50.65002992733847
0.41700000000000004	12.413459105520275	60.63991461362626	52.729788568933515
0.41900000000000004	77.37838023835764	53.89818915370281	50.595049666992686
0.42100000000000004	111.6902482427573	64.1089951979865	53.84580929333068
0.42300000000000004	-19.163993910331634	57.775910385422975	51.19209437698798
0.42500000000000004	86.45382290883852	51.81760943144237	52.81303957939806
0.42700000000000005	110.53968816021609	60.20733542730957	51.857410843963976
0.42900000000000005	90.41358043759828	53.63585169023111	53.29650540856184
0.43100000000000005	62.13168968138838	52.11177892096204	51.390262558819295
0.43300000000000005	42.83637158475351	51.657935803900386	51.77966932599838
0.43500000000000005	47.50653659102433	54.51257710177207	51.60136986711869
0.43700000000000006	62.536509310762156	73.12870172575171	52.97102147490724
0.43900000000000006	-6.150132635274197	47.57942077790651	51.406650781098726
0.44100000000000006	24.604720002985303	52.96613738679432	51.86838237429645
0.44300000000000006	-50.25446872641837	56.44225005757486	50.811168658321186
0.44500000000000006	-118.43079596951523	62.79581565870251	52.962482420012286
0.44700000000000006	43.98432517827011	59.781240323034275	51.78565290245438
0.44900000000000007	-30.882485678396243	58.42832008512431	52.05524234615125
0.45100000000000007	86.48369086938779	63.128976337701424	52.44959396445405
0.45300000000000007	30.50298366269466	59.38583249261686	51.82605396629979
0.45500000000000007	-30.207130574555485	52.760678630588856	51.62609743705411
0.4570000000000001	-0.00956727175260852	57.846555795772936	52.30281091546935
0.459	-13.893380519824916	56.78321845261534	52.355829996840576
0.46099999999999997	-24.95197101215485	54.12138054607658	52.3222747067424
0.46299999999999997	-8.385640972496944	55.82177091142527	52.38838308469327
0.46499999999999997	-25.759582410911364	51.5607602852481	52.432949297009934
0.46699999999999997	10.211560398376562	59.88041089377598	52.24902324298473
0.469	16.027290269837735	57.62286899926112	53.028844637056785
0.471	-42.6272355324997	58.244742437160674	52.01207172850856
0.473	37.703023823665305	54.113588543618796	50.68523482829238
0.475	-39.149449847952766	51.49253723638307	51.89055293825577
0.477	107.96315301897508	60.532553957368165	51.13152995633922
0.479	-70.8703734644267	58.726306864492145	52.56006187909159
0.481	-21.398450370968547	59.8767541724798	51.36301676697775
0.483	-4.043417505594782	59.78958513242578	52.806201627030894
0.485	69.34818635828677	53.83646588756632	50.90107915016413
0.487	31.478588255140494	56.74275368439875	53.50540627716975
0.489	52.33007822380564	46.632858500882804	50.656776897430774
0.491	-8.628079052552806	57.14331956271408	54.0187402455648
0.493	55.23680769625727	58.111428348294204	50.55043193265308
0.495	52.562704930814164	56.980957878523	52.204999711855756
0.497	83.71135537976748	62.59598265273499	51.65386864323961
0.499	104.24689620269767	61.64592958804749	58.308578929942094