-0.499	17.75746060239669	24.370735053609618	15.910717372257832
-0.497	11.179408638817279	19.28454787189754	14.513369146820352
-0.495	2.4190378822286362	17.134070741053485	14.460682459671364
-0.493	21.263524463632777	19.038613083941897	14.208456909626639
-0.491	41.43698932290718	18.725501177551624	13.694034296205093
-0.489	72.61134024449944	18.210598908472445	13.672377254004722
-0.487	61.841438425247475	20.756406242622138	15.151277514020103
-0.485	34.86779629247039	20.340383173954486	14.269756407654505
-0.483	7.455052898119874	21.46840209435866	14.364364394046008
-0.481	36.170087968745435	21.838714814199257	14.452740433445099
-0.479	34.68277492935101	17.736981922556794	13.778816404264612
-0.477	66.59532675734603	18.6869442340188	14.143356793966246
-0.475	23.806844530183113	18.628180151345614	13.994316980035029
-0.473	17.432653983240343	21.43753131931225	14.296085610041047
-0.471	4.621605529386841	20.25935060077821	14.179410979925423
-0.469	13.3774595347802	21.393476698516274	14.596969502495215
-0.46699999999999997	31.908327962959504	19.9398475122125	14.335904913316389
-0.46499999999999997	33.47936876663127	20.556348127662798	13.954746762723126
-0.46299999999999997	30.81658371417717	18.202119280236236	14.412508828938941
-0.461	32.376087395258324	18.001722079360782	14.135989813689434
-0.459	5.571888643807199	20.32532192167062	14.907539260284382
-0.457	46.46788843176708	17.550787943530523	14.225755423436867
-0.455	25.809696324818887	23.285844652171342	14.834674919893784
-0.453	33.276936482140584	17.70183571526218	13.933683573084366
-0.451	16.66328631788616	19.400183608480802	13.753724228613544
-0.449	-31.777926753351338	18.168844209906183	14.069127952826321
-0.447	38.07815784484525	18.06672534666609	14.630548335314202
-0.445	37.12095784913494	19.06929608470841	14.721450046537248
-0.443	24.80537243587655	19.89212646330909	14.507543025786752
-0.441	8.214514847670884	18.556564108472486	13.917140721275977
-0.439	2.882359446898519	20.851900252681453	14.30932849972856
-0.437	39.48295273192848	17.72329971539643	14.096010671887933
-0.435	10.576146807217413	16.842760407903008	14.818427838976136
-0.433	54.68422909049586	18.773904552443998	14.034728022228784
-0.431	43.318599507236044	20.044749115137144	14.601974438756276
-0.429	40.178135616297794	22.07163516581929	14.584532221439163
-0.427	52.98191863101209	17.184830010537326	13.884494103118648
-0.425	50.57472698100085	20.83354361980499	14.11499053154231
-0.423	29.053682009561044	18.835016445993016	14.40382849092257
-0.421	20.110357743741147	21.797615893851326	14.976515875928795
-0.419	19.17290552211348	20.121128396333233	14.720067231164494
-0.417	9.79336999695768	17.931445380651876	14.26752196369961
-0.415	30.422107548888633	19.80249508019653	14.173442931022704
-0.41300000000000003	13.067319496684604	20.809875907176668	14.322503351028967
-0.41100000000000003	30.026873105493124	19.744444022398106	14.351248061427942
-0.40900000000000003	34.05406746903594	18.971939168112446	14.596448293789136
-0.40700000000000003	57.916777380873086	23.13042502721309	14.680874972255937
-0.405	13.077481869849805	17.96728941182029	14.567275814373978
-0.403	25.982211916408815	17.60405733806422	14.334555780327491
-0.401	10.590602551374673	19.512958567525924	14.295008204735245
-0.399	8.745435665202805	24.0927230736093	14.220522738130338
-0.397	7.465131055983676	18.268370626341287	14.752833538531204
-0.395	0.6114167541149129	22.49251246926202	14.630069788038613
-0.393	26.506089944478006	22.83124574008919	14.41344264609166
-0.391	11.007673430984966	19.132363029985832	14.400008014971672
-0.389	19.542231413316458	18.997253672350062	14.395067884005682
-0.387	26.425204125324342	22.770170412684354	14.490143575091308
-0.385	7.01459599783405	19.572589645890055	14.412582057182881
-0.383	36.67893022374358	17.992303018013548	14.84580213068715
-0.381	0.9009648964664052	21.691250714590133	14.54789677535693
-0.379	26.306258322561504	20.32682908986372	14.398981326527212
-0.377	22.31824381704328	17.881794970800403	14.259701687270523
-0.375	7.29274681865455	21.730159543614096	14.526997221940938
-0.373	28.635848367652983	18.601907593511026	13.901053546883787
-0.371	25.39593695982667	20.024878396582103	14.467356455907904
-0.369	14.061008285271015	20.940712123299495	15.33916484264246
-0.367	33.108086539224146	19.03994860072012	14.979940955471235
-0.365	-6.375406375491721	17.07945658996093	14.409544757403783
-0.363	57.44993443412838	19.375862465847806	14.596996741001085
-0.361	55.96402188534633	18.409084509469558	14.367449382085121
-0.359	16.743904266869336	19.753028963271078	14.304621031512902
-0.357	44.87787919171815	23.98444171072069	15.366876083455708
-0.355	31.33205215122281	24.273058678962734	14.807990197757588
-0.353	11.001656114784097	23.06791432834035	14.451907438158718
-0.351	17.525311920785214	20.026439869246172	14.570097086777466
-0.349	48.68428773829869	19.50618129617391	14.753000949602074
-0.347	11.854319218462805	21.426744558525947	14.510192911088268
-0.345	30.659321840209586	21.377268979712948	14.67241423795975
-0.34299999999999997	32.317443699581005	18.663579704319464	15.228511340170241
-0.34099999999999997	32.67981951649013	21.11238025228158	14.718435875676827
-0.33899999999999997	25.485910386091604	17.793186834215742	14.60494131779284
-0.33699999999999997	17.40467865585238	20.62495947359369	14.265458385720885
-0.33499999999999996	18.11441849075557	17.290540034441168	14.825219572589729
-0.33299999999999996	23.6563885036567	23.553576740906184	14.874357250929432
-0.33099999999999996	38.13228009441616	25.833885309204145	15.26348581483716
-0.32899999999999996	31.565164201774465	21.713378803561184	14.724658050278965
-0.32699999999999996	32.87413006680673	18.301830673573146	14.683976962232002
-0.32499999999999996	-4.453131397297305	20.690579166463962	14.759357911566228
-0.323	42.66677865549795	21.511307070163923	14.157680334580345
-0.321	38.33160015620507	16.062035885194543	14.448937005040431
-0.319	19.941752943841706	24.314862610725264	15.103198745109658
-0.317	28.657070067605872	22.372177473785126	14.927457365265532
-0.315	10.024642445261023	19.838652261878064	14.769161751747996
-0.313	43.50059305990861	18.444543947416335	14.277051724003044
-0.311	12.836053236986444	20.803811289878755	14.445981599685148
-0.309	14.908159424953382	19.408785168435376	14.828929427030761
-0.307	12.206581927465265	23.743162063376015	14.318623737412167
-0.305	17.236822811739216	21.556036201386316	14.997660068894296
-0.303	2.390142757491276	18.029948278718066	14.26780308909721
-0.301	37.30775617971638	20.494014239430467	14.714448133531667
-0.299	22.448314302314643	19.024636695322094	14.209619026186495
-0.297	21.730168030531516	20.841213665009562	14.127380808170626
-0.295	20.586406485278985	20.520482714667278	14.921714474903991
-0.293	22.27937644794231	20.274019729662665	14.699944293679863
-0.29100000000000004	35.78947461257975	21.158954301022792	14.733944766142368
-0.28900000000000003	47.85120540584664	20.408869392558067	14.276850528647415
-0.28700000000000003	41.133637397772205	22.311999722776648	14.200560122424026
-0.28500000000000003	23.75734686355102	19.570662924104298	13.909396571410575
-0.28300000000000003	11.70497794045211	19.02566574573446	14.068607079074946
-0.281	29.669959116906952	21.73197573024503	14.567048841701013
-0.279	27.939071742588695	21.786724651431047	14.566734230285325
-0.277	-9.587656427889613	23.053096616811832	14.561624065201329
-0.275	20.843030056783007	18.647581555449833	14.203286114014048
-0.273	-13.577725015756492	22.90274655141563	14.971760362943852
-0.271	-5.987050392786131	21.974687714246652	14.252554650737476
-0.269	15.518872575004394	23.04935526910727	14.456433293068706
-0.267	22.80176743840734	20.6787284168096	14.685585476024297
-0.265	36.18160811136306	19.893667857635144	13.94185091952504
-0.263	28.923379683298833	21.14563004690697	14.789181804674229
-0.261	11.306948203504419	19.229950115859857	13.76159996415788
-0.259	14.912076032436161	22.683007000765517	14.198620141762463
-0.257	-2.2838086618515163	19.290710158664616	14.402249321935084
-0.255	-7.9960325096717355	18.329482050329823	14.590919730187125
-0.253	33.31166286835163	20.423690468703967	14.552644477940525
-0.251	49.3541966204436	22.506867611447582	14.124040319838878
-0.249	-10.401241323343413	22.24238086510486	14.39577893118491
-0.247	63.4730030033559	23.134049091418166	14.351581827143077
-0.245	3.7486549926413204	20.02650803423524	14.11349097633044
-0.243	6.569119468835538	21.24919878753895	14.406929453845192
-0.241	-12.145022228904345	24.161049745471246	14.53975117115737
-0.239	50.17623673020388	19.82514500957986	13.882444214418378
-0.237	10.647012148368162	18.616022447265753	14.148964966750588
-0.235	0.4891524534311742	20.111524219344034	14.376877289677967
-0.23299999999999998	8.691537387139903	18.91296913027466	14.520124715223677
-0.23099999999999998	17.806932987474156	19.426264002862	14.616205808258458
-0.22899999999999998	-11.026932056790173	21.885918056437642	15.131376035263232
-0.22699999999999998	35.06021506760604	18.43397406578353	14.354823833026964
-0.22499999999999998	66.65601710476032	21.487356695348925	14.192283419149563
-0.22299999999999998	19.629584801839073	22.351258928274365	14.35520792530005
-0.22099999999999997	26.32920847167597	22.051165120367564	14.456621604143546
-0.21899999999999997	35.15065967962805	22.34538691316563	14.68868010606106
-0.21699999999999997	10.162722449136297	22.54905817114617	14.896233398271429
-0.21499999999999997	2.3197640230954164	19.75864634575983	14.307836513499826
-0.21299999999999997	22.798088096243063	19.110220795064553	14.19124287940166
-0.211	32.19643631635627	16.54414954211976	13.828883728739573
-0.20900000000000002	38.05687070479458	23.383060860418368	14.139759084802341
-0.20700000000000002	22.17374335389266	22.184971405680518	14.342958851476611
-0.20500000000000002	34.7534559024254	23.26025558104863	14.679293448470409
-0.203	11.600363607255915	22.33271649492707	15.059659279590498
-0.201	-17.689298957179744	20.453203393158066	14.51172633113963
-0.199	-23.125362828668727	19.90747115283046	14.489332248337968
-0.197	12.029621135445367	24.184080613201164	14.329720519030918
-0.195	16.472453677085497	21.0727195450603	14.292920903853947
-0.193	44.915097422215666	21.78611912891425	14.618194367690641
-0.191	-31.63848497889088	21.21037777846455	15.113802826872368
-0.189	15.899103563477013	22.046447751171744	14.470471901824006
-0.187	22.725325183214906	21.277072564587826	14.407085884255244
-0.185	49.89072071914791	24.17768702901336	14.572259083789417
-0.183	-5.171067115616879	21.87501174455482	14.785959538033476
-0.181	38.50981459962988	21.24320928350183	14.448667992511771
-0.179	-2.215934523763785	18.875280143652063	14.998393116460404
-0.177	15.18862484783945	22.129501829549103	14.643279524036563
-0.175	26.588496080615087	20.547131444517554	14.247251818338318
-0.173	2.9255955575901993	19.435599590905195	14.205372026815335
-0.17099999999999999	2.7428438573728897	22.995759228407398	14.364563329500225
-0.16899999999999998	11.811006609852015	21.8701122816493	14.731911201510117
-0.16699999999999998	15.254886308380122	22.2759866153205	14.687852898265078
-0.16499999999999998	3.9113279490798902	19.950413765731508	14.795237261061626
-0.16299999999999998	33.58718602974875	20.468137911226492	14.07206870613728
-0.16099999999999998	9.601251976132374	19.329055519770918	14.245010310506718
-0.15899999999999997	18.778794470319937	23.458274047592873	15.344199612847476
-0.15699999999999997	-7.872834451472244	20.310692625550555	14.49683796864391
-0.15499999999999997	4.932886642716738	19.519916420205995	14.324173761638708
-0.15299999999999997	5.02365346433109	21.303015518069035	15.054190287839289
-0.15099999999999997	12.493754028675141	21.37762645178055	14.504056747400663
-0.149	12.858478031008147	21.888906986836837	13.696768642135389
-0.14700000000000002	-9.651521358455817	23.430708423050447	14.053575659484933
-0.14500000000000002	-14.762310992955108	24.328023984436367	14.877422890166892
-0.14300000000000002	-9.803413128173233	18.746090479806334	14.28913903363104
-0.14100000000000001	27.850174223242874	20.639893553387346	14.061240363013392
-0.139	16.63626006420671	23.750178224190087	14.924371491559842
-0.137	-19.162271078121407	19.522158242004846	14.532508674833332
-0.135	-12.118055480514478	21.240711642149968	14.628975182708569
-0.133	-16.889692792343425	21.19765667023048	14.609157950247067
-0.131	0.2809037067397213	21.093474032428215	14.010077247608013
-0.129	3.671799157389799	22.471246031556323	14.96195097372613
-0.127	0.6279208073500797	22.477333043834573	14.920521383652165
-0.125	0.14278139492951425	20.14360111680141	13.97303568147847
-0.123	-12.568408833901756	18.769235099192528	14.146622130826172
-0.121	13.76328103153135	21.974344527003446	13.900878376639636
-0.119	-15.73946665123227	21.295339824048217	14.227097946997175
-0.11699999999999999	8.347080413972918	20.361360363854942	14.78856116395969
-0.11499999999999999	-26.04378459569734	22.260206922510942	14.581347651289091
-0.11299999999999999	8.267526550476134	22.02484130734909	14.610391557910386
-0.11099999999999999	11.042496745883312	20.63923010707684	14.021046288167867
-0.10899999999999999	18.908713723009285	18.70258007513742	14.17820744375847
-0.10699999999999998	-9.060209124722718	20.499613048124367	14.678345550994617
-0.10499999999999998	2.735392294894723	20.532201532333808	14.231876274504987
-0.10299999999999998	-8.176107256008258	22.295873442432487	15.09730785060533
-0.10099999999999998	-4.106904030742875	24.047265350191346	14.465428145465422
-0.09899999999999998	3.204776866105874	22.129048849226432	14.419060758458375
-0.09699999999999998	33.28936302504637	15.540160628741411	13.62641951812219
-0.09499999999999997	7.67178019822623	19.49758119242793	14.516106758670807
-0.09299999999999997	7.839959552669029	17.82019837511732	14.229517386278362
-0.09099999999999997	18.923225232780894	19.795116861903658	14.401747131590955
-0.08899999999999997	9.372871010659978	20.47253243582068	14.462752701767544
-0.08699999999999997	25.09189735766526	19.2639387652389	14.460223769267934
-0.08499999999999996	3.2568921537468043	18.70025682277128	13.958574197680536
-0.08299999999999999	-7.980200952717453	21.019137094392487	14.364753041026162
-0.08100000000000002	3.716308919265998	21.187740564783383	14.279736213052772
-0.07900000000000001	-0.5686540200944279	22.168312900860204	14.463347061823178
-0.07700000000000001	45.007187111423264	23.35177048801644	15.071142458912233
-0.07500000000000001	33.59093885690889	20.506252119995413	14.405732092592034
-0.07300000000000001	27.34484182864705	19.83839674796543	14.474743565774205
-0.07100000000000001	24.83145717468993	19.908666647642107	14.644282597936249
-0.069	-8.336144099230225	20.40284157090257	14.242359117888986
-0.067	0.6225044442143002	21.256260157128658	14.374617952295935
-0.065	25.713275338734576	24.748250005973826	15.186708776176687
-0.063	-5.665075992089541	22.838104334579274	14.881987380794717
-0.061	15.253028298189975	22.195668038477077	14.621582321060707
-0.059	-5.863780227599591	20.366027511828708	14.2666948548972
-0.056999999999999995	19.13991605473342	23.717179269898836	14.90903573037399
-0.05499999999999999	-3.4881533389485853	20.083001060946174	14.703342300120031
-0.05299999999999999	27.108747664650323	20.91049266369913	15.390617036101236
-0.05099999999999999	-7.488660281662618	21.12782799997132	14.916638252065267
-0.04899999999999999	-28.68711404313551	23.70983384167662	14.58795851926418
-0.046999999999999986	8.380868535384778	23.742086894244125	14.29224678888638
-0.044999999999999984	30.571295070558335	20.493391754216326	14.874792440402006
-0.04299999999999998	-10.970675350496784	18.974105483164077	14.499938966562373
-0.04099999999999998	38.589156187152085	22.825453550571016	14.897159378029006
-0.03899999999999998	-1.9053757104314784	21.791986347849434	14.91221156326008
-0.03699999999999998	-11.9240974474355	21.11572129249604	14.987727868837819
-0.034999999999999976	17.102305400751305	19.711389100331004	14.134052947598947
-0.032999999999999974	19.699795421379562	22.19654881432942	14.214513585086701
-0.030999999999999972	7.980994701561883	24.2605144262066	14.620016506658736
-0.02899999999999997	2.550569723869245	21.81730313609684	14.471386450919804
-0.02699999999999997	51.22740368346257	19.201284446946193	15.302557469575303
-0.024999999999999967	15.331570916821136	23.34514561065244	15.210731368246222
-0.022999999999999965	9.277900318460652	23.007392375504857	15.313172480421338
-0.02099999999999999	-818.1714644384108	57.88381896639175	15.52295319435503
-0.019000000000000017	-2716.747428865518	52.1613584454459	14.74399104512676
-0.017000000000000015	-3588.3254497438566	27.93622736442922	14.101208197906246
-0.015000000000000013	-3821.484341329007	25.49261014911578	15.637621701502917
-0.013000000000000012	-4017.150564260219	22.84990206676561	15.408353501691606
-0.01100000000000001	-4166.356223759271	22.98249963966135	15.025289717250434
-0.009000000000000008	-4311.319086781285	21.48934316376818	14.47752266116778
-0.007000000000000006	-4401.467235499057	25.499824159874	14.743342563935212
-0.0050000000000000044	-4475.839294193484	22.52474823541516	15.026344257535413
-0.0030000000000000027	-4492.864431563048	22.04938979572657	15.268636808010264
-0.0010000000000000009	-4460.4906761889215	23.431945024875684	15.051836421757047
0.0010000000000000009	-4513.330938184401	22.24716295138352	14.599431880865174
0.0030000000000000027	-4513.807710903373	19.997798725920916	14.443692484752017
0.0050000000000000044	-4441.740823618923	21.42867874256071	14.240685350245428
0.007000000000000006	-4400.128053292374	24.233294421623615	14.684274431395142
0.009000000000000008	-4307.458271366138	22.047755285678207	14.752457809962772
0.01100000000000001	-4186.2752893940815	20.432862449033795	14.904940326508195
0.013000000000000012	-4037.210339993158	22.357207338607033	14.663262232871975
0.015000000000000013	-3871.397870044424	21.801596284426726	14.637565685621912
0.017000000000000015	-3544.154493941742	27.31521192265168	14.269317899176299
0.019000000000000017	-2550.7128261984535	51.170418777135986	14.26660822921597
0.02100000000000002	-746.0057982112689	58.60621883443734	14.785583628126581
0.02300000000000002	-8.834793240763972	23.645015824951074	15.351010131193105
0.025000000000000022	8.878680047397225	21.867497387058766	15.348467649318382
0.027000000000000024	12.8957278149322	18.812907579283902	14.47421389467363
0.029000000000000026	16.268276143760474	20.745830434740068	14.271218381052673
0.031000000000000028	41.0065346956312	19.699512018117996	14.642127514741803
0.03300000000000003	-1.9471984833430156	20.974971208500495	14.874680675900683
0.03500000000000003	-16.4188818965183	21.566577498869275	14.844142202139151
0.03700000000000003	24.59638669605191	21.96909342530168	15.265841337619154
0.039000000000000035	-15.656992720214369	21.46257054513926	14.707066141774867
0.041000000000000036	49.490611926161776	21.2674549850803	14.6072109985476
0.04300000000000004	-8.378519660845463	22.117976721874914	14.137488595537405
0.04500000000000004	-9.345766014745571	21.949287159403	14.747556309076742
0.04700000000000004	33.533463000834374	19.52812294835559	14.609106767612332
0.049000000000000044	18.032906207388066	21.0161799815545	15.115227431577964
0.051000000000000045	33.66941109028687	21.755693325498907	14.860901069956766
0.05300000000000005	15.433978122869618	23.43557365673965	15.044118712821176
0.05500000000000005	40.26171451099181	23.5924089612716	14.320779073643822
0.05700000000000005	-15.365653173393667	21.36540307203549	14.63181173496477
0.05900000000000005	19.095114635936383	23.184068616204573	14.892678728888319
0.061000000000000054	35.67935911319431	25.421062674131868	14.97551259936209
0.06300000000000006	17.034961373063595	23.05156447258151	14.563629827751091
0.06500000000000006	-18.44451592181162	21.435302312901122	14.347633743161769
0.06700000000000006	7.5502936704996415	24.85625719840713	14.486455453895738
0.06900000000000006	16.600699396907004	24.36744285437498	15.098824611129382
0.07100000000000006	19.281642533730547	21.430052027207857	14.437762623758791
0.07300000000000006	3.214963208764132	20.285654128800616	14.878113598422644
0.07500000000000007	41.66305712982599	21.615848753770294	15.048860966895232
0.07700000000000001	36.64898232491609	23.557134470322872	15.072114593008406
0.07899999999999996	25.963065434675414	21.432529224297117	14.578595343528704
0.08099999999999996	-1.4403920710615026	19.182471643803723	14.419786359181176
0.08299999999999996	0.2437570616464768	19.970089793981987	14.52940335271588
0.08499999999999996	-30.191733146889277	20.14631055066326	14.595318026429384
0.08699999999999997	-7.212755090857392	23.405839893505913	15.346545523827821
0.08899999999999997	-20.200059124175773	20.963833938892087	15.061860005880726
0.09099999999999997	36.451621036937	18.523125315055513	14.222426526851159
0.09299999999999997	-0.8095752495052011	18.24874639750819	14.187923320658358
0.09499999999999997	21.3530402028983	23.075554383834234	14.872777327499291
0.09699999999999998	28.21022573940013	19.96580561580856	14.658916308357869
0.09899999999999998	-19.296541550972712	22.168468065784037	14.823655013774944
0.10099999999999998	2.6771878733899968	24.611876183457273	14.804192374768801
0.10299999999999998	0.3639989780701569	19.570103364259015	14.671479098708891
0.10499999999999998	11.502792785167415	21.418774435798603	14.416697620749932
0.10699999999999998	0.6533983367695839	22.684209717980394	14.377084494858359
0.10899999999999999	12.15630595297057	22.648793905408525	14.396937896390842
0.11099999999999999	-5.043196989351628	21.956756135027966	14.986225313565466
0.11299999999999999	26.84375528905214	22.401902700057033	14.83597248041417
0.11499999999999999	6.422356485513703	20.089984902873677	14.356358589475363
0.11699999999999999	24.281795162561792	19.819433186269006	14.55696961824485
0.119	-14.667580798599644	21.006221121217745	14.323964876340186
0.121	13.40184312814685	22.266864045273696	15.241575825081151
0.123	-11.269561089433111	22.077003389812237	14.510869301376813
0.125	24.081839102851887	21.967157063609438	14.923004375618337
0.127	3.714184212855187	20.125875708816608	14.504889862418699
0.129	16.428980674776383	21.00725282854065	14.305351107650411
0.131	9.406160421221443	23.752526501955014	14.619524681616246
0.133	8.677114791799667	22.595720045137877	15.175041514311964
0.135	-3.337999777919265	20.796114325576447	14.717327560946437
0.137	56.18463378609384	20.809624531934908	15.356111640544388
0.139	19.31440047409083	23.542087324998352	14.690171104291434
0.14100000000000001	14.360654316369903	20.957339536063753	14.731667750179273
0.14300000000000002	11.720966914818831	23.667914910852787	14.203974619732413
0.14500000000000002	-13.532238337110591	22.910751204495586	14.558707136873632
0.14700000000000002	-6.98149434197326	21.6748947839733	14.34026007527065
0.14900000000000002	-29.961845172010726	20.27623205288344	14.762091114575124
0.15100000000000002	30.412350335184968	19.2859852133323	15.066133574808374
0.15300000000000002	5.68275661505524	18.457193919360602	14.223636407636773
0.15500000000000003	2.890669391186762	19.868499480474604	14.244124805419586
0.15700000000000003	12.569191603084562	19.546732441505366	14.587001341698775
0.15900000000000003	-1.334214658532673	21.282642710909887	14.652423127496464
0.16100000000000003	-16.208704886722103	20.647007287608307	14.909527107579832
0.16300000000000003	10.125460897292271	24.062167794087927	15.21975289786867
0.16500000000000004	-20.507660069446487	20.73205643186389	14.356333983508467
0.16700000000000004	-7.351498295005143	23.21972091370648	14.569174223208723
0.16900000000000004	-9.184952495688847	20.77541432552686	14.567543561595352
0.17100000000000004	-26.77986307930702	21.09371399794343	14.6230604473491
0.17300000000000004	52.038377958085746	19.19719978724198	14.562763445247901
0.17500000000000004	-25.61249725285819	21.59196126240183	14.753591821541168
0.17700000000000005	7.671273775100573	22.85682140948586	14.626444523948962
0.17900000000000005	-20.074488448762473	21.444239830186675	14.733047711925785
0.18100000000000005	4.76846879382542	18.10260394159009	14.016941428249506
0.18300000000000005	5.018403908874092	20.70025804202546	14.405323527260526
0.18500000000000005	18.978067285013722	21.757027792608078	14.525341227307417
0.18700000000000006	-7.01953961623758	24.60777240063712	14.924243209280075
0.18900000000000006	7.842747230535352	24.18703382979294	14.870898028062559
0.19100000000000006	4.815195284280094	19.449428939688755	14.291764198849833
0.19300000000000006	-0.8216482275669179	21.4718486032019	14.18775446219493
0.19500000000000006	-22.104256770738573	22.024034956350633	14.460456362287404
0.19700000000000006	-20.108372577043454	19.48338469090941	14.787960574122733
0.19900000000000007	-4.6141691271150975	18.821128826685626	14.583787497754246
0.20100000000000007	2.334687037253147	21.43770458668638	14.503591321654756
0.203	-20.07384345181773	21.894210962186964	14.779762470338467
0.20499999999999996	27.236948342279632	22.909639890072064	14.059008891640719
0.20699999999999996	13.167804131075656	21.744272150162114	14.046074304623598
0.20899999999999996	32.338547713450794	23.56066428949372	14.385527626951841
0.21099999999999997	43.43280837870722	16.97601976488858	14.667124468093219
0.21299999999999997	-25.700525540073293	21.11967161107172	14.707160248361077
0.21499999999999997	-0.846875098825528	21.960910931024497	14.27081309702851
0.21699999999999997	7.133193721919895	19.314020463405384	14.312263606232358
0.21899999999999997	28.39394447717858	21.02485617263527	13.872012766294432
0.22099999999999997	-6.954849455897971	19.580084964697875	14.43095082001894
0.22299999999999998	-11.371170509311135	21.455447048896954	14.538120140317156
0.22499999999999998	29.40301515397259	20.76926525503886	14.225575900894544
0.22699999999999998	-19.681347946609584	20.29232734844486	14.775300452186935
0.22899999999999998	11.227548451619995	19.93428734167842	14.466365667710338
0.23099999999999998	29.42419613116698	24.502484027771537	13.971711636168962
0.23299999999999998	4.440331889288274	19.85777242610013	14.040147304079516
0.235	-21.800849967612557	20.60480796809449	14.7516797353831
0.237	-7.202629234148716	20.994233436472193	14.432134605757323
0.239	-22.124799394007688	19.994079033085406	14.868756294214082
0.241	0.6885131909051267	15.54004614688589	14.204931406435133
0.243	-7.799442302114379	21.682227239594198	13.955198960280892
0.245	10.304522522819326	18.765149941502553	14.129306375044347
0.247	27.865013624284174	18.53289736973196	13.844882597267008
0.249	-31.046076603424844	19.937554634770624	14.627158991257476
0.251	2.6565126278743634	21.78182983923196	14.907709633930564
0.253	15.384818897068442	23.372583644143383	14.499243506898472
0.255	-8.33151360912776	18.139885870745694	13.987968983494198
0.257	-21.549589154790105	19.281187011702265	13.67434918934958
0.259	2.8239547473773996	19.197773294496397	14.529895423762976
0.261	48.115874568432915	21.773547077363638	14.15174770943689
0.263	-15.046196226942143	19.10783136035333	14.538752898589866
0.265	12.042339348372622	23.067831679731214	14.888582670856797
0.267	9.965585548110667	21.667235605602542	14.40475888847925
0.269	23.039824669668363	19.895313141896374	14.228867727619294
0.271	-57.204284592105026	20.488201526395674	14.292746968023557
0.273	-4.797100075171201	16.860606074876703	14.153454361277563
0.275	-2.427952732309002	20.275845723778563	14.023357785340163
0.277	22.33673518259316	20.473490296245004	14.902257082866273
0.279	-13.049921647745322	20.166988433476504	14.498097483344571
0.281	17.474171980058628	20.036591801665377	13.755345661479518
0.28300000000000003	-4.88661786790523	18.330878952223784	13.943972338940721
0.28500000000000003	23.163592635766506	19.04026646834912	13.996768029470438
0.28700000000000003	9.335954517908363	19.081546291341507	14.355664364385808
0.28900000000000003	-14.7634277664066	21.967486216096766	14.466664205551348
0.29100000000000004	0.5743629047927357	20.176164552067586	14.423091548918253
0.29300000000000004	14.846361188425305	16.966348704824316	14.081938311606022
0.29500000000000004	-15.2254230583182	17.501598551820905	14.120841187284906
0.29700000000000004	19.459668480825698	18.496397436979173	14.325336959455187
0.29900000000000004	9.803113502959704	18.51648123502158	14.0914987084353
0.30100000000000005	6.567899899279084	19.504020150909078	14.096916502782404
0.30300000000000005	-6.014873298321177	19.544421508624904	14.538290690708843
0.30500000000000005	-34.715451896039085	19.02744855996113	14.007608924015535
0.30700000000000005	-8.703265174325736	20.3043406659536	14.358573870218626
0.30900000000000005	9.101035314706962	20.348842771182863	14.258451419886669
0.31100000000000005	-14.376039856878187	22.245768496885468	14.30682702348339
0.31300000000000006	-6.048284796333903	20.761933141908074	14.442995621436415
0.31500000000000006	19.58151736447533	19.65271436483212	14.640678939273096
0.31700000000000006	-11.46026810128209	20.006685824838204	14.501916687950153
0.31900000000000006	-2.5264146107373264	19.76149286623995	14.179112770806622
0.32100000000000006	14.275418616316315	18.40610084355754	13.959974185530827
0.32300000000000006	-3.458882844142863	20.72729232496701	14.358149263325828
0.32500000000000007	11.292431216336496	19.020107503518958	14.425434957165612
0.32700000000000007	-12.258137716103512	18.007633546412126	14.449581207363932
0.32900000000000007	12.71578535200213	18.786823866417727	13.791783152701445
0.33100000000000007	-3.975533059419334	20.4120336358505	14.323736485225849
0.333	6.928615506662794	19.36351741969775	13.693627543637128
0.33499999999999996	8.48497776440027	21.85344939945883	14.80648177920651
0.33699999999999997	16.22315885052572	18.21986661758947	14.367897878308082
0.33899999999999997	17.135405984580743	17.473528560175488	14.373386863824935
0.34099999999999997	22.26963381235514	22.034154699923086	14.836315937836659
0.34299999999999997	-1.2224079944944677	20.980567089069517	14.442900256745823
0.345	24.987828900924214	18.16454390785727	14.273630013610116
0.347	-41.0511963944149	20.130020976200456	13.706214050251182
0.349	-3.7814342023212433	18.515134286562237	14.144228043056984
0.351	4.212466302222495	20.87007125549505	14.619465278937541
0.353	26.483354153894467	21.8975611202435	14.23492540214264
0.355	-9.776388094739907	17.549172644652767	14.096026007682841
0.357	-2.8973533165999044	19.260916101358028	13.652960153651616
0.359	1.9260970034462588	18.2369682181972	14.152039098779651
0.361	3.6219018144656445	19.148443097680765	14.196312939136027
0.363	1.134905815991516	18.01966086542483	14.111449160934866
0.365	8.420049227630955	19.9478759670279	14.964981099269238
0.367	24.017816296684202	22.57118976594853	13.982686687962508
0.369	46.12836919082319	17.887555170163154	13.677021615546883
0.371	-6.438456975010887	18.602063285500407	13.45929187466099
0.373	1.8920909372610595	19.992429715107694	14.252521256340032
0.375	21.638381170641097	20.550684467378325	13.775719695878493
0.377	11.133078368086302	21.617968175315976	14.399169182964496
0.379	36.69437563558198	22.188140948942756	14.352813988719516
0.381	-20.139884018610665	20.176130338330402	13.743399772903311
0.383	42.510132509443466	19.70159740079393	13.823844865418
0.385	26.270039402032097	17.853283417513584	13.37049976512489
0.387	25.762112313643115	21.047785268816984	14.12016607892112
0.389	15.338606274672983	20.889394909589875	14.576427175561236
0.391	20.00456160144992	21.231329292406688	13.589791013758788
0.393	12.8699280432798	19.363779864349624	14.120030978830012
0.395	15.753245343530509	20.09357029378776	13.998548682842994
0.397	30.570346699398954	21.24298641719918	13.988386681006789
0.399	18.197626715066306	20.074724638909615	14.630935693219119
0.401	-6.689795995384884	19.67629451545223	13.890303776542785
0.403	3.212748466818738	22.055938153036493	14.885946063696787
0.405	-1.3591970701165579	19.459748315562152	14.230249337276092
0.40700000000000003	-11.430471203666137	18.374806397810588	13.751132510594521
0.40900000000000003	19.606771284319535	20.042768179635658	13.41920396268067
0.41100000000000003	-3.1754884181056653	20.61539764439518	14.361020840639686
0.41300000000000003	13.700283795881063	22.686857469405933	14.28729320391878
0.41500000000000004	23.036568354450893	20.021476332117153	14.298003270531305
0.41700000000000004	14.061964753953049	17.69788117580512	14.344837752710948
0.41900000000000004	24.620759837334916	19.836123095038435	14.082268192630485
0.42100000000000004	5.829112626365429	21.148675353029205	13.994975734376373
0.42300000000000004	0.5746747187007628	20.096321671449186	13.964778480750267
0.42500000000000004	24.20230853905636	20.072402362104548	14.523689731031165
0.42700000000000005	1.0515699282453994	16.28753652940927	14.06564369285886
0.42900000000000005	9.34477199665551	16.922071059099203	14.558562369091662
0.43100000000000005	47.26259093579266	20.03881993412722	13.740634055533349
0.43300000000000005	18.52675741176313	22.07613702953002	14.040438315221992
0.43500000000000005	6.5983621302390105	19.519189510776652	13.970330288401271
0.43700000000000006	13.031334034296904	19.805327594999767	14.188938985702721
0.43900000000000006	28.44134364732298	18.340356344946336	14.124107077159442
0.44100000000000006	5.668442945472307	22.491698644653866	15.047925723581374
0.44300000000000006	-8.10195448697204	20.985563077837995	14.273547675563934
0.44500000000000006	-8.195468507721237	23.01943963700564	14.860878743584133
0.44700000000000006	5.605563585975304	20.103281146395815	14.014989211028457
0.44900000000000007	-9.845448098788623	21.43495147252977	14.76620471137157
0.45100000000000007	26.184623264535745	19.371613227212332	14.176586571170498
0.45300000000000007	8.267867237066184	20.7715793396702	14.999477658284837
0.45500000000000007	21.497998271780006	18.90804273857786	14.792906414352249
0.4570000000000001	14.87174273995251	17.511902157162915	14.555240825999588
0.459	20.940367920996295	19.14604454206148	14.094647719948044
0.46099999999999997	15.255906040234635	19.706382676224557	14.802857980530485
0.46299999999999997	12.770043247067875	18.774725835294817	14.332119143242489
0.46499999999999997	-2.93696345921024	17.8410506674945	14.797335068991408
0.46699999999999997	7.316022160530622	19.739295021526253	13.890924432718426
0.469	-4.592141241821501	21.65871388716569	14.846741343604762
0.471	14.16163369793999	21.716202419462693	13.91798938267525
0.473	32.268669861057475	17.932833597828736	13.99833641468003
0.475	41.5106891311634	20.08666109819764	14.28013578589569
0.477	11.302547042069122	20.66853350523847	14.609347136492595
0.479	11.912231446808974	20.386887369075748	14.120274186149503
0.481	-1.5613599048114324	20.43006470051742	14.236399501103575
0.483	4.598095544317005	19.565993291985688	14.165559001147244
0.485	34.46541404850123	23.323183707933477	13.685516996219889
0.487	46.65315175378382	19.250668564030377	14.014804009185234
0.489	3.2212347329529933	17.756931674274973	14.268288873766732
0.491	23.980084330021967	19.092192949593574	14.251181444689372
0.493	3.4626249658664676	17.292893287588758	14.329016258307686
0.495	3.6346835829981217	16.86522788074573	14.036414366514501
0.497	4.036091867387626	17.66016479371051	13.702429236118535
0.499	37.98899335993866	21.57104813741457	14.921357271109404