-0.499	29.65180029934622	23.68310107941183	19.347285937295414
-0.497	14.512087140872154	23.488748329430425	18.36559298262508
-0.495	14.51785038608655	20.5406277290139	16.956334476892085
-0.493	-2.7932430225474647	19.89316530991054	17.466492383207136
-0.491	21.067406388741716	22.053893221393004	17.30813463072078
-0.489	-4.926803894189646	24.69332681138322	17.680921810627897
-0.487	3.2971159773520498	22.531368612007274	18.01821359761475
-0.485	0.5690370477040574	20.39534769405294	17.41600425750038
-0.483	-9.045193063772494	20.460094849386707	17.62038185151838
-0.481	39.86655485954671	23.50329136868553	17.26604673242456
-0.479	64.37488607358155	20.033756955929984	16.97849856210278
-0.477	-15.031303651213967	21.408801824060912	17.842612835109513
-0.475	9.817603878525816	22.266262122715716	18.08392436734969
-0.473	24.02011548019445	19.885298712483767	16.949964147821373
-0.471	-1.8680762843281684	21.427693476720975	17.419484229962173
-0.469	10.529672004322421	20.500706350379396	16.89765684477234
-0.46699999999999997	3.5384914578440174	21.4499767916384	18.585105039944317
-0.46499999999999997	-1.8645634873859507	22.7650774759858	17.793703016103763
-0.46299999999999997	19.369083174680668	21.66145816994467	16.754672787998377
-0.461	-8.382391726735605	18.37587964119426	17.75197706709776
-0.459	21.25356897741959	20.963786659345864	17.550894555367194
-0.457	-11.021485328943648	22.660003190332795	17.56902870507619
-0.455	33.77561229434001	20.159165699882802	17.621293946415086
-0.453	-13.6818555284135	20.555011180689423	17.067494092574396
-0.451	14.455253566802995	20.290436171772495	17.641255271118755
-0.449	-30.972365026138426	22.792955542075017	17.38692378293341
-0.447	-0.23944519267349307	20.98459548838579	17.2911822390397
-0.445	24.44291646330754	24.119514346624026	18.11182111486953
-0.443	-0.12550470618322151	20.435899543003753	17.749479161216357
-0.441	25.709901571691063	20.69639607355207	17.39849441159129
-0.439	31.413808088354145	20.85621141601107	17.641453701507434
-0.437	-1.023214255546634	21.870273908430242	17.117606168859442
-0.435	47.285815659492414	19.922505212555308	17.8870903071494
-0.433	-27.113458245242583	21.77279442379535	18.057677099676535
-0.431	28.33848118988236	18.98443202969022	17.54864336583667
-0.429	27.562619122178944	21.471678219090546	17.089211478394983
-0.427	17.454084987766905	22.857001971227678	17.842824709504903
-0.425	34.181787329279345	22.273113615167837	17.89667943064094
-0.423	11.063621612183994	20.81817172405673	18.09749744767477
-0.421	8.143244891289925	21.54406451762493	17.540837198675025
-0.419	25.949345996645334	20.811963916317602	17.27153110376627
-0.417	-1.1103331232220626	22.02572534596441	17.814630286278522
-0.415	27.09192470362609	20.20021189984654	17.287340171515172
-0.41300000000000003	46.576457294777995	19.13498934567962	18.37156996579882
-0.41100000000000003	13.763143483114249	22.647464390498698	18.34928040159353
-0.40900000000000003	7.172927823484443	20.627177425952645	16.915805487858595
-0.40700000000000003	18.705239796412698	22.46655212832254	17.62774362328802
-0.405	8.711649982506842	20.741596196711946	17.418817148674304
-0.403	32.712168332338365	20.95246815456708	17.870124358807438
-0.401	3.7216308426124556	22.30573360651795	18.358710300447395
-0.399	18.300735228793386	19.950880220421162	17.42022218206911
-0.397	1.6598830698821843	22.082619700629113	18.021018235466745
-0.395	25.063474769160266	20.837117485321468	17.119454296534037
-0.393	32.676037881929076	21.29888377093796	17.97268571668082
-0.391	-0.4864126784687173	21.517577402096624	18.529872047607242
-0.389	16.763961668830873	20.236311338452275	16.920142311693805
-0.387	-22.62480415204937	22.098960985414507	17.91974852132746
-0.385	25.76021075895163	20.704246961482852	17.55857085518779
-0.383	26.0592662961745	22.22480429935893	17.324766828893154
-0.381	15.81755283797115	22.17380281019811	18.118256271926967
-0.379	11.045766325157302	21.37276800821803	17.706565789330263
-0.377	17.829327580765053	18.02710067716403	17.207629512344965
-0.375	4.008153698276118	20.66982504065409	17.565997152774997
-0.373	10.003728712959514	18.17331413141961	17.050021854870437
-0.371	30.855777076288504	20.693985956088444	17.66337577260074
-0.369	10.193121257495719	19.963106641731827	17.680234245725146
-0.367	33.1496864767189	20.40042262658596	16.857462380681707
-0.365	19.537917169465402	19.476343614556548	17.862039447418514
-0.363	-11.717329564286949	23.76727906273374	17.614136242962722
-0.361	19.93136402189677	22.196627021594928	18.164934570129155
-0.359	-35.30578523414096	21.256191499327176	17.367220269645173
-0.357	26.614183159079374	17.923402686112954	17.139345604986723
-0.355	13.732660172571798	18.840888054798874	17.99457965930816
-0.353	26.5644378032448	23.86982552501284	17.892581961812652
-0.351	-31.33763660068123	20.006259831387464	17.659224941263975
-0.349	39.99176542346383	23.294819739254354	17.95980514107216
-0.347	18.397628889665896	20.581130991372216	17.412738737073774
-0.345	16.238269011426	23.06493747498013	17.584907202250594
-0.34299999999999997	39.08900184601549	20.50208472812607	17.1672771989205
-0.34099999999999997	11.70656163274053	22.044200441639127	17.279496687541002
-0.33899999999999997	34.04448732946541	22.03656207324323	17.890736658011647
-0.33699999999999997	24.05846952302504	20.69803250656194	17.598870172590825
-0.33499999999999996	17.130688105160274	20.073193921119955	16.95582555120973
-0.33299999999999996	-15.929725956875807	22.931600025837938	17.125295677031993
-0.33099999999999996	40.233709628356706	20.97251077370324	17.34995077623792
-0.32899999999999996	25.889589306382632	20.57033508953325	17.760951813314325
-0.32699999999999996	45.93881841863379	21.995822735984564	17.54893300697022
-0.32499999999999996	2.290470777710496	20.13204321064663	17.139052103466867
-0.323	2.6210077266330956	19.31203492750239	17.24161677693564
-0.321	-3.9731038230517157	22.70786799582473	18.476531285315513
-0.319	-21.989643148589977	18.581873766680722	16.863063574846535
-0.317	11.741434349676894	22.006835267688302	17.81269107335113
-0.315	29.3459355924508	18.78542099524055	17.33433161990645
-0.313	16.946911589599267	19.39274915866559	16.952830219748584
-0.311	12.006571402212174	21.224968850847116	17.693316124448103
-0.309	9.661372559088832	21.092363496652514	17.051766488107695
-0.307	28.148740425892882	22.538755911725733	18.078757779486825
-0.305	-14.16324896541532	22.557484770935755	18.058282708226997
-0.303	-3.0556683218163627	17.907286153474196	16.751231353103076
-0.301	28.8004958803878	21.207274902008763	17.930522195695602
-0.299	25.379801397829027	22.716675688047506	17.628988517921336
-0.297	34.562252906322755	20.624824417011226	17.903600820107414
-0.295	13.066827182273144	22.59327653819022	18.350462901470213
-0.293	14.51453322576235	17.800531245003718	16.4757216051855
-0.29100000000000004	10.784128052554465	19.550773177681027	17.63983859079228
-0.28900000000000003	2.034937464312492	25.543236083852207	17.89152721376379
-0.28700000000000003	13.453509405403352	20.17719834220924	17.624154516267154
-0.28500000000000003	-2.6756255721016586	23.54457663998305	17.979328787106038
-0.28300000000000003	-1.28933812826304	22.031719274389886	17.19540819784879
-0.281	22.072338335066277	17.404095686552107	18.022459188227234
-0.279	8.369442658473503	21.540084859746226	17.724040816352595
-0.277	35.204522291776286	19.234848089715182	17.127923615271335
-0.275	33.24976571428273	21.69872400383281	17.60717181526877
-0.273	8.515180268675593	19.829674754687982	17.68044760397423
-0.271	38.931835249611524	20.097031648191198	17.231099480603287
-0.269	22.26515482206537	20.51579059619681	17.328824156053617
-0.267	23.013120200365833	18.47835677719202	17.050495201185797
-0.265	16.765127689222226	20.985033569844898	18.183833714482414
-0.263	-15.378204273552853	20.760032000017155	17.470202667159853
-0.261	27.429085443841927	21.44320051837568	17.12897365051424
-0.259	51.62500749733567	25.288414106213498	17.68560942112955
-0.257	14.437945682344022	23.8384917306091	18.044293050075268
-0.255	17.2737066972406	23.29342234246183	17.737757152466894
-0.253	27.806965486432134	24.65519727137569	17.989803639821478
-0.251	-0.797370346528048	21.088966507269586	17.302782642288044
-0.249	30.39452994535452	18.637936633662935	17.23518275935118
-0.247	24.33825838665804	20.255372071993634	17.420083010995814
-0.245	43.45137202776961	20.85911874621106	17.28774768058548
-0.243	27.2186850149847	22.879844830176168	17.75290354479091
-0.241	29.877338931338926	22.35401945296485	17.934157840827908
-0.239	-4.504023269347179	19.316612402410843	16.56544611960586
-0.237	17.405128785785706	18.51666273578858	17.830553333271247
-0.235	12.509569021990075	20.403166875692495	17.658258853202796
-0.23299999999999998	-4.166338062217001	25.409307793899035	17.95994563188082
-0.23099999999999998	10.429684918600302	19.02531135690666	17.678560543442327
-0.22899999999999998	8.4196312835072	20.243730101989573	17.32673472573093
-0.22699999999999998	13.19741072647318	20.48726710765496	17.145771601905782
-0.22499999999999998	16.256232168831986	20.971765921600344	17.875445128692654
-0.22299999999999998	16.68822187572694	23.698796417530232	17.698791840517185
-0.22099999999999997	9.901402931111747	19.978413455242563	17.44283277096562
-0.21899999999999997	35.01385838289295	22.053788051211498	17.508274367238105
-0.21699999999999997	33.05654053864515	20.455723226115214	16.881274184646614
-0.21499999999999997	3.8999498801484123	21.288718869379352	17.627194600493425
-0.21299999999999997	-24.640836498668328	20.611255124652693	18.003427195236842
-0.211	21.53749340050304	22.863022348573725	17.883488203033778
-0.20900000000000002	5.657549360105207	20.561562161632178	17.294998277892468
-0.20700000000000002	-37.86648368508949	22.54460811394408	17.02027606334221
-0.20500000000000002	26.77430962916283	22.824149868800546	17.75798687503671
-0.203	11.971253338183274	22.22740653116319	17.502073128270677
-0.201	25.576564754770104	24.593813191451293	17.83234902450749
-0.199	-5.546956120094926	21.950951488512942	17.815631553766313
-0.197	32.73880617382652	18.726541229802475	17.30113574963644
-0.195	20.163878666545898	19.617542295708958	17.226802344629366
-0.193	-4.996469103901724	22.657246113375123	18.10149848670533
-0.191	13.05773049331549	22.02111563644804	17.86729619613692
-0.189	-18.348165082948675	21.57277593391295	18.24450007726476
-0.187	9.535089479761893	19.007618388560182	17.052305722385512
-0.185	47.16646469637986	20.360673525846117	17.598762243150208
-0.183	25.152165975983465	24.464084799690987	17.800667187463894
-0.181	20.85797577877635	21.704977187761063	17.577665834133647
-0.179	34.10772288003905	21.21963350821547	17.75310862748238
-0.177	29.09454579791415	21.11090100956631	17.499062802627922
-0.175	-6.508542989225319	17.18276838637068	17.037590204620123
-0.173	23.004377575741586	23.582689474396933	17.41903856664551
-0.17099999999999999	-3.5106654566741113	21.264623556290964	17.659064511367436
-0.16899999999999998	47.8064773308251	19.9829896930481	17.888984021465046
-0.16699999999999998	28.901571347050847	22.662097299357033	17.730688566493775
-0.16499999999999998	22.630059417494408	20.643349385382304	16.686793107883616
-0.16299999999999998	-6.930342451694216	20.988899933206586	17.932272250099253
-0.16099999999999998	15.893519714538229	24.777957047023847	17.781114556042354
-0.15899999999999997	-4.067982600886033	21.307873730230988	17.981374892450912
-0.15699999999999997	24.159176784444014	22.43042685171062	18.12746693357425
-0.15499999999999997	54.85884119238449	21.262048089610616	16.875206521590385
-0.15299999999999997	7.691141603816121	20.48207039527808	17.769772617625172
-0.15099999999999997	3.8515636586744506	21.40679878713591	17.39419132251318
-0.149	-7.449143871518515	23.360651140188104	17.378787453121664
-0.14700000000000002	49.95165012866565	21.651577818641673	17.435684826308073
-0.14500000000000002	9.537064874498569	25.359082971972672	17.36947410039456
-0.14300000000000002	10.628447934202256	22.242567759351445	17.204058119502285
-0.14100000000000001	41.40678608677284	23.19114922831434	17.640660729569557
-0.139	-6.053627409352558	23.886825431080254	17.1368872781667
-0.137	-14.904880629718065	22.59975988898084	17.76706580406159
-0.135	17.477305888080608	18.36819711137057	17.694789935456782
-0.133	57.967371316580696	20.697902531490747	16.898648672344496
-0.131	-3.302830859253092	21.413429350834942	17.429460410318868
-0.129	32.52568901745967	20.954667809251102	17.803543195897873
-0.127	-9.262229888395979	19.82987853359283	17.642197286163118
-0.125	-3.3061890859498178	22.869215306989055	17.98609672347876
-0.123	64.49351835957629	19.008585806505568	17.222600768779586
-0.121	14.521640512521472	20.461391275858944	17.38271901679795
-0.119	6.01432073543684	22.699574669521475	18.119990362813642
-0.11699999999999999	11.787068110225007	23.725489462262676	17.806036352931066
-0.11499999999999999	2.8061209063068304	20.666339394934976	18.275255426287302
-0.11299999999999999	2.218712117807442	19.176378544837952	18.08110863175819
-0.11099999999999999	1.6474917932107758	21.53119826663407	17.37706555541331
-0.10899999999999999	-0.6948551394270197	22.11353053638256	17.319237198870255
-0.10699999999999998	29.025347067834772	24.116064881708205	17.620838049013198
-0.10499999999999998	10.207703956544023	21.724634763492695	17.811916098114462
-0.10299999999999998	-11.755665070944943	21.552513031506393	17.544716136417012
-0.10099999999999998	17.949445437093203	20.69787296330605	16.97835660590035
-0.09899999999999998	6.290927564878146	21.61783396655263	17.684654153272206
-0.09699999999999998	1.111676524612193	22.693238001983513	18.21502814817624
-0.09499999999999997	4.74703722330716	20.92334097423712	17.813190585045948
-0.09299999999999997	2.495508724997819	21.79857914887011	17.87551327442806
-0.09099999999999997	-0.9392556931109297	19.316256024351933	16.967143254428727
-0.08899999999999997	8.622762002641338	19.12905911515863	17.22567931489674
-0.08699999999999997	4.358238776314138	20.737796625595582	17.844629806076632
-0.08499999999999996	-22.070313824618104	23.254733857818934	17.461956124676373
-0.08299999999999999	58.407444843755485	23.76231293049959	18.341711720214178
-0.08100000000000002	27.325759123453253	22.19112523370038	17.082591061216572
-0.07900000000000001	18.714260823227136	22.527417823708518	17.31610616027405
-0.07700000000000001	2.355952437360642	21.12898489647117	17.830800658832757
-0.07500000000000001	-0.5902245222566549	20.17937969161442	17.414422918600053
-0.07300000000000001	14.060423630279928	23.228096000558168	17.833409600641374
-0.07100000000000001	-2.490963770140908	26.361617109702532	18.02993673905781
-0.069	29.279963404515996	21.505095860234835	17.048056431390254
-0.067	23.27566526716396	20.162974442142	17.42598528280273
-0.065	-2.899684659385393	20.71956791837616	17.352007642287777
-0.063	33.505852137460934	22.319047947501236	18.30625240925363
-0.061	-3.156071742393962	23.91732147597892	17.74334904514752
-0.059	56.034950273176065	20.81829537190597	16.81646719213497
-0.056999999999999995	-2.330938853378761	22.24230547080789	18.170541783468927
-0.05499999999999999	41.39071512176962	21.195411261288562	17.55141267266664
-0.05299999999999999	14.38853057522671	21.303915045330836	17.415657112424366
-0.05099999999999999	8.265305213583929	20.406861637709977	17.842323786680407
-0.04899999999999999	39.289639355954975	25.261359822780914	17.830860996952154
-0.046999999999999986	-14.997714341324908	19.71145545743943	17.162146972615613
-0.044999999999999984	31.372600320045407	24.58648340988958	17.76640662867134
-0.04299999999999998	44.604550223148465	19.64201261596927	16.9176100255314
-0.04099999999999998	50.019822331437425	20.976705603448103	17.354270653882903
-0.03899999999999998	-26.875148587679476	22.559014366497085	18.08959261072097
-0.03699999999999998	48.18774796677694	22.084131530437066	16.847623549873536
-0.034999999999999976	-0.5901903644689455	21.623358820527972	17.183473561808313
-0.032999999999999974	0.8875941512886953	21.912994605600385	17.290807084033517
-0.030999999999999972	15.919363976379941	22.109467262753324	18.3596767291704
-0.02899999999999997	23.337769857745272	22.336943838791285	17.507445828302924
-0.02699999999999997	41.12434120617792	19.916295798951	17.033998298697416
-0.024999999999999967	-13.639071692272964	18.817747736895438	17.370186767089294
-0.022999999999999965	-5.070110291272023	22.259679371560892	17.6945854200782
-0.02099999999999999	-18.92783494839012	21.88393251212432	17.82284776007691
-0.019000000000000017	-104.39065876244325	19.661889547480424	17.878244993700992
-0.017000000000000015	-117.94006490128962	19.756207117699905	17.22927091320533
-0.015000000000000013	-173.37514233095595	19.97316944310336	17.535889109369773
-0.013000000000000012	-217.45530158523428	23.27533753355943	17.506332972373492
-0.01100000000000001	-250.50676142757135	21.123366177790185	17.207913379290762
-0.009000000000000008	-208.73712785218768	22.43861508169379	17.717833737148514
-0.007000000000000006	-243.63844080943497	21.386766282982343	17.54083314595369
-0.0050000000000000044	-223.26885899148775	18.822264646655423	16.9068659794091
-0.0030000000000000027	-267.96785888150157	19.627474623331914	17.353044076096197
-0.0010000000000000009	-280.1457042501676	19.782393977600883	17.897710294556486
0.0010000000000000009	-274.77386515073476	22.774087259443935	17.626402886851793
0.0030000000000000027	-265.93410299269317	25.184190875962436	17.69148240199808
0.0050000000000000044	-281.0492518547925	18.151892923771904	17.44531861114297
0.007000000000000006	-272.40738009848275	19.178958592520765	17.27170376260195
0.009000000000000008	-242.69223205086732	23.98511844226328	18.192960892439206
0.01100000000000001	-247.22656910491912	22.846554928832923	17.620463007195333
0.013000000000000012	-198.18038096253156	22.119986551792312	18.116437634869918
0.015000000000000013	-188.87856094473852	20.206124531195766	16.67719135593211
0.017000000000000015	-130.8107680968451	19.784008987485343	17.3479580930362
0.019000000000000017	-75.35727929353087	24.01417388601421	18.06982485810378
0.02100000000000002	-48.531301248044834	21.199727521852036	17.309091863657308
0.02300000000000002	4.8575579914000855	19.048929700137727	17.961705633955642
0.025000000000000022	28.61531239584103	22.079607294128483	17.497468734410504
0.027000000000000024	4.479798672241131	19.96471159905523	16.903687618915303
0.029000000000000026	3.368928752189859	23.47083035186041	17.975356055025983
0.031000000000000028	-38.47211851981669	21.122638550435216	17.85842218656865
0.03300000000000003	27.15368782002514	23.398805090101202	18.14730511687626
0.03500000000000003	-6.113780509076072	22.540631073177988	17.798457758648585
0.03700000000000003	3.654231991223611	19.016750725523558	17.25311335394144
0.039000000000000035	-26.60252338804181	22.126686677909575	17.421968365642194
0.041000000000000036	36.988502748025454	19.935971805875848	17.815002722564955
0.04300000000000004	-0.5935645436272452	22.42959726207002	17.272722464674672
0.04500000000000004	-20.75739274409738	21.38749139565444	17.953591027277486
0.04700000000000004	29.62925291116747	20.924555920169972	16.643955982691093
0.049000000000000044	35.317763953601755	22.21274243960334	17.44643019644818
0.051000000000000045	1.7071090931963795	23.987543232420293	17.857497767345205
0.05300000000000005	40.998808977565915	19.72036230249612	17.477634168704032
0.05500000000000005	43.34512624226683	24.766576402475984	18.361114303833695
0.05700000000000005	1.175424057864305	21.49671651414601	17.65975539064619
0.05900000000000005	12.552284546218928	20.951278132832854	17.36291204511384
0.061000000000000054	1.8318943715289748	19.08471838787426	17.691356432878035
0.06300000000000006	-7.435127088339932	21.701166305145684	16.906665847173997
0.06500000000000006	-6.4577833307488675	24.297301596797208	18.11253596293843
0.06700000000000006	25.154323158194103	22.830175003435144	17.87575355750516
0.06900000000000006	16.942858871438204	18.044703950611677	16.767434449584027
0.07100000000000006	11.578431824199598	21.736441775897084	17.813071228604553
0.07300000000000006	25.236667796857404	21.630345682711205	17.57954176893568
0.07500000000000007	33.29509139526898	22.625177810594884	17.9341092925815
0.07700000000000001	-18.628235222029055	20.42672837160664	17.672013590362173
0.07899999999999996	66.15918940378052	22.986865799445834	17.262667456656
0.08099999999999996	16.28979139756126	22.272017085471195	17.680503819479583
0.08299999999999996	19.927601188296507	25.929466360575578	18.206968849453133
0.08499999999999996	0.9217315843912388	17.94284062127808	17.28097260411231
0.08699999999999997	30.359765316401166	24.325689179203838	17.983706776719284
0.08899999999999997	17.974464765480036	22.637758580834472	18.020779186850458
0.09099999999999997	13.15078885011367	16.860707880562323	17.135669982813216
0.09299999999999997	4.139521232904286	23.114109491868017	17.44592446880006
0.09499999999999997	-8.679038412617857	19.461756017709103	17.253344504079497
0.09699999999999998	21.803362506123136	21.43427494124191	17.782508689221213
0.09899999999999998	6.098206221105684	22.034729328307282	17.878558472612735
0.10099999999999998	0.428323611467718	20.309417793538593	16.9167564195476
0.10299999999999998	0.05083219467572064	22.48285978031978	17.34305523470784
0.10499999999999998	34.02944012531606	22.400064181682204	17.577604247851475
0.10699999999999998	4.471439742470551	20.657352271436224	17.47050725280535
0.10899999999999999	27.437146741693397	21.190720951824012	17.678618710796673
0.11099999999999999	41.40274741915029	23.355412044375957	17.349192838515492
0.11299999999999999	-20.594513269522885	20.20782798419019	17.319269497191396
0.11499999999999999	-1.8716940504148738	23.974085048749565	17.50558237470815
0.11699999999999999	17.912672571673838	19.16665179340872	16.986736968664594
0.119	25.585098705871445	22.22186822884177	17.529465463994374
0.121	-31.511329339983796	19.31647751616429	17.645006130761953
0.123	10.637059286056072	22.05041800066556	17.287876849544176
0.125	12.359618803081673	23.134077022978783	17.341390008195678
0.127	4.425748271863483	24.61567950797154	17.350810695691063
0.129	-18.63866058060548	18.672958102971467	17.631502933277492
0.131	-15.771061977698508	22.94645100004504	18.42433430913014
0.133	-10.478475247599484	20.93361441370615	17.058867852607438
0.135	13.756322404301358	23.299631437012856	17.48853233033475
0.137	-16.29069759634394	21.456984180876375	17.540846813210464
0.139	-25.81385281064108	20.645566685973357	17.61708371451041
0.14100000000000001	8.91058128482669	19.681183549768992	17.49510769979355
0.14300000000000002	-4.429453573151498	20.068450193803038	17.311712055543083
0.14500000000000002	-13.427104276875212	19.366801656797833	17.275333708283192
0.14700000000000002	19.247864180504948	23.29636594673193	17.373851094091197
0.14900000000000002	11.026808788061615	23.21803090356528	17.818446045329292
0.15100000000000002	29.590617383723483	20.400057417690018	17.77410984952524
0.15300000000000002	13.86725100949171	22.015307187662863	17.532236223473028
0.15500000000000003	-29.500911651547668	20.667170286971935	17.261973511559994
0.15700000000000003	-6.562107501273395	21.581460849389696	17.6831784893547
0.15900000000000003	7.669830863310523	21.70551590402627	17.06315060116196
0.16100000000000003	36.96206273495761	22.679953644331466	17.790274650742848
0.16300000000000003	-1.444601973932258	21.28432741134931	18.173399107531306
0.16500000000000004	5.825014954163876	19.20048669931503	17.184208916590045
0.16700000000000004	-10.134093491043217	22.459127077768393	17.471749914614428
0.16900000000000004	13.810078054232733	20.654138150827784	17.183119954482404
0.17100000000000004	-25.954789304560855	21.8010247003577	17.894236212025046
0.17300000000000004	19.12673636561557	22.811380560724132	17.682227015389913
0.17500000000000004	23.063605827600142	21.925777985391864	17.074222191941644
0.17700000000000005	4.800453006659211	20.082937178825976	17.261135497674687
0.17900000000000005	43.71205106057374	22.171219921542342	17.462994234344045
0.18100000000000005	0.18780593702416581	22.346000410512005	17.4517934595594
0.18300000000000005	-2.089417416306638	20.80778300778222	17.61000880880291
0.18500000000000005	1.8454453460936548	19.792060365724193	17.452364048750972
0.18700000000000006	6.586288967547205	22.778871993695486	17.08627113985166
0.18900000000000006	7.095875373952509	25.121688846424128	17.61029138506632
0.19100000000000006	-17.14331939139946	22.002574805824995	17.053918890423923
0.19300000000000006	6.964965217237662	22.388687118759805	17.817337354754947
0.19500000000000006	-27.35906262363308	20.96006070707741	17.824649461902855
0.19700000000000006	25.026793921689716	21.346869277633186	16.857727922023425
0.19900000000000007	12.216538214815387	21.060871253120254	17.660554721476103
0.20100000000000007	-11.309952391180822	19.511839728710292	17.2516473779404
0.203	30.928220291048802	20.606875483421003	17.791919535704192
0.20499999999999996	-21.483034442604243	21.288685445529385	17.47124318945506
0.20699999999999996	27.62760489960492	20.642352088182726	17.352444783859553
0.20899999999999996	7.114204507274735	16.98161588546161	17.353599353804512
0.21099999999999997	30.932960848994995	20.995099819421398	17.80168949547775
0.21299999999999997	10.555557982794284	21.40294899317497	17.209953813616448
0.21499999999999997	4.421557169953516	18.50411955092693	17.40345381120753
0.21699999999999997	2.721395927052228	22.6813081509126	17.689827353855737
0.21899999999999997	-0.11551889622651856	20.477286016717617	17.655699896069756
0.22099999999999997	-6.49119213125271	20.89074338609344	17.548119926627393
0.22299999999999998	6.506407113082702	21.27658894787914	17.235335070239934
0.22499999999999998	41.74297397518956	21.35692250919714	17.68816326632587
0.22699999999999998	-23.816697208522974	22.411291382274506	17.710327792237234
0.22899999999999998	12.639139381542819	19.57651690862716	17.063367479897693
0.23099999999999998	-3.3203858443853207	23.183844823625048	17.259579265975137
0.23299999999999998	-9.861429093538376	21.55330358641421	17.45784762886391
0.235	-19.9849139754793	20.504125513973605	17.962855163662464
0.237	26.21782219613955	24.04004732431011	17.934208345605544
0.239	49.35386532145536	21.351661290987344	17.060066088739955
0.241	-35.57124706332626	20.63041144044708	17.4817025399755
0.243	-18.678886278711282	24.644915119622443	17.959184013031443
0.245	20.242503410594637	21.41395148944265	16.908752931373783
0.247	8.061874934739421	21.101269233277385	17.90618166273932
0.249	-30.896360823651214	18.530253262109014	16.949417612291505
0.251	17.933232045130865	20.335968831969186	17.417538884743514
0.253	-22.827310113604504	21.826173334601975	17.62798712081026
0.255	-44.81708640269311	19.259830274374945	17.30603823033215
0.257	43.395442169469334	20.13032613933373	18.067313331535786
0.259	-7.52704386974834	23.322745346140582	17.55647108391028
0.261	18.248728967495964	20.450862337991715	17.48582327447996
0.263	-28.602749339357025	21.044908389270873	17.459450504698903
0.265	22.700194810987284	20.119122158018836	17.156826560901226
0.267	-8.284068051533922	24.18730029006163	17.819390233014815
0.269	-8.868829572517	23.113468975316867	18.445338520099913
0.271	39.30507365756952	20.57868917114234	16.978376019207435
0.273	6.001816701628471	20.58918700553447	17.499495280927288
0.275	-13.223730869871275	22.701116685194016	17.38062329375965
0.277	47.43080619840079	21.106240471528665	17.096756611209003
0.279	16.708358039352333	23.61200886248343	18.443944942192708
0.281	6.9929048567285435	20.87983485112014	17.243566537144886
0.28300000000000003	-2.982260201345177	21.623464630983978	17.82173794467549
0.28500000000000003	-7.16765189545665	25.294978651049888	17.897882123807303
0.28700000000000003	1.494094342691099	18.957142567081362	16.690521192063194
0.28900000000000003	6.878651481745379	24.433883799649514	18.13801983024992
0.29100000000000004	-20.887829808802216	22.40916405752662	17.559442612945386
0.29300000000000004	10.24814259076301	21.56609100247271	17.81354693443981
0.29500000000000004	-12.289531373332885	21.4363979641467	17.863811641847313
0.29700000000000004	-3.634172992650342	19.99178839083428	16.859229006583693
0.29900000000000004	13.342410019490103	24.568691880977944	17.951391715346876
0.30100000000000005	-17.83212312567173	23.5461561192554	17.927511037677444
0.30300000000000005	6.24000269122682	19.984547991405478	16.71577466343018
0.30500000000000005	2.1091781321480596	18.654906908102003	17.488721009873302
0.30700000000000005	-9.842522927239195	24.572456026246048	17.643661067445173
0.30900000000000005	14.079694318658298	19.54303618464176	17.697516344285496
0.31100000000000005	6.55092007906255	18.378073303652595	17.471839803137662
0.31300000000000006	51.79023163970342	21.02153580460935	17.4639765653973
0.31500000000000006	-13.792672089896207	19.766725206337593	17.686347043088777
0.31700000000000006	23.51460309757414	25.05199699653051	17.7077499397056
0.31900000000000006	19.450183684988076	19.122733929732814	17.384859657874777
0.32100000000000006	1.6718965363260452	24.572606695488986	17.827736577787313
0.32300000000000006	-3.8194990523710004	20.90675467387163	17.792194203894113
0.32500000000000007	-13.069018724110038	21.523612880441018	17.377666937939757
0.32700000000000007	1.6297260903019861	25.228802202243706	17.618906041294856
0.32900000000000007	-40.65009746967441	21.391357018992114	17.03509175680842
0.33100000000000007	10.934303990906002	21.31675046500622	17.789983042234656
0.333	0.14681063897903357	23.730622430995634	17.95278746933278
0.33499999999999996	12.59891533211821	18.704034533021776	16.895213271618314
0.33699999999999997	-17.51051409926152	20.62294624384247	18.155982285187328
0.33899999999999997	7.271071478687219	23.582472735651947	17.859185202062836
0.34099999999999997	-7.60005400335384	24.14614815396905	17.583154020718954
0.34299999999999997	-0.5128299894741062	23.250907173900096	17.927257344394757
0.345	31.164655695636867	20.405179611132063	17.180098258890467
0.347	18.6177978045432	19.057351634161908	17.319873661279566
0.349	-9.027219395330022	25.320038168246263	17.94670840785692
0.351	-4.905744426464409	19.25698685663658	16.914070267715836
0.353	53.67767866704121	27.742741410358796	18.32705072656343
0.355	23.069742825398976	20.29927881022069	17.377747321946913
0.357	-40.77631587551256	18.49755037044616	16.973533376631018
0.359	-6.711535846082306	20.995460965251297	17.89095150678141
0.361	12.428919503815195	18.568426570706777	17.042520954708888
0.363	21.070402586254033	19.889670596261908	17.959171825293343
0.365	2.7668638238331766	23.35886085991457	18.203245928449004
0.367	19.336117824453325	18.522771894439778	16.759470603757613
0.369	30.03400047663085	20.712289814049253	17.799380760609242
0.371	-9.333368059083469	20.66246725205665	17.267157621927108
0.373	12.843669001449953	21.525995028861672	17.62546383421407
0.375	-19.94396481375116	23.493275662351824	18.439152088446697
0.377	1.9916854252510774	21.4994092838519	16.8004436647399
0.379	-11.018831404974172	23.205729852100355	17.93384899358857
0.381	12.376975524475142	24.08614821740205	17.44418935230715
0.383	31.61983607657959	20.373969091535443	17.24421575066988
0.385	-5.154177881050437	20.74979789267856	18.210258083739696
0.387	-0.19702474318705754	20.926461137529905	17.238054911931304
0.389	8.082115746876894	23.068823181533176	17.326759820654782
0.391	-10.72445852901005	19.14976061601416	17.264557540186168
0.393	-0.9786690364776973	24.488248443998867	17.249181105902174
0.395	1.9711780101516752	23.129023147656056	17.692978594239197
0.397	-14.22125703520738	24.271680957897836	18.093373819566892
0.399	15.698996960633593	19.415882106110242	17.27369166200773
0.401	12.386071702508161	22.343519128848286	17.761820427934737
0.403	26.474544450261206	20.410808140407067	16.588869620359983
0.405	23.45446880736013	22.38672529529939	19.04480738860518
0.40700000000000003	9.60194043875262	24.51702625670778	18.14143245048301
0.40900000000000003	-17.152675347298363	18.792680405497748	17.065052531465703
0.41100000000000003	-6.873041959454262	22.36490183309911	17.98676222303646
0.41300000000000003	24.498177193077453	24.302950074274868	17.405943884002923
0.41500000000000004	7.55410088704167	23.100044495802837	17.83766572842895
0.41700000000000004	-5.489169158212626	21.253670905363535	17.869411149703712
0.41900000000000004	39.195068996411564	21.486483261260695	17.721343142018988
0.42100000000000004	14.963192465300423	20.050582725034122	17.33578667372902
0.42300000000000004	-23.766731494845317	25.19157449283615	18.00599195181146
0.42500000000000004	-22.85606956164976	20.561887903886046	16.897503792406955
0.42700000000000005	21.28182437322046	25.050413013226752	17.72509537787558
0.42900000000000005	-16.687236006895922	26.023532100161678	17.891670533127925
0.43100000000000005	25.013484104885464	19.825285983343672	16.984427766162526
0.43300000000000005	19.764497650731627	22.34976176456313	17.549240260184156
0.43500000000000005	20.786902247715844	24.082441789935405	17.284118087110254
0.43700000000000006	20.058169604375564	21.43532864979738	17.84739348064516
0.43900000000000006	-7.534082799853792	22.361658839377714	18.231450289045174
0.44100000000000006	17.62608320787784	20.375772974509502	16.904371688650947
0.44300000000000006	14.553697889052586	18.752432147369174	16.989726248668354
0.44500000000000006	-15.870161484521361	20.985458767911087	17.674274294595033
0.44700000000000006	2.688988071097853	22.188170156848706	17.509300751516875
0.44900000000000007	5.0102081370351215	22.162166687480614	18.407431464683263
0.45100000000000007	32.556240571191	21.653342395260026	17.30731704075382
0.45300000000000007	2.900937840610851	20.81922395329721	17.19246078645513
0.45500000000000007	11.173597720626205	22.75023124357836	17.597547155153492
0.4570000000000001	10.128548601828768	21.248910483073466	17.074551650200604
0.459	24.477315127890975	21.490261332978786	18.677688339305117
0.46099999999999997	-12.254163753611103	21.168724318604475	17.606290835043545
0.46299999999999997	3.705689409772006	19.71487928947037	16.772620465902463
0.46499999999999997	-7.881443996327064	22.084525978035064	17.43519055835536
0.46699999999999997	-14.667104795251795	19.450560144262862	17.21643265295111
0.469	22.02660908690035	22.88975878652926	17.824740273368363
0.471	-32.27368980496248	22.826490478084875	18.085384883812054
0.473	26.5376651789051	19.54728503163892	16.701138231302348
0.475	-16.278751951648296	20.762246925409414	17.21008608347386
0.477	-2.564050201714352	23.820092057611348	17.522302178559933
0.479	14.534991130243924	22.036152740324802	17.621427656991994
0.481	-15.632054925274197	21.411487845631004	18.455251928495592
0.483	-8.717237510724729	21.40122857240056	17.097660556933587
0.485	11.373677392345627	19.58062343814508	17.076247182178065
0.487	-13.578461537377962	22.447315550957228	17.668331541783846
0.489	35.463506073751816	19.634596185767013	16.95735347409017
0.491	1.4541193615880132	20.844547933852105	18.050102436671406
0.493	5.035145879350722	21.473598401434582	17.818680590854985
0.495	22.614011598198758	19.68189438945916	17.092232899152464
0.497	-14.288455015387669	23.287038590683974	18.002451826644947
0.499	4.424902064759095	22.01159124554489	16.892031200490848