-0.499	4.1268530013294225	24.05124889649663	10.875838905141253
-0.497	24.415301282498802	20.77895097738819	10.133802502355035
-0.495	-23.641271939434105	23.739552826353894	12.422873534424648
-0.493	-15.47105013699479	23.766712814066903	10.326876894682512
-0.491	-3.3732379803863566	20.205915259692194	10.449868150746012
-0.489	17.564390958568765	23.053433435656096	10.833178921911122
-0.487	11.858184462587573	22.657312948516136	10.105740567724485
-0.485	-0.4872374141928759	19.02447594153469	10.73788742199834
-0.483	22.309176444190726	25.073880187672664	10.696648221234202
-0.481	0.6921125541570206	21.999658078480184	9.748915556979703
-0.479	-13.221152917908263	18.630291487419395	11.189337456185175
-0.477	25.005945646361383	23.940863585113007	10.611296859060191
-0.475	12.76650119486078	23.263311269428645	10.577590446891179
-0.473	-5.19105193574898	21.703266960513325	12.429151222231287
-0.471	23.62044343429126	23.403805027242527	10.354215423845854
-0.469	-7.375420395749899	19.717164826862383	10.34200663015681
-0.46699999999999997	-6.246629956518923	21.047997574827882	10.852560513396053
-0.46499999999999997	4.836168969291066	20.75161192034443	9.906473743329652
-0.46299999999999997	-7.268875277577358	17.92709523912314	10.439695480898333
-0.461	13.522542208654897	22.62186474351006	10.996935306201458
-0.459	-6.28503524335855	19.760315737387504	9.921010144520434
-0.457	-27.68884662274207	19.03252650989706	10.985198410389179
-0.455	-28.338962602347806	25.011124035850553	10.79713722993068
-0.453	4.732967147313971	21.053984973880286	10.301770080638422
-0.451	9.415633978049343	23.406949563694887	12.421447569118577
-0.449	-22.60964442002411	25.386483555867585	10.502586873496352
-0.447	-19.253816637476717	20.501395971568574	10.324318565186486
-0.445	-6.264549640921935	21.630254075047507	10.882679180837101
-0.443	24.774114768533195	19.600498025170577	10.023722576077938
-0.441	-16.514870687101002	19.43976554126568	10.832595439962796
-0.439	4.932634672716318	24.8357940319601	10.993885206033108
-0.437	-10.339715939999827	23.617708312954093	9.954822593380543
-0.435	-24.29126729341924	19.421547597705434	10.894096665789492
-0.433	15.362942716645733	22.524000161360377	10.654065319968735
-0.431	-9.620940757848473	22.26700894397446	10.14589277562081
-0.429	34.03302030080546	20.70803674107584	12.11849674254882
-0.427	16.59310772916811	24.48041721248408	10.932467060575675
-0.425	-33.24374085988957	19.12125181019911	10.567090991614716
-0.423	-3.035407315166161	22.632287322034344	11.297803738678056
-0.421	4.023136752406842	21.986561756752554	9.688023358352048
-0.419	-25.217206405026005	19.2290500108724	10.480663843342496
-0.417	-31.294513947122127	22.77273431406402	10.666643148932824
-0.415	29.721234240387417	24.688517524482563	10.103289085624223
-0.41300000000000003	13.375719239316908	18.55676175814778	11.150157640161517
-0.41100000000000003	-17.302387968487487	21.611324151500842	10.556195914128041
-0.40900000000000003	-17.226867527697642	24.327999606060423	10.313163904729425
-0.40700000000000003	-7.049437984130158	21.42994136152502	12.24698627566313
-0.405	-20.662469547461093	22.73589072263696	10.129426018222638
-0.403	-17.21755330053032	20.728911598644352	10.439745458230236
-0.401	-6.572656543801791	20.738123479189664	11.055097509470983
-0.399	10.337286012074287	21.44658196501969	10.064214258963037
-0.397	-25.990917859930462	16.901251246092883	10.79417132497842
-0.395	-7.651251212825727	23.866929201988018	10.966531732622249
-0.393	-2.1908684521010358	24.25317858788694	10.078356848244027
-0.391	-10.695921481063131	21.775895167778526	11.029767173453555
-0.389	3.4743106651635713	21.817483123054394	10.819722510738751
-0.387	-14.024988944871808	22.510106035258126	10.370985874313611
-0.385	-27.16979278305498	19.30439584938727	12.131652814815483
-0.383	2.4524442012729963	22.696014204731984	10.31964809794506
-0.381	-2.204872885935849	19.645137918208206	10.490639043598724
-0.379	-10.391196098358257	23.268185419389212	10.973201486131705
-0.377	-6.266946734445611	20.64137292780394	9.737100573706268
-0.375	-16.122970090570732	18.19850156530672	10.863732228399137
-0.373	-0.22530426391220715	21.406256770131268	10.797085402337594
-0.371	-20.652017424405145	20.942814030261335	9.93595631238985
-0.369	-14.559975022421234	19.909478234040563	11.164951396915177
-0.367	-22.724165393395168	21.170999241199684	10.873847368473308
-0.365	-3.8890917677392167	22.934256453863934	10.568736086393521
-0.363	-0.24117296648640263	18.85066369835726	12.138913617146132
-0.361	-27.228501364384705	25.33582592438678	10.35968805454539
-0.359	-1.6870087586884353	20.662750433546417	10.706290810127776
-0.357	3.908719859779808	20.168197038828726	11.227117951305733
-0.355	6.038844181599501	21.124770918850004	9.89721881887288
-0.353	9.171128559470887	17.667169088612948	10.985130016494727
-0.351	-7.172016359247024	24.822774619027694	11.338029204093138
-0.349	1.1812838471847442	21.52915595414838	10.427749626878656
-0.347	-13.571139335533111	20.27233254755381	11.378558615062655
-0.345	-12.842272810065225	22.968337125633298	10.71765089318667
-0.34299999999999997	-6.066492786338529	24.600691838241914	10.774097682144628
-0.34099999999999997	2.939009615898769	20.104414381795838	11.82024046078212
-0.33899999999999997	-15.547520412328986	21.112131115279187	10.333904805051196
-0.33699999999999997	-11.936168354598209	20.437762495557646	10.742161667469365
-0.33499999999999996	-30.30048901297988	20.2048357812978	11.045090932121806
-0.33299999999999996	11.151768995132372	20.141464607685986	9.908376145363956
-0.33099999999999996	-9.960610144799098	21.109886077052323	10.747027517965444
-0.32899999999999996	-2.9403653194481905	22.53472521310345	11.16568424296149
-0.32699999999999996	4.3547963159973335	22.42235991184503	10.483529396599106
-0.32499999999999996	0.8566958953348802	17.94685298811898	11.104231373365176
-0.323	10.828838620025039	26.145504824116117	10.701011133692697
-0.321	2.6836771893634648	20.261167800686167	10.656544879707072
-0.319	14.763195894218484	21.372761857871254	11.936469983868962
-0.317	41.32026728598248	24.9720941244528	10.669704982079397
-0.315	-29.15559605176643	22.869704991229924	10.968134090339445
-0.313	18.928414498908808	21.5819484160306	11.038467686570165
-0.311	20.1925476590592	19.943371790753723	10.327780654158438
-0.309	31.122231178626336	16.21473437984863	10.873685337079566
-0.307	-11.493353075264778	22.976940665451888	11.167279112396775
-0.305	5.406847544575655	23.685038895599753	10.109919357890767
-0.303	16.188207053513537	17.14728190422612	11.141148947122794
-0.301	-14.369608453024263	23.294475294134617	10.616077415672338
-0.299	-9.556064040849854	20.128162137168395	10.386092777901728
-0.297	-4.896908005758149	20.29529308623472	11.823042874083745
-0.295	-2.456519118232414	23.526125991999802	10.517143300891554
-0.293	9.531531078632582	22.50241405154818	10.782829990696285
-0.29100000000000004	5.2590438990307575	23.763571959932413	11.055586417949558
-0.28900000000000003	7.590465026074966	20.435482297335756	9.91081299560542
-0.28700000000000003	-12.408539700858867	19.12675659588701	11.074313843746014
-0.28500000000000003	14.846738726204123	24.597101888420852	10.828991569692944
-0.28300000000000003	-8.854203889518963	25.33735082509812	10.242754436520821
-0.281	4.136784512498437	20.113534677601052	11.277716998103868
-0.279	11.891667710539622	22.63565195431181	10.63214426700497
-0.277	58.60918681066529	22.767402580319942	10.655804641247174
-0.275	-14.481981319591775	23.118924314392608	11.81586363121207
-0.273	-10.704899131686041	23.085779890752423	10.581824359395974
-0.271	7.927039396449231	20.55283080444416	10.573673493983858
-0.269	-0.01775066171827433	25.23711674040565	11.287394265000152
-0.267	-30.720748718349178	21.138400065786495	9.8332481776032
-0.265	-9.71231872970435	19.318879691635487	10.943394735751603
-0.263	19.186617939537243	22.946593141906803	11.045821768405277
-0.261	5.528110111008289	21.262334213573833	10.31980678723179
-0.259	-27.19329374023527	20.06125368282718	11.213062525482368
-0.257	17.7777702603521	23.882860481180494	10.91626549223817
-0.255	-12.215074669197357	23.854915606592748	10.479932020707631
-0.253	-5.306000624316631	21.77543836766251	11.429309949611758
-0.251	1.4588496530798523	21.241993153015883	10.315955673680742
-0.249	-13.556292769889566	20.961539246949684	10.382258539584846
-0.247	5.513767102449663	19.932596068944665	11.032709365803237
-0.245	12.034608620092868	21.475557612176054	10.122409880119433
-0.243	-10.085545250504424	16.602692475760552	10.528580473265437
-0.241	1.687459750376874	24.12811244262244	10.77719804754816
-0.239	14.146241574142238	22.876825980400717	10.245424462249105
-0.237	7.37356888591556	19.02215219745627	11.288106245593367
-0.235	2.019673332576133	23.504813719355536	10.541919478881349
-0.23299999999999998	22.572745773219438	21.707062674150556	10.344128244605287
-0.23099999999999998	2.220791336160488	21.04860477314947	11.744910539202271
-0.22899999999999998	-21.011628979494823	24.044479487901018	10.355805493446226
-0.22699999999999998	20.31418231496218	19.66350993353159	10.724590501282808
-0.22499999999999998	5.65889492132321	22.516560267848366	11.287219991533036
-0.22299999999999998	-30.21163819416639	22.59112269189541	10.22599975272597
-0.22099999999999997	-3.4373455043423817	22.254281918527386	10.890456126515168
-0.21899999999999997	-14.124799326720172	21.235375284226205	10.633236997001747
-0.21699999999999997	6.01264532207324	24.2558034015867	10.328251185559283
-0.21499999999999997	11.590144068263086	21.51964394375239	11.295182347942168
-0.21299999999999997	-14.474065825997862	24.273468269153508	10.256099265203321
-0.211	2.6525813401345744	22.943889131625536	10.52902400112965
-0.20900000000000002	-1.2204440589247412	21.895064751676177	11.180434735850715
-0.20700000000000002	11.742641582213054	21.651036271110495	10.420825228019073
-0.20500000000000002	-0.8243361614423961	22.313070061023303	10.475971866091722
-0.203	5.950097566653767	21.000843189593642	10.882079074230942
-0.201	-40.32150197952333	20.64064448479242	9.769107105377971
-0.199	10.354001359624831	19.4208205593086	10.582858550592471
-0.197	13.101276224336544	23.240454284472875	10.774134342966688
-0.195	2.4203234798569895	20.424271128956686	10.239500309811232
-0.193	0.10015929641227217	18.482081519587243	11.668832189871834
-0.191	-3.884875685256084	22.64542649989844	10.253663490818658
-0.189	7.393220642581966	21.921634908947382	10.260715396658748
-0.187	16.88052874149193	19.613140959008835	10.983049068006467
-0.185	-20.828040161569028	21.938059834636785	10.092850792020453
-0.183	7.820485134146793	22.101231242571924	10.33869902309599
-0.181	4.8415559414927145	23.202043498577236	10.756445655317068
-0.179	-32.58116554527568	20.42183328435771	9.694439168623562
-0.177	26.774314373367858	19.957149530113146	10.769852986841848
-0.175	-6.106343889089594	23.370688114650445	10.859396551842186
-0.173	-2.14886069982434	24.00666441098352	10.133428107663812
-0.17099999999999999	11.64604932424318	20.00528810891158	11.506500084544966
-0.16899999999999998	-2.463167692812185	23.11606366167775	10.120225817211471
-0.16699999999999998	20.938486323895944	20.527776584845935	10.455296880244788
-0.16499999999999998	5.3960405459463345	22.115754937110108	11.247477515514916
-0.16299999999999998	11.843273247214015	20.28910418390341	10.27873476634163
-0.16099999999999998	0.8188781539519852	21.64383643953177	10.816044218597119
-0.15899999999999997	2.997909654300912	24.196003716414054	10.776074071586704
-0.15699999999999997	12.153869981990084	20.34404173701119	9.659546187889063
-0.15499999999999997	3.8901680696756813	19.358342321919327	10.689302005199611
-0.15299999999999997	4.253038481838445	22.75381472818117	10.750067311064223
-0.15099999999999997	-25.823922122469867	22.301197331277326	10.274994721760107
-0.149	-25.125473972598122	21.493103479279984	11.482292198260891
-0.14700000000000002	8.498668979228796	24.62678661729848	10.850828068036046
-0.14500000000000002	-10.253945148530619	20.726278500190983	10.401434160814278
-0.14300000000000002	21.34474444726031	23.022303782367302	11.353741758225288
-0.14100000000000001	-0.49876886853983393	21.941766418765848	10.266015811571927
-0.139	-6.152635386169614	19.247431729812586	10.288124964182193
-0.137	21.79135211766159	22.02598931488332	10.92846503875423
-0.135	13.700523131765507	20.72452672999059	9.87496949352819
-0.133	-19.994831012226655	20.538587645602156	10.697356605824378
-0.131	21.85753118211231	21.933404267725926	10.930267965451305
-0.129	23.834157590441052	21.231425212122296	10.290323692075537
-0.127	8.911340526829292	19.81461671659174	11.537925102200347
-0.125	7.1150595064573	23.086661203593756	10.36766959146859
-0.123	16.311481771502656	19.056482228185253	10.453306679207223
-0.121	-6.100671950615144	23.54475564978208	10.870639724362434
-0.119	24.60538252102573	20.105700817877597	10.258834726120797
-0.11699999999999999	16.32824125619159	21.566339105539107	10.524991804457246
-0.11499999999999999	33.31669396722248	20.760943484401142	10.919164351484287
-0.11299999999999999	-2.5740131209817108	20.9360699832595	9.798068754816507
-0.11099999999999999	-5.428506937188438	19.24216309872689	10.487989434565778
-0.10899999999999999	2.848982519898513	21.69696008288946	10.55231771746971
-0.10699999999999998	-24.06603633964277	23.362593957303513	9.949559828069523
-0.10499999999999998	7.251850937972648	21.25415723476003	11.612788156760248
-0.10299999999999998	7.984245216974273	21.783656613498948	10.280732419704234
-0.10099999999999998	-15.071037929303976	20.5929550858788	10.326337497126053
-0.09899999999999998	-8.908876388824538	23.611844269619137	10.86084526858807
-0.09699999999999998	5.001120353842481	21.962901587739843	10.127639684181146
-0.09499999999999997	-21.870192512207787	20.991736984795924	10.39687309945951
-0.09299999999999997	9.908429528637797	22.42952035607855	10.940289423049105
-0.09099999999999997	24.129015747220706	20.5309178664412	9.751979002644239
-0.08899999999999997	3.3625498376821383	20.543987980683124	10.490974689929082
-0.08699999999999997	35.92074144131985	22.11910310758154	10.694177152552129
-0.08499999999999996	11.732256787411188	23.134950618385385	10.132011623651062
-0.08299999999999999	-22.417819173115028	19.034563294399298	11.695428319534644
-0.08100000000000002	32.50491035133862	23.100189275348527	9.974252969157678
-0.07900000000000001	4.145843551128792	19.729855460187096	10.3785842050775
-0.07700000000000001	6.42734187294991	21.638410361401615	10.792875074765663
-0.07500000000000001	-6.301316800350065	23.28071827818293	10.035657409171906
-0.07300000000000001	24.322984289781857	21.100272102367295	10.516283719359183
-0.07100000000000001	1.8271880524167727	21.615827614813963	10.76604099392562
-0.069	-4.378971269813903	20.63292874953932	9.481188257766991
-0.067	-10.131552230618901	19.96802531693593	10.789091155477667
-0.065	15.750964374783294	24.229204716347674	10.558695953418075
-0.063	11.493985221600056	22.137430011552944	10.256460360156703
-0.061	16.286964503509083	21.72199887641207	11.574502457577104
-0.059	8.877384768402052	24.878534611420854	10.286841329374852
-0.056999999999999995	19.390099205374156	20.82316646779646	10.244527684185549
-0.05499999999999999	8.445556717306957	25.79969065654998	10.927044592663048
-0.05299999999999999	12.828688948918199	22.88414486022342	10.15787989945614
-0.05099999999999999	1.4780247112877731	21.115665564939025	10.54800618020068
-0.04899999999999999	-12.450131849028878	25.948001593139853	10.704826661873236
-0.046999999999999986	10.784967297450265	21.983400722581194	9.63060932697917
-0.044999999999999984	29.381381110971105	22.486164846978443	11.151154742795162
-0.04299999999999998	4.045442696609669	22.96913852259061	10.609103011418151
-0.04099999999999998	24.68512912745524	20.29830145251768	10.316528786696892
-0.03899999999999998	26.51211650217533	22.47526657577678	11.74357648548113
-0.03699999999999998	7.154750256477271	24.37637745456666	10.502985774061688
-0.034999999999999976	12.61243830108505	19.773802564881965	10.572149471856227
-0.032999999999999974	3.790221647204106	22.773000070102476	11.214856527832938
-0.030999999999999972	26.430320565928866	21.33313264813169	10.030091877350207
-0.02899999999999997	8.931354858354723	21.884339741045437	10.591340519262474
-0.02699999999999997	16.68137635246758	21.524695741690838	10.975015770260487
-0.024999999999999967	23.948213526692186	22.083365601747836	9.767179767334714
-0.022999999999999965	24.58550346529087	19.243554944168647	10.96545690291432
-0.02099999999999999	-0.7008051642332092	24.571526251525597	10.605041873962648
-0.019000000000000017	0.9899144448599628	24.271620041858082	10.083987199382623
-0.017000000000000015	-1.7634671133359703	19.036148370602167	11.680045796306024
-0.015000000000000013	-1.5206325789662856	22.895506104033654	10.770252617319288
-0.013000000000000012	-31.51529439660017	21.037252223176914	10.203051920156874
-0.01100000000000001	-6.609261267831457	22.789205292508676	10.767671146216914
-0.009000000000000008	5.548534750987599	22.89098117123682	9.936938607694424
-0.007000000000000006	-70.94792285411432	20.461109076436998	10.69313928750767
-0.0050000000000000044	-154.81235864311938	23.156995934883263	10.713354441833047
-0.0030000000000000027	-137.67088430105545	20.681660841612615	9.801592256367213
-0.0010000000000000009	-190.76779089188813	20.344546620967495	10.804841204606566
0.0010000000000000009	-159.40282163939833	25.462040814603615	10.657422169304633
0.0030000000000000027	-146.25291782011107	24.724096138998696	10.611042211454905
0.0050000000000000044	-159.7864436853058	21.23564498869545	11.953212670797738
0.007000000000000006	-79.80067276525116	22.924468560964833	10.212313066900682
0.009000000000000008	19.24230532912574	22.046834912241312	10.4296248418986
0.01100000000000001	17.917684033141867	22.733651878459998	11.193489126831537
0.013000000000000012	10.100855213801552	22.058794723201895	10.157974346652347
0.015000000000000013	1.386928021096523	20.200739278496872	10.566174858412761
0.017000000000000015	31.31487890617457	24.10161974750452	10.600545563539471
0.019000000000000017	18.965583080898796	19.310513541178384	9.781520388888824
0.02100000000000002	-7.958782609840398	19.219154229435212	10.777821424161523
0.02300000000000002	-10.153824849923332	25.53743443173281	10.71572606221557
0.025000000000000022	24.739619481239927	23.255957555236314	10.565619410460183
0.027000000000000024	15.717010713345303	24.10442926565785	12.100741532738285
0.029000000000000026	-5.1046228933815385	22.707159662088813	10.162078300965595
0.031000000000000028	7.8581446965042545	21.090766333231397	10.314858355970546
0.03300000000000003	15.968426865464735	24.988684725109195	10.825662973275351
0.03500000000000003	-13.098455650562002	22.353764356353487	10.071814156977588
0.03700000000000003	12.45635146118751	20.818247068720694	10.679276365593546
0.039000000000000035	6.161455024411566	25.238036221180344	10.911568079599503
0.041000000000000036	-12.377277888275806	22.75733901913616	9.999614677412715
0.04300000000000004	-13.401791736256108	22.453398816276238	10.640266632781145
0.04500000000000004	44.312686550807	23.420194508349176	10.584957693372674
0.04700000000000004	-12.010508903426143	22.15907169277351	10.257905694675003
0.049000000000000044	-4.2114499586576315	25.458274376852856	12.404689154353232
0.051000000000000045	18.67396698274071	23.538143979043518	10.291452361513272
0.05300000000000005	7.795347628292149	19.224640343965493	10.146641304238962
0.05500000000000005	13.461156029848098	23.97053978639679	11.147441425989957
0.05700000000000005	17.025225844014003	20.658965537495128	9.670349302440961
0.05900000000000005	7.597870845588162	20.601131183086707	10.618909466205377
0.061000000000000054	15.859173990939723	25.48297391013023	10.796814524778224
0.06300000000000006	4.004898029208448	21.728768246309897	9.7014473383157
0.06500000000000006	-13.729746917712227	22.630701346851033	10.774924785777516
0.06700000000000006	-7.460275449844289	23.243993518681478	10.879020636084771
0.06900000000000006	-23.22788582087565	21.7481421457196	10.234960027965693
0.07100000000000006	9.981746077247777	22.200259778555946	12.267813820530922
0.07300000000000006	7.91586359327745	22.066740061887312	10.201678567582187
0.07500000000000007	0.2662256455288059	19.674772779616127	10.151391252205038
0.07700000000000001	5.139226043393563	25.268556344777675	10.750962869234638
0.07899999999999996	1.497998338262363	21.028005841557977	9.79044851231802
0.08099999999999996	3.133238637875735	18.959161521782637	10.425208445673766
0.08299999999999996	-8.807823019596484	21.861664532019883	10.640969700331127
0.08499999999999996	-0.4891365298353989	19.804080642443576	9.957657480298378
0.08699999999999997	-8.935942712673395	19.788541796216936	11.093900962960483
0.08899999999999997	29.75472412392044	23.873372548461347	10.600265300013708
0.09099999999999997	-0.6664771746711651	21.55356233289401	10.168862652002742
0.09299999999999997	2.2627253875029396	19.403367912839393	11.736023165742935
0.09499999999999997	-9.177058574172392	24.575445038968482	10.296408377191984
0.09699999999999998	5.9355214288014935	21.381242914115372	10.546858809193846
0.09899999999999998	2.7080632347686873	25.979323184834232	11.13922789015535
0.10099999999999998	9.689291143422096	20.358518726210583	9.680577472556497
0.10299999999999998	-18.183677254146602	19.039130190901393	10.613692539814899
0.10499999999999998	24.795444463654448	22.93722911857828	11.098562942225533
0.10699999999999998	-23.691276796466987	21.205735657579414	10.011954089230626
0.10899999999999999	-25.112286680673	21.22431897878277	11.014438932337335
0.11099999999999999	0.8488865408384783	21.49522476894652	10.56387240016402
0.11299999999999999	-19.69009377766895	20.98891781343246	10.03109211504833
0.11499999999999999	4.594647648348271	25.728840994576615	12.035711697185492
0.11699999999999999	-30.025488868545835	23.863035003300972	10.397611486739315
0.119	5.820811622925248	19.964541448078595	10.625826175109486
0.121	8.662719264362906	25.381745847912303	11.298880249561757
0.123	7.341940950755799	20.086095722713132	9.756667452272232
0.125	-12.73690563075025	20.83293451490785	10.530896564744861
0.127	-14.603060504048138	23.52390942087998	10.96747012139024
0.129	-22.047838653116436	22.161967134499577	10.009303210286237
0.131	-1.4203408682522678	19.423302970428892	11.008852165421388
0.133	-2.0960629881772164	24.073313343902942	10.535967153063858
0.135	-12.039952411058152	20.034756792862023	10.15123992686613
0.137	30.87549572278192	26.325913232381385	11.769561278679907
0.139	-11.74634906930816	22.64991785036721	10.464093640379726
0.14100000000000001	3.151494065711802	20.309025912928643	10.365811360606806
0.14300000000000002	8.47585326924083	22.87849076079813	11.324056403912039
0.14500000000000002	7.629817493137736	20.16978471684224	9.869554811490236
0.14700000000000002	-0.34890705868928507	21.080421244946407	10.782159509803781
0.14900000000000002	0.4264437534207133	24.669209290291295	10.820311572605615
0.15100000000000002	-5.173871390429241	23.059353269447698	10.222905843837323
0.15300000000000002	-12.709078489159253	20.70187275163118	10.948193255565684
0.15500000000000003	43.128151978821805	23.231745639120426	10.89264389636978
0.15700000000000003	-6.759972151826332	21.92927399600156	10.203069928375132
0.15900000000000003	17.078535679670992	24.721908585984846	11.599177719007548
0.16100000000000003	6.499013832206302	23.11746460238142	10.276906385208145
0.16300000000000003	-7.084835842774417	20.7732378279457	10.285115559713503
0.16500000000000004	0.22998276549834884	25.743499079847922	10.965911534659035
0.16700000000000004	-4.776441690168554	20.540367423754258	9.515422098363496
0.16900000000000004	-9.05276743745631	19.891892350374118	10.790033165853671
0.17100000000000004	26.48872398158808	26.04668435800021	10.856525558612326
0.17300000000000004	-15.653030372098087	18.448349231680805	10.25199652672606
0.17500000000000004	-6.675121925536764	21.245479164405964	10.961627600460826
0.17700000000000005	21.35834239136436	22.602628138007965	10.791283930555307
0.17900000000000005	-13.567956966276107	20.573530961742716	10.299375152557616
0.18100000000000005	-8.959097038019337	26.02218245746392	11.72925750457255
0.18300000000000005	-8.47479347099167	22.45102015217614	10.244365201101827
0.18500000000000005	-7.176428583388628	21.832474749798923	10.480956560550394
0.18700000000000006	-8.934199273391563	25.827535862557614	10.802831485206775
0.18900000000000006	-22.857441094648046	20.889029016264736	9.844477968368809
0.19100000000000006	-11.680906361943855	19.479456351392077	10.742873915825177
0.19300000000000006	13.21200109449805	23.581201394058883	10.546469224762523
0.19500000000000006	1.3882633584927362	21.133005426038384	10.097806660789242
0.19700000000000006	-25.432108534673148	20.838064074820355	10.970917908794608
0.19900000000000007	26.729745306708352	22.70132807981744	10.448628697089273
0.20100000000000007	19.7249721500814	23.073459975738633	10.35979800256731
0.203	15.622847686191932	23.751779272400743	11.24012871794334
0.20499999999999996	-12.550981361547642	24.02113329924031	10.390103374840288
0.20699999999999996	3.082471105697593	23.594315128583137	10.770323363556793
0.20899999999999996	4.828808513268612	26.145103709264546	11.020131632053408
0.21099999999999997	-7.228778240331302	20.7319066492858	9.832014299748504
0.21299999999999997	-23.77768730643659	21.780205585974226	10.588520777359273
0.21499999999999997	14.523762730922485	24.524265390892353	10.741075045992641
0.21699999999999997	-24.370070031198843	21.18043700359102	10.253570811892944
0.21899999999999997	-29.483900640392413	23.579955954557033	11.076569524566619
0.22099999999999997	20.529335130525794	25.479157062803843	10.838824088846456
0.22299999999999998	-7.488624911511366	22.955886373212337	10.55997700347689
0.22499999999999998	-7.523482152271832	22.663544869132682	11.417985283489026
0.22699999999999998	-13.510903746238867	22.113899463077086	10.39469551445011
0.22899999999999998	11.673015273050424	22.288551289546138	10.696571861283468
0.23099999999999998	-8.411766356797301	25.60037044936439	11.07424435250306
0.23299999999999998	-4.055615599685147	21.933494644008462	9.799809178278228
0.235	-8.72393147377526	20.136659448059525	10.85943760196386
0.237	14.696538768177447	24.245283010408475	11.026823840626099
0.239	12.207395164276491	22.385522652956475	10.100030849440495
0.241	-11.401788349241215	21.06704133036827	11.085302800458944
0.243	-13.146429268973137	24.338192310013863	10.689047339206112
0.245	-8.372381870569434	22.202912596122584	10.498445861544543
0.247	-14.642426192756908	25.495529580172583	11.65784272703103
0.249	-13.333029233453253	23.114118147849393	10.591348318663337
0.251	-42.46428863374785	22.091254423475807	10.579791840834863
0.253	3.546377166818715	23.243183786371215	11.111989131483107
0.255	9.292177630459975	21.257139816782164	9.64905278602836
0.257	-21.716905213353677	23.386999887146384	11.204939344910626
0.259	23.22858332037825	26.410985864665573	10.790634431183916
0.261	-5.795566684563269	20.28624380868199	10.438618956656757
0.263	-50.675123343113526	21.830564120212827	11.606722719601906
0.265	22.591652497627734	25.319981024034117	10.66872261274506
0.267	0.3972984019551262	24.11316881296564	10.435264696623383
0.269	-6.369300630582053	25.084728997441836	11.150548839590718
0.271	4.752172826805179	22.704617335587304	10.199499601104844
0.273	13.072404484892886	22.217534759126952	10.78356355311073
0.275	23.874769755405367	25.85706556073598	11.197764073961137
0.277	3.6786558348378406	21.157661046646698	9.794199443405022
0.279	-4.532881589858206	21.88915136703531	11.131991339713174
0.281	4.129216184534101	23.94155990882005	10.977702971252436
0.28300000000000003	21.6710784757268	21.22239493130521	10.378927472552443
0.28500000000000003	-18.329554887897004	23.23865915184673	11.333034784086077
0.28700000000000003	-16.54117340277317	24.902517162841015	10.661158840891623
0.28900000000000003	-10.30686464376096	22.71607329502897	10.69257024904309
0.29100000000000004	-9.077053202188878	25.13700508899547	11.318481283808875
0.29300000000000004	-7.899655542265016	23.20296103810285	10.355361275658682
0.29500000000000004	-10.350513283130525	22.563557639642116	10.656643611691944
0.29700000000000004	14.637132556005739	25.58070071678555	10.922597425986332
0.29900000000000004	-11.433048401232604	24.023114190325384	9.846474728436586
0.30100000000000005	-15.653377507307553	22.503513198472934	11.179621797988096
0.30300000000000005	8.254182109812547	24.782908630049757	10.642020772506985
0.30500000000000005	-3.2221040279223345	21.84783262329051	10.37793689802353
0.30700000000000005	-27.464840328894624	20.666490851590208	11.48665285102995
0.30900000000000005	32.701095284304316	26.06975014563294	10.786921881099904
0.31100000000000005	-5.366306566556567	23.070240721199948	10.771188826424673
0.31300000000000006	-17.14694084464785	21.969961012131748	11.096397128920302
0.31500000000000006	-2.2994849598889644	23.561802329938114	10.481742296704512
0.31700000000000006	0.9332220993751861	22.959380935907046	10.852637131187587
0.31900000000000006	-13.615536745392731	25.42922941790719	11.284750379670385
0.32100000000000006	-2.264108125760167	21.55905423399494	9.986831797478994
0.32300000000000006	-14.980190141011818	20.73850308601935	10.74036152545416
0.32500000000000007	10.378416142042823	25.537813079750713	10.855976503638203
0.32700000000000007	7.547768352322848	21.978801502604668	10.189969000107784
0.32900000000000007	-18.167638216270987	23.30223680401964	11.749959527124373
0.33100000000000007	23.747166180365653	23.182744228311684	10.144572625247482
0.333	-5.98150920427809	20.622670086515758	10.52119943857897
0.33499999999999996	-2.51057971201174	22.540157444195263	11.079654433020911
0.33699999999999997	-15.379886442956625	22.26077300236156	10.302718241685401
0.33899999999999997	9.179701896178116	20.595415382672382	10.763750474260215
0.34099999999999997	10.683803755240362	23.061126126760744	11.093008268556424
0.34299999999999997	5.641978665593683	20.191080130739703	9.75146318158657
0.345	2.304770134964329	19.658692192594657	10.943025476831913
0.347	33.790900295871396	25.610300389396638	10.789581799394387
0.349	20.93118740487121	21.90348086402639	10.323615322057043
0.351	-1.3027541898580353	22.283343611076596	11.46701409447887
0.353	17.441689229125146	23.59945060786964	10.645541184439788
0.355	-42.19387886250647	23.68541476984016	10.636390666285175
0.357	-7.894068533631504	21.24701974324773	11.093113659503894
0.359	30.283183633184052	22.691401749724246	10.590834276297777
0.361	-4.878726843959846	22.390521988894548	10.788544278588914
0.363	24.214634468666674	23.653390618323307	10.688975490124909
0.365	27.432452168296706	23.242559127720646	9.69763156671771
0.367	-13.082337203762506	21.81467598469619	11.059387927567068
0.369	10.530623988147525	22.136293886274675	10.84710938413184
0.371	-6.9084591760582015	22.088826466511566	10.184193447160922
0.373	4.84422984015076	23.22674326087666	11.210230570028072
0.375	7.072007882635845	21.74169849530039	10.142720882217683
0.377	6.16889878202187	23.907944190023866	10.338357945830651
0.379	-13.246006785205822	25.478426766137414	10.961727636977923
0.381	19.734204842469794	22.30535907234415	10.111243353918672
0.383	18.375099570144826	21.73983150938001	10.516825767520436
0.385	19.072480649917622	25.489610831830333	11.010753986635384
0.387	1.2553531574255317	21.757117383911105	9.620874121362267
0.389	-22.10280533032627	17.647418693847133	10.580912831839369
0.391	-1.6407595015976995	24.23634574065151	10.605674001225816
0.393	17.786800539765224	20.898815944192616	10.140592074934336
0.395	-4.985847824046097	21.904606345238577	11.40691398859537
0.397	-21.05612002456514	23.34894294750872	10.299930100126229
0.399	-16.45764088575863	23.1637448158176	10.195312063526085
0.401	-6.196227365085072	21.450861913281138	10.77085731317355
0.403	-1.4255725621081794	24.033888442580622	9.946299755294639
0.405	-20.83476499781245	20.33846892441686	10.443030604487065
0.40700000000000003	-3.3426228113198064	23.875209438235647	10.907607165233419
0.40900000000000003	12.896716645727224	20.981336043759306	9.64291790614142
0.41100000000000003	-9.948149578331567	17.1967712378572	10.733676694601696
0.41300000000000003	37.528289458022	23.77181148355494	10.459603417361542
0.41500000000000004	-7.974880810501794	20.10055855258125	10.081648613480528
0.41700000000000004	-8.025420295876273	23.430370052099235	11.303692414779906
0.41900000000000004	-1.5361535368185741	25.579835065574912	10.2355492135662
0.42100000000000004	24.5122384940899	20.118837720778618	10.097092382978788
0.42300000000000004	16.06222629790821	23.33962191562982	10.774441399304528
0.42500000000000004	31.326258186359368	23.47498174812354	10.040156263337064
0.42700000000000005	-25.215392329913655	21.637963090870574	10.477701841250946
0.42900000000000005	15.870795541106375	22.325930877979317	10.693838708885844
0.43100000000000005	25.144695731338373	21.472830505918598	9.794654831990897
0.43300000000000005	-15.412760971278416	18.779468109998103	10.580521156598914
0.43500000000000005	-13.691280731586986	24.152818212718074	10.441471886646797
0.43700000000000006	14.417703228630785	21.726167303295984	10.25552650601332
0.43900000000000006	-10.706002341764886	22.386723018547432	11.743043615104188
0.44100000000000006	1.818468655656602	24.66164200097219	10.13079348814651
0.44300000000000006	4.582907265904268	22.862685339853332	10.346750441874102
0.44500000000000006	7.1921673665542585	21.8911131005123	10.81140758976719
0.44700000000000006	12.92792877860549	25.376481538538364	9.988448669194206
0.44900000000000007	-33.3923955663229	20.214787228967	10.830361977925044
0.45100000000000007	-36.05771677950287	20.95599312915558	10.81318171299422
0.45300000000000007	-1.0877213383331252	23.22086830513277	9.91015885645711
0.45500000000000007	-0.5659084681974846	21.265197147538167	10.898510702923568
0.4570000000000001	31.50553947262047	23.567645599778945	10.543161644678138
0.459	-2.295730292756204	21.816682238749213	10.302592838200335
0.46099999999999997	-4.552237968802331	23.485164926129826	11.354118333490694
0.46299999999999997	3.5432525358203293	24.44293261679844	10.491250795921543
0.46499999999999997	-1.944583190027771	23.79100049659579	10.566447609849906
0.46699999999999997	-11.010546021705814	19.6904371350244	10.659443930579956
0.469	-17.985498374173403	23.145216947071507	10.073068498504535
0.471	-21.32921607278515	19.992104411422662	10.319832380217981
0.473	-14.064856788231772	24.907375301177467	10.93964542301523
0.475	25.80389444073461	22.22113548113001	9.713474004604597
0.477	-17.78497013371627	17.60289621066429	10.89484654203045
0.479	-12.133571752226402	26.970391472399555	10.802190973745855
0.481	10.564194816264916	21.144564641992577	10.502952436910782
0.483	-14.749861843132983	22.966407986305004	11.968652939230143
0.485	5.401894951573283	23.96536955866458	10.219752387574193
0.487	-5.245901209871562	20.937802671601393	10.284718486117836
0.489	-11.038486840697637	24.340312724377124	10.976332601990144
0.491	39.37174694557122	24.174979248834322	10.032640071581959
0.493	-5.5751846956830775	19.88724053659002	10.8552547588064
0.495	1.3543502064283786	28.26373740192595	10.877289004474049
0.497	-13.898315386340343	21.497236801022574	9.78815146087141
0.499	-12.919444507208944	21.81512564445626	11.199895992265871