-0.499	43.452616303341074	33.038534918776165	17.951858595753436
-0.497	40.670159740407996	32.048364371943485	17.800316488611696
-0.495	19.703167227325125	34.63922751189036	17.46842378766338
-0.493	-46.77586960311064	35.75076562621104	17.978123784284072
-0.491	22.339116704905848	31.66098631481108	17.95226057273504
-0.489	22.183404225772918	33.10645350422602	17.577220809486732
-0.487	-6.8201819319879675	37.67495060478554	17.843993106870492
-0.485	4.975720484745594	31.0783054767644	17.608956610772758
-0.483	-20.55017035607065	36.230234309731046	18.06621220578557
-0.481	15.117518569862654	30.8990368995923	18.116867047047773
-0.479	-2.59235556965276	34.60090918480944	18.05582887594288
-0.477	59.33598432172893	32.63130569620783	18.64480232569337
-0.475	28.68926868915267	33.12243240840679	17.81597755730515
-0.473	-39.84006531876361	34.91644152375108	17.829416597364
-0.471	-1.1370974075664009	31.324734079334746	17.314593632035326
-0.469	42.677508510280404	34.10013608244831	18.855836854833576
-0.46699999999999997	19.902849429431768	39.14128586862408	17.777557131368866
-0.46499999999999997	14.035296668435393	32.85181239671933	18.395784237312295
-0.46299999999999997	8.276158649289656	33.50610546205389	17.733390133022976
-0.461	9.768747074367923	35.93220797717726	18.468913708474865
-0.459	60.201576125296086	35.46383948078253	18.549471155397196
-0.457	14.525812127796911	34.71884455405982	17.516188777405418
-0.455	5.2274242889893685	30.65189278869575	18.575860248076353
-0.453	43.20833295534676	39.748564974866014	17.753635802811218
-0.451	2.909631301672988	36.67300188926884	18.594239040088382
-0.449	16.4436958491887	35.13251861397954	17.67689701067094
-0.447	30.136850444062446	37.43287378049383	19.173857820071287
-0.445	-60.53232322222879	28.41648029177044	17.858313042001132
-0.443	17.788815481090126	35.02852511078662	17.547799054778146
-0.441	-6.74852210191812	37.59498860206562	18.161852996430913
-0.439	46.79369199500627	32.81854108046948	17.653019257841237
-0.437	-51.03480233925595	39.20688779672225	18.788022137172415
-0.435	-16.29613832698773	32.60320678572663	17.13777662806095
-0.433	51.14870418188033	37.11999534457672	18.334627314341457
-0.431	9.663328177200725	35.582076029088846	17.113662933344727
-0.429	25.145803164594582	32.74765468861982	17.288023021399063
-0.427	64.82984504652123	37.04681843209975	18.96343133051636
-0.425	63.367418842164014	29.0841577726167	17.05804590700205
-0.423	-3.7095913595353025	39.16321693717561	18.465418209996166
-0.421	36.57747936491873	36.1947548742217	17.432897265223804
-0.419	-36.00863319308534	32.517130286100965	18.418590449988066
-0.417	23.969010616964326	34.786333678985145	17.736659743442523
-0.415	6.294140818985383	34.65987421572237	18.075200964881102
-0.41300000000000003	36.55986695005886	33.49855369894342	17.928061151301204
-0.41100000000000003	-18.884935448659768	39.305172689057734	17.904181833443932
-0.40900000000000003	15.95406736698557	33.35444489460858	18.047997846810865
-0.40700000000000003	25.755016009876286	36.37231959736323	17.492169026631633
-0.405	45.776894662008516	39.38767816371092	19.62557539269751
-0.403	-1.3150709003983962	33.65462230102956	16.789318297287117
-0.401	10.29475549696457	41.001941918028486	18.67838343785245
-0.399	12.420903093612878	33.66395007511093	17.88271916453719
-0.397	-2.536709257205949	39.50580918770526	17.875966254038243
-0.395	-26.148188922436866	35.04900182708546	18.65592273371017
-0.393	-12.5190891200333	29.840187968526543	17.570580859657277
-0.391	39.34650090853253	39.954804358602715	18.259867434090996
-0.389	21.484512508829212	30.20365107215203	17.261259888231365
-0.387	-8.130947138029754	35.71124162341494	18.657962169266277
-0.385	16.817638232913268	36.08901572598176	17.802592394796676
-0.383	-27.63166348207502	32.05345081179746	18.430097898670947
-0.381	4.2810295375339535	41.58868332667128	18.029135311011842
-0.379	14.196663783216934	32.50609446989799	17.4136191512311
-0.377	-10.706317214226324	33.21555971182746	18.816823976017126
-0.375	-15.092033075370104	39.25947840678775	17.5719708576723
-0.373	-20.816007461399444	31.147714718880376	18.07947147449381
-0.371	-4.674790676562068	34.53374609725978	17.290290446561006
-0.369	0.3155925838438378	32.515587212862	18.574919892680093
-0.367	-9.947671013477155	37.42852143743119	18.003043839949022
-0.365	7.559182103600293	35.66418026212059	17.755596972507913
-0.363	19.835102911258673	33.372150216302266	17.9302202819479
-0.361	17.972198987470378	37.50571283485335	17.27271773087072
-0.359	43.698134233105534	35.1548744788055	18.400108075823763
-0.357	28.11916575340412	30.87461131568971	17.66650976475992
-0.355	16.96527509320589	39.459000386822055	18.3049971866109
-0.353	45.76109245824078	33.705497225185326	17.815155475969423
-0.351	20.51149695625476	33.434597326192076	18.12434362603908
-0.349	9.941756793585554	38.418013893855225	17.97996111153512
-0.347	40.81336566552629	28.9007332313131	17.311009240060887
-0.345	31.391995513496695	37.566223265219	18.676456516022153
-0.34299999999999997	36.4016727949501	32.549111128442746	17.56787070232325
-0.34099999999999997	-11.747913215343075	37.33307149672384	18.096401034690583
-0.33899999999999997	-3.3214156763827773	35.36005990959541	17.01766083140819
-0.33699999999999997	21.01473631821449	34.03674887615161	18.328024523132793
-0.33499999999999996	-20.059494067914407	36.12194981185353	17.120387878502513
-0.33299999999999996	16.702698182324838	36.47766104319547	19.277757732133345
-0.33099999999999996	-13.026667564086658	36.78208499174115	18.250014466400536
-0.32899999999999996	-17.994320574699074	36.51387868428619	17.834342309552444
-0.32699999999999996	5.150555978383764	32.3898721458592	18.101585867427634
-0.32499999999999996	-29.156221842852048	37.263285820949434	17.37678094347184
-0.323	32.28001202160158	35.963610500309095	18.524263933605067
-0.321	19.266735500567123	37.72512644411409	18.22592646298726
-0.319	10.948020151779758	38.285152924625045	18.172234239214763
-0.317	0.7311884340222008	34.714920217570366	17.644250573601198
-0.315	24.50229170447571	37.68765270990708	17.358307057946245
-0.313	-32.728834603368284	37.4280623194536	18.34349934312486
-0.311	5.119438766465478	31.02281170794402	17.701456535864136
-0.309	-16.50783043727344	36.98227748432357	17.854939038280204
-0.307	-6.802394865834671	36.05411509942041	17.792878218436503
-0.305	-21.249737764073018	33.09793063328446	18.265257732317774
-0.303	5.787154041758669	34.1009022705556	17.42860037511296
-0.301	22.006218014292145	34.360758918632456	18.140347027786017
-0.299	-51.58095036217336	39.40754249000007	17.621127740887516
-0.297	36.17309031445082	34.96096890043244	17.497764629029597
-0.295	-8.10883946156249	32.49243262963245	18.841779456636758
-0.293	-3.766193131804485	36.467208541694035	17.15155582209602
-0.29100000000000004	-2.899925906407752	33.5264929230634	18.013525344530475
-0.28900000000000003	56.10171410386222	34.502998763861704	17.575346526245983
-0.28700000000000003	23.525984049310722	34.94750334063036	18.44376796023035
-0.28500000000000003	28.498517375519228	33.48208321780514	17.794227986015894
-0.28300000000000003	13.223664386607936	42.59989109734613	18.860315803413776
-0.281	20.67464384514217	30.317760525030536	17.531369483193597
-0.279	29.255158458640906	39.624554303060876	17.323455059440114
-0.277	-9.133347146250692	38.316587265584516	18.26837785694991
-0.275	-38.886119281378306	35.067586235279094	17.442830391593294
-0.273	-73.3938336979767	42.16470256440933	18.706796794947685
-0.271	-11.095305495145702	32.594955818207396	17.32886256474476
-0.269	5.069915450794937	41.33906609850253	18.46355763253887
-0.267	-33.429846867494284	38.17525013257697	19.151345188615707
-0.265	19.791839106719777	36.50514471485424	18.478901645970083
-0.263	-20.969209031718172	40.45504945451259	17.701580723148908
-0.261	-18.020920129702134	30.934727893751145	17.475289420203836
-0.259	24.88261427568972	37.965911024669445	17.488663507159455
-0.257	-74.18080792276349	34.787872814319904	17.53367637990145
-0.255	34.922353195687705	30.726084951943967	17.838002094392788
-0.253	-13.393511745007913	37.093104892891525	17.487658941917527
-0.251	-19.42591320380771	36.83666975685698	18.378408463774
-0.249	58.888521336175614	35.85271515674886	18.390669934502764
-0.247	-24.645167085779462	37.536110181900554	17.187091698579184
-0.245	36.43638235462099	34.797606675440996	18.139653407606605
-0.243	-13.040894210836207	35.886693651002105	17.12542565325953
-0.241	33.43374265907251	33.96868334228057	17.844865277644207
-0.239	29.567057363122373	40.065266264010084	17.82010026112217
-0.237	13.884141343734058	36.49932905817707	18.271914400596344
-0.235	-19.021162853571916	34.19454796020939	18.725432303326176
-0.23299999999999998	1.8110532986614913	37.003126800155776	18.005214921756934
-0.23099999999999998	13.58892163971781	31.263502484246942	18.6817780122112
-0.22899999999999998	19.866554145098192	29.430848915124844	16.948062469384812
-0.22699999999999998	-6.754323530699935	38.69044124119316	17.87745377116011
-0.22499999999999998	-38.05449440941189	34.674421410951716	17.54154905560796
-0.22299999999999998	4.068164743076252	41.653654266477545	18.75192062172761
-0.22099999999999997	-5.728784982284019	37.042384906137684	18.067615512926146
-0.21899999999999997	-26.603084130827348	32.02588359820369	16.88111864063823
-0.21699999999999997	18.7724186246907	41.896050872443446	18.966928189916384
-0.21499999999999997	7.182937365790565	31.0938018597365	16.846826269481447
-0.21299999999999997	19.32878795418702	41.139800871202695	18.626435279693307
-0.211	-12.144473006125978	35.255513173674274	17.826155621012308
-0.20900000000000002	-27.342163458232704	35.95322627052046	18.25750489090735
-0.20700000000000002	48.02573541584643	42.81496129202586	18.12020085334843
-0.20500000000000002	30.284268015989824	31.47044081192644	17.71238651288527
-0.203	-24.14216429103	33.91526472288778	17.43426481411141
-0.201	24.517655280886785	36.39890718100152	17.446177493637304
-0.199	-13.170365946391094	32.87837291184354	18.254566765580282
-0.197	-15.449735701777989	34.69475130667986	17.003589960328455
-0.195	47.54531469153278	41.016626765765466	19.020536419618626
-0.193	8.99072224402886	33.15002990061773	17.33019627193855
-0.191	30.153967462753783	37.74357936678942	18.348329625975857
-0.189	45.21296903470251	31.010118111247227	17.751507392588245
-0.187	13.270257144037956	38.819301212341266	17.4607022299357
-0.185	21.12518204011593	36.31775211634192	18.890170717172047
-0.183	23.612336630618458	31.441124992629142	17.44673963219871
-0.181	-17.183396562092668	41.911898836365836	18.194055460903062
-0.179	8.33353290885519	31.145664202001768	17.87766883387159
-0.177	-30.00276195763707	34.74246882196698	18.63905146367361
-0.175	25.16485509374	39.77454681139049	18.4182801096875
-0.173	37.750896646482346	31.692857915078193	18.777483850770636
-0.17099999999999999	3.9779162337438834	39.30229841555134	17.739069615821254
-0.16899999999999998	27.268700582672167	27.61372540477639	17.551647754226998
-0.16699999999999998	35.31408129253677	37.67487655630908	17.866285623168668
-0.16499999999999998	43.38775279144613	32.60802752033613	17.573442270750824
-0.16299999999999998	-8.407879274585639	31.334739653802043	18.4040779119037
-0.16099999999999998	40.30081037464939	39.20639152794908	17.68672225848966
-0.15899999999999997	13.167015780801705	31.349368788732438	17.730289275030504
-0.15699999999999997	24.39763505135417	36.19079633479366	17.73193345528125
-0.15499999999999997	49.38278774524463	41.870210237048475	18.64137213346769
-0.15299999999999997	6.09995357980786	29.824928750047683	18.514442919346095
-0.15099999999999997	-25.90498602283997	34.12518986970687	18.244030659772108
-0.149	17.15763348242305	36.20926503269247	18.64251691331298
-0.14700000000000002	-0.8270163596169056	36.86861157704453	18.332504667824484
-0.14500000000000002	-24.851122823243976	38.102978520988344	18.125385385739513
-0.14300000000000002	7.852749149828142	29.668556483114465	17.444336952822393
-0.14100000000000001	57.64057816892709	38.678882114246434	18.615320316109962
-0.139	24.415985275583196	36.94023178312353	17.450818280265214
-0.137	-12.841481456304926	29.84072571749957	17.069546665015498
-0.135	27.158035591057228	38.9383926411277	18.799771201659436
-0.133	39.51124993029076	35.26698614216407	17.883849355956723
-0.131	1.1804719206587322	41.342701858371775	19.037130791954162
-0.129	-15.805299111937288	36.236117010358136	17.18582442481926
-0.127	-19.06988400979248	31.674725219629572	18.079952234314586
-0.125	57.37966717944687	35.11586510318469	16.918978032964336
-0.123	-37.310066572260325	36.34481278500024	17.614765019038924
-0.121	20.05785717140718	36.46327778046806	17.799598602662364
-0.119	-1.2312328455665877	38.48908932382873	17.259939715554452
-0.11699999999999999	22.621158172642097	28.399765471485154	18.598063481294787
-0.11499999999999999	-5.983697642597541	33.32163955768314	16.849574641775014
-0.11299999999999999	26.65465129791933	31.452764278040483	18.15229838205291
-0.11099999999999999	-21.24926550650663	32.51092823045604	17.39421712069417
-0.10899999999999999	17.693799631679497	36.72783789866666	17.175470561690766
-0.10699999999999998	-50.050867386852715	30.394583379841155	17.552033717590348
-0.10499999999999998	8.886049752687697	36.0378005511476	17.895904111418883
-0.10299999999999998	47.10011721287266	31.179486522043636	18.703634462808825
-0.10099999999999998	-5.051218634366528	35.73001071706052	17.860120094277768
-0.09899999999999998	26.7711190296005	40.29520249929575	17.68017381101455
-0.09699999999999998	-16.904870427714158	29.400683388331856	17.765221695598242
-0.09499999999999997	6.017233852073645	39.790324368822745	18.011302314748665
-0.09299999999999997	30.72080527788401	34.96178693178528	17.048994896365116
-0.09099999999999997	-33.729412108884915	33.24394648533115	18.59571595624269
-0.08899999999999997	64.08671499169571	39.13509553894245	17.97300014607297
-0.08699999999999997	42.254235230965165	34.40150989061988	17.691547003711257
-0.08499999999999996	-17.92570596226284	37.34921665097391	18.150413630099266
-0.08299999999999999	-21.633846451596384	34.96447830772784	17.328101673534686
-0.08100000000000002	-19.130597403327343	31.22423321348288	18.10819388441013
-0.07900000000000001	50.845027963042355	36.45208660670328	17.53660846136471
-0.07700000000000001	37.56455528036717	28.40323045410469	17.502043176693014
-0.07500000000000001	4.299642054617081	34.30642896659196	18.12107975604912
-0.07300000000000001	10.775604419865914	43.43068517866446	18.201292231200583
-0.07100000000000001	3.893575891034118	28.452343518421454	17.824957678939573
-0.069	22.496819321204953	39.75466156530403	17.62686901194376
-0.067	14.561817795133436	33.88712429068915	18.298353229789075
-0.065	28.264063798966177	29.10921109974014	17.021114045125806
-0.063	31.121505446041198	35.792288353653525	17.74307927344771
-0.061	43.58992975439513	31.922378347484884	17.284351251174478
-0.059	23.5814526907685	31.29921581640513	17.882787744774514
-0.056999999999999995	51.34883880897334	34.87547674200186	18.057132494791805
-0.05499999999999999	-0.6654585487098075	31.70082409535672	17.553439934209845
-0.05299999999999999	31.370571666577973	32.672882948715376	18.29007623374337
-0.05099999999999999	2.716264733360063	33.159301829387886	17.001701044965326
-0.04899999999999999	-42.093383889163505	38.54630525817175	18.046152300310997
-0.046999999999999986	22.674508875164534	36.57914949119301	17.32732941476285
-0.044999999999999984	6.550264871396649	35.594752926891275	18.199930960294125
-0.04299999999999998	41.14572073832257	36.702943914922955	18.214593957219968
-0.04099999999999998	44.90254979772068	32.26409204295322	18.39689450214262
-0.03899999999999998	-16.833644458369434	33.23722496410807	18.328048478466023
-0.03699999999999998	-11.894205356521859	32.949431022829785	17.12884537463928
-0.034999999999999976	47.842083561455695	30.190653280617404	18.659136507068514
-0.032999999999999974	-8.98266262761016	33.736776739668166	17.14793921500167
-0.030999999999999972	2.5133064762705715	36.620333158318466	18.753176794503773
-0.02899999999999997	-27.291102230542208	33.70000250793523	17.476630154548175
-0.02699999999999997	43.41620800007995	40.76901623753876	18.103680199890466
-0.024999999999999967	28.952912655366703	36.455410431251074	18.999648626212107
-0.022999999999999965	-1.448963093841904	35.362654618139196	17.30406953431067
-0.02099999999999999	3.1144123260329337	34.548245913205	17.97107750171854
-0.019000000000000017	-12.749619826668557	33.529343635651216	17.74424317783525
-0.017000000000000015	22.351898610439846	34.76410055348015	17.28246875933676
-0.015000000000000013	22.447670680714182	34.50491634173507	17.615726288411302
-0.013000000000000012	11.373943751724624	38.651362235406495	18.525793977766206
-0.01100000000000001	4.64802960165045	35.76708379085218	17.769413301002697
-0.009000000000000008	-45.505385984245805	31.14553902188513	18.24250151029292
-0.007000000000000006	-92.33173619371814	37.2821706697414	17.629666748258284
-0.0050000000000000044	-131.936130117416	32.17266929546591	17.398954528214173
-0.0030000000000000027	-198.80683147266433	33.74869473980473	17.793604145744396
-0.0010000000000000009	-187.42885684241983	38.15605455602864	17.09026006331225
0.0010000000000000009	-221.93971915207555	34.42792001115702	18.049887062560497
0.0030000000000000027	-152.8186203882953	36.910712074309195	17.74113674025337
0.0050000000000000044	-125.85781020391096	35.54141008698234	18.701042506713584
0.007000000000000006	-143.48855253976112	35.92428765326431	18.114685288194877
0.009000000000000008	-11.954420738313765	35.416754089621364	17.618810188438275
0.01100000000000001	-49.020469592320204	33.82113366900584	18.272074251946066
0.013000000000000012	-31.40173505633559	31.519857203281326	17.275343720750715
0.015000000000000013	67.06905800668572	34.65049319858255	18.692925186542933
0.017000000000000015	-2.199902766064632	29.44797531177731	16.69778512989468
0.019000000000000017	-37.421641084556256	40.06510993363516	18.672902241462836
0.02100000000000002	48.35467603347965	34.74714621693548	17.232855610644425
0.02300000000000002	21.332990365108273	40.01963177621306	17.764375821872022
0.025000000000000022	21.050850368853347	32.172550675369784	18.679709565777994
0.027000000000000024	24.059253769026512	32.35963931217688	17.518359845077534
0.029000000000000026	-41.24761207124905	33.63914735790667	17.985299720280956
0.031000000000000028	-8.579492749016815	34.332008708125876	17.33932858274581
0.03300000000000003	-26.872396065247273	31.915980636390973	18.37314347863629
0.03500000000000003	50.80384784106329	37.18893487367457	16.97368975765989
0.03700000000000003	-7.150777516118367	32.9012375573883	17.81803148594758
0.039000000000000035	63.69811084083743	37.560972355802605	18.109274899332505
0.041000000000000036	-21.58901652205003	32.87361390017117	17.49730927512958
0.04300000000000004	-15.656323521962001	36.694129080958085	18.011520611576294
0.04500000000000004	28.887269543309557	29.706245269275335	17.20836320269258
0.04700000000000004	-18.449831030165065	32.4555643898397	18.438641983554923
0.049000000000000044	-15.706516591440511	32.19917929170862	17.085278201287615
0.051000000000000045	49.01020525904798	36.084095883793005	18.227458653530626
0.05300000000000005	-13.308977782955367	30.262632512020545	17.549376057304237
0.05500000000000005	-23.381553069690142	33.15140577321632	17.594169280769027
0.05700000000000005	-24.35767112418663	28.35203418055267	17.829600371792672
0.05900000000000005	-22.453701971514306	37.06622566834827	18.432883906458216
0.061000000000000054	17.23284092358668	35.786817826282764	18.31939377266869
0.06300000000000006	-1.5999856232129517	34.27960293498426	17.326800917332914
0.06500000000000006	-40.08186594151031	33.82593611221574	18.476824218143033
0.06700000000000006	-32.89445290666215	31.321299323002947	17.40100479016165
0.06900000000000006	-30.798193604075763	37.40589690895674	17.98285550638913
0.07100000000000006	38.93327105530808	34.11362620102393	17.608968452251183
0.07300000000000006	-8.17189732982282	31.731198556691027	17.290970403100438
0.07500000000000007	76.16840569535377	35.0859322609557	18.072528292483412
0.07700000000000001	12.943194473313824	32.87561808777332	17.43564817563547
0.07899999999999996	-47.13312825943561	31.670236248399565	18.70910399287109
0.08099999999999996	-21.383979363576167	33.934584986000885	17.429983230302575
0.08299999999999996	2.627443889346992	34.88164675609131	18.234664755440733
0.08499999999999996	18.183298603480225	31.560506412699354	17.087571156930526
0.08699999999999997	10.364246798788557	35.17554728592265	18.324648820501686
0.08899999999999997	-34.46586502764415	32.22278531376895	17.81948937040808
0.09099999999999997	26.15074121292693	36.986795186391284	17.17419647648675
0.09299999999999997	-35.84780638477003	28.999772188665453	17.4686617422838
0.09499999999999997	-5.136493824942079	32.662000164807324	17.046271967113775
0.09699999999999998	52.16060172430481	36.81615409150324	18.738987835859845
0.09899999999999998	8.256287255425931	33.50396600155375	17.734832881844028
0.10099999999999998	17.005536054215398	36.46995828550802	17.56366887936349
0.10299999999999998	-5.631465961442039	29.69606804817202	18.371896590697144
0.10499999999999998	-9.864102288315024	35.60499074427787	17.823477022388996
0.10699999999999998	-23.498539319710687	32.840975345492	17.482920947485493
0.10899999999999999	-1.3050571141537404	33.80400822967699	17.869402355671717
0.11099999999999999	-12.047652663493835	39.706531625173696	18.090747263702678
0.11299999999999999	28.058015486109866	32.233957115684646	17.293839653902346
0.11499999999999999	-39.58742776732915	34.1418881110651	17.769271321981797
0.11699999999999999	22.555247014111046	39.283833068050086	18.009905883758492
0.119	-38.0473533055925	36.430664026129385	18.322370840226558
0.121	44.7393704696708	34.945946386547995	18.13507359605799
0.123	43.21885255675895	34.94642989126754	18.285328029110556
0.125	-34.849806057946076	36.41789839255442	18.848826586607245
0.127	12.73172015481272	35.609070649040994	17.14802361958714
0.129	-28.359824535639788	34.30138599691554	17.761361186998435
0.131	7.221997696760241	40.19363534708085	17.88991621904854
0.133	65.08665065263486	35.06121673944625	18.158854122109776
0.135	-13.182711830928007	35.90025288297646	17.667924686721815
0.137	54.34520873981441	39.66343213317194	18.834946553159224
0.139	8.584232852770768	34.124629770449445	18.0416052055572
0.14100000000000001	-17.616201721470937	34.370626180926365	17.534664921333825
0.14300000000000002	30.613987124894493	31.809296144790203	18.525800580051325
0.14500000000000002	-26.953406862428864	33.850223139380866	17.262790440489717
0.14700000000000002	-12.876016907692467	34.43119697534807	17.671921058678787
0.14900000000000002	-6.882337706071162	33.343065475297976	17.960123791860386
0.15100000000000002	-35.05565342054595	34.264854380470524	17.989224536531722
0.15300000000000002	-0.16601037111652062	38.18587563995557	18.362904076142364
0.15500000000000003	-23.846651810432995	33.70416186730011	17.471806474357894
0.15700000000000003	8.677911955912165	36.09073657108001	18.402465265482462
0.15900000000000003	29.137098213505297	31.696369637942002	17.131766653229725
0.16100000000000003	-34.024008719213406	29.241464876911852	17.882613229487074
0.16300000000000003	39.45098204183317	35.72860983305897	17.899570041824187
0.16500000000000004	-2.0545089719492537	30.631079771848075	18.246203738101915
0.16700000000000004	48.15243731437491	38.44531773822159	17.273274201680984
0.16900000000000004	-1.9879408504897	36.52533328075753	17.948604095350884
0.17100000000000004	-29.984825933637715	35.75248722797109	18.04040430576175
0.17300000000000004	20.55609861906227	35.53966549884438	17.660288028700837
0.17500000000000004	7.197581839424316	34.49019513990148	18.322078772816184
0.17700000000000005	7.968117625933857	33.30796857448528	17.285983781919906
0.17900000000000005	57.023480042994734	33.24664093750111	17.952718719491344
0.18100000000000005	25.83078866513766	32.65140416226206	16.840927310154147
0.18300000000000005	-21.724722376270655	37.082459262717755	18.100646485354083
0.18500000000000005	-8.958242767365121	31.804860270478134	18.43195831506813
0.18700000000000006	54.82246400601021	34.11654818380382	17.607433827857147
0.18900000000000006	16.361523580421533	33.16222890831399	18.79256447764394
0.19100000000000006	12.737717079547295	34.71628179554058	17.662902852155813
0.19300000000000006	-10.399232985291995	36.629462844418555	18.22751437234895
0.19500000000000006	34.349157587820756	30.407370221303395	16.910425812809706
0.19700000000000006	34.67893719633075	34.573574175594246	18.124293534559744
0.19900000000000007	7.19613565713928	31.905306637185337	17.924016017164075
0.20100000000000007	-33.448595005314274	35.358208415499654	17.675665895268867
0.203	-5.903038209020828	31.488273462500143	18.14903678919101
0.20499999999999996	39.75101985220775	36.020098442835334	17.954635233016194
0.20699999999999996	1.0623165018763814	33.588698065851986	18.275934327000606
0.20899999999999996	-26.31649808348957	35.04665394763554	17.871446369017068
0.21099999999999997	-11.314750891888714	35.21919417788255	18.090623536949895
0.21299999999999997	-5.031295937873992	33.336554315504834	17.950056979410743
0.21499999999999997	45.431461401124196	33.18217340808228	17.874904164832266
0.21699999999999997	-22.956714337385442	34.873684996386054	17.12575929789336
0.21899999999999997	-15.603779580986021	35.080195746013906	18.89540223905828
0.22099999999999997	-0.8574997373278492	30.69308427648069	17.929887143099503
0.22299999999999998	-31.867578395128326	34.96987535769443	17.731215549781513
0.22499999999999998	10.627671997331944	33.28006274989473	19.502921735747456
0.22699999999999998	25.890011418505665	32.712977146283635	17.383598781961656
0.22899999999999998	-2.526678959058337	38.62295489727596	18.327942499317707
0.23099999999999998	15.016071469364789	31.977082882289583	17.780779798079212
0.23299999999999998	-16.268090592408413	32.45390656246997	17.47721679988279
0.235	10.551256828472688	36.31951991239503	19.20468194439177
0.237	5.563112754014554	39.23199117446234	16.97642744835835
0.239	-21.188062602650604	33.46359665046547	18.37405438434555
0.241	-18.20367449090199	36.508296514570674	17.059574887635783
0.243	65.86561937260704	34.91918552093817	18.426727181774144
0.245	-3.722557752716682	34.65222514665355	18.129045531764536
0.247	-7.759705476395595	34.485532391572086	17.740361361105382
0.249	14.597472488109275	36.33269633811785	17.90128399011455
0.251	31.380393674895757	34.67323299204306	17.4664836660469
0.253	-49.24596729460884	36.010741923363085	18.699981038810957
0.255	-2.3842088864300948	33.489771564848816	17.57093123008834
0.257	6.8529941676942485	32.41230692822471	17.98458071136703
0.259	-15.053662422936931	34.69718436327216	17.202464641262633
0.261	68.0814787175077	34.87866049347625	17.980127203114947
0.263	-61.06273768502479	33.12347528521846	17.425680666019563
0.265	-24.75356313658139	32.14320409908339	18.264195288806693
0.267	-20.445590707685035	36.971815867506486	17.43625245987666
0.269	-36.69475528611521	35.51820009736232	17.735629887342704
0.271	46.95452366454411	36.61374274678207	19.206502493507532
0.273	7.317877081858271	33.251035540213834	16.7587626678378
0.275	39.619360291398564	36.95984182854429	18.666699088093328
0.277	4.2039384902103905	30.767836037770866	16.74149249779739
0.279	42.92173627518103	39.830831385210786	19.104344075422212
0.281	35.35492899708892	33.79226373713402	18.45298672370267
0.28300000000000003	-12.572854448111848	34.02076321970138	17.962823313022884
0.28500000000000003	73.35900960914188	33.401610950727445	18.36339883357262
0.28700000000000003	47.24885396312217	33.761112576505354	17.45004791674321
0.28900000000000003	-30.333499897228222	29.890574117451898	17.64330970623629
0.29100000000000004	16.28132825892692	33.66925495095808	17.341429210691167
0.29300000000000004	-10.693925844407204	34.31245448116763	17.598617142608482
0.29500000000000004	-20.545636234214903	31.97549036654633	18.200547491687175
0.29700000000000004	8.494441454010015	38.77806598981391	18.366657411731076
0.29900000000000004	-38.167738090510994	34.21280443293327	17.99888933032573
0.30100000000000005	11.6314117764027	33.020914823389155	17.68228579046105
0.30300000000000005	-8.312282928302217	33.692053983297306	17.787429192746526
0.30500000000000005	5.822433064572863	32.11734650514993	17.405056994468673
0.30700000000000005	2.536967888655539	33.748361222644355	18.389831351095197
0.30900000000000005	-14.50176028794381	36.87991584590298	17.878304071113515
0.31100000000000005	6.685913840787094	32.43829436794297	17.786684553998917
0.31300000000000006	-26.229386541509747	40.00522719437067	18.49787526692529
0.31500000000000006	-18.625905491620465	33.738375853898255	18.091199371021535
0.31700000000000006	-11.37604024692429	33.87546167401088	18.20243800898384
0.31900000000000006	9.311389745247922	33.23196603045051	16.955925100815033
0.32100000000000006	17.18148039464573	37.931093676591196	19.39077683366116
0.32300000000000006	-5.071533932365924	36.360743368027904	17.40241836429013
0.32500000000000007	-1.4026259138599784	33.05934469100375	18.215009196743605
0.32700000000000007	2.039498577355303	32.51583062415177	18.270719076983042
0.32900000000000007	-18.300608696009135	35.077368486646584	18.699346494422098
0.33100000000000007	60.053128722481475	36.13156512816218	18.050534063535174
0.333	-6.826520226876909	38.29218316938777	17.6418483421961
0.33499999999999996	-12.585359556505082	29.743292813069978	18.121774576793435
0.33699999999999997	6.22187356791315	32.21870459283866	17.496945977522635
0.33899999999999997	-50.68526255402883	37.83680115515405	18.0015019219326
0.34099999999999997	13.084999509915818	34.72112613674362	17.294931243881617
0.34299999999999997	-32.049345374818294	34.655298688038016	18.704776003516578
0.345	-35.57100403628333	33.893089916374066	18.236671242085425
0.347	-5.118348235688686	35.11879607238342	18.248831853015172
0.349	39.783894373091044	38.23976325642092	18.725962880626312
0.351	14.552738698547785	30.87796147817611	17.478843329555737
0.353	-4.913814774520908	37.048213297349	18.82139505088806
0.355	16.31848378957912	30.873729356648887	17.11396500169
0.357	16.643544755723383	28.79551766860684	18.341155647135093
0.359	-7.376639408529506	36.31118885762736	17.430170618708363
0.361	39.51645333710729	33.27273990952256	17.670038258096103
0.363	21.036524204376406	32.797256427807355	18.626243118601735
0.365	58.63055573551712	30.101315089066635	16.97433113139249
0.367	5.330043865381384	31.607185222961945	18.39191350376295
0.369	19.474664714191903	36.8506306811952	17.720128907079935
0.371	-19.797930258635965	33.66996863411683	18.518693920292286
0.373	2.5833315806522705	35.140367837237044	17.997841471417267
0.375	-3.3986050652634603	35.50681299964753	17.348443380927932
0.377	-0.8625261322947608	27.76658657535326	17.09010804772526
0.379	1.2707410159684684	37.366205706782715	17.419848539363922
0.381	1.6303988346066944	32.73161696701178	17.59627786965334
0.383	-11.8791566708909	33.266003457473396	17.35471075019229
0.385	28.327938054628632	35.039409662728545	18.661029229110305
0.387	10.540367916478388	27.784278322841576	17.097018180657297
0.389	10.146099661323404	32.56064530886181	19.010280047059513
0.391	10.81343582076677	35.64529069629166	17.150519049917953
0.393	8.824756952074964	31.290440808473193	17.803056711049713
0.395	-14.855375705447038	39.03740571073304	18.10535222829079
0.397	66.95701420489364	33.8984578418309	17.642188264259993
0.399	-12.145625637449697	29.51691657021953	18.219626664464787
0.401	40.8100747175677	31.978296532166727	18.030997873146973
0.403	26.384488391872907	34.125020067823876	18.281379513058727
0.405	-39.54154661989229	36.612684128257555	17.20379569478526
0.40700000000000003	3.893573798485761	34.64499095371463	17.949848336627106
0.40900000000000003	-24.98248914106771	32.60571446730431	16.932387871880678
0.41100000000000003	45.52596870288639	37.87321436275017	17.76034370726865
0.41300000000000003	14.539266616875324	36.2363979028182	18.939942491556234
0.41500000000000004	7.6714270746958135	37.26030499956177	17.313095030941906
0.41700000000000004	31.628603900824004	35.390081007652725	18.340755441873025
0.41900000000000004	7.178770834226356	29.961385402786682	16.809387545836525
0.42100000000000004	19.08752723744911	40.28417360219298	17.889282548634885
0.42300000000000004	19.345584957530804	34.409221176288824	18.57967790709313
0.42500000000000004	48.031611721066625	38.11311166304656	17.894562224827265
0.42700000000000005	-24.81344610383296	30.74743402187306	17.679190792025548
0.42900000000000005	20.52289225629167	32.85253517587311	17.70263887123658
0.43100000000000005	-0.3193114022082	39.84042028971947	18.21065299004617
0.43300000000000005	1.3926974518074786	32.29515616082102	17.181021853789552
0.43500000000000005	-7.127988329358459	37.05228199687515	18.605204387277915
0.43700000000000006	-2.112607871085359	34.00823038972716	17.38255615580502
0.43900000000000006	-3.2308692619054113	34.000112256498745	17.893955944759064
0.44100000000000006	14.153772099678719	32.39444051114283	17.62436799558152
0.44300000000000006	11.621483771984131	34.832691685932026	17.892875548985415
0.44500000000000006	12.919270677702599	35.94731382326182	18.511469227245914
0.44700000000000006	50.490806810410405	34.75042305505159	18.3168842104222
0.44900000000000007	29.657985916253793	33.55464361944523	18.324990682147
0.45100000000000007	27.59040841904259	35.553277265310854	17.19555574935849
0.45300000000000007	44.86445418128149	28.422442758387554	18.17190797646268
0.45500000000000007	6.857064724030693	37.71614193821146	17.911250125112158
0.4570000000000001	-83.27713144651305	36.56325605315826	18.439603320770566
0.459	57.5839463083927	36.44568784143721	18.385673743491612
0.46099999999999997	-9.064878966569268	39.88309924193808	18.11320147565019
0.46299999999999997	-10.43903744057939	28.453897461548898	17.806439093205803
0.46499999999999997	-57.454931920997154	30.506551750294403	17.279434358268084
0.46699999999999997	24.973684508600158	35.91449600171493	18.80611882528447
0.469	27.37298772559349	32.15877984482398	16.966285570808868
0.471	30.771813798180503	32.96550164053609	19.37839812728251
0.473	-18.575469628356878	30.7674885350005	17.651465154265864
0.475	8.663015427901044	33.61300252702111	17.656630772335657
0.477	-29.468941206256538	34.11371733845026	17.83488366137813
0.479	-61.0423104132618	35.6444667938218	18.37890283669632
0.481	25.52475194494974	33.57249440821661	18.336392393585914
0.483	44.936816447016525	31.480153133959334	16.91997032661638
0.485	12.670543185988592	36.41098639885412	18.857034451178073
0.487	4.360582908535804	33.409835993096486	17.837037597992172
0.489	62.98346357813678	32.875708265650495	18.53136891338393
0.491	14.827443397757989	33.13018422384917	17.8210148397474
0.493	19.3871830369563	32.19018466040444	17.36184644541472
0.495	37.85093871933043	37.38648018419547	19.19502066366495
0.497	25.757089321176707	31.933636448583798	16.914476402265393
0.499	-30.148049770195584	31.506998299188403	18.547064837264507