-0.499	17.28350450824756	20.919122955403203	19.215211180156437
-0.497	-10.74692943658917	22.673423174187317	17.69827432783381
-0.495	48.24654894108882	18.732133090709553	17.3241300102611
-0.493	45.03988847992524	21.3315732645282	17.580095717239303
-0.491	45.18318783186537	23.140897230655675	17.68470844925257
-0.489	1.4252730915487177	22.35070843505094	17.399528065096256
-0.487	15.618163517361339	21.698502718386592	17.012736105493335
-0.485	26.752985936351337	19.041173143198026	17.445241439778265
-0.483	4.437876506946381	20.93066375445962	18.166799068641165
-0.481	45.28761192856834	21.35870910670119	17.66635279023237
-0.479	-9.402354953613745	18.972841585688947	17.460847370927702
-0.477	21.38770438486759	21.876455921263112	17.264320955987245
-0.475	-1.186176300072006	20.752953693566056	16.930428459460735
-0.473	-20.093235871154747	21.428212376206073	17.19245677766947
-0.471	-30.664943451053084	22.363809833992583	17.697234185710514
-0.469	14.426991969074265	23.537588022225357	17.557444345014364
-0.46699999999999997	-11.272564127584594	22.26550725600222	16.585221833411296
-0.46499999999999997	1.4235463308143181	20.367651217450824	16.95943802400285
-0.46299999999999997	42.476159285653736	23.233160326897014	17.925089797750186
-0.461	33.34041258984399	18.57586372115641	16.976352569450267
-0.459	9.029686615757981	18.738865493635302	16.920341997791596
-0.457	6.187786803835138	18.43224857237974	17.860609086874117
-0.455	23.037680941140337	19.876561984673902	17.342924570188536
-0.453	-1.0812444967145396	19.092495794002676	16.820019914049016
-0.451	13.971437595738934	21.002857293330877	17.396397123738716
-0.449	9.578752619310293	18.159084424202494	17.04106483210254
-0.447	-6.7773257350634	18.91931100479925	16.901306140106364
-0.445	1.0991590000397622	20.653805524677473	17.15975632093857
-0.443	24.678567506875027	21.12474258907417	17.733668877815578
-0.441	63.128704443471406	22.36128204816864	17.789074533947915
-0.439	7.165175918810718	19.48335907742562	17.435223872671035
-0.437	10.52448661509331	18.856754100718106	16.701679680187322
-0.435	3.3058871746760587	19.84011664781339	17.738244598763288
-0.433	15.42369867379989	19.589938929053794	18.516378104823293
-0.431	7.138135369011422	19.8399126400227	17.655934252112512
-0.429	35.769656079098766	22.576041739252204	16.85058016359252
-0.427	35.447301917956864	18.676914910210378	17.19874950838006
-0.425	13.319766245745157	19.945466715447914	18.211315517495237
-0.423	11.562139385246084	18.609405162716683	17.068631164788094
-0.421	-14.44708940179229	20.050985065479555	17.222104529032567
-0.419	-17.486466402094614	16.344576087600963	17.69577464701879
-0.417	15.525156404017082	20.047133629880182	18.079374453101504
-0.415	22.33485542513236	20.820792221579783	16.769850822388364
-0.41300000000000003	-10.598407208850524	22.45945534830707	17.809282212246256
-0.41100000000000003	-9.235511053473644	21.431106587275508	18.133069832628834
-0.40900000000000003	28.17776826935514	18.864384418305466	17.22362040689081
-0.40700000000000003	13.521657214798921	22.453821884505842	17.25877470928415
-0.405	9.847723934086616	23.2334383943384	18.284050659306416
-0.403	36.874744072212806	20.200605167291755	17.730573933097222
-0.401	2.0449152913215585	20.781719577250183	17.03158360511083
-0.399	27.369109711239403	20.901900796674784	17.897564197629645
-0.397	1.606861727232456	21.111751689995675	18.01414925555917
-0.395	4.891432086484571	20.708238581018065	16.948629905503875
-0.393	24.296239472754166	22.610887085463744	17.322223256101637
-0.391	-16.86780555798517	20.085898135150714	18.016109246367293
-0.389	27.07090261888645	20.760587657130355	17.193242156521844
-0.387	14.068488488616637	23.39235042975441	17.907071146789153
-0.385	38.784302804684145	20.983939889061404	17.284076173130043
-0.383	20.310927802302814	19.838549337503085	17.487188264665686
-0.381	25.459618644418924	24.493203139282823	18.35090789000598
-0.379	-22.919424985223813	18.5508924798638	17.002783866956126
-0.377	-8.834760661158292	22.583691764830714	18.109490320455436
-0.375	-40.19459998516606	21.21778572450211	17.877302411426832
-0.373	11.002796829640005	21.865659755859575	17.113360652442346
-0.371	90.1516197562291	20.893318736032626	17.130177019959778
-0.369	0.4434152696131122	18.032226620932175	17.19867181948505
-0.367	-33.24183164166161	22.825219131030373	17.55932965092903
-0.365	9.405999622069672	23.86803672373951	18.420749771541004
-0.363	-4.056759518200614	19.22100057023824	16.974926868252275
-0.361	-11.584515791640548	22.373598788841154	17.675041831766993
-0.359	-13.132616637490102	20.494630852970417	17.457837186421894
-0.357	65.41887182542894	17.84528263960431	17.41526027382142
-0.355	14.362845945914415	21.72062258592641	17.795011625686428
-0.353	6.717151831869828	20.874797090533423	17.58538528349365
-0.351	14.764863575322806	22.247592742493296	17.33469388066055
-0.349	15.667213090209131	22.74142380108365	16.851265312730572
-0.347	20.261571851198923	20.13659183830053	17.845499734161884
-0.345	52.765484026107146	25.380033573716112	18.177972497483687
-0.34299999999999997	14.175832454998982	21.9693664996661	16.94352309833429
-0.34099999999999997	8.970430075860847	18.347188026328173	17.551081575764197
-0.33899999999999997	41.97579108189409	18.16999493841769	18.086973029962206
-0.33699999999999997	9.385609054390898	21.3824382006431	17.512011786593416
-0.33499999999999996	4.644620501759178	21.522264422617546	16.98483867795691
-0.33299999999999996	-9.090567198444255	20.20213676964347	17.37391360780895
-0.33099999999999996	35.495967781074	21.90919344575624	17.573165145233084
-0.32899999999999996	20.162221847641604	22.089173531089823	17.627244361314386
-0.32699999999999996	30.82188079672754	19.312603390246043	16.842118088628947
-0.32499999999999996	17.052923938498665	24.21005813624608	17.076800323795663
-0.323	12.02136990618996	19.35291311168344	17.16998540017523
-0.321	36.57620731778444	22.04566220476925	17.4912064140642
-0.319	65.04038107069121	21.46572231882704	17.572291724280966
-0.317	2.1518533044329047	19.996903014025655	17.655450583456897
-0.315	12.082448261452328	22.183752857270466	17.917006816669062
-0.313	4.892077866136546	21.482348004755142	17.25691942579808
-0.311	15.18500126973521	20.843933840758286	17.229607520422533
-0.309	53.480463807042966	18.65568495119649	17.12182245016354
-0.307	31.57576010348606	20.562744023528996	17.33126443993521
-0.305	-7.078073481325831	19.004446103223383	17.100507784883515
-0.303	7.351474106576106	20.252428751144652	17.41805899635649
-0.301	3.276634632287667	19.521268394574893	17.491967840008872
-0.299	43.52100470006448	20.518794404149006	17.398500406711634
-0.297	9.253010652798821	20.678600840499083	17.557506681671942
-0.295	35.57599118586552	18.92670157089361	17.540618263475793
-0.293	8.818092231077657	22.282088003287022	17.626630880518498
-0.29100000000000004	-2.1057248856815036	22.396206242496305	17.29637763147522
-0.28900000000000003	32.959056838643974	20.019640948133556	16.902974535032175
-0.28700000000000003	9.852706969182279	18.888933413020172	17.520978127493155
-0.28500000000000003	31.231666562048233	20.821290860931466	18.226002617310648
-0.28300000000000003	-8.195814254263745	19.844599585204744	17.078596697412998
-0.281	-23.52795599214197	17.09459689408105	17.445631328137917
-0.279	30.498237006959528	22.80287591761293	17.515769529376527
-0.277	-19.042917856038066	18.977889152944176	17.23447983039702
-0.275	15.855029930289533	21.245060625525014	17.03325692980385
-0.273	11.43343751097703	20.954123786209795	17.17020112203557
-0.271	-5.42628423172431	18.271572819775685	17.270144059242327
-0.269	10.812764593692847	21.70848280296572	17.272228532462325
-0.267	9.498618909198342	21.476676738967154	17.21675967240923
-0.265	-23.969673582535655	22.058554194061045	17.143704821493426
-0.263	29.93893692937455	21.841236788551807	17.809539501084025
-0.261	17.550279123978996	22.925912660138778	17.854726696482665
-0.259	26.608871617206376	23.277436527510144	17.766421428452336
-0.257	29.692545564952155	19.50726584697849	17.7929945361658
-0.255	14.252622182020502	22.582333744529734	17.944857187114092
-0.253	26.203487103693135	17.690037650468774	16.977271757145054
-0.251	42.12997939090357	22.17326967983118	17.911917057678732
-0.249	24.293027447663817	21.36805147687024	18.471965288671928
-0.247	15.200933698000796	20.419901072134373	16.922035225413012
-0.245	-2.6616091610698334	21.539960634263828	17.502534130590472
-0.243	2.555929149439251	22.20348987657659	17.607002518555326
-0.241	-3.03561643777428	18.340367400738177	17.249166627598925
-0.239	-13.889753539220173	18.432954810179115	17.53333043469291
-0.237	8.7018881418377	22.504971295159798	18.490783597331667
-0.235	50.08348875223945	23.741415414241338	18.034310363537262
-0.23299999999999998	-5.578708580866731	21.887616268686767	17.714078221037646
-0.23099999999999998	36.949651711193354	19.89828361819718	17.467037778693555
-0.22899999999999998	1.9542077818179848	21.588497914213978	17.595032044386965
-0.22699999999999998	-18.736830070475996	24.919766169435693	18.359881021270834
-0.22499999999999998	-0.9226250566873873	21.007286592255614	17.89173114423184
-0.22299999999999998	35.140128390453995	21.864268106800566	17.95575132636332
-0.22099999999999997	32.37527271626739	23.893599669110582	18.420258402449306
-0.21899999999999997	-43.630346243994644	23.770365313040806	17.525704793662577
-0.21699999999999997	-3.563094938763278	20.500741312634347	16.715856142372395
-0.21499999999999997	31.887094975813213	23.2963902772543	17.715518446371874
-0.21299999999999997	22.643567188618263	20.477054563516827	18.070910921511594
-0.211	1.6521925021439898	20.462205665305746	17.45781973037363
-0.20900000000000002	34.6357080789339	18.598708202709336	18.043353090102386
-0.20700000000000002	-6.434129442789427	22.240638868420533	18.020428532595233
-0.20500000000000002	-19.616060083493814	20.009793478020306	18.14535625152789
-0.203	34.52766540279484	19.323358200073926	17.65403102103755
-0.201	47.087458530992166	19.39000332623408	17.561440685088872
-0.199	8.431199899572306	22.543825824281928	17.639185475443604
-0.197	16.986318627454366	21.042008582438342	18.269401236301555
-0.195	48.043529949248764	20.403534012116317	17.75851060713031
-0.193	17.505213973478817	22.615898852941044	17.612134291643542
-0.191	-11.090638875277392	20.894522671392767	17.722580821683994
-0.189	-23.175229760585836	22.331992101772535	17.542693996783914
-0.187	-4.9861071967916	18.148016115453643	16.49061918635017
-0.185	-31.17073073455323	20.367210230777907	17.346234227957964
-0.183	35.45885226685641	22.007341013348956	17.43255202840651
-0.181	-17.49553686480887	23.527111055837885	17.3307795104172
-0.179	2.0546484156280798	22.718442301861522	17.149356064371513
-0.177	27.89609602737997	22.83161926256223	18.103495618394206
-0.175	5.1877241344922	22.158387209337814	18.01739470322556
-0.173	10.803739577180949	21.247745489962018	17.60558867661652
-0.17099999999999999	36.84461172825948	19.1940311599352	17.560741704002282
-0.16899999999999998	-23.370699860691957	21.768596840499907	17.813733149100887
-0.16699999999999998	-14.474088221971826	20.908949833390725	17.457374301956012
-0.16499999999999998	20.485563017258457	24.11551866092759	17.790304383929122
-0.16299999999999998	17.376706120675323	19.32167162082626	17.204391334298762
-0.16099999999999998	17.224030834483983	24.755452903852756	17.450339064566524
-0.15899999999999997	42.76503864297787	18.67704165364082	17.091466892886178
-0.15699999999999997	-20.762232948112747	20.96480321727487	16.786846963568514
-0.15499999999999997	-18.753858915254717	22.969693012241066	17.279273263809987
-0.15299999999999997	-5.156537301709285	18.990662180703648	17.706217171558674
-0.15099999999999997	35.65272941319364	19.58844603086635	16.635978456176137
-0.149	-49.69392370435255	22.687392686994038	17.5498688314833
-0.14700000000000002	28.426129011549506	19.352974061801746	17.781376313711586
-0.14500000000000002	5.457532833874623	19.54847298153243	17.519069375867698
-0.14300000000000002	6.188479178437234	19.647257266155282	16.60680576791296
-0.14100000000000001	36.4671920967119	20.9893233204016	17.602109171956513
-0.139	11.19591560949651	21.536917399295163	17.72359850516979
-0.137	-29.33557399753539	19.015568507228732	17.515856091881222
-0.135	-19.159797117529465	22.206212792892245	17.075952053646674
-0.133	12.379480529789433	18.76627673327388	17.947974090817212
-0.131	-12.49697749416967	21.330677242820308	17.51823691332735
-0.129	-18.295414049185332	21.740800009613334	18.165386626649504
-0.127	42.19511076319904	24.819466255617602	17.994630038548067
-0.125	-43.25630936419245	20.187044365370184	16.944463592565697
-0.123	-32.85780835260432	19.643961346898376	17.783942140658134
-0.121	10.638678547003622	19.03964193491246	17.19120211010683
-0.119	27.026404942898097	21.583323567303633	17.479943768633635
-0.11699999999999999	1.1751468298459855	21.21789366844541	17.262512712197644
-0.11499999999999999	-14.725711545038322	20.367247083994908	17.206769425738102
-0.11299999999999999	15.65313403140145	22.594809696190108	17.95600352222214
-0.11099999999999999	-45.172023930950544	21.48231435183712	17.993215161637607
-0.10899999999999999	3.832060146313765	21.292240085049087	17.514920455215975
-0.10699999999999998	41.885831029153664	24.513703591065934	17.915939181764994
-0.10499999999999998	-0.916691713426232	22.014360195091257	17.886369102006395
-0.10299999999999998	33.07135449448495	24.373925685361346	17.406862403365956
-0.10099999999999998	15.585998338618623	20.081130335692155	17.72669458857977
-0.09899999999999998	16.456937167896868	21.78379214380367	17.315532265057495
-0.09699999999999998	-3.781060739616038	22.620365564785388	17.217660305007975
-0.09499999999999997	24.764624883655273	23.988414035743812	17.88993066962562
-0.09299999999999997	12.520178524155767	26.69331012353454	18.30597376768029
-0.09099999999999997	-27.38504852861645	19.156017251591983	16.76284176726072
-0.08899999999999997	1.6128604087839449	22.823313993152777	18.564916639838263
-0.08699999999999997	28.619631343929086	22.81525351997035	18.083271606148124
-0.08499999999999996	5.077478940629376	22.18705031661201	17.435827992408015
-0.08299999999999999	25.687257305451183	23.424418490524097	17.707518046075073
-0.08100000000000002	-30.023736158901748	22.753122580242806	17.74070086886821
-0.07900000000000001	1.7788410948682554	22.446806378671372	18.280729556807458
-0.07700000000000001	19.018819449101443	18.350850818046013	17.156552478965757
-0.07500000000000001	19.04980141853585	23.607745993360798	17.954603230265235
-0.07300000000000001	-4.080027079966797	22.48124162958072	18.54716645408709
-0.07100000000000001	42.94455583497836	17.827788537542762	17.123711963194943
-0.069	9.888852870787446	22.80436016978558	17.888730714368144
-0.067	19.262235747774525	18.735261638393336	17.962072294116485
-0.065	31.28784895611858	24.081328659951037	17.853692726431984
-0.063	-20.446853263633713	20.995776317273812	17.258036850853735
-0.061	50.8782225097093	17.87040964879435	17.554472314550477
-0.059	29.294588697492685	20.585922609100614	17.653526104197404
-0.056999999999999995	1.9251397811448356	19.550923431182817	17.71778433279068
-0.05499999999999999	1.7585175891010607	21.85778920676411	16.96072338911072
-0.05299999999999999	11.949372258790447	21.932711583180755	18.292922676107928
-0.05099999999999999	-5.479603835234492	20.843807291576447	17.318892125525405
-0.04899999999999999	5.3167995361924625	19.274551270242185	17.740766595355595
-0.046999999999999986	23.422126629091267	21.32818321602202	17.778222897898345
-0.044999999999999984	10.876110442259446	25.848309591996227	18.246745051500596
-0.04299999999999998	0.697349969325245	21.73157951104792	18.09989816033856
-0.04099999999999998	-13.052522591205928	19.891402969294226	17.568237742769913
-0.03899999999999998	55.06996471416059	19.90430975452368	17.377114201527093
-0.03699999999999998	12.831127905288398	23.524223266673875	17.46053615916506
-0.034999999999999976	9.891234340253519	19.69094081703051	17.66087677910303
-0.032999999999999974	-37.284788292346605	23.1446291426977	17.1396699159326
-0.030999999999999972	19.563562436264448	21.961128486484704	17.769455862178173
-0.02899999999999997	33.224551378774336	22.935968561351977	18.711612832409077
-0.02699999999999997	-11.985696879435181	19.024473609141506	17.781006476225777
-0.024999999999999967	-6.018304258614826	19.94028121754076	17.444956491913295
-0.022999999999999965	-57.23176450767031	22.403413625291197	18.419461949125395
-0.02099999999999999	-153.5463524195979	24.869461501096318	18.16398013803924
-0.019000000000000017	-233.2594238428909	24.4240926887635	17.794112569267664
-0.017000000000000015	-251.35783780239063	23.599127678509863	17.524374984070725
-0.015000000000000013	-244.12021359931924	23.157167197384375	17.717754858940708
-0.013000000000000012	-241.18979752607572	24.087137880162174	17.936434297631987
-0.01100000000000001	-256.1079491631979	20.28019381063071	17.03741841850363
-0.009000000000000008	-308.39450036612703	23.810176942030328	18.61317238922776
-0.007000000000000006	-305.54350928779786	23.20376156624621	17.871800872065755
-0.0050000000000000044	-281.4701786979512	21.20649859875561	17.581167522914978
-0.0030000000000000027	-278.049113609069	20.835980224443258	17.685766902758772
-0.0010000000000000009	-288.87102676344864	20.945200694562676	17.8673448371472
0.0010000000000000009	-300.2462183955279	20.06734603418382	18.172499569183252
0.0030000000000000027	-304.3700193666732	19.78256947994387	17.73483913225677
0.0050000000000000044	-284.9395050247283	21.40448531090889	17.773375794107526
0.007000000000000006	-299.4139706229415	21.383472869944978	18.769994507669864
0.009000000000000008	-296.28770948897375	23.38361477990855	18.914846003233297
0.01100000000000001	-301.3343438743599	23.54748069708414	17.337084081647436
0.013000000000000012	-250.55823779807085	21.48179085323393	18.103237563947328
0.015000000000000013	-227.99575357235202	20.425636246717623	17.982914971056108
0.017000000000000015	-286.78946906435243	24.888063032851143	17.588169993254496
0.019000000000000017	-202.03388916817389	23.328400149699995	17.261572603099516
0.02100000000000002	-183.88886808451412	20.145538071565987	17.96346596961256
0.02300000000000002	-41.252404314851	19.88374447930788	17.90780672716077
0.025000000000000022	-47.08601226355302	20.535160857702994	17.870610255677565
0.027000000000000024	12.635132999649912	20.48224722017547	17.62934195461391
0.029000000000000026	0.7672417980941759	21.31857031852119	17.656105001564292
0.031000000000000028	4.4345238860987735	19.007069143450664	17.14928223276137
0.03300000000000003	13.647415793904827	21.167238277998337	17.891744398684533
0.03500000000000003	-12.841692092813162	20.371024442918664	17.126923575201218
0.03700000000000003	-16.686057582870895	19.572794126537964	17.561797658115573
0.039000000000000035	20.32641873550567	22.627742836011247	18.436776258016774
0.041000000000000036	28.72524358155104	19.104147312807928	17.10138811783562
0.04300000000000004	21.16158886944497	23.11866929331237	18.149770809359214
0.04500000000000004	-6.973201471360824	19.50041430730339	18.57632600717858
0.04700000000000004	39.18117271961563	23.66593950461483	17.854957962585086
0.049000000000000044	9.887066748648365	19.37647306221554	16.83727698854103
0.051000000000000045	11.248317140388764	21.4762555559874	17.930398516236362
0.05300000000000005	1.5824095520589054	23.165130717226663	17.530628731374684
0.05500000000000005	10.040608639183546	19.72577901415155	17.858284622367815
0.05700000000000005	23.373431450091076	20.649259498392922	17.208280807077422
0.05900000000000005	10.394900827437326	21.17709269212329	17.885574589269915
0.061000000000000054	-28.23915613925365	20.76451842166466	17.3380685798283
0.06300000000000006	-3.9469671043734778	18.896340819007346	17.181526184728277
0.06500000000000006	-36.10923176200487	22.90438409579949	19.132657922903526
0.06700000000000006	20.285403554254344	22.889490523621525	17.803896987639405
0.06900000000000006	-8.38568632033354	19.410983043522453	17.396244760671983
0.07100000000000006	51.60804830173227	21.331208562566236	17.164624830924843
0.07300000000000006	2.856545159302115	22.95762668149622	18.947470617275034
0.07500000000000007	-8.258497938395948	18.034997562847536	17.63549018067174
0.07700000000000001	-19.180081401781734	19.374998418484022	16.839744579654482
0.07899999999999996	21.852871437078036	19.6813615293008	17.68441547287111
0.08099999999999996	17.47630397330724	20.076507915685124	17.1284331893846
0.08299999999999996	6.223290128115622	21.72692373011656	17.50093293891022
0.08499999999999996	14.297410115604592	20.956251662972875	17.440524705851395
0.08699999999999997	11.561791397385335	19.9817546494942	18.054804903793958
0.08899999999999997	39.10988983024666	19.797746565809646	18.137090193037157
0.09099999999999997	10.880460823869953	21.90814686017596	17.945417239559795
0.09299999999999997	-51.66620240992792	20.013662857546503	16.645080422269793
0.09499999999999997	-4.00238772380046	20.839615320290488	18.017316231403502
0.09699999999999998	37.4410566279515	19.56094109015587	17.62236260661505
0.09899999999999998	12.469416034610603	19.99240636607931	17.104748711671437
0.10099999999999998	11.805134878084544	19.44070276367642	17.80719201849819
0.10299999999999998	9.596602197126103	21.87672188919347	17.725352135886713
0.10499999999999998	5.6930244942687835	21.415294045966274	18.31415717007541
0.10699999999999998	-0.7196002226317333	21.602324696532573	17.023835579726768
0.10899999999999999	-30.778562704281143	24.299701895815815	17.752657363445678
0.11099999999999999	0.9670961056418292	19.46955941048527	17.946315570398344
0.11299999999999999	10.140632018318385	20.37856573564236	17.53265798174909
0.11499999999999999	31.108471794105697	18.190978574152627	17.053983621189158
0.11699999999999999	30.79784189741197	23.371010393653425	18.238964458026704
0.119	-16.73501222199114	22.662727248794866	18.14108705536388
0.121	37.39910951128245	19.36497639817571	17.031655340736425
0.123	5.145018434626891	18.427474550161865	17.980642819458602
0.125	30.60040703517508	20.72783232955149	17.315516348262413
0.127	-8.746646518509316	19.849363894699497	17.37925014705725
0.129	0.42911784214894055	22.82861760193047	17.121568573266863
0.131	22.12057824446667	19.59171321319267	18.1022904623817
0.133	4.030405848620688	23.836316753030047	17.942022785980292
0.135	13.661179075530328	22.124146828933284	17.55175297046405
0.137	50.34212751242606	22.345902389099013	17.2081776489062
0.139	23.132629826783102	21.26537806477661	17.063509699318992
0.14100000000000001	-15.704897611601432	25.640421677196812	17.56845006084362
0.14300000000000002	41.13533535132774	20.24120318029136	17.19019990872565
0.14500000000000002	16.02190401439607	20.35385351105639	17.186793255829393
0.14700000000000002	-12.944380625490304	20.833025427971222	17.08205580698497
0.14900000000000002	22.430007123430684	24.247961759675903	18.00966345759117
0.15100000000000002	-5.795164648825235	19.526712750781066	17.068636698616444
0.15300000000000002	6.810840261994855	19.628998420720805	17.829837343299005
0.15500000000000003	13.339875589712946	19.030696455098315	17.508362211310917
0.15700000000000003	2.9271132775399167	18.154062151440105	17.365446183702968
0.15900000000000003	5.398089724995003	19.12348280137182	17.041518421505852
0.16100000000000003	15.728858215879882	23.157062351461544	17.92410540550246
0.16300000000000003	38.095242048452604	18.902408589584088	17.48423691155901
0.16500000000000004	-25.676212753067418	20.031777964790372	16.970371415360646
0.16700000000000004	23.938802922618407	22.700771012516256	16.975497350354246
0.16900000000000004	33.25069914339451	20.898201784702085	17.938709870752774
0.17100000000000004	-47.86413202406692	21.88516762632033	17.670250455835493
0.17300000000000004	11.100703406485835	21.50804381827938	17.20049479383777
0.17500000000000004	14.69314603741445	22.667723607195835	17.567616670617046
0.17700000000000005	7.414301194774708	18.255362271731233	17.685425000385393
0.17900000000000005	-4.901347349761664	20.272820379142786	16.967347453396815
0.18100000000000005	-14.840030369334123	21.13346679332115	17.388536941433347
0.18300000000000005	-39.49093492783273	21.418851542061027	18.381766496807753
0.18500000000000005	39.03158566953557	20.556620475784026	17.156879811350407
0.18700000000000006	6.393964611550729	20.662257848617475	17.035107023260405
0.18900000000000006	-7.078865102649878	21.431836894194355	18.37236116932077
0.19100000000000006	21.376778644333072	21.26489193569421	17.514617233419767
0.19300000000000006	27.08383281180282	17.887810154228724	17.22574906130865
0.19500000000000006	13.193117286869338	21.333199195177695	16.6927770460039
0.19700000000000006	15.380919955676475	20.959938172797678	17.910929316427637
0.19900000000000007	-0.8928098965688136	23.53625497282471	17.153505302484735
0.20100000000000007	-0.06361455273662386	22.62175758333868	16.782211626850255
0.203	5.073895950724605	20.119424275276387	17.428637405416723
0.20499999999999996	16.683026555330827	22.371653636320886	16.92353721751432
0.20699999999999996	29.404962475609864	20.254966742426348	16.94297987485772
0.20899999999999996	-31.4567395988119	18.551673856155553	17.572112444755152
0.21099999999999997	28.286080037576156	19.051863032873584	16.695348511134128
0.21299999999999997	18.948660385875726	19.12516867660229	17.358535056681237
0.21499999999999997	-9.418605401712021	22.355854102639483	17.75159481941698
0.21699999999999997	28.353109855272507	21.02586414216829	17.118622242240725
0.21899999999999997	-28.511470140046846	21.783399623023065	17.845479315143123
0.22099999999999997	11.173697611832623	20.902645787281923	17.34390843478344
0.22299999999999998	50.13694466970975	23.507418927848633	16.858205079859623
0.22499999999999998	5.622837050855978	21.066843889056752	17.34644549750915
0.22699999999999998	6.428552417947486	18.846803856616216	17.411039773591686
0.22899999999999998	21.160999945868397	21.115097448241933	17.118182991968688
0.23099999999999998	-0.4353211187080319	21.49945379836297	17.06069139324074
0.23299999999999998	4.113021148111073	21.79402092000994	16.70587152991844
0.235	5.124870978256979	22.237737422501716	17.535877747207504
0.237	24.378994021523326	20.497520198819128	17.05870617576829
0.239	32.57959999869442	21.21965713784389	16.57871019336277
0.241	-10.662010628492702	23.78270074097633	17.361848465590427
0.243	15.995918303479684	21.80425218653935	17.258336433949356
0.245	-2.1915127051963523	22.455090369896208	18.055800816388214
0.247	-10.7951850931709	19.319455524470172	17.19540304862136
0.249	20.182263110513077	20.227662409810318	17.13038821133231
0.251	-28.213792248155123	14.77625163941818	18.42704103029805
0.253	21.44455457564476	20.446167670672782	16.81460800453589
0.255	-5.897921566577757	23.03002600858827	16.85593497665235
0.257	-19.41814635775252	24.41625445897315	18.318097336213597
0.259	-9.570794430868723	21.66647161576793	18.042980106356612
0.261	-16.83321726009268	22.694918953574906	17.24289066187704
0.263	22.74685891578976	23.877285996969206	17.258004914464305
0.265	-4.0288866272053525	21.734704447701365	17.127723893892373
0.267	-2.340396300537506	19.72344578656287	17.648081656606756
0.269	31.24145000255041	19.533359729779367	16.981468511489222
0.271	-0.018989239514155543	22.70004794603127	17.962057749498797
0.273	-40.18582729214959	23.28436681682219	17.143302940170805
0.275	5.003458200647515	18.825870747744858	16.67654749495152
0.277	-6.312067423630552	20.948393742859878	18.23156258494033
0.279	6.188535854878552	20.91143181168182	18.021914815914162
0.281	18.246268893573614	22.27282473617694	17.85326801440189
0.28300000000000003	-4.024798910595706	18.981813416913752	17.659884626627118
0.28500000000000003	-2.6100735823764154	22.39461770047776	17.777672546223734
0.28700000000000003	6.466386402337321	20.617148067910463	17.656270625984618
0.28900000000000003	-29.125851935929425	18.40883522757767	18.053732237513948
0.29100000000000004	14.076778415139657	17.685691871901867	17.534689239440052
0.29300000000000004	-0.5154451088174028	20.32203352758774	17.40596489611214
0.29500000000000004	1.0893728645822165	20.05092284971043	17.611036598192566
0.29700000000000004	-6.252371075987639	21.117412753543782	17.969895126264493
0.29900000000000004	-4.526917664837704	24.245236033922662	16.854627309606943
0.30100000000000005	4.595838952514697	23.230398951293985	17.584737912304266
0.30300000000000005	-36.608124055814706	23.550796844115556	18.432278318360762
0.30500000000000005	15.048938128758849	21.965674273639017	17.084434562956158
0.30700000000000005	7.091699502081994	19.52171124432752	16.811542784868667
0.30900000000000005	25.604593746342275	18.66683557639131	18.334215973864808
0.31100000000000005	-2.172660992338926	20.98418363051387	16.980656911694282
0.31300000000000006	29.213521258064645	18.912774298035377	16.74194690398817
0.31500000000000006	41.131523156323624	20.216700211616875	17.992156745677025
0.31700000000000006	1.2690019470795733	20.601792864054527	16.63158826261843
0.31900000000000006	21.655556068589377	18.1979840068952	17.325120492796376
0.32100000000000006	34.760657991128596	22.709309791473263	17.145107186497157
0.32300000000000006	-10.090350002656123	23.415919733497795	17.300150960984805
0.32500000000000007	31.553340387624473	22.711126645734442	17.667527335910282
0.32700000000000007	40.032503878073555	17.52007235382208	17.049897184942267
0.32900000000000007	-46.1063720373911	19.785965859584092	17.452222194633105
0.33100000000000007	2.238989758929222	21.45354392559498	17.33430972351759
0.333	14.492313295644266	20.384873487992525	17.56459980468205
0.33499999999999996	-18.943038493812736	19.51814682783278	17.376127743696642
0.33699999999999997	15.981170109258258	19.483785363755537	17.003949196986497
0.33899999999999997	-5.0049197526380595	18.218373035084195	17.37712701268421
0.34099999999999997	-1.747596363732562	23.339079120646034	17.67068694801349
0.34299999999999997	9.92253494258577	22.251364943806134	17.603679921319237
0.345	-31.89984976192939	20.295409529202026	17.175342613683974
0.347	12.920160847418316	21.850712969025352	18.03683499440584
0.349	-18.758990849687684	22.5741817828844	17.12170568364506
0.351	19.16846684180129	16.69431867381627	16.91968193212974
0.353	26.700489036635133	20.739216767583915	17.018289424698427
0.355	-4.566129088168225	20.769325668208083	17.890879044934337
0.357	-3.554647068804151	18.96060065285759	17.000220295559387
0.359	22.24111910664739	20.818228238690903	16.892598448003866
0.361	-58.14461026765194	21.081638592252034	17.272374397958508
0.363	4.293500965202313	18.98961891208404	17.08378633415157
0.365	52.639895531836345	21.842227559069663	17.032146886860883
0.367	-36.244559909137664	21.780328652734276	17.317945864153227
0.369	4.799604766070331	19.85916332757739	17.54130691695431
0.371	-1.6294630580393488	21.96045569303755	17.0451089111804
0.373	7.604848688780308	20.457549833333715	16.95407946217191
0.375	9.484308047369439	17.613074635477936	16.805633770045002
0.377	39.27657199298551	21.38426628258109	17.31469504638011
0.379	7.86338169223022	18.984424227218636	17.2110641177363
0.381	-16.80315746088734	21.415086279279397	17.65870168194453
0.383	26.94038190576009	21.172607442908614	16.961427184996978
0.385	29.125827661014014	19.487559612138977	16.866228593284582
0.387	7.73792193098366	20.587689316608046	17.649261688929602
0.389	7.757192246327094	21.083929706903575	17.237809014524405
0.391	14.911928830629861	18.9558995276092	17.351533976291126
0.393	35.26670299902612	14.51683165189322	17.26285745025684
0.395	30.29250161779018	21.698631214993977	17.50103773866439
0.397	-2.887019576403027	17.969972731027333	17.36288025665825
0.399	1.8622577202531687	20.124605944577404	17.539282020859705
0.401	15.954285079278208	21.190279777770336	16.589489788759366
0.403	-28.282357002140657	21.315407256708877	17.656709172726302
0.405	47.4156470242626	23.578472256167693	17.4006810066433
0.40700000000000003	28.208039378974092	20.100455513968036	17.158419243325596
0.40900000000000003	19.748101651506644	19.433507435582094	17.25288547181495
0.41100000000000003	7.68052423483212	21.219778920461362	17.24180554408233
0.41300000000000003	-2.7956783460458823	19.956618150454563	17.543824541904915
0.41500000000000004	-2.5987558512907682	20.61655416963664	17.14126280494765
0.41700000000000004	34.22302151001588	18.67185966136344	16.640158037671842
0.41900000000000004	0.19825716202070964	21.08056487032097	18.21269893780548
0.42100000000000004	-7.133631762412662	20.030657508213558	17.268088335416326
0.42300000000000004	57.487750385165626	19.47454074773829	16.78807254017707
0.42500000000000004	2.3516665281775317	24.6045644921962	18.075994268936654
0.42700000000000005	37.21203878970236	21.944131702404537	18.213158555372466
0.42900000000000005	25.88465078989799	19.098939914443868	17.467475375482202
0.43100000000000005	1.836936536436795	19.46390716968125	17.34810221368069
0.43300000000000005	0.4514461289240046	20.3240186536136	17.317878747759476
0.43500000000000005	-5.069828271864196	22.322172925854993	17.50234509348318
0.43700000000000006	-6.416709814827115	23.805952409632624	17.10033730728797
0.43900000000000006	13.39441948133846	18.029324620925344	17.642077005600786
0.44100000000000006	-3.9040296215819836	25.954160785463518	18.38664595676684
0.44300000000000006	43.36394887394235	19.648105495262463	18.053475141893973
0.44500000000000006	-19.216508593600246	20.240076366116096	17.00093248386237
0.44700000000000006	-4.9663793089127495	19.31964208374309	17.719141788749724
0.44900000000000007	35.63433689834916	22.653098153116822	17.7357544957587
0.45100000000000007	-27.859777783856288	21.899423232017046	18.344548872638548
0.45300000000000007	7.512923999808407	19.84546056701903	16.93664837422317
0.45500000000000007	49.593420404780986	22.50289364086448	17.77440252903283
0.4570000000000001	-30.240913385992663	17.95799904661079	18.032104402546597
0.459	28.324567374227172	19.925547604311653	17.17112752432285
0.46099999999999997	-0.691637735861228	21.6274584303508	17.329107909787307
0.46299999999999997	49.12878677565402	20.953112782148782	17.570446589327307
0.46499999999999997	34.899583835512615	21.884194583958845	17.650333568576066
0.46699999999999997	12.411408458534723	18.86869626467957	17.2899486338765
0.469	-0.8592241431681913	20.442620051662022	17.39777129765746
0.471	-32.86948944225543	22.220707150630933	17.441620160461007
0.473	45.43008422586148	20.925521020019197	17.473298716456494
0.475	28.790222021957135	22.271121536419923	16.71240940627006
0.477	35.18477198372061	19.321806809672427	17.9421733692492
0.479	18.856584039550484	20.683407095036852	17.704545261566373
0.481	57.96849171701979	19.124389001188355	16.90441888057095
0.483	28.389781571602768	20.39558760077308	17.29174879671426
0.485	16.74917339800075	21.607493055075043	17.05136450316143
0.487	12.369110405030526	22.21556747911815	17.276861720551956
0.489	-1.9210398717328658	21.037844992300602	16.89615341873991
0.491	10.678893368476494	20.42910063489646	17.21390842405601
0.493	4.587971907055177	20.88553813633522	17.39080943385976
0.495	14.314079645583178	21.052085709820865	17.73278089129479
0.497	-8.577420050004392	23.72748114941936	17.134380396680704
0.499	24.118621258173434	22.18310667332039	19.354412876354857