-0.499	-44.32086303496341	94.63047909320204	44.41796530615953
-0.497	-80.73365581640068	94.11394193820061	42.30271093531366
-0.495	81.03506028867002	89.10078509202637	41.85729600313515
-0.493	10.036800781154653	97.51918698124464	40.64767920096292
-0.491	-23.71391877820095	87.15526960897078	44.57084706665959
-0.489	11.902843039424127	82.7681733711361	40.783968229404636
-0.487	-97.7174628448152	100.10622666852153	45.11609843463953
-0.485	83.85215184603112	84.24034492694568	39.900685592072385
-0.483	-137.2744352979849	97.88785901462329	44.0985706357703
-0.481	148.454105670881	79.75895977533611	41.9407442337012
-0.479	-7.425996897514331	82.7354993563526	43.105424468583905
-0.477	4.0677398494004535	85.93564178224008	42.147389974647346
-0.475	43.42794633882541	90.78209718993696	42.29370219783368
-0.473	39.26408570986695	78.09436586032353	42.09870585980507
-0.471	-52.811755864246024	79.25699810880124	42.123099644972385
-0.469	-5.645281580535233	94.2900945556824	43.246229713030026
-0.46699999999999997	67.13170281491543	90.33388077430102	41.42423606718484
-0.46499999999999997	-98.87594628354978	95.90367706699078	42.31097473914274
-0.46299999999999997	91.68483604682365	83.29443436857026	44.34644915693392
-0.461	-88.70711334796333	80.9843519802787	41.28973027511871
-0.459	33.23181190917346	87.35393852372472	43.43507082847486
-0.457	36.319888414348966	82.0901500345247	41.03328369004144
-0.455	-56.99266491765442	78.59633849199797	42.966381307227444
-0.453	21.730638835926186	88.22066870726893	42.41501868432253
-0.451	-62.49502847244237	91.36584447069643	43.15698587847847
-0.449	42.388357252898246	79.07599527741124	42.78946428384854
-0.447	72.34491296403966	92.63287062196113	42.20243468142873
-0.445	140.16894199819774	92.35373073672415	43.41092702105769
-0.443	-8.17416700937823	86.14795650401508	42.591195903155544
-0.441	-105.32433376386763	97.35375555692605	45.12236090151013
-0.439	99.01534302358961	87.94446195759762	40.8803717111391
-0.437	-23.81382758920303	78.71183087584497	42.10066981737823
-0.435	153.727165599582	83.22125518717962	42.12989399623957
-0.433	-119.89230213349522	91.70100829618224	43.234598319961336
-0.431	31.5687678025256	84.1790796394981	42.89363303503545
-0.429	-9.241630361644937	88.62639111031868	43.01676797603468
-0.427	36.99801736978259	83.70068766955589	43.62932269250016
-0.425	3.1441627714734466	84.63881345626122	41.53947363083731
-0.423	17.699013037830724	83.85885482910984	42.47199787353329
-0.421	218.30100912678674	87.159296060805	42.320691556056616
-0.419	-88.03583931260573	90.04098456639136	41.87938378777197
-0.417	89.53680586176738	93.05857934104081	43.86430457879928
-0.415	-7.003389748905242	77.6016589112274	41.75972303584795
-0.41300000000000003	154.77428608901	75.84347052529436	44.0929701824591
-0.41100000000000003	84.03805621548521	87.97383219397962	40.55648279689259
-0.40900000000000003	26.244226338345555	94.34211032347483	43.92393210242609
-0.40700000000000003	31.231510261520157	85.1086100634115	40.96927800941584
-0.405	-59.84087227595136	84.49612177013957	43.527778603923146
-0.403	41.046811955380846	85.8516837512509	41.52308304379984
-0.401	128.01159682696016	93.80096513460403	42.42964941655328
-0.399	12.045831160767406	84.10376143275911	43.03801732997987
-0.397	-131.41121942716882	84.08136365910339	41.221442909371106
-0.395	7.115195321150125	85.05101388687972	42.79166176545862
-0.393	67.11460924613277	87.9971431409704	40.46953608208739
-0.391	-22.4541498596853	93.48589425213022	42.21411783577034
-0.389	90.33006012515443	81.26649540257368	42.53813877645223
-0.387	-24.163323474102327	85.44772478386831	42.77837099425164
-0.385	66.60163052640833	82.5684770324831	41.32422638211534
-0.383	-33.5748331757868	102.93943932530247	43.63542991024256
-0.381	-36.7151322394621	89.74288097363375	41.8747843879041
-0.379	75.46947530268078	79.52334987729733	41.54341228362085
-0.377	-95.6785724298692	77.60723772406875	42.90358363507782
-0.375	137.4288541933222	87.20045106882647	41.80577394377101
-0.373	-35.0287918664538	93.03025201852817	42.114038380164324
-0.371	48.89036929323076	81.07280156613332	43.11199563834413
-0.369	-30.493665784336876	77.00461438728784	40.76961856783449
-0.367	12.878308039310227	87.18525220212938	43.53772293079744
-0.365	-2.9879554509504302	84.62305414742589	40.31276548486119
-0.363	-79.07752058688988	93.61686855976275	44.258158841931376
-0.361	42.811682868126866	82.19839202264914	41.71851037591948
-0.359	25.487192918394186	78.12049861843488	42.6574832212925
-0.357	-95.86979377207427	89.83859162972746	41.09526318153063
-0.355	164.44561544015636	100.48179336555434	43.8481033531879
-0.353	27.916764072433153	82.59139551010611	42.54896212654794
-0.351	18.381156678071164	87.3554728850155	41.91661019555088
-0.349	-76.84213048220201	89.41797095410861	42.754949775290925
-0.347	60.8134893407275	81.34722831168928	41.629533320707814
-0.345	-35.15337002157892	96.18515833348675	41.99647389046524
-0.34299999999999997	91.08189763806784	81.22174141011588	41.9350650580418
-0.34099999999999997	-40.8523890805812	85.62067892986528	42.30416804923136
-0.33899999999999997	18.145030541205642	87.62957020769433	42.587292925041766
-0.33699999999999997	47.23858660571345	88.768819972286	42.44472492699649
-0.33499999999999996	-26.142400533668564	87.6208211951497	42.285758998622256
-0.33299999999999996	38.534756201302756	88.3393979795602	41.72781868440756
-0.33099999999999996	-21.307531110847933	85.85525384654888	42.505296610551376
-0.32899999999999996	35.23002412841869	92.35104165497575	42.052533948505975
-0.32699999999999996	-27.463720412845838	86.11258029568366	41.416895366992364
-0.32499999999999996	112.73156410718244	83.63389704508707	43.582787962916555
-0.323	40.54275101639249	77.10485508435734	40.1433780192408
-0.321	13.248347779271086	91.06527493435439	45.37574829857362
-0.319	62.79168535017199	84.06860152730238	40.52234052059201
-0.317	-121.08497669183205	91.70505237364418	45.56413842451828
-0.315	136.47327280308374	80.0267948470816	40.885656661840166
-0.313	51.49245738955699	85.4291788288214	43.77845022571427
-0.311	57.49607865568329	93.6610630120833	41.75497059407053
-0.309	39.255210063871004	91.23699888067532	43.73702468184039
-0.307	-16.467464744818194	84.00351754695642	42.30791694437084
-0.305	-0.7008283352538669	87.2063864321218	41.922263849910465
-0.303	17.303642396271357	88.2084812700902	43.17736941836484
-0.301	55.319533161402035	88.22301794140299	40.816830328477955
-0.299	-10.9367012831596	81.50044725792988	42.625559872397524
-0.297	73.52308163532939	80.00324484067959	43.19281298355403
-0.295	-40.89781036009654	84.44588970795459	42.34218688359029
-0.293	10.429968127390055	90.73138317588912	42.47351955165624
-0.29100000000000004	-22.01011123248442	87.5854315457949	41.034570695837004
-0.28900000000000003	88.55250706574225	83.22997286578958	42.91836053358208
-0.28700000000000003	-2.015645940489641	80.2486535770847	41.535755735537585
-0.28500000000000003	-102.3223748543023	80.24302542930418	42.62774927021101
-0.28300000000000003	23.523788998280892	95.59935318616601	41.25955927855182
-0.281	-21.62685297357747	88.79943342936167	42.85145762882437
-0.279	71.3863976409268	90.17527927500802	43.214140910338415
-0.277	35.953996810889066	80.48785322022759	41.2671824846727
-0.275	-51.611838882692496	87.39571654012582	43.3915136131748
-0.273	139.04640431672277	92.71630062618372	41.24599592429902
-0.271	-83.10801629962671	99.29306437381993	43.839777521687736
-0.269	127.22184659530456	76.79308874879099	42.48400356633498
-0.267	-59.894227016132895	95.91990834487645	43.34625563198182
-0.265	33.809186586797324	84.79326591605734	42.035370479566254
-0.263	90.72457742598239	96.79229167429327	43.37132808935215
-0.261	21.065401893727298	83.79552636414252	42.69378195651286
-0.259	16.814760800176742	74.217156665177	42.179087814213496
-0.257	7.24803094587223	73.660293611443	43.04150667994562
-0.255	105.10573404931556	93.01301990195353	41.06809134121993
-0.253	23.44012688304531	75.02467046940247	41.826629279839246
-0.251	55.373992432494745	79.18130179605076	42.702541269336585
-0.249	-39.367196433715	75.6363818178227	40.28902428831649
-0.247	-1.5697890271004766	81.39210013990221	42.656982575936645
-0.245	60.95353952773053	90.0812061459037	41.43481704746526
-0.243	-14.298053892303209	90.96389020315992	43.84590308765466
-0.241	98.63105103824488	79.33438265321321	39.97758573816949
-0.239	-32.778677291345204	81.91641096551488	42.59609395012362
-0.237	12.464803705647398	92.2217710022366	41.29679163685933
-0.235	88.4699454992699	101.4971642157012	42.8133765960642
-0.23299999999999998	132.42714982331094	87.63561188280964	42.569064457344126
-0.23099999999999998	-82.0482247434473	82.5720906055908	41.000112036609416
-0.22899999999999998	2.3951912810904474	79.63487188914117	43.63240707403664
-0.22699999999999998	68.43490560637377	88.17536439470166	41.37042859789427
-0.22499999999999998	67.76068418412606	91.4881629592076	43.3854957599114
-0.22299999999999998	107.1880082610388	90.99188725942044	41.905904777008956
-0.22099999999999997	3.2128738496339793	78.36604142269833	42.90703994333715
-0.21899999999999997	-15.937849568659068	85.34778122996423	40.467488844826335
-0.21699999999999997	72.35267842276016	97.79369689977693	42.45824737162091
-0.21499999999999997	9.95883719956403	79.66746464675813	41.87376881060749
-0.21299999999999997	10.193645524347872	83.35047219567787	40.89477346990165
-0.211	3.117513693640106	75.43394280590391	42.46765386377839
-0.20900000000000002	-24.518631545067393	85.98797198109719	41.76213483978283
-0.20700000000000002	-102.35436789063357	82.9600038899279	42.483390018261346
-0.20500000000000002	42.12696681182848	80.52972425360034	42.64758297486363
-0.203	-31.558748801008285	72.45625952667004	41.530633482741806
-0.201	51.05229702206948	80.47081728774499	44.466834376709315
-0.199	31.825543764352204	91.44502159111049	40.50749324579886
-0.197	41.40214328307579	87.61387968852164	44.04403033867037
-0.195	-62.429427345134236	84.09019456804833	41.284879727328274
-0.193	12.684121499573209	78.47361316661609	43.79953508877175
-0.191	-105.92751262861188	86.69227952953958	41.2869364155184
-0.189	69.74275716276068	91.891649839679	44.34311314153089
-0.187	99.29036731537444	82.59509282310151	41.61405349834209
-0.185	-72.956551829928	75.58867918955973	41.67623198357058
-0.183	-5.47279938512002	81.78507408179219	42.250347657893826
-0.181	-14.554642099873227	87.81546212564673	41.627792416674964
-0.179	65.60456251691882	102.2597812259507	42.8602841338164
-0.177	98.78117270223363	80.66880261377074	42.23251467714323
-0.175	-61.79629581126722	79.61064791251124	42.02583909059694
-0.173	-6.263061693045913	78.19722931290393	41.459381251383206
-0.17099999999999999	-1.734583722101668	97.72821896767552	43.374315484205106
-0.16899999999999998	44.19115477083402	80.5270748752307	42.73789373386794
-0.16699999999999998	20.181416429787546	86.11402390325392	42.06873850811076
-0.16499999999999998	-38.88255300543708	79.97352767039523	42.06381874699405
-0.16299999999999998	105.63735404978125	87.56397694564949	41.19538963831153
-0.16099999999999998	-2.0782067685631844	93.66967146991917	41.880954454284016
-0.15899999999999997	-22.04312410858389	84.74780019498802	43.29871493742121
-0.15699999999999997	-22.77182150201007	78.7995251283838	40.15343641434848
-0.15499999999999997	-15.276601498803721	94.76617536472735	44.04140241177263
-0.15299999999999997	94.70061791194695	86.0266503020509	40.3546098983938
-0.15099999999999997	-45.27028921730292	95.22444682046891	44.109391467891896
-0.149	105.495613288209	76.36698548449246	40.60195103501135
-0.14700000000000002	-39.18830121396599	76.44546326184826	43.58137680495237
-0.14500000000000002	40.4465714021196	83.28818323074104	40.161807724540196
-0.14300000000000002	24.915320122387286	98.73444194345109	43.82676282451901
-0.14100000000000001	-17.74447113345179	82.37274385668896	42.44991422777731
-0.139	74.03393153704307	80.06860403268483	40.4839534867995
-0.137	60.999373956871494	95.9264103003876	44.548677630468475
-0.135	-26.164671204087497	77.82761563978814	41.381128194939926
-0.133	2.4723954052952024	95.12695317731483	42.963612351017474
-0.131	183.20207177224825	81.03869096677666	42.93905155848944
-0.129	52.23843391299887	80.87300555241862	40.480626680746056
-0.127	-81.23446741525875	89.80909003800863	42.71296920074754
-0.125	-46.41404835181717	95.1616762621443	41.83389186496259
-0.123	98.54218899829625	86.28780166635694	42.441792842716396
-0.121	53.913051338394524	82.91302566784846	40.502562511532496
-0.119	18.299567396962146	80.80998632446504	42.392516808747686
-0.11699999999999999	66.68680594956733	95.50973255451449	41.46147843564907
-0.11499999999999999	-116.26701591949117	88.86503457455007	44.08925535479851
-0.11299999999999999	106.65440854129571	79.47153606731959	41.8520556989406
-0.11099999999999999	-26.88698248654031	80.88857633320848	40.12572117235426
-0.10899999999999999	-25.61605616990814	81.66705804890869	43.09845540550947
-0.10699999999999998	98.68830185477684	95.0717488567748	41.22313735559673
-0.10499999999999998	-15.773778768712887	92.02193008997348	42.26496235602842
-0.10299999999999998	167.90198553051638	80.4354900497795	41.65885040950432
-0.10099999999999998	-33.87090118978087	80.45145814279415	42.866300197205874
-0.09899999999999998	1.6827357212090277	94.0070376728337	41.599530686188
-0.09699999999999998	-30.159338530899582	87.88838241625838	42.71683431265378
-0.09499999999999997	13.690913550634676	91.8342548971282	43.32992870135669
-0.09299999999999997	-52.69806162999657	79.96968575370407	40.32090347359432
-0.09099999999999997	-11.60448640891154	77.31075470820217	42.425072384624976
-0.08899999999999997	25.64217739053909	87.22501110190409	40.83783717120411
-0.08699999999999997	-22.548499875263417	92.5406420406765	42.06366067097345
-0.08499999999999996	118.91497907878801	83.07989819665973	42.70564434168603
-0.08299999999999999	-58.34180320030136	78.57426232759653	40.60374365117921
-0.08100000000000002	54.21596356502967	95.27908014068564	43.48983210406375
-0.07900000000000001	95.20870513579638	95.30963049211867	41.08371676069121
-0.07700000000000001	69.75413538312658	95.9405106330497	44.673463940673294
-0.07500000000000001	66.69894813016164	83.7927005414747	40.502047631923396
-0.07300000000000001	115.1478650005533	73.89816556417084	42.57762941411237
-0.07100000000000001	46.82888786344819	84.44661604487362	41.08155296886984
-0.069	-35.59558658505768	95.12856222746156	43.1152845275439
-0.067	0.4400886353117528	80.84802841078339	42.29952930962418
-0.065	-6.859465710662427	82.72681487626193	40.973668252509285
-0.063	-37.94348845387319	82.48448542777919	41.79575330116924
-0.061	-65.81133428540386	94.92894567536294	41.0035324098953
-0.059	-96.10716795815932	84.51438092894935	42.040686905380376
-0.056999999999999995	100.64752806093757	84.18072643746682	42.27067867173081
-0.05499999999999999	-23.132797418945472	86.76361523874296	41.97838731997578
-0.05299999999999999	81.79047088652247	91.60099166566427	40.496949244125986
-0.05099999999999999	-51.55979259530152	84.04579377005841	43.12652827177422
-0.04899999999999999	-46.48325017420074	78.63782143611128	42.42532236182065
-0.046999999999999986	29.398512293221657	69.92589900297786	40.838146420157486
-0.044999999999999984	33.864996070276376	75.37409521987335	41.414473489402695
-0.04299999999999998	7.881435541312598	91.26574557692145	41.400657554439164
-0.04099999999999998	-57.77870440526467	95.99979886180526	42.791439409771634
-0.03899999999999998	62.86681834777319	89.13751508881052	43.0228950942211
-0.03699999999999998	-101.84392303702606	79.77684337692683	40.325527843640415
-0.034999999999999976	66.67084732936424	86.76344882099228	43.57388301088994
-0.032999999999999974	18.394442451441506	99.28408538508377	41.932266520573414
-0.030999999999999972	-107.76831039438494	84.78406605128333	43.85661896172086
-0.02899999999999997	8.949135035685174	81.61774940249862	40.88368553054045
-0.02699999999999997	-10.23334945626786	80.60370031069782	42.17171638840193
-0.024999999999999967	-30.145782056290038	90.05725619735519	40.299715019868486
-0.022999999999999965	101.74618303326888	96.25778265454565	44.400012566200566
-0.02099999999999999	-22.1619381363114	76.33306894441202	41.872122354808894
-0.019000000000000017	-16.72709011713014	80.70943377138407	41.25347428805254
-0.017000000000000015	-40.900669179277926	72.99525171918239	41.39977488563499
-0.015000000000000013	-230.29976619948212	89.06783425920356	42.00893383924178
-0.013000000000000012	-284.64184606102896	86.08291355103735	41.662035708696294
-0.01100000000000001	-186.1868583780124	81.23805248254796	42.41864728551804
-0.009000000000000008	-318.86938069092264	77.77625428314182	41.40146722133322
-0.007000000000000006	-266.34748829967856	81.84748919329522	41.402054737736684
-0.0050000000000000044	-266.9651358664371	103.74363735536218	43.66806821582786
-0.0030000000000000027	-301.0017111300112	81.15433084864736	41.88912041757112
-0.0010000000000000009	-243.97640586504286	76.80602499068647	41.6067642044581
0.0010000000000000009	-279.40581503715924	78.62838775390088	41.99012054471835
0.0030000000000000027	-335.9115412246982	89.23833509998455	41.55748510603443
0.0050000000000000044	-293.9120014214813	92.85981202173315	42.77319189233863
0.007000000000000006	-177.53797427089157	89.96514187749733	43.575264882551295
0.009000000000000008	-284.2504634479326	71.7137323085976	40.30709313418957
0.01100000000000001	-172.225657289915	92.7338010364136	44.22360807464897
0.013000000000000012	-125.35518202116958	85.06969459830884	40.68411326214975
0.015000000000000013	-282.12630839874464	91.56988876239333	43.428715302392675
0.017000000000000015	85.5881863206509	81.00161233636166	40.887398323427476
0.019000000000000017	-194.34475459934043	77.76961913115605	42.644208582564254
0.02100000000000002	-22.820560729108763	88.63712609537404	41.079390027768504
0.02300000000000002	-58.387588882546915	110.55089635116843	43.258518781528046
0.025000000000000022	99.60075452331019	81.2326056384578	42.28619375367496
0.027000000000000024	62.87485091682754	77.08594861788826	40.658240295060864
0.029000000000000026	-85.58940750991172	81.10972730007121	41.04306346225306
0.031000000000000028	-81.98216032151429	84.7526182556318	41.58668386755234
0.03300000000000003	29.443245560978326	93.09997242339321	42.08469971553176
0.03500000000000003	128.87243306902718	80.60102725605785	42.113567712161945
0.03700000000000003	-114.74728048854743	82.82626765090009	40.810039251228154
0.039000000000000035	114.381802616359	86.18875125381582	42.754895344838644
0.041000000000000036	-52.26106194977653	89.90914221719218	41.66155517999049
0.04300000000000004	20.86483321073196	88.87113012499505	42.50722993171904
0.04500000000000004	21.375363513209678	88.85598335864704	41.032668870543915
0.04700000000000004	-20.52476048808316	79.4162440644321	42.44247946591883
0.049000000000000044	41.50708531236447	95.20328628944024	41.87481523713206
0.051000000000000045	11.515857234467575	87.23435120193166	42.4774092326981
0.05300000000000005	-33.65051653225759	89.01887857673914	41.70559319266346
0.05500000000000005	-10.594571199118441	77.55326461221058	40.318767018247875
0.05700000000000005	66.87227109369864	89.6890186738287	43.12763502247348
0.05900000000000005	14.050122616016125	98.45771296855133	41.39289398031328
0.061000000000000054	-132.28471195758652	89.75367975363518	42.13125244991429
0.06300000000000006	51.43824006492714	90.51286045447398	41.17683625631434
0.06500000000000006	-110.22950504724349	83.16882446807955	41.83569471242628
0.06700000000000006	-7.13799009777194	87.63664752733051	41.67106984871416
0.06900000000000006	46.75634805595408	96.52667367766642	42.32763620553512
0.07100000000000006	-28.018574531496476	84.08269136672796	42.61968677279219
0.07300000000000006	16.19552600162777	71.89046518776847	40.37553362959877
0.07500000000000007	-69.72965546536702	81.77086902638348	42.009352782799944
0.07700000000000001	139.08580309296426	88.01277926309297	41.67067975735354
0.07899999999999996	20.689985802846422	95.99212711111775	41.876455472853706
0.08099999999999996	70.09693254245164	84.25908206444976	42.72893079946334
0.08299999999999996	-135.6839135938648	76.410300682796	40.08712171353935
0.08499999999999996	93.31673857126965	96.09640270284554	43.85541847535385
0.08699999999999997	122.01404610023836	84.33925801308214	40.69016722139013
0.08899999999999997	-2.1790757998019217	82.50903196511243	43.37752731614133
0.09099999999999997	67.18085155754672	88.81011341385631	40.939307566731536
0.09299999999999997	0.5475440014723887	80.46309836372882	41.7495201877043
0.09499999999999997	-74.1937925048397	86.45370478087267	42.13259437312619
0.09699999999999998	64.3186591620104	87.58468154960337	42.38570599383616
0.09899999999999998	-56.07319684142187	91.84085475343586	42.11991785145457
0.10099999999999998	74.41999307067348	75.20998573429156	40.82375471211085
0.10299999999999998	-22.456806888393466	86.04561435934603	42.56113847658239
0.10499999999999998	15.69703986170623	89.27797654041169	40.79313745275832
0.10699999999999998	-91.13376436176156	78.80128075080906	42.298002580799526
0.10899999999999999	102.09525234139427	81.03423790370258	41.63666690378562
0.11099999999999999	-115.30574947904438	85.92637006886176	42.463215989891594
0.11299999999999999	107.6458189148699	87.2036104867281	42.12048301515956
0.11499999999999999	-46.10424985929118	107.43347660485824	43.742604205792226
0.11699999999999999	34.24412145602851	92.21368795315212	40.845518030628554
0.119	38.42802854880922	84.80405569917421	41.042563253776095
0.121	-36.18201843558211	86.14741051346294	42.48046726382054
0.123	65.28082286960668	94.70523762310997	42.82139160343262
0.125	-22.231903129776853	82.92817252830345	41.90562947034209
0.127	137.65631958784218	87.24732005058229	42.58994167579476
0.129	-77.05641018207476	77.70000324843777	40.29032771402937
0.131	52.53375276104144	81.86409999674166	43.32122190257166
0.133	-14.989875338544678	95.28597084779192	41.070872126836264
0.135	-25.667525756389864	92.98453487061832	42.85808941760987
0.137	-26.417402868905704	82.05486923689382	40.7079590886297
0.139	9.892573475056565	91.6999162829665	42.42272265988544
0.14100000000000001	34.02848096234479	100.0082593445477	42.31323890949506
0.14300000000000002	97.92545860864976	95.63344497830317	43.39072160768868
0.14500000000000002	-49.048760238257216	86.23423719001917	41.65587872063727
0.14700000000000002	-17.879268954246186	85.23556454535841	41.08065799206417
0.14900000000000002	-41.16345540883248	83.47097202138607	42.0681164300571
0.15100000000000002	-37.618112652348934	97.77403294656412	41.861337082520656
0.15300000000000002	-31.385876323675177	92.50694707937268	42.08380472647317
0.15500000000000003	44.25963058718452	77.78319805250653	41.45499416832374
0.15700000000000003	-84.43695746118695	76.87503799699861	40.81116042581147
0.15900000000000003	66.91995654239946	82.92656692884579	42.5802088141066
0.16100000000000003	44.2010172569951	91.87121591692134	42.45896780471683
0.16300000000000003	58.99406038811783	82.73142444801897	41.330847974232036
0.16500000000000004	-8.96502086566997	91.06736356219807	42.329584227479856
0.16700000000000004	14.795305460335584	91.22421796537928	41.80540547839077
0.16900000000000004	-1.6029742706535899	86.58564689612638	42.00407680354131
0.17100000000000004	-53.808484069661766	91.92914911512989	41.845141001183855
0.17300000000000004	46.74815515959274	83.53203901139034	43.17241137109017
0.17500000000000004	-78.20815675507743	76.38763170038823	40.447660343527126
0.17700000000000005	-87.6180061577525	94.68970115753062	45.357107052754
0.17900000000000005	62.02457249959714	84.08206517667982	40.70395956507561
0.18100000000000005	-48.03602429115372	93.63123091106182	43.42192507579269
0.18300000000000005	123.56053816242607	80.40248173725219	40.70758638194301
0.18500000000000005	-174.5982939058699	87.6145550055206	43.38290626734102
0.18700000000000006	16.92014873122538	87.20089800141994	40.738733756995074
0.18900000000000006	5.574970294075499	93.69534290490715	43.09807192738576
0.19100000000000006	87.06361144450447	80.53097586557517	42.51346195283679
0.19300000000000006	8.5060500425449	80.34314689144026	41.24691231958308
0.19500000000000006	33.68740012099636	90.7874527226031	41.89806525808979
0.19700000000000006	-153.6793293250849	95.87891430831927	42.00195775210498
0.19900000000000007	7.197415452964151	85.01145310184229	42.69731618497416
0.20100000000000007	145.0415872217281	83.80042577054515	41.89655652798087
0.203	-95.686021815089	85.4489541792594	41.052402319548094
0.20499999999999996	-41.57891722922358	93.28084161034971	42.93227626755323
0.20699999999999996	-19.574067366079362	87.81578407044685	41.26456623008669
0.20899999999999996	55.922824843124275	80.29025570980751	42.92357675940755
0.21099999999999997	-41.61158721616154	84.96721574448854	41.118986840883196
0.21299999999999997	4.900029397791883	85.07603671955945	42.45323083016299
0.21499999999999997	-4.193775279826006	87.09984745123325	41.41891640809314
0.21699999999999997	17.984647624258443	94.73551747418243	42.69068623319403
0.21899999999999997	132.46691267321253	88.92765860931938	42.39836031641764
0.22099999999999997	-91.69213746396122	86.7839477229103	40.44584512129783
0.22299999999999998	53.69269756028139	79.16308424477435	43.115501120842524
0.22499999999999998	4.807227801384428	90.2132605176424	41.45142717849154
0.22699999999999998	-19.75345662064143	91.92385114347584	43.24729472458884
0.22899999999999998	132.62825526672017	80.82662388169948	41.239092352374925
0.23099999999999998	-100.22475241278084	78.86516735976504	41.83889328889954
0.23299999999999998	107.46044854115233	91.21639717810889	42.08342597599569
0.235	-48.780333008258125	87.66944994324236	42.33895993803443
0.237	-14.219402077131349	93.47474677902592	41.2290970943998
0.239	-32.53407550640741	82.55918145338279	40.702122261096136
0.241	21.974147358827523	75.65325969149846	41.995880804091044
0.243	1.2620455134282338	84.77186149265741	40.872578145432236
0.245	-49.47928692178305	85.12500505537172	42.083295666744355
0.247	10.789404210287401	86.14350006967703	42.907873973655306
0.249	-136.89107244130304	84.24970725809737	41.0367649204073
0.251	57.347512659511324	90.41938890375604	43.30629415539194
0.253	5.41635837736365	95.98767411649652	41.04736496676952
0.255	8.243505404292861	89.06849251946193	44.172398857585456
0.257	3.996419940310858	87.50475381635162	40.502063012682534
0.259	-91.70747354447784	90.29035007163941	43.22755589793837
0.261	-61.295244764725254	90.98278794601488	40.721922084745316
0.263	54.75750843952909	88.09925013992562	42.66261236385909
0.265	11.728030887114826	93.97016075352767	41.73037011280292
0.267	23.45785111290688	78.01203731387977	41.6133226665931
0.269	-76.27751607497402	77.73615661004428	42.1206533069042
0.271	8.057501434732828	90.54361979900365	41.66127051341133
0.273	-47.287897447234606	89.84470830529959	42.07426306329491
0.275	41.4428078368001	97.29321865999606	42.07290281009672
0.277	-21.130280746683994	86.42639775997674	42.68795622910722
0.279	73.96873373655133	86.49273177604414	41.51003649958911
0.281	-60.287738881337205	85.45707864497693	42.71095906532915
0.28300000000000003	101.58494783474303	92.56498994292474	41.47831556459105
0.28500000000000003	-68.43584960936067	83.5615551186727	41.8873085937513
0.28700000000000003	-37.08652498779497	77.81278329854084	42.25386545810571
0.28900000000000003	-48.49576924514931	85.16632813766661	40.49338359238071
0.29100000000000004	-92.50813164396465	102.56702988425913	42.99419707197787
0.29300000000000004	13.035987980192232	83.80941063944182	42.07685583427339
0.29500000000000004	-27.764106711347658	84.35701113363532	41.71912713191279
0.29700000000000004	-33.367640369763585	84.59892651144118	42.644895395444706
0.29900000000000004	-1.4945231088248079	88.81794233453024	41.69670387345915
0.30100000000000005	16.316453030240652	92.57162244299556	43.3246850210683
0.30300000000000005	130.75985695532034	89.38705297783355	39.435574351566494
0.30500000000000005	-104.20090134022342	96.81015652177126	43.29732195255187
0.30700000000000005	-20.345587552372812	84.88079862929727	40.53774480785233
0.30900000000000005	-55.49972149099247	83.51038912619036	43.34586023963467
0.31100000000000005	-27.792311502183864	86.10462163677212	40.876015280648886
0.31300000000000006	-35.14321948772103	92.123230825433	42.96083871687661
0.31500000000000006	26.153079874635665	83.89610419609326	41.55762968007095
0.31700000000000006	-108.95526080889617	87.18896299469611	42.10361600437782
0.31900000000000006	-5.564757674436649	89.81585867436586	42.31607794221118
0.32100000000000006	73.47804380941625	87.74150818190478	42.25358026154445
0.32300000000000006	-196.5297828576684	82.29324664087719	42.258567939760404
0.32500000000000007	23.942524970843593	84.95550562656871	41.48746890744459
0.32700000000000007	51.05590653520231	90.06894699517596	42.71564643973127
0.32900000000000007	-36.35124264733669	77.80705945344359	41.508265877271285
0.33100000000000007	-29.024716248993165	84.52215877110052	41.59532695964599
0.333	-36.04592919592697	87.91602922459491	41.61320340257078
0.33499999999999996	56.52129180577781	90.61417159548684	42.025082382507556
0.33699999999999997	-25.689007777884854	90.15160135250999	42.98317113815785
0.33899999999999997	38.441802624245014	90.24666813433284	43.1812646568713
0.34099999999999997	-106.31408149541777	81.9605104008775	41.24180508882156
0.34299999999999997	37.94714470495286	94.86131282748603	43.88150300628412
0.345	55.90205057903752	84.2670377341564	41.12724099190238
0.347	-35.21544433082724	93.8088499486431	42.7450217992328
0.349	46.656201967198996	91.13649349403728	40.677091788981734
0.351	-161.9118121112262	93.31309410238848	43.33776332399038
0.353	168.0813651026014	82.98607218020223	40.898192771094415
0.355	-17.64425630046418	93.32736143051389	44.79850225006505
0.357	58.94839779996275	90.0965260044167	41.454139602359824
0.359	-87.580798769471	90.0296965778882	41.88850772454169
0.361	22.700161101507632	83.31155029890495	41.56689597051763
0.363	1.3472007851511592	85.35347578845486	42.308222987695395
0.365	-95.31416103469859	92.96605001807185	41.46426626342239
0.367	194.1329251395896	85.95509387348399	41.23788665421244
0.369	-206.06486408059067	82.75436179758303	41.42200217763048
0.371	149.00853938182303	85.48543656905358	42.98369975206073
0.373	52.581806967211264	85.85045481871263	42.29502315067689
0.375	60.906909214342164	92.81685590376723	41.853142099586144
0.377	9.108140834435119	84.26909908285658	41.07124122517167
0.379	10.71363718763152	80.3155942502122	42.646288689657645
0.381	67.411268138029	90.20151603639096	41.8962671751912
0.383	-22.99276263861838	88.42252147036892	44.090462552240396
0.385	-22.68935174154496	87.25169109805164	41.92216195131553
0.387	-23.609309342198515	88.6472375732578	41.45785386455105
0.389	29.638778163754154	89.27540970323106	43.42963127808728
0.391	12.578382493799722	86.2761300482828	41.492041573589404
0.393	-80.6127946521018	88.70085359911627	43.223641920368024
0.395	131.0779178134158	79.25076616737053	41.00234260537847
0.397	-64.75446567955068	83.8626703910006	42.926174384467295
0.399	200.9372841691448	95.17024490076302	42.79974605828289
0.401	-44.093613160156586	91.79477997298758	43.40016634981426
0.403	-24.113770565437065	90.95743525203125	42.313882024877344
0.405	-36.739455434475765	87.50402972198431	42.162011858437815
0.40700000000000003	-45.28034219086763	88.56076293050928	42.90518978004815
0.40900000000000003	-6.882530768081985	78.1487585651806	42.58470617532561
0.41100000000000003	0.28461195045181853	84.42637878139884	41.68074480956009
0.41300000000000003	83.28427749804135	95.86852529455581	42.35592269954074
0.41500000000000004	-1.9710565590802531	83.6054578043864	40.43177151687418
0.41700000000000004	115.47125095701105	84.49861485048159	44.35992448024822
0.41900000000000004	-46.263233027032946	88.33982188293393	41.08314419891936
0.42100000000000004	-61.35544656793446	81.4835920951642	42.80880120191132
0.42300000000000004	-0.9091357284773949	96.92322848748942	40.68807254772842
0.42500000000000004	11.90038235088231	96.10024852907927	43.11090778816285
0.42700000000000005	22.411831551938377	82.15359892558986	41.36396019103253
0.42900000000000005	-74.68719053815853	92.59844150326916	44.0378341040106
0.43100000000000005	4.254874118592156	86.86180725124507	42.382821524402466
0.43300000000000005	32.81234399254984	89.68683168825667	42.18362682309542
0.43500000000000005	38.029741156409	75.32490995515685	42.53369250032257
0.43700000000000006	-19.910861659533374	80.06566588312918	42.4838749310014
0.43900000000000006	-2.345912177403875	88.36743101905105	41.93422337714271
0.44100000000000006	30.771702294485337	89.49749196046737	41.27152004947168
0.44300000000000006	-106.9729612430681	82.22890782381951	42.03952862192455
0.44500000000000006	51.48245252062367	84.54515272869993	42.959002135136004
0.44700000000000006	9.97226773047366	95.73490080281586	43.90005045468692
0.44900000000000007	57.06027946783543	92.75233493457651	41.9261428174142
0.45100000000000007	-84.32575216599236	90.1721760447938	42.26833688360545
0.45300000000000007	64.5331379349745	80.66005599515167	42.23394900747937
0.45500000000000007	14.353961186541753	76.61951899980959	42.32466734187723
0.4570000000000001	14.997556704310355	83.08570880154845	42.532752754647184
0.459	-81.19635957870574	88.05315204134955	42.3115788131869
0.46099999999999997	-113.97649232525175	96.26689369792996	41.29882151977598
0.46299999999999997	99.66790829896155	79.43968419945102	43.33757125853231
0.46499999999999997	59.58821956442151	86.69257580588571	41.35990584006685
0.46699999999999997	27.45905080936417	78.33163922664437	45.43365908324912
0.469	-56.46165174733042	90.63578250514088	40.54308056020345
0.471	38.16706909631762	83.94403522574298	42.884906878805204
0.473	71.12641480078175	80.47272421829352	41.752282664961506
0.475	35.49704234195872	85.60839404147973	42.87026999476821
0.477	3.8926984211595794	97.43862837098617	42.31390981346401
0.479	11.322023335091913	98.54820135939995	43.957375714406375
0.481	24.667915222043035	95.68488606500594	42.65803315182338
0.483	39.99887945638214	92.06085878147437	42.97272525380921
0.485	-51.33564513681854	96.20480924009175	42.927932195308095
0.487	-2.1586257515915364	78.39456885078827	42.54315972775396
0.489	9.179352321142531	85.69975670761224	41.424170609807184
0.491	107.41334295594207	87.99113398361042	43.9374756275768
0.493	57.27083203921346	89.64996839958077	42.32302976124325
0.495	-21.94712769765239	86.06990967050909	42.14792969994036
0.497	-48.45172732126368	92.38065138593434	42.05161780896794
0.499	-32.906755712325264	91.23474431583868	43.66054856587847