-0.499	-197.46999899761252	180.3028024767982	21.710815412306854
-0.497	77.12618363076018	144.41193682889852	22.03846577012861
-0.495	-117.26162322123201	167.13478066130077	21.208643298022725
-0.493	282.2750011270969	162.53990250029105	21.71097064750986
-0.491	59.51075699806019	163.14715725013133	20.67839024896565
-0.489	-0.22320026948907667	190.42970259041095	21.50805498619586
-0.487	-114.05861253599437	162.12487086488832	23.073545571696798
-0.485	-221.8003767829879	199.1920418007988	22.281086467076953
-0.483	-1.2325097091814285	146.54195641988838	22.031213626385988
-0.481	-113.92357432848942	151.49149850348616	21.015252666757632
-0.479	259.48015805132843	180.31168476325917	22.549308324020792
-0.477	23.200451323868165	170.8973872927109	21.86636631762284
-0.475	108.15581740697411	184.29097806682975	20.771422255178848
-0.473	-37.93679655816895	163.020570112232	22.27019423107706
-0.471	-97.81702042233053	195.4327981383614	23.058714532052885
-0.469	63.2515975576009	144.18254945771474	21.95852051208347
-0.46699999999999997	50.0887708811959	141.25209525714112	21.58543373999253
-0.46499999999999997	233.86400878777636	201.4990828677537	21.727128704379858
-0.46299999999999997	56.69373272665368	167.0748935296821	21.711552441282567
-0.461	96.48951812923912	178.80905061084445	21.75789707780278
-0.459	60.84402742567718	177.68269790509416	22.164419964285923
-0.457	-203.9969485699844	183.69558778976213	22.092380611288743
-0.455	182.93656977741435	148.16940143457524	22.899301744525285
-0.453	-54.30097693692737	146.29134843376315	21.170490172681784
-0.451	359.5405942560248	194.03501240574232	21.26803290311772
-0.449	-50.44533565135012	159.4879973327978	22.095392963665557
-0.447	4.429488680290916	190.7854262536185	22.45005846190597
-0.445	76.03221454721698	170.7897693651394	22.491692993511002
-0.443	-345.6731868908269	167.60090346804483	21.93243997227863
-0.441	253.2791638829579	157.15852545972646	21.784319571878466
-0.439	-96.32842472795389	153.6274334381842	21.928524050956913
-0.437	346.5125331563179	194.8605611242527	21.730923165619192
-0.435	106.28622699959678	147.05994348839272	20.53086009526266
-0.433	-274.94332936983665	197.59946649101667	21.994958385702382
-0.431	198.66003409108046	177.90149252979012	23.023002774375776
-0.429	-412.77463695299497	169.80772230647037	21.906244198228016
-0.427	232.24871637972376	154.23986732649007	22.24488179220443
-0.425	-9.746685544431699	160.66855896261268	22.174129204265412
-0.423	162.77939558184684	187.1674618692487	21.271287049158136
-0.421	127.3093847748985	150.34340808365303	20.553065874791073
-0.419	-243.46717136636275	177.39336492996324	21.716599537929206
-0.417	286.553750578733	177.26161912282697	22.97915382237287
-0.415	-355.6978691696688	160.1354992779199	21.6258269097656
-0.41300000000000003	160.9671340012664	164.66219363183302	21.721691199440713
-0.41100000000000003	-23.14645047096775	140.7354742019672	21.426837069801667
-0.40900000000000003	76.51890958815244	187.35555263350435	21.626193268195838
-0.40700000000000003	110.227043633504	162.7028687038141	21.63288758225134
-0.405	-299.22318833208726	191.839644688526	21.9206893818435
-0.403	401.62458310111225	188.12730233133394	23.142059119498754
-0.401	-420.38102810659785	191.72266299897515	22.768360515007526
-0.399	208.54448120655178	166.1649434195955	21.657452002829597
-0.397	61.50781559011165	144.80932964870726	21.094936781182295
-0.395	16.527715705594304	184.4853433848804	21.88232695162045
-0.393	243.17608779322876	171.13700254675547	21.410728595183393
-0.391	-536.0040997935967	190.35117092893054	21.39903033954631
-0.389	449.7169337658313	175.01423428857922	22.16856370542745
-0.387	-368.96293057908645	166.11319766130686	22.747003905892996
-0.385	192.88357089464193	181.80944137105303	21.64253262538532
-0.383	171.1842129048513	140.50803507815132	20.746457388040817
-0.381	-157.06667451054201	190.64996076690068	21.62774980895192
-0.379	300.78257657617513	164.0498682523076	21.35441718241487
-0.377	-355.503882777497	192.25436677561436	21.84927774452789
-0.375	319.5142012812902	180.59744734299477	22.495156136714783
-0.373	-242.96761425701698	147.50152275286015	21.761620514962882
-0.371	66.16499957057265	175.1882134506486	22.308197998220386
-0.369	158.05793615308872	141.97878947209406	20.83819142005227
-0.367	-217.44475766527495	177.47018317658123	21.248650286295486
-0.365	446.8752237583029	172.362644340051	22.203223457823576
-0.363	-322.0872060702984	185.82829478525355	21.650274513391945
-0.361	320.1922843358851	181.06772367677974	21.913162533005075
-0.359	-202.2622582084077	144.3694633678931	21.881381678653085
-0.357	-195.90721689255463	186.3569905679964	22.65678968905908
-0.355	207.55433963093316	145.30754662893185	21.367081597250007
-0.353	-280.7463128040588	168.00160431051617	21.132271481721254
-0.351	121.64426911631665	158.00982540586855	21.2804931571268
-0.349	-437.4664317392529	187.5196406073045	21.892662690413328
-0.347	183.919082110906	187.77521080343806	22.34821324378769
-0.345	51.073639714571684	132.2636116556604	21.775926459797844
-0.34299999999999997	-144.1965961530567	177.60835346939456	21.577250000416218
-0.34099999999999997	272.92648165255787	160.6467601604747	22.362402670606052
-0.33899999999999997	-113.25301598630321	187.0680674310889	22.126374414631453
-0.33699999999999997	326.44093705536113	174.7381643905006	21.37382748928506
-0.33499999999999996	-263.3235381387378	177.83837581956476	21.938690831319807
-0.33299999999999996	168.64869497790204	178.656656761813	21.80671561176778
-0.33099999999999996	-59.546711145941345	146.3233963827351	21.79610161379933
-0.32899999999999996	-167.0450227829745	168.03120361803457	21.457661800051273
-0.32699999999999996	251.23545442817806	148.65814509521752	21.379195615556455
-0.32499999999999996	-277.4972572839873	176.20690995732832	21.632484611562067
-0.323	105.28486578120777	176.66841650387803	21.458259416273897
-0.321	-105.46726320292964	176.51388226992924	21.32378632846014
-0.319	-11.193667174502764	195.67210666237884	22.209361201830042
-0.317	-73.60978528392349	161.01246351041104	22.144769742097175
-0.315	-141.75706694119495	175.23615595432267	21.13188267285828
-0.313	175.8622676810706	141.18832944231244	21.256833009568236
-0.311	-185.40222066698587	163.47771855736227	21.375486973989148
-0.309	173.4381953077957	191.3760497537311	22.019090013368906
-0.307	45.92020710769695	165.30149923738333	21.487645912027716
-0.305	-35.866660441863374	187.50314528147948	21.374112785634367
-0.303	-136.8794898433112	163.2585559270875	23.450491832684452
-0.301	-154.56650107814608	176.51846136751524	21.42085852854526
-0.299	66.01284591378764	144.44724878808768	21.116145929122553
-0.297	-64.01338651262911	160.07314569799038	20.8261634858421
-0.295	126.31447806010776	183.82534564342842	22.61320744437656
-0.293	-100.8545053646781	181.39498332991388	21.69133771350957
-0.29100000000000004	-27.682583163990415	196.14432065222007	21.33626634710007
-0.28900000000000003	-42.3045128264965	160.16435293588015	22.46570799980563
-0.28700000000000003	-79.00609031152861	184.07139849372564	21.93770315732944
-0.28500000000000003	114.62708182530257	152.44581772350423	21.58171804250157
-0.28300000000000003	-67.45624408810436	143.91078725252555	20.41890123268966
-0.281	87.09483789171024	191.07941979450163	21.90098029891056
-0.279	98.06559205460808	160.6035960224644	21.976183616316643
-0.277	255.81707190092118	191.20105009396016	22.030493568679542
-0.275	-68.39941118508276	152.93305895816678	22.509854528010795
-0.273	-210.78208720171077	181.10598943734527	21.941389215498795
-0.271	80.09212918858033	140.52528795116925	22.46415881764649
-0.269	104.18469003581343	140.74420489393066	21.260533466464178
-0.267	121.99669637880106	181.66542169616145	20.91858183570669
-0.265	-123.30585443187658	162.47119842219988	21.940780965330884
-0.263	33.81138677926998	186.9783792895506	21.750817224209232
-0.261	33.40140886476384	175.18752498810187	22.241015396115355
-0.259	-166.94493287494618	169.7097395721789	21.339422107044793
-0.257	61.71358073636668	151.92415987813976	22.79057164360323
-0.255	101.28858265323615	150.4309281949564	21.297363625616207
-0.253	36.112865597681676	189.48651570550228	20.860833774379614
-0.251	-10.896017297645777	161.47405549746614	21.487676013887352
-0.249	-228.41070198298397	189.74818371212928	21.7045769094097
-0.247	40.22269908232623	163.3790907990381	21.392969724124768
-0.245	-246.16968137847195	160.76504755718005	21.526247815027503
-0.243	125.99227123710754	156.15759913986332	22.654331593497364
-0.241	75.92239622655761	168.05542787527511	22.075539967859452
-0.239	153.06907306045224	179.38966700432889	20.805879267362368
-0.237	134.16418489486938	170.0414533948657	20.84650170919184
-0.235	-229.18328282051093	192.26418496572646	21.819557069961125
-0.23299999999999998	222.4525847231984	169.90326776491477	22.2692504181167
-0.23099999999999998	-332.0893833267391	159.28348763844514	21.466142717400732
-0.22899999999999998	220.0284138651476	173.51798188384242	22.400805996592656
-0.22699999999999998	-135.06274472818714	140.72835510303508	21.894024808863342
-0.22499999999999998	66.0437121871027	195.72586050564504	21.159475390625637
-0.22299999999999998	108.80846021565915	163.74441450889557	21.257895841672685
-0.22099999999999997	-242.544584668547	192.10917227741442	22.248825516216222
-0.21899999999999997	255.68709588941198	164.78006479999405	22.089565486362144
-0.21699999999999997	-317.7655671033897	157.18770804156034	21.550216502507972
-0.21499999999999997	91.27105989370499	172.39044983029913	21.852575830751842
-0.21299999999999997	-16.883582649174222	152.3053712138654	21.458364152750104
-0.211	26.735334326621896	183.38575818813453	21.52627850379848
-0.20900000000000002	84.97540183149965	175.23326845803786	22.014998496265697
-0.20700000000000002	-384.1338347491119	173.9711282742343	21.57090798689973
-0.20500000000000002	195.26635473243738	174.33436296065673	22.57587721577667
-0.203	-408.8801366839423	166.89239472195075	22.514196114712288
-0.201	182.9838672287032	173.5960483190187	22.040576770527935
-0.199	27.800775476594097	144.82277311339675	21.029580134607656
-0.197	-43.28718751722693	179.0426242542148	21.74329316769629
-0.195	215.91245445695682	170.79899059352837	21.810356515134522
-0.193	-429.2248353345851	185.2237645154127	21.499186212119266
-0.191	384.63258575016647	168.58100834298827	21.585719114172193
-0.189	-327.43139422508614	157.1918522732986	22.160176944269697
-0.187	197.91703389016035	175.4710748176651	21.667491867398326
-0.185	48.47316041489691	144.74552081938128	21.417016610561003
-0.183	-234.58991609748293	173.39479705588843	21.651609372386055
-0.181	444.890352757632	185.44479476399007	22.647536402247194
-0.179	-422.8401890190581	183.88404297106524	21.73873290222051
-0.177	317.5999402631469	178.37069661846002	22.592901825633863
-0.175	-226.95797502181313	143.9673192274741	21.096969932298034
-0.173	-28.20405642256496	177.61512327394325	22.099171006898903
-0.17099999999999999	159.3654685978496	151.32598186513223	21.717766441434293
-0.16899999999999998	-237.32302026091557	170.55280694831106	21.426853682945403
-0.16699999999999998	334.3852410466752	171.88325064711162	22.41348422985223
-0.16499999999999998	-281.7199411226934	179.42066039003623	21.565608225053047
-0.16299999999999998	241.10914219210855	179.600722324785	21.70394673502278
-0.16099999999999998	-127.34454844465226	134.35044219682473	21.41288724222706
-0.15899999999999997	-93.74357040425885	186.11824501052732	22.212873769455012
-0.15699999999999997	113.33395551105241	139.518683462826	21.95197231431232
-0.15499999999999997	-234.87874054328728	170.7587440002897	21.260722340987467
-0.15299999999999997	349.39226576224945	164.92149769480704	21.71481071630949
-0.15099999999999997	-291.61629677820764	172.4365395662073	21.83420706293551
-0.149	213.9129648979221	196.75987546310645	23.081203566568785
-0.14700000000000002	58.29077684493811	136.24042587859464	20.750646286644894
-0.14500000000000002	53.08584714613929	176.74519244661658	21.61719309672804
-0.14300000000000002	219.80151381173485	151.1423851047052	22.89212116674413
-0.14100000000000001	-220.62626612429082	176.9879265333237	21.600481090264484
-0.139	250.60996348913454	171.40476834804193	22.20608964353683
-0.137	-201.75590108728602	166.62640969148754	21.375175680842116
-0.135	-23.85359103551643	190.91847898894818	22.418255336187784
-0.133	-45.14021901769194	147.55468952552798	22.094099519701636
-0.131	-284.3010585760197	174.98842992659095	21.72197042512761
-0.129	178.7958272525536	144.21417732864575	20.965429184793397
-0.127	-256.2137875917747	179.46471330496047	22.429207142178466
-0.125	247.701677208223	175.55218757959773	21.378064692304783
-0.123	19.905233028083558	158.17840278006787	21.099434214754478
-0.121	-15.146556945233591	195.5674596152601	22.0072710276003
-0.119	-155.09055447227027	149.14392222498353	21.861992922789888
-0.11699999999999999	-156.4616329398083	172.84492837963856	21.497634011283083
-0.11499999999999999	148.77425027726156	146.26677296133698	21.245706198164953
-0.11299999999999999	-129.71272888362418	171.240262487599	21.546345888161397
-0.11099999999999999	41.57905428670006	177.52593505705983	22.26435581941816
-0.10899999999999999	92.92494498658321	160.67480832722944	21.380379348073475
-0.10699999999999998	-138.0096380927398	203.88184439609188	22.443942518335497
-0.10499999999999998	-94.0277171251891	152.6777594240835	21.9061106937703
-0.10299999999999998	-87.87582063918276	189.7641939617687	22.28054884885888
-0.10099999999999998	148.42102914314205	147.74609711255738	21.101334365801247
-0.09899999999999998	-150.64684474974666	153.75276264371087	21.32805556743375
-0.09699999999999998	-13.782355935187951	187.07396910857113	22.398636507117793
-0.09499999999999997	37.93796902429314	181.1760767023159	21.94757912769973
-0.09299999999999997	-106.83603450134527	191.07725653359148	21.59969496224401
-0.09099999999999997	-115.19441331220293	147.39626959195542	21.52723130274837
-0.08899999999999997	-112.25295569017302	177.6819209831173	21.31988363024231
-0.08699999999999997	6.190672418027177	165.95760988005844	22.212017973804578
-0.08499999999999996	-35.75806213884647	148.64886367836283	20.728790286281367
-0.08299999999999999	145.5784391841686	175.47597625592948	21.566193099845076
-0.08100000000000002	-80.32861318796324	169.9987376494144	22.4280296853568
-0.07900000000000001	-140.4500299135858	195.4112764198983	21.542858526274554
-0.07700000000000001	-123.71985871184599	153.26310787081937	21.579214009971864
-0.07500000000000001	-46.804148039036875	176.22763301078186	21.58837189585338
-0.07300000000000001	38.944153134767845	144.51158412968502	22.52089955320481
-0.07100000000000001	79.51342092638036	170.44221670995665	21.581964649172303
-0.069	160.33925231484503	172.2766074147342	20.752324480082073
-0.067	-46.31123027321049	165.78909418820788	23.12670715063082
-0.065	-50.62218045415179	197.4371578553661	22.06975336464859
-0.063	-46.31692062928572	172.26729864397194	21.564875323116716
-0.061	-303.20622066204453	158.3315941781261	21.016532461906404
-0.059	206.21396273234893	148.44454370018227	22.454435902060105
-0.056999999999999995	-43.67938148930328	153.83583514283035	21.576628626476055
-0.05499999999999999	143.35743116955513	189.75841059238243	21.12574744392262
-0.05299999999999999	10.134485803448001	159.4420259499264	22.042635550905896
-0.05099999999999999	-215.67783269671457	202.2160579725236	22.45115709438078
-0.04899999999999999	10.193535550540034	172.53798377087432	21.968650582650145
-0.046999999999999986	-300.6835121318607	156.54468473957485	20.788650065747174
-0.044999999999999984	97.69349271415706	162.79421202529213	21.891863137351027
-0.04299999999999998	4.996542004143123	149.2458242542329	21.34710522388603
-0.04099999999999998	159.38411285443266	183.16779288917937	21.429718172369082
-0.03899999999999998	-18.690702454970953	167.11968108769366	21.302239083711537
-0.03699999999999998	-348.1777566755051	192.64704421620914	22.21135905325153
-0.034999999999999976	128.62880154806965	171.7596143334155	22.168222485638502
-0.032999999999999974	-229.47567594167052	157.35189703564748	20.851139172662762
-0.030999999999999972	93.04900811413219	168.27674200769295	21.87268274875086
-0.02899999999999997	48.72705675484923	141.50945527892543	21.229074427550824
-0.02699999999999997	187.48150958791678	177.18215210996692	21.671423431737175
-0.024999999999999967	34.1271513504271	175.83598400272948	22.17989850410821
-0.022999999999999965	-314.20610162236073	176.68216860354144	21.90783585135025
-0.02099999999999999	204.24896847770492	168.55505682587173	22.03238567313413
-0.019000000000000017	-263.62187547834816	151.80858955749122	21.223894244474952
-0.017000000000000015	181.4608760626335	174.8983185765849	21.598561831679813
-0.015000000000000013	-55.956904932208396	134.87714975500577	20.766206662493058
-0.013000000000000012	-197.12459984244646	184.62100178403202	22.511226252914323
-0.01100000000000001	237.88554672732332	185.1601845629055	22.23682295714595
-0.009000000000000008	-583.4783788417619	178.11196664637035	21.379096324520173
-0.007000000000000006	63.384850118364255	174.97231551590875	22.314755066853262
-0.0050000000000000044	-549.6178122453844	144.32602505300198	22.475306428279406
-0.0030000000000000027	-192.98276236634493	176.542922179504	21.696190118439713
-0.0010000000000000009	-80.25071377726346	132.7397377879723	20.66617996770301
0.0010000000000000009	-304.57117516347057	190.55502131812497	22.199779378061205
0.0030000000000000027	81.56333493447576	178.6263654475398	21.89935233441498
0.0050000000000000044	-683.9319001097355	184.15857995279268	21.404452019951822
0.007000000000000006	39.3940662037906	176.7889776009546	21.65783968880241
0.009000000000000008	-392.54059254600907	148.58640247623882	22.054906238602264
0.01100000000000001	-25.27909511995663	177.45935690738202	21.735914013812067
0.013000000000000012	72.7146288392877	148.65715391561596	21.032701871115215
0.015000000000000013	-208.3615946053552	168.29895094952698	20.757471497252048
0.017000000000000015	364.60036835794796	180.85659544503443	22.106608353875114
0.019000000000000017	-380.93780074344164	192.76385842991482	22.19281588328967
0.02100000000000002	217.29837662243233	177.17625991200617	22.48985686096328
0.02300000000000002	-130.333577717634	131.0569441300137	21.012116599258523
0.025000000000000022	-3.868480966007226	167.26313543428336	21.794619535151682
0.027000000000000024	325.19440529599206	152.67952740249945	21.167591211995155
0.029000000000000026	-285.9276964246593	167.9209624928461	21.241305610667286
0.031000000000000028	447.5080860848468	171.60261487276324	22.27279386973908
0.03300000000000003	-333.814147006728	179.34064897743966	22.572261305719362
0.03500000000000003	130.80582318858447	182.97846119029074	22.40133752074035
0.03700000000000003	-1.2537588652827836	120.68797636271438	20.613807219202133
0.039000000000000035	-16.09417645465072	185.23950912266804	21.71971535116086
0.041000000000000036	282.107790874786	157.19330223778977	21.818955062433805
0.04300000000000004	-139.93667409117893	159.76341939242155	21.02504220174438
0.04500000000000004	422.18204484445465	164.50523587293463	21.564957983947462
0.04700000000000004	-296.6388509868523	169.96485669127068	21.420820526640092
0.049000000000000044	25.941100711301956	198.21774882010706	22.674841791601544
0.051000000000000045	38.162691742726906	131.89928669835416	20.81763885546002
0.05300000000000005	-154.64797818964814	178.48143617635958	21.498227950775707
0.05500000000000005	437.7989876898081	162.70197275593193	22.2479005871751
0.05700000000000005	-258.4787924138077	175.58441247074347	21.633475251655913
0.05900000000000005	251.49550592074021	189.2266713212064	21.742895772239567
0.061000000000000054	-59.70878079819553	156.86540388666504	21.72408471487632
0.06300000000000006	-87.09450403432406	229.1717931767228	23.658571788303345
0.06500000000000006	150.1606374814113	132.84487070714042	21.04254285822275
0.06700000000000006	-234.99012786154515	184.6847341601947	21.630017932636935
0.06900000000000006	224.3248738305059	162.1972738478417	21.305425002950436
0.07100000000000006	-75.67019696452792	164.67685482890928	21.562947353890554
0.07300000000000006	326.4107929144	175.5922448171746	22.34995060203871
0.07500000000000007	80.3292537550071	148.01051733477956	21.519868511656167
0.07700000000000001	-138.67764260211413	203.23264353148744	21.864400808214604
0.07899999999999996	66.19151731523942	145.87174616018015	22.318960402238737
0.08099999999999996	-285.7868005483599	189.01206342580878	21.286361227061462
0.08299999999999996	196.08500392909178	137.791483756009	21.25741460070941
0.08499999999999996	-82.76605186874342	159.69158339408278	21.73013016072275
0.08699999999999997	252.7214967207314	173.96885568542038	22.16884279505789
0.08899999999999997	41.9074955713139	158.4154542502228	20.87863489084117
0.09099999999999997	-84.29702817658313	198.69980268448424	21.918350343857956
0.09299999999999997	18.724276963588693	143.6199562198231	21.899889035750633
0.09499999999999997	-191.25191776314665	180.5754318043652	21.51428803241275
0.09699999999999998	213.0529531170211	154.2977862490969	21.268732178097206
0.09899999999999998	-12.621822418790174	154.17714487194206	21.658441737559865
0.10099999999999998	223.58804752253826	181.22851258439835	21.45367890248977
0.10299999999999998	-45.53055562561692	163.04291599570325	21.6561521770177
0.10499999999999998	-122.2628725557895	206.94203495025096	21.55227502962061
0.10699999999999998	-21.427122307571267	136.60342806985292	21.395814940324197
0.10899999999999999	-208.4352309347226	166.01126406198614	21.970801577227537
0.11099999999999999	256.60604899635507	165.12003749069723	21.841741059779473
0.11299999999999999	108.5057922718402	143.05538168140293	21.482548907656223
0.11499999999999999	101.56799712146558	178.61881015049173	21.004445999055456
0.11699999999999999	47.78322904841481	168.23531567414832	22.653176243237553
0.119	-184.64304651333308	211.2410757161973	22.254256083870207
0.121	14.155112288971594	147.2128061974092	21.227560649947932
0.123	-51.17097987095143	167.9856422770758	21.66783549282151
0.125	144.12138743580272	161.14214567516368	21.762064890006293
0.127	75.95020936079777	144.5835822270867	21.22156840055092
0.129	44.94770823515459	184.13265155202478	21.63792030974011
0.131	76.13408798290422	163.42426491585556	21.932087768661763
0.133	-79.94994331139705	193.09546010830454	21.810625005322645
0.135	-9.660301792058235	167.47987657128436	21.81272925304697
0.137	-59.79715971848876	150.97550701578237	21.78209847863767
0.139	317.9435365914252	165.64265377332177	21.98232751511871
0.14100000000000001	60.25385552499429	154.21596822256456	21.68956894464433
0.14300000000000002	64.54332746330671	186.26265811405472	21.242125052944992
0.14500000000000002	50.58280222924871	158.53670285533408	21.530127093605717
0.14700000000000002	-300.39997794173433	198.52967686301125	22.043839081640456
0.14900000000000002	-11.090176463834922	159.26912301380406	22.443872476008277
0.15100000000000002	-268.2732236511942	157.59551940049374	21.582958728358804
0.15300000000000002	258.54988556961445	180.10241898779876	21.661602791601123
0.15500000000000003	-38.54271837677725	140.74019076890593	21.85067357534327
0.15700000000000003	131.39082413515803	173.70156564675523	20.755589800735603
0.15900000000000003	46.090776380181	162.15671288715765	22.237018470722138
0.16100000000000003	-257.14830527856503	190.43594660852452	21.652140863712646
0.16300000000000003	83.98206189097479	166.88030232134363	22.977752831293603
0.16500000000000004	-171.3841357889878	158.414888443545	22.186964507280784
0.16700000000000004	178.84056259531712	175.35521209482772	21.252997620585315
0.16900000000000004	-17.44504988843154	142.91673560189253	21.17943289141365
0.17100000000000004	-15.268379900734708	182.09304211255548	22.2886767151521
0.17300000000000004	142.7468861534553	173.5103354040831	21.659065674636643
0.17500000000000004	-377.86810435302965	178.52397177995198	21.58967684453913
0.17700000000000005	217.64203284257988	169.38780814612753	22.345317987945595
0.17900000000000005	-386.0243243618555	155.07483365285043	22.10411318852924
0.18100000000000005	317.25826585660144	183.18101470174233	21.66399386663266
0.18300000000000005	61.670460443030706	141.2241875748665	20.467789252785668
0.18500000000000005	-79.52288025492305	165.23544848015453	21.61884722773357
0.18700000000000006	234.340281843215	170.87950208779625	22.223569345616106
0.18900000000000006	-504.0668241906854	177.5745323163031	21.90722849668218
0.19100000000000006	98.10483007144377	180.4127484120095	21.95733963732349
0.19300000000000006	-231.87123231371842	134.25374954392453	21.7044681589016
0.19500000000000006	316.56888417042063	196.7897122152966	22.051325885457985
0.19700000000000006	44.284155738649744	141.8304306640418	20.597449589522842
0.19900000000000007	-170.18634800192166	176.08565588553813	21.168349888114225
0.20100000000000007	212.44479732862587	176.08033162226087	22.92949183934753
0.203	-347.20422819145557	184.5056999355062	21.858349971000404
0.20499999999999996	186.16844243135588	172.18071184019684	21.63173334576373
0.20699999999999996	-129.8723716500749	137.98186545537567	21.684912530254728
0.20899999999999996	54.20325086480382	182.77100301361617	22.05664575250872
0.21099999999999997	224.23689038908458	151.05003536864498	20.572358106245737
0.21299999999999997	-265.98043563352826	164.12195479971783	20.885945433969347
0.21499999999999997	412.6409845297552	176.86887103040797	23.272977043477304
0.21699999999999997	-433.6503243052015	186.4534425782613	21.680065269203755
0.21899999999999997	158.45356605259653	165.147468578528	21.31098340640632
0.22099999999999997	-35.245255916138696	134.16076118755743	21.98853867681551
0.22299999999999998	86.96683662767768	187.99801255907437	22.22378700016515
0.22499999999999998	332.878736601927	149.7889049926097	20.87275479603046
0.22699999999999998	-256.1089615927825	171.9391621738764	21.204537454799024
0.22899999999999998	447.12875790797744	163.4037321326284	22.121231984368546
0.23099999999999998	-315.96263469502173	181.2891173372169	21.84106020379158
0.23299999999999998	149.72522320344518	183.799997066504	22.28752275708883
0.235	110.42836765584596	137.67515592360945	21.257491064476774
0.237	-141.10366679742637	185.3059607495865	21.35392568465765
0.239	199.07932999774226	148.99289802560574	21.619399092558076
0.241	-310.3045020956818	178.15213506141424	21.253103605670393
0.243	354.1265327620113	165.9194833265275	22.180064411493923
0.245	-377.1344250523834	176.11805576533652	21.574904289174174
0.247	54.54153546291529	185.82158601163752	22.445085816308914
0.249	60.65750620765087	132.49088186315936	21.719603060625687
0.251	-151.94835944087882	176.14973906064395	21.281954277200253
0.253	391.7403983122458	153.10844190218245	21.203341796998934
0.255	-252.77595506445482	174.69695596183817	21.52291498192524
0.257	213.0584993937923	171.9547711684842	21.883983133153677
0.259	-230.77905094459618	161.33586782038392	21.189724580471932
0.261	64.19507658761425	185.1926263167965	22.471627242436885
0.263	83.50207099727669	133.49676862778492	21.962254683462223
0.265	-146.29328254744945	178.27320358241525	21.289135339417417
0.267	344.4839001021105	152.72689143021134	21.39501774132977
0.269	-245.00253173265207	174.06883086265427	22.194237797179436
0.271	191.6188676991393	191.26772779526664	22.06065208357504
0.273	79.2108460372365	141.84926317910748	21.642971749682836
0.275	-69.10223251022086	186.57091922001635	21.6210041056604
0.277	125.40995716925352	141.02322903024725	23.26590948142503
0.279	-209.84164543613736	175.69466136386964	21.950062281636388
0.281	137.93107389092896	159.96138391144333	21.77227369334261
0.28300000000000003	-127.59153567720728	162.20976622797687	21.795639570405932
0.28500000000000003	200.12937246427498	189.8893351892789	22.913051266869154
0.28700000000000003	27.16515408729414	154.00341459323846	21.491298933195587
0.28900000000000003	-216.0564187601022	190.79568930877576	22.157911397360518
0.29100000000000004	-10.934046440591594	137.7798735800946	22.26518286816287
0.29300000000000004	-206.8921173596916	168.50564144181922	21.684099731133728
0.29500000000000004	340.769534065144	159.94798631607117	21.796782793115614
0.29700000000000004	19.65704116768663	146.4728818366812	20.938884515370958
0.29900000000000004	68.30069623431356	196.04745652945812	21.93590903642908
0.30100000000000005	22.307086047890223	170.06822031236194	23.328192910583645
0.30300000000000005	-100.32820692074118	187.64764876340627	21.51296023886153
0.30500000000000005	-82.96296187526586	137.47120001336302	21.695717207311034
0.30700000000000005	-0.7876313374843846	158.4024507593832	21.48044882597364
0.30900000000000005	346.244937287965	161.81055347644204	21.448295814178998
0.31100000000000005	120.20145652802405	147.55327213779398	20.867547995340413
0.31300000000000006	-16.27876899823466	195.7276023825171	21.694896153476837
0.31500000000000006	-104.11455902892274	143.2158608821725	22.33242960425837
0.31700000000000006	-88.07152317080735	189.32257161296178	21.57515257519905
0.31900000000000006	46.00312751157354	143.94305017963242	21.771541490032188
0.32100000000000006	-161.66512988569082	154.21591233279608	21.040023831170096
0.32300000000000006	255.3775109255252	166.1434519098241	22.799505745740877
0.32500000000000007	-91.05798976671852	153.49371055887588	21.114643868624274
0.32700000000000007	64.15684327998328	180.38475607170466	20.9170105371988
0.32900000000000007	48.9917463581957	153.7283032522612	22.077547785661967
0.33100000000000007	-304.3112332995479	200.65171252305288	22.209985364808393
0.333	53.1394240397276	150.7262094413925	21.70885324157913
0.33499999999999996	-151.1193037402325	139.74686013830686	20.955865118788843
0.33699999999999997	298.76824051666694	186.1503557017671	21.288889105892267
0.33899999999999997	-9.926572475227324	157.591376747665	21.290538243963024
0.34099999999999997	115.72725313246934	188.7758715429003	20.6723752423508
0.34299999999999997	-28.69543552130871	163.57408859854618	21.90602958386032
0.345	-250.05933177435492	192.26380710872127	21.370341890206465
0.347	69.7810770460272	153.68216237643307	22.569121407215405
0.349	-104.04210667269709	143.04895191411762	21.112623354531905
0.351	468.44151662606134	186.7820847395316	21.70625903337191
0.353	39.00730228356686	151.31427988046366	21.89094555631549
0.355	38.143755367814336	188.51252492630013	21.21239263211435
0.357	38.54044678486268	164.20432527788637	21.99150694305116
0.359	-375.7815880238713	177.98044332753568	22.172552444029833
0.361	190.97082977292956	160.6468202795702	23.233023134422186
0.363	-210.88307210181955	144.1695135605104	21.68418090283006
0.365	421.534860719941	167.98699346924386	20.842020224067237
0.367	187.8415334619632	158.31537600064476	21.34619037613452
0.369	-74.52190785439683	184.2104227090694	21.649653110815095
0.371	114.80655366735704	174.0343817466292	22.281957496013042
0.373	-432.9560510325514	170.7148448723766	21.252018726490743
0.375	143.68432480438287	164.46118582533342	22.86571543910884
0.377	-71.4665263189529	139.73939744758826	21.80014848253949
0.379	195.79370614652981	184.32507895062778	21.4527117207316
0.381	156.13251723722854	151.9748619249993	20.84380650446165
0.383	-146.38626688556755	182.8318689318091	21.442122744116023
0.385	170.62525745514813	162.35327429451166	22.759799733051917
0.387	-366.9273531562434	163.6992225576441	21.454461701564927
0.389	218.36244075990052	173.27526276323613	22.589575704158225
0.391	-107.41840962613658	128.28389343014592	21.409082383579815
0.393	237.7525244707801	192.13775846159183	21.649294899211615
0.395	109.9213370214791	146.65738565070444	21.264001277064178
0.397	-244.03204646583632	180.3000340463665	21.277835640011258
0.399	150.31626684969268	162.65161755905902	22.76222217429855
0.401	-480.98725906109416	177.48556527073765	22.164760150066094
0.403	395.4692078005362	177.66440633610813	22.959815768618746
0.405	-92.30920279557076	124.14332203781225	20.86893532074263
0.40700000000000003	148.85244361417804	176.53824001695435	22.221829943512045
0.40900000000000003	385.84984440115375	162.75980992803056	21.75276253115499
0.41100000000000003	-335.23244193445214	170.34828240846736	20.81850327442543
0.41300000000000003	399.85780122164806	183.12046337195073	22.87809119974871
0.41500000000000004	-319.7431690853403	181.40124797589925	22.25660624797537
0.41700000000000004	188.36577534697696	172.8985097388008	22.462725478833352
0.41900000000000004	40.49268462846811	129.28477641959202	21.040115289286707
0.42100000000000004	66.43296393638032	180.3440924700902	22.12583446753555
0.42300000000000004	371.43481013046653	165.43614763212003	21.268322401343905
0.42500000000000004	-409.0271525928335	177.23340665109447	20.237387752680924
0.42700000000000005	281.15930209238195	163.92904341699398	21.749165487541955
0.42900000000000005	-261.1093456430513	169.29791379135358	22.461235313676273
0.43100000000000005	75.08943681711067	186.29509608112994	22.893267899752228
0.43300000000000005	57.35769846193506	132.99925162266067	21.55813901650355
0.43500000000000005	3.203342264335163	167.39327563355656	21.26500059295369
0.43700000000000006	461.6477662224838	164.61847549431323	21.79307701282984
0.43900000000000006	-368.0871397470087	185.64451481263131	21.262165807445268
0.44100000000000006	340.8844040602155	172.53886259559533	21.868405553788634
0.44300000000000006	-68.99827286410698	160.17614523902967	21.78917752131443
0.44500000000000006	3.1935735056443093	195.26244435260264	22.768913888315463
0.44700000000000006	149.56986934744344	153.17055091098217	21.597007059066193
0.44900000000000007	-230.3344887533143	175.47494603876072	20.846750579524077
0.45100000000000007	358.0407457723922	160.6035886250146	21.005172159128815
0.45300000000000007	-321.28656284158285	176.31586772580377	21.41647000611232
0.45500000000000007	159.95034084492767	179.63947950492317	21.921291032673274
0.4570000000000001	-7.833528295475567	157.18791580293268	21.60370262183183
0.459	-127.29612734585504	184.35980137220122	22.09154322980625
0.46099999999999997	93.1662377119391	139.08110643460324	22.396650004540263
0.46299999999999997	-196.37398985883348	183.11556613949708	21.615459275226904
0.46499999999999997	281.6100266533894	157.27473592984683	21.132587560411014
0.46699999999999997	-132.45366213554544	187.6157355335618	21.970440033448657
0.469	162.93381001397654	188.05045810535003	22.133624744345124
0.471	31.7209397371343	154.84711010074443	21.657333138162613
0.473	-77.60597489780974	171.33669664928803	21.210703794939434
0.475	140.17205600458382	135.61200276567547	22.392258974646648
0.477	-234.15829439976665	174.32941491753837	21.346389526215535
0.479	191.15735052599447	166.9394613550634	21.796998041509905
0.481	-68.98837147095716	169.95739026548273	21.08883930990963
0.483	102.33067848064437	191.70739700395646	22.051786208140886
0.485	36.74959469601724	166.5547961145939	21.97842857338527
0.487	-227.01384156409432	181.66028971510545	21.848749612623692
0.489	-26.53406539920855	127.88795624304693	21.503399309681836
0.491	-129.05924192763152	174.33454077226799	21.46409853120027
0.493	195.56806453779885	173.35722768267158	21.701801050698016
0.495	44.15468155505309	165.94273043708588	21.44023168713988
0.497	108.01640426016945	185.22877352676184	21.432876916220106
0.499	-159.30785260576118	172.09859123801644	24.51590118117313