-0.499	20.26070228122734	35.989805662723164	24.417064392100183
-0.497	-5.333687118302954	31.291339836535496	22.599365232890722
-0.495	15.681524314636874	27.684968149179262	22.780783662903563
-0.493	4.044486766607847	32.35890655035471	23.820512784737314
-0.491	8.929806398993989	29.482032933046128	22.691391522367173
-0.489	-32.14403425000345	36.5394942185876	24.756581279998873
-0.487	7.069955690441887	27.611039524309657	22.041213609999527
-0.485	42.42702816825705	33.16217461763805	22.9165849650942
-0.483	6.6679273349468104	31.063613213817497	23.366787814021993
-0.481	-17.992682435075125	27.332876985077196	23.61465640134851
-0.479	10.574292085507864	34.59031575991948	22.936798644375695
-0.477	-17.54822925315036	30.900474185835932	23.4963924499006
-0.475	41.95658082695175	41.19364924920229	24.98747091470406
-0.473	34.19090757805776	28.105462707639017	22.07595988240755
-0.471	41.33334459122118	36.030600110698344	24.435986658334226
-0.469	18.58085796913045	33.77261625026115	21.845493130052354
-0.46699999999999997	-7.53295894695416	36.613595644689845	25.04890628889821
-0.46499999999999997	52.143821098527	31.297398031652282	22.52761942437475
-0.46299999999999997	2.0345697198109747	35.621671828454744	24.17989287746289
-0.461	11.655563579182626	31.59361808411956	23.325245798202836
-0.459	-0.17057911916307233	34.183488382559865	23.547951150481488
-0.457	-2.7085316283148586	26.851571682622538	22.699376768728108
-0.455	-3.901333665012885	29.873319151401557	22.780040768988776
-0.453	-48.77268858249906	31.326349704284997	23.62970356348679
-0.451	-14.345219851108482	33.16889701372558	22.33897800718203
-0.449	-3.9796607050890387	36.01687258796661	23.9833804318785
-0.447	-20.16003940319422	31.638864021012957	22.63496451936971
-0.445	39.850389171203204	29.49636577809923	23.156716844945542
-0.443	-43.02113840581878	32.71140424367279	22.52942675492139
-0.441	37.58524328478785	29.239338300590244	22.628569799175168
-0.439	-8.980265564395573	35.539767812614265	23.149145860763795
-0.437	2.9943930854869905	29.681104893493767	22.56896756935842
-0.435	-1.0931016047877051	34.804432745918696	24.036933521744682
-0.433	46.48002005014362	28.474929544582206	22.026880474534224
-0.431	25.48347839081977	34.8607274415564	23.420089708630822
-0.429	-13.80680778773069	32.83709054719824	22.275476842916465
-0.427	45.14012116452193	32.709120492858794	23.899200840572824
-0.425	16.74298189846546	36.45446431722696	22.82434697314235
-0.423	-5.466829866240808	34.20221209522968	23.19878873527955
-0.421	-13.724755406174793	26.06076327850463	22.29231209396609
-0.419	66.80714388140885	31.868465441770326	23.57990097606171
-0.417	47.81611923321272	36.98952888643026	23.33635140937719
-0.415	-12.630590273343678	30.315109909742354	22.73920509343478
-0.41300000000000003	45.72297331684183	35.512128653180966	23.642574056383488
-0.41100000000000003	19.840422710748484	32.0127810041914	23.125571479664995
-0.40900000000000003	-9.923242184628478	32.77730675410953	24.283743896966598
-0.40700000000000003	-10.802442961366232	28.065423590570216	22.036218284773174
-0.405	38.42814351817658	29.26547188319094	23.950524538842938
-0.403	3.2369956919353626	31.51785145653274	23.128151767344598
-0.401	19.44712025014894	30.091420643280234	23.061272083782836
-0.399	21.059634863984655	36.2713832721923	23.34390226124819
-0.397	-15.956861614929707	33.47876718367537	22.611500682665525
-0.395	0.5027830143333745	29.488807859452976	23.13347306833427
-0.393	-8.71219774956078	28.986496677696948	22.866983670861664
-0.391	-16.124635768166584	35.639404543988476	24.019705538594348
-0.389	3.5711776307234544	28.01236474516039	22.02171271477455
-0.387	28.426581555551778	29.28108923084252	22.223943110718828
-0.385	-19.558465721547513	30.496162275098055	22.293729979975144
-0.383	56.99972345030169	35.25341373964241	23.384690125276585
-0.381	7.878328557309189	32.250149376480344	23.0860607381497
-0.379	35.33740762584614	32.208963209187495	23.249371050330396
-0.377	35.978005974435234	33.998668469259584	23.35439026047472
-0.375	-29.468082071826274	38.44342183358567	22.565647993148133
-0.373	4.39690243880797	33.69216650464055	23.688849698212405
-0.371	21.19167169811753	30.8126288004723	21.90033046118543
-0.369	21.265850535190367	37.018879289760584	24.148921903625762
-0.367	-9.081060411308961	29.19262511976596	22.484702208014554
-0.365	13.422023974918318	33.544285570969386	23.05259863536857
-0.363	-4.744326918215691	31.06854171269587	24.345052367075755
-0.361	-6.2953784142338876	33.479861803118986	22.35787567364249
-0.359	10.85796214006507	35.63900737655732	22.661165953096898
-0.357	5.250728728034559	29.82062228928958	21.848899403669282
-0.355	-11.089341093506455	27.65877295451271	23.600567570059514
-0.353	9.33582637641095	31.046040528105497	22.62219364115727
-0.351	71.12930596386846	34.22961099616856	23.228685628575604
-0.349	-1.3721477944983462	29.719910271499945	22.20420500060682
-0.347	13.61384125120324	35.53724461589191	23.114421359707535
-0.345	32.29019711747938	33.732582943499196	21.96466255606352
-0.34299999999999997	-23.610901266901685	32.48848627400155	24.646638840093846
-0.34099999999999997	51.31619631648654	28.428698098342064	22.18145999798058
-0.33899999999999997	17.1089786231704	30.122952235819373	22.620629116523396
-0.33699999999999997	-28.711505653311598	30.918119700618103	24.0169375444969
-0.33499999999999996	-21.794615238879267	28.684910802457747	21.857514690224633
-0.33299999999999996	0.3019996173136974	32.97994999039733	24.302623644048023
-0.33099999999999996	8.088807067041515	32.468196802278065	22.73519602226704
-0.32899999999999996	4.644643687878869	29.429534712078873	22.117646254974236
-0.32699999999999996	-3.964228830866112	32.348190982242414	22.68882806514851
-0.32499999999999996	-21.83683904322109	33.01783020869075	21.83574417258294
-0.323	25.888841347354585	35.92398051794054	22.148626118500857
-0.321	-14.77020301787757	30.466093521631894	22.106387688344782
-0.319	1.816150149602791	33.772638565831436	23.709400897082272
-0.317	4.464421164307453	28.484426763961544	21.815898245063774
-0.315	32.795237131733046	34.14180172821583	23.463816915031003
-0.313	-6.768551113256471	27.21177849154552	22.01945193838491
-0.311	50.728515277320696	34.037097376053545	22.84930254651132
-0.309	19.964184907239613	30.841508101654554	22.11666469255187
-0.307	10.333830783526565	31.79096845844741	22.450093360749268
-0.305	33.358938598127	33.60464028466601	22.70662525947666
-0.303	11.185362028598433	35.201473941729226	22.74288088665006
-0.301	41.70708368955722	37.074756169734854	23.752889259620158
-0.299	16.82361977617397	31.59293405344151	22.24820406906103
-0.297	17.401952935536258	34.55846024678566	23.004612204931735
-0.295	-38.07640435427029	25.650944305322707	22.193531570933885
-0.293	35.153815468813576	35.42602971709004	24.006176796675728
-0.29100000000000004	11.588115375271713	33.62540351677786	21.62722523792849
-0.28900000000000003	11.830860942252386	29.385389915024362	22.28475435103624
-0.28700000000000003	28.402513805314555	31.591435522590807	22.753328971752524
-0.28500000000000003	4.017466446626372	31.75656290647607	23.79950970424368
-0.28300000000000003	-22.038321130679606	33.00358176795931	22.28882047432906
-0.281	-11.904130881701391	29.926980101904796	22.51631315321865
-0.279	22.330509098944518	35.58754369357487	23.50476757006221
-0.277	13.11467133291444	32.37896506120025	22.556271329530237
-0.275	19.668409861006708	31.623761065247212	23.257559251185537
-0.273	20.962123761458784	29.894354927312385	23.013701801703647
-0.271	-0.38283913528225355	34.8436826817947	22.652869190723948
-0.269	-11.754708732714114	32.448474894510106	22.63351481086567
-0.267	-13.15000052493076	30.91594909127772	23.875399866064956
-0.265	26.580468883041775	31.645674292428886	22.648891960935217
-0.263	18.561900429814315	33.00922626308658	22.871089923192667
-0.261	66.72915670025148	37.95772915989443	23.622525369633422
-0.259	23.703802005003993	29.38582804494152	22.053650414342464
-0.257	61.182005452575794	34.38177144617304	24.04625311599328
-0.255	-4.62669987821851	33.8739228541689	22.73122153769562
-0.253	9.235446570388106	33.67233450383233	22.901978952853646
-0.251	7.560584457388941	30.735550357346124	22.19898831563636
-0.249	34.50977162078317	33.767983635353026	23.483715936493574
-0.247	23.165123010482347	33.17945873714745	23.67198298417249
-0.245	27.805512107459407	34.9201245246306	23.717914408783244
-0.243	13.974605121314099	35.14121604607378	23.21689837897516
-0.241	-5.672070022777476	31.780718797517686	21.904185360088036
-0.239	2.383087315926957	33.00647470650873	23.034836090334746
-0.237	16.961785544555852	25.37315915508003	22.36078290988639
-0.235	31.916562392542147	33.226442649136644	23.33569846082727
-0.23299999999999998	1.635746396111415	26.256779064742048	21.937764501012975
-0.23099999999999998	27.16154388560099	31.735288088615782	22.19354194589755
-0.22899999999999998	-30.757716795393186	32.324290505692346	22.55944324346642
-0.22699999999999998	31.04760678640517	31.843880879482082	24.058577915205188
-0.22499999999999998	41.259166052798335	34.51997759206875	23.259087240770988
-0.22299999999999998	-16.463958228407627	33.959246565161756	22.424517271478706
-0.22099999999999997	38.145625248064974	33.122503407389374	24.30985254813518
-0.21899999999999997	12.781056307753502	27.031541961331655	21.970964807816
-0.21699999999999997	19.490699105118026	37.074899587534745	23.82717933307453
-0.21499999999999997	-10.866493367012175	34.07635212531846	22.94028895007429
-0.21299999999999997	6.647725462771703	34.69359728134633	22.677386862880425
-0.211	-0.8404831537411894	32.87263008088059	23.517554940351587
-0.20900000000000002	35.19758096737213	30.817874868171383	22.19493629525783
-0.20700000000000002	63.20540411541842	33.000188258911386	22.615813101756842
-0.20500000000000002	48.67031563327018	31.57399041697342	22.125416179162567
-0.203	39.60166581284952	30.992805197919786	22.838737043327626
-0.201	20.091681485423507	28.20004351335612	22.77361024708888
-0.199	48.4506893874137	34.52535962513662	23.336422896353145
-0.197	-5.155133995238259	25.96595931056536	21.894568013905445
-0.195	23.598054986084804	30.521311222166585	22.304515408763677
-0.193	-16.145749984652902	34.80688716000935	23.651363916253473
-0.191	47.028125089720874	32.687502200055796	22.93044642073011
-0.189	-16.600239395869743	32.35189960649978	22.685859680818925
-0.187	52.78986240475625	32.350659173666216	23.18221041861712
-0.185	57.129403952638214	33.288132773796775	24.50280604452504
-0.183	52.60378242266661	29.23529922311143	22.697608522729208
-0.181	54.85319262632515	32.77076096341194	23.868932718716938
-0.179	49.612071070903596	32.92971921747474	22.13354850816529
-0.177	9.417884264673049	30.78827285679894	23.50515351860469
-0.175	2.231463436253023	31.38832236976708	22.20371247934316
-0.173	31.074347261572655	33.04099156464821	22.86482910420721
-0.17099999999999999	19.954229947050095	28.674123312870663	23.246122305034447
-0.16899999999999998	45.90255196856852	31.407220025902227	22.08317431687579
-0.16699999999999998	24.187481610482564	31.071817892661944	23.229667254487207
-0.16499999999999998	-6.13833727680646	32.1957436916964	22.399719055724965
-0.16299999999999998	29.76724123282537	37.26842953198234	23.271363395606652
-0.16099999999999998	-5.930801680542608	27.660660474440352	21.81032675004805
-0.15899999999999997	39.60876336939201	29.90996229899401	23.548886944412253
-0.15699999999999997	-24.45856345734132	32.37222057445104	22.540044204574716
-0.15499999999999997	1.8105736516726978	31.903043190045768	23.056827059202032
-0.15299999999999997	-3.6026860373850056	26.122302568424733	22.105038324285918
-0.15099999999999997	-23.303426448739728	32.881545708606225	22.014817507371532
-0.149	-21.005248800221032	31.71074804301457	22.82038729439473
-0.14700000000000002	57.64724602363991	31.60219899754999	22.57575531235642
-0.14500000000000002	1.801771476239722	36.69469162289807	23.5070848553701
-0.14300000000000002	-28.812815635714806	28.510787309653843	22.673819640369533
-0.14100000000000001	25.659242342879196	32.27602350023782	23.469143490639524
-0.139	-11.8868279049833	29.520107009786447	22.33403358959894
-0.137	48.2700681536663	34.153012004689316	23.70213562646005
-0.135	50.36212406128726	34.241602302406136	23.034263797017864
-0.133	40.67392242301793	33.9319169490317	22.294637560518186
-0.131	26.763784579664218	26.95860401402754	22.359660908556577
-0.129	19.293793649177715	33.05000367691305	23.22332131365565
-0.127	87.37392723645598	36.274808013910956	24.045346556710417
-0.125	19.910442547788065	36.542438256771874	22.662702399012925
-0.123	34.740119683629445	32.810622006414654	24.05886528185845
-0.121	-31.84390950505822	33.691038122073586	22.461470091546534
-0.119	32.570501016015996	40.20652132021463	23.41521103593902
-0.11699999999999999	5.252539127420519	37.76735661222438	22.724605484771978
-0.11499999999999999	54.599765509255604	35.507468218633626	22.843608960763145
-0.11299999999999999	-4.456177253198135	31.22930681184787	22.49005658135054
-0.11099999999999999	11.213443356083985	34.49981388781588	22.141517824667886
-0.10899999999999999	39.14280577133056	35.1406188204998	23.095235400020396
-0.10699999999999998	-7.672821826565368	38.04199083236222	23.076819163240145
-0.10499999999999998	34.929967453356525	34.16528862702093	22.965980742921676
-0.10299999999999998	29.71376540772397	28.34211955506158	21.899133761234022
-0.10099999999999998	62.82964703596683	31.616081288221757	24.816532582405983
-0.09899999999999998	-19.79397319085141	31.861681806801005	22.425223807603004
-0.09699999999999998	35.563214433764756	36.56738014153449	23.366413567847623
-0.09499999999999997	-4.556434393787612	29.632151479360648	23.032271540535422
-0.09299999999999997	2.9920458448629006	34.9672524627075	22.838347172202447
-0.09099999999999997	32.70282738121466	32.000653266379935	22.61217478229554
-0.08899999999999997	9.121833332237372	32.05427753144457	22.97862002833828
-0.08699999999999997	85.68408652331883	40.40719491511466	23.50567470210251
-0.08499999999999996	5.411131370980371	34.53755400177028	22.82305312609139
-0.08299999999999999	26.44875367563415	37.80402069176271	23.795954083771292
-0.08100000000000002	-18.42693961651154	32.62369676356267	22.143453691479433
-0.07900000000000001	72.98693154633717	39.067307554159285	25.104572034590223
-0.07700000000000001	1.9727180311512882	31.463412881563396	22.202453268231494
-0.07500000000000001	36.31899442058106	37.684509302050884	22.58767436272766
-0.07300000000000001	18.00575895583023	28.185242751280242	22.197256152160904
-0.07100000000000001	44.52855871317496	34.867981213376595	23.373832523803717
-0.069	36.462805082404515	32.638774208414006	22.449554391859614
-0.067	7.254324055017136	33.539593888141134	22.70805853724041
-0.065	42.14388103673805	35.3018086272105	25.316050907944422
-0.063	-28.703331009460875	31.688352558988445	21.454919277264356
-0.061	20.71755076937798	37.266505903716165	23.580909061715882
-0.059	17.4771593821621	31.24693134711288	22.350312854990328
-0.056999999999999995	13.674270120445087	34.44410009944013	23.218661881380402
-0.05499999999999999	39.45922673320723	33.478876104597056	23.035955559676488
-0.05299999999999999	34.468501709516985	36.09571838846611	22.622388691713372
-0.05099999999999999	15.806131411277846	33.560877722612396	23.017514013274567
-0.04899999999999999	-16.211643329766545	34.26025635816091	21.505218541116633
-0.046999999999999986	65.95495432626386	40.909857043911494	23.819953310992073
-0.044999999999999984	17.75566490436198	29.69316235932629	22.669234806078588
-0.04299999999999998	55.47889448220822	35.25698076288013	23.877963394978586
-0.04099999999999998	26.084144596261183	30.472567926587793	23.04213624337833
-0.03899999999999998	64.39787666967511	35.086647100746106	22.429625945377172
-0.03699999999999998	-54.4275376404002	28.968913400406993	23.28575117839484
-0.034999999999999976	4.898566714928165	37.866193147421654	23.181685341948153
-0.032999999999999974	-30.967190022712643	33.40154311706606	22.704274717854904
-0.030999999999999972	-23.493229187598885	32.10162257494319	22.301712812933634
-0.02899999999999997	39.652844515902785	34.93497258433142	23.069484981002184
-0.02699999999999997	-16.00563943027211	34.582170186193736	22.266152765921053
-0.024999999999999967	50.010660494592685	33.44927022170937	23.90413078182728
-0.022999999999999965	-4.841048567683082	31.300958594602893	22.059541061268227
-0.02099999999999999	83.65355434780675	35.8290757524077	23.192920350196516
-0.019000000000000017	16.747841283137888	34.7001312203701	22.7456053181425
-0.017000000000000015	26.409003833993694	34.680593228254004	23.514219251598586
-0.015000000000000013	50.40778253029288	36.07146221733791	22.668526290018498
-0.013000000000000012	1.312083527382768	30.746848382841254	22.88498884839225
-0.01100000000000001	81.4771525443625	39.82286410162439	23.265484548770782
-0.009000000000000008	-108.27794686762982	34.60311514021971	22.649265934753615
-0.007000000000000006	-281.2648403783813	37.963170627159585	23.98760776102515
-0.0050000000000000044	-538.1733506667485	33.443004239279915	21.99386741551207
-0.0030000000000000027	-532.8453438632197	39.22684502981563	23.822743021948824
-0.0010000000000000009	-639.8745916852411	32.6954728020368	22.501015365482893
0.0010000000000000009	-640.018427219613	33.604220602363306	23.736636445995416
0.0030000000000000027	-600.3904407951843	34.97084535463729	24.01235765431468
0.0050000000000000044	-533.9471241405657	34.014191451075504	22.399614807147966
0.007000000000000006	-303.7703833230765	36.42567265159131	23.103984544846874
0.009000000000000008	-62.52637929371474	32.71627690566773	21.55393854847867
0.01100000000000001	125.42761407807745	33.733458120043124	24.96860756160764
0.013000000000000012	-33.855305306751404	29.016063210247708	21.493263822988656
0.015000000000000013	42.51077760830668	37.437856328937755	23.624029076384964
0.017000000000000015	-14.795325706473683	32.05830850424982	22.7027751597372
0.019000000000000017	44.147899047386474	35.38991007308387	22.979986779955354
0.02100000000000002	-1.7887103299640827	37.421355893815125	23.69740421370504
0.02300000000000002	-48.730953421283196	35.01840872502673	23.115894136328773
0.025000000000000022	35.066353986090704	34.948836802451204	22.838123982122177
0.027000000000000024	86.85233864258457	30.997211020310385	22.822534543345746
0.029000000000000026	42.91655263277683	34.514760365689696	22.830161981685613
0.031000000000000028	-37.251048454534086	29.955225836281496	22.5376930017864
0.03300000000000003	41.68508526802839	40.26157994230942	24.00798960411343
0.03500000000000003	-18.57903912094727	32.84527276095089	22.888202448864156
0.03700000000000003	39.92869578062219	34.574729481638784	23.779645608492853
0.039000000000000035	-2.8636453602848277	28.550632348134407	22.33924962058309
0.041000000000000036	60.913172403420646	34.38024362835495	22.989695125694148
0.04300000000000004	19.750650588568064	35.652303801674805	23.335262181614766
0.04500000000000004	37.11179435450518	30.99000940153068	21.847102957940088
0.04700000000000004	39.42567067660718	29.831733999345026	22.809042572638297
0.049000000000000044	21.60846599319477	39.312849540227745	23.454572343523186
0.051000000000000045	26.562636400218054	31.940432790568543	23.04503419391407
0.05300000000000005	-16.185873516483262	32.80978191929528	21.843111246025156
0.05500000000000005	51.13007868429165	38.678846874344124	24.68572052745239
0.05700000000000005	23.211419827529056	34.58807763722336	22.61654394606844
0.05900000000000005	32.63373091311195	32.518180216870824	23.064327125790427
0.061000000000000054	-16.98839457398016	32.83293490315319	22.87162093284365
0.06300000000000006	-8.263097030725142	32.75980356267456	23.26177297600286
0.06500000000000006	19.193452243992937	36.5153521238064	23.153373347598787
0.06700000000000006	58.28479569047751	35.82160865392669	23.40001799795931
0.06900000000000006	85.26417897369853	35.024093848052544	23.170453333024366
0.07100000000000006	-13.641309824619086	34.09416887428948	22.004887250385377
0.07300000000000006	-4.2547035047357795	33.045978361784506	23.206506555854673
0.07500000000000007	8.865518993816934	31.031954262785913	22.528590582835264
0.07700000000000001	-0.26418784970783094	37.87940506943966	23.631976165611082
0.07899999999999996	-38.242409236000086	32.45002118753299	22.283208298746377
0.08099999999999996	-24.494363416005527	39.22553509048227	22.39845760147479
0.08299999999999996	5.216168311283909	33.82708880065258	23.234786200356353
0.08499999999999996	10.826639011085604	31.9636732780539	22.470156918112963
0.08699999999999997	58.928276375436184	37.698852830126036	22.200466817085797
0.08899999999999997	-19.215886796986048	36.461978810080204	23.381004943824156
0.09099999999999997	64.17013665038773	35.14908218039221	23.452925075409034
0.09299999999999997	-32.084177737257136	32.066383616219206	22.698591479901093
0.09499999999999997	52.916384188916865	34.05950187349536	23.606865034601597
0.09699999999999998	-56.36778328244052	31.511045495408002	23.61633263727541
0.09899999999999998	35.07099723343288	33.511860221720475	23.246697103930863
0.10099999999999998	-26.596996971273157	36.50763799117836	23.60634069229773
0.10299999999999998	-0.9669614593477149	35.297265086165346	22.923434485525448
0.10499999999999998	30.196546002114744	31.604291669824548	22.99020956771842
0.10699999999999998	29.88058894892731	36.10250438295487	23.070951692098934
0.10899999999999999	75.57324786189312	37.249538702297905	23.651906554740115
0.11099999999999999	-15.611618410349415	32.79498726853813	22.312282674010138
0.11299999999999999	-10.519000018027747	39.17425690284367	24.25943027648408
0.11499999999999999	-18.493294825061568	32.21188186913929	23.237536078954612
0.11699999999999999	16.274161776186347	34.39971019521024	22.67712603065046
0.119	-47.56080504764171	30.606871468258294	23.19235550645862
0.121	6.05853870960793	34.81601849472707	23.243476601444524
0.123	52.06883115160821	30.05635977226148	23.259942776883474
0.125	4.219928321669286	29.824707914114786	23.042873027878844
0.127	29.030747036751237	33.689297402123415	22.907648141269906
0.129	41.34934325872308	34.04029560722666	22.161729598875848
0.131	70.07009112069973	39.047877464747984	23.662544649182255
0.133	-9.599235298973774	33.39500342164489	22.543177781230636
0.135	28.440519423744703	35.71989454414129	23.346379621749183
0.137	-34.6767834976669	34.783928949843244	23.490004807827606
0.139	70.9017210969165	34.67182632100726	23.35234279156013
0.14100000000000001	-8.638453868781149	34.6715463357911	23.694594017254403
0.14300000000000002	36.26693352809518	31.835853588796972	22.518121485936806
0.14500000000000002	22.060986563543494	32.94068852009495	22.65582908191177
0.14700000000000002	22.696582090420137	33.29653911444899	22.660548413830483
0.14900000000000002	66.4898431177452	35.64972877189833	24.4726782291918
0.15100000000000002	-2.625340664530462	30.923603265603578	21.75205502668118
0.15300000000000002	-16.401777346519708	40.037811634833155	23.322089520158308
0.15500000000000003	5.855463295123542	29.43883343901818	22.066755830793067
0.15700000000000003	4.265546662329811	32.080547512537855	22.615206508883393
0.15900000000000003	-71.50556283297416	30.60655562645558	23.145523669467885
0.16100000000000003	-18.11928723827183	32.454830549177444	22.82873722449946
0.16300000000000003	60.604162272825945	32.4889649419334	23.76943914717697
0.16500000000000004	6.047872980863289	32.88725020812439	22.999879546829863
0.16700000000000004	-18.521038911090137	32.35316523460077	24.148074970269917
0.16900000000000004	-35.96162446162232	32.312762024319596	21.801917335233657
0.17100000000000004	28.85983882361387	36.57516924999669	22.213815399425073
0.17300000000000004	-22.34777216336692	32.55854249781243	22.680976943770485
0.17500000000000004	0.8421166783900702	33.3704014435295	22.518458123136252
0.17700000000000005	-57.97260030848683	42.074984172580315	23.103264811911178
0.17900000000000005	-39.49287699800408	32.03212698217128	21.953628855215403
0.18100000000000005	6.5124645427516725	32.00338000302651	22.304810795958566
0.18300000000000005	-25.50400816503373	33.08112969711136	22.740942291609997
0.18500000000000005	10.135479025397132	31.14108324372585	22.82619844507277
0.18700000000000006	-3.787956655343372	30.96357171113985	21.749412270828245
0.18900000000000006	-13.894290377569618	34.61715899254921	23.141301766807675
0.19100000000000006	0.5476968449880104	31.87837789273227	22.503876477566575
0.19300000000000006	35.31267261625004	34.28844605212297	22.702814428094353
0.19500000000000006	-2.4505265741048277	30.91487103017601	22.033436276181213
0.19700000000000006	-13.139546438556415	34.8183093550048	22.901785380850157
0.19900000000000007	-9.417390279597981	38.8222565309057	23.474744642094095
0.20100000000000007	27.51334218542567	32.55331080620315	22.082358486586156
0.203	24.20939583269721	32.0686147030608	22.635338747853606
0.20499999999999996	-14.190049766105162	35.523237657533514	22.533671077646634
0.20699999999999996	-2.127055070633155	36.66843275694697	22.604616061241526
0.20899999999999996	-27.965902747451032	31.461665927009467	22.436716840708748
0.21099999999999997	-14.092885254890497	38.64542239082751	23.292061523952224
0.21299999999999997	-9.27666717875919	29.024660784978995	22.546550511778978
0.21499999999999997	-10.535308063830406	30.134912490528276	21.98573912667197
0.21699999999999997	17.686612342471264	30.48458602686059	22.6710856741825
0.21899999999999997	10.644985703356369	34.228472771919506	22.070466979747785
0.22099999999999997	33.71864195811369	33.92454516678449	22.8422378409761
0.22299999999999998	-13.4598255092655	35.95133531432943	23.059157552539933
0.22499999999999998	64.31925738081823	35.18307798862498	22.99994828666072
0.22699999999999998	-12.708456459953332	35.806501235417045	21.945386069579385
0.22899999999999998	29.52609183726196	31.359151008214873	22.457019896071056
0.23099999999999998	-10.870555237740831	31.73750069175498	22.254659525453306
0.23299999999999998	15.968972482571786	34.3033443482654	22.7743629249279
0.235	-18.944129872910942	30.769666757135806	21.843569703677144
0.237	23.36768824284796	36.546798785311594	22.140039564589262
0.239	-6.988893925474748	32.03811785374172	22.16318365220594
0.241	17.573542714144352	36.89350241572491	22.094816430549766
0.243	83.38744241709328	33.41545924406132	21.95270454655339
0.245	-0.3366049519115677	32.58378221444954	22.728964640096688
0.247	3.268250904575609	30.515532025044955	23.032222342172936
0.249	-31.789164853135432	31.962338652336484	22.355223011688025
0.251	37.59916604084701	33.28563091959069	23.469178002675477
0.253	-26.90418505624237	32.58216314745867	22.173907905618194
0.255	56.85474253347422	27.81966453961048	22.65641048557095
0.257	-22.358703577141092	32.56033016047181	22.91339030329414
0.259	-9.943417430657853	35.31742561766915	23.858607109820646
0.261	19.197584431696058	30.28076980381457	23.36673077541842
0.263	-41.89790602815435	29.811525662378976	22.773737017166347
0.265	21.72851436754719	28.946389414322717	22.52233885013938
0.267	-14.603196036078181	34.098790715391594	22.050163151643755
0.269	24.719086878954855	32.45346876897557	23.188234964218946
0.271	-2.83407348766751	31.73744517174369	22.148167344452776
0.273	9.649310124038024	34.74514430169376	23.203460527443504
0.275	25.8315852121882	38.961536858662164	23.308952077830615
0.277	-31.864058566588582	33.84578975487742	23.97195528836715
0.279	6.816200869064204	35.98718758700456	23.416320087243108
0.281	-29.547691304476764	40.49227120434965	23.28152650871237
0.28300000000000003	2.063836790355822	33.80871295648544	23.632787246576154
0.28500000000000003	-0.6720983316554907	35.33223195188147	22.512974198542775
0.28700000000000003	-14.87117646492564	37.682103892188145	23.643327909914195
0.28900000000000003	-23.345101735183782	33.68864690174192	22.609757167098948
0.29100000000000004	-9.343728598731893	32.48077759488346	22.828468260767572
0.29300000000000004	-45.825616691197446	30.84169610771985	23.166247446428805
0.29500000000000004	31.13112965680287	31.407787863228616	23.16672925375017
0.29700000000000004	-7.56553940139959	36.5671829873197	23.470633026478396
0.29900000000000004	18.962452457360612	34.19593525988702	23.059900961461267
0.30100000000000005	-13.212815262342303	33.06683280828281	23.198172644144396
0.30300000000000005	-23.284919443145036	33.49570242173434	22.81747564083465
0.30500000000000005	13.378427529353587	32.08248523220435	24.091591003940543
0.30700000000000005	-30.491254674802626	31.732835403232674	21.9920856629869
0.30900000000000005	49.851770942854756	31.80468918915572	24.698022307250525
0.31100000000000005	-6.425232964124561	32.57062337993422	23.300247232851497
0.31300000000000006	17.97499463296326	34.82775653901916	22.936747027243214
0.31500000000000006	11.11752609284089	34.51198944171121	22.31796252526831
0.31700000000000006	-26.552091866860472	31.39650807716123	23.181362792963153
0.31900000000000006	65.30642881963367	31.201623271946566	23.24529190449266
0.32100000000000006	-18.6307186548218	33.58973799586298	22.07406520175427
0.32300000000000006	13.003772713515716	38.08128673187441	24.395241528061547
0.32500000000000007	17.390891952739906	30.44751125550939	22.708693203764884
0.32700000000000007	1.2353110745433327	32.34394631613511	22.667013216680903
0.32900000000000007	-33.546881449519894	34.49312306919818	22.84829737943105
0.33100000000000007	28.153934128027913	32.908363120839496	22.549065770011666
0.333	37.51742997915031	33.11031240463128	23.099298837888128
0.33499999999999996	-20.650099401220423	33.79724596522779	22.79563804155735
0.33699999999999997	7.981057551287307	32.5611793370847	22.643891190237657
0.33899999999999997	-42.018384490472016	30.38399720493583	23.516871409165372
0.34099999999999997	-12.873308788852178	41.98661598300451	24.31408527657057
0.34299999999999997	-17.364750135695495	34.25180856411573	22.166246964456967
0.345	42.03222903620407	34.72594123805991	23.151384469589885
0.347	-68.31527694872719	31.59372281644184	22.833661094940894
0.349	-28.728068257266592	32.456041695516454	23.040993961390672
0.351	28.711718459195623	28.083418651342225	22.457616067613234
0.353	25.929617520459303	35.90757204923137	23.63604946256005
0.355	50.67086540977428	30.538756710488972	23.315050345500374
0.357	-8.86365871410888	32.467216513045116	21.990629310729492
0.359	33.28147741488152	35.248450170677636	23.023268975025747
0.361	23.54604388776771	34.856458614846375	22.8969649565019
0.363	-1.3723201991444611	30.390845047824538	22.981887645624024
0.365	59.57157865621454	33.58883184857932	22.169708538447324
0.367	60.999657591320755	35.226793647841035	23.671092249307666
0.369	4.314294097751414	31.761470968664266	22.718814866794744
0.371	53.17242429114799	32.654004100603686	23.139846049983408
0.373	-0.7477539691880253	34.0749848403761	23.37992497999102
0.375	-5.801728289567265	29.668714038406325	22.769507579527776
0.377	67.94896031059316	32.36391351702413	24.024181250957035
0.379	-17.898373487312824	29.317763233648318	22.444217700817777
0.381	-30.575800822885135	28.72187116451898	23.021304081759475
0.383	-11.045862812864016	30.136773987476772	22.427560406895854
0.385	37.086000234554106	32.37341800429388	23.083751288264153
0.387	42.69156317437961	35.36793411598676	22.80709854654094
0.389	0.9811806325199512	29.0780573018858	22.948290264356277
0.391	-27.373221099802336	28.765820841366352	23.205298525067178
0.393	1.7838624304378214	29.57048502654444	22.26833873791241
0.395	36.392835923049205	32.924038108675354	23.271099660186714
0.397	-37.010962301575745	31.505069049168284	22.845108079584605
0.399	-5.772985283813981	30.909398187537853	22.865141802774048
0.401	13.362657197424355	34.095203202982475	23.027077011620324
0.403	65.20182395108876	35.00851498064222	24.420048548133476
0.405	13.760408133389745	30.66015448958407	22.763726801186426
0.40700000000000003	18.63018918291104	32.285127188314796	23.562256646105833
0.40900000000000003	-6.889475278160084	30.828710876494025	22.393505378250744
0.41100000000000003	-2.4670934715143034	32.68890661451648	23.433814516349234
0.41300000000000003	14.575809666128592	29.25519022444241	22.13817425422763
0.41500000000000004	-49.00222569170776	34.34232442250436	23.733954469267548
0.41700000000000004	3.147966581851236	32.48208004289593	22.76774331824358
0.41900000000000004	-14.304206890414228	34.033427481296656	22.43756055339228
0.42100000000000004	33.04010977234206	31.924394074042414	23.438173968433773
0.42300000000000004	-36.02510982014806	34.29599258394348	23.152177992345102
0.42500000000000004	0.8427187039306006	32.74254209608378	23.61507841879052
0.42700000000000005	-3.170412185560245	28.99012259849016	22.80299304357902
0.42900000000000005	23.184140921506113	33.21401745065603	23.16998300978497
0.43100000000000005	19.770976502186954	35.96585686738998	22.6740129003734
0.43300000000000005	-6.497984912368082	31.97182843432641	22.60551788884373
0.43500000000000005	35.18731973906064	33.980866158658955	22.509773557792506
0.43700000000000006	24.56176643539365	27.963027122351036	22.099670057269932
0.43900000000000006	10.804082809068305	33.112706792881994	23.37224861938294
0.44100000000000006	-25.69275478581101	31.382334895229256	23.123674632640654
0.44300000000000006	21.658095874954597	33.28367537014422	22.850493223498248
0.44500000000000006	0.630308681470737	28.34223881142692	23.301433094598114
0.44700000000000006	-10.49046340229065	29.82423156438921	22.4049956724211
0.44900000000000007	6.546549304875526	32.08764016688047	23.340017933825187
0.45100000000000007	20.376999318338918	29.578469259634765	23.560516344157993
0.45300000000000007	31.367771464507754	34.535227983262054	23.20383473867196
0.45500000000000007	1.0190191988002084	30.61341856485213	22.2726083747912
0.4570000000000001	-14.649198607941116	27.65188595185123	22.343336917546804
0.459	13.755797322101415	29.821115379667862	23.028004700458375
0.46099999999999997	93.9835923043919	36.4151563197569	22.78569239955976
0.46299999999999997	28.024755602595874	29.76745672050123	22.91562548007366
0.46499999999999997	12.837670021470515	29.854225846969324	22.642701523667384
0.46699999999999997	-0.7176266247910235	28.66320143030416	23.021124003575753
0.469	-37.74930114763819	31.594478635800268	23.032762729497534
0.471	2.741818503571025	33.93404169808128	23.03987362299487
0.473	49.54443276239395	28.048548349962587	23.255629562580058
0.475	52.94967092583924	32.97877833943651	23.152778760166438
0.477	-56.77334567766312	30.459118600434973	23.037388084448498
0.479	39.06208444837134	32.243111436543735	23.137933480434874
0.481	-32.43942006292411	34.392539108410965	23.82119946322645
0.483	3.2307682176213603	30.3538712944028	22.247062267493195
0.485	-21.636227453658563	29.80847132642108	23.087456127010913
0.487	37.169534496506174	30.44636814641585	22.9292729939105
0.489	50.385089708449016	30.003365145079442	23.97799240454494
0.491	-29.7579278039084	33.54255059850668	22.845310445152887
0.493	8.92814653630225	33.04563480344361	23.144821795601928
0.495	-4.27129268243398	31.78584991796094	22.437808314880556
0.497	14.75246099813532	30.274834653788137	23.16752088865574
0.499	17.124381113120535	32.642125875953624	22.854502024580686