-0.499	36.3174823843071	21.884976660429146	16.970792570278697
-0.497	3.8223235792056443	18.993799032608187	15.758990238729506
-0.495	3.6479984037995905	19.72353804343713	15.752389358927415
-0.493	23.41664893057427	17.97148982557034	16.38159302647946
-0.491	33.72390313671758	19.341939301446732	16.60872860852715
-0.489	-24.885227333237836	20.275105472386265	15.870263842126944
-0.487	17.480830989180518	17.697212203899394	15.915356578907527
-0.485	41.02685002060902	18.717099299683053	16.045195529242164
-0.483	-17.33817537175053	20.41533057985852	15.84897967407153
-0.481	2.6262110592867316	17.437363643499143	16.253208419590333
-0.479	23.03575859574636	19.10629701178958	15.635912142524054
-0.477	6.16086450699882	16.795214367590248	15.296630357469585
-0.475	19.7386489713125	23.06583835713366	16.116965687446235
-0.473	58.06966535915059	16.635135854332848	15.68600262932898
-0.471	17.91255290739535	20.88443109602089	15.750324174046689
-0.469	0.7437380060704157	21.41733126194443	16.182883577015243
-0.46699999999999997	7.995420606032866	16.931963634898466	15.498710569541611
-0.46499999999999997	-4.9954901896187565	19.7102659493512	15.633293396469742
-0.46299999999999997	-4.009397115645186	17.248538756876073	15.9926058513082
-0.461	14.183521848565306	20.075362262697926	15.89978354531191
-0.459	-8.494291266369913	18.44933044099004	15.484877371352567
-0.457	-21.178001498034504	17.10730531590605	15.934752900923078
-0.455	23.711490924949175	16.84160486206089	16.35868361870122
-0.453	24.67916765258593	17.816846334533523	15.785005613191453
-0.451	3.712701244440453	20.826999567120474	16.185532731678553
-0.449	12.491558015970128	17.311982458312844	15.847448372367602
-0.447	40.105112908639384	18.373194301703183	15.536048647219351
-0.445	-13.68797121570342	18.8263508327293	15.478857320868485
-0.443	21.809193757160728	18.59961040579965	15.82542393833908
-0.441	41.179929813894844	15.669604795949176	15.975966738717085
-0.439	-43.43716663113284	17.68197082691945	15.688395266490826
-0.437	27.092502362435766	16.677941470106624	15.889315857786492
-0.435	38.99390455996965	19.80669289157921	16.143517145359873
-0.433	-28.373285862914877	18.292148032518146	15.544949165149143
-0.431	36.46691341407937	18.135692503770173	16.20546518458055
-0.429	-2.5517045911804814	20.89040617544048	15.904622143576216
-0.427	-13.217581383506705	16.628661952599657	15.498915217910515
-0.425	12.938170081966405	18.96503374971211	16.225519731577368
-0.423	66.41148203412328	19.37416166709906	15.683380056033785
-0.421	-24.626404837246874	17.010150067645178	15.747271743060345
-0.419	25.080995231352432	19.107958664530056	16.14440086943312
-0.417	46.962957098939384	19.447473530932236	15.96067316664203
-0.415	-3.780708650036324	19.706931279908822	15.563929544166042
-0.41300000000000003	6.635886901307231	19.52378945422604	16.03336737145935
-0.41100000000000003	9.146543559657161	17.53293654848674	15.497854560565496
-0.40900000000000003	22.09381264739463	16.379312999052484	15.487683951503469
-0.40700000000000003	3.58370399888841	16.73727334742299	15.79715876412662
-0.405	23.626888658645484	19.178940887808675	16.120378342209417
-0.403	23.430931090251406	18.364883791690218	15.82582854542374
-0.401	-17.160661384352238	19.685819772137815	16.239064070521717
-0.399	3.0826283330398496	22.31083937147873	15.879288947395594
-0.397	24.894675681785827	17.87393926953314	15.93250476230453
-0.395	-20.92217026816723	17.8949619330722	16.351797913333904
-0.393	46.81594491162677	21.76113167519972	15.67849068902931
-0.391	19.08177463549876	22.33878696725491	16.25820441505179
-0.389	-8.893249415664606	18.229160142213427	15.821849707988877
-0.387	17.14591438961577	17.35280332584221	15.72232844050911
-0.385	59.31048176099907	19.92212468826291	15.922314931201626
-0.383	2.5140022701375386	18.056151893652277	15.999550608586466
-0.381	33.76208298222494	19.179759919549902	15.210877579026347
-0.379	48.80212434965614	19.826991644407663	15.88373949238701
-0.377	-2.9847151415962614	20.838525548401822	15.99297464972555
-0.375	30.034978348858488	17.22842683831608	15.900849015547239
-0.373	15.983436684408048	19.65941909906466	15.536841385473197
-0.371	-1.942097435092549	19.75693436990148	15.939463258775623
-0.369	-15.873529966681232	20.982505909035385	15.745431734222247
-0.367	23.64750859373821	17.126724571672444	15.543028233225654
-0.365	-5.620106375059386	20.2106042734279	15.747650887566335
-0.363	28.653674204015545	20.092817477747978	16.00947539351249
-0.361	-1.9061311535839565	19.062753098253783	16.024562364921945
-0.359	20.098436304127887	17.911660018339173	16.018922719392783
-0.357	-14.456862137524062	20.904602618464626	15.894297312602442
-0.355	53.059023799706395	17.207492229535003	15.913506825432563
-0.353	43.8652246903537	20.747351997843932	15.8433849581562
-0.351	-8.431356564697623	21.5056473752596	16.110686126694734
-0.349	12.209091324377752	17.72592257195989	15.702055869556506
-0.347	18.315776401989226	17.040729849650972	15.703483991449355
-0.345	25.809316661407067	17.843012353118517	16.309774562651388
-0.34299999999999997	53.25574329795302	18.920388406138436	15.411624192049612
-0.34099999999999997	9.452778185536914	19.07336588948724	16.411473964030655
-0.33899999999999997	-24.953003600280965	18.489818101102593	16.17281461787999
-0.33699999999999997	26.358929206660164	20.817183819178975	15.685355686063186
-0.33499999999999996	35.25992486763663	17.442144990583827	15.52455952927483
-0.33299999999999996	-10.918160923578668	20.234745564476977	16.243939577633657
-0.33099999999999996	47.88339904893135	16.423581416251274	15.484870928401811
-0.32899999999999996	-24.21869224666917	17.466726277421447	16.021652317123927
-0.32699999999999996	9.346992702496948	17.84838272257995	16.088517669238126
-0.32499999999999996	20.68432124180397	19.520316378839595	16.388308078893708
-0.323	33.117400856319534	20.163098953797668	15.810717777016087
-0.321	28.693480951025307	17.07008030133495	15.863160753780436
-0.319	0.994618487126786	19.25185106173273	16.2746245881376
-0.317	31.382279302549776	18.889915201196295	15.401537352073648
-0.315	3.5354165279777305	20.03261616110573	15.634361241240835
-0.313	41.5919203664572	20.428126054452346	17.14273125919877
-0.311	29.85115390319315	18.11423553170585	15.480199520342364
-0.309	18.80251853325632	18.532986318570853	15.930964725221639
-0.307	-26.271818876155706	19.9833753927829	16.474359049729827
-0.305	10.384041623678897	16.48520063995096	15.578581757135591
-0.303	24.999144574655574	18.277718660381144	16.165715336634033
-0.301	-26.559321083752252	20.33848582314062	16.265256597930676
-0.299	13.566536134046459	15.9724493772793	15.318443595037515
-0.297	6.691839434358471	20.32386838889686	16.10576356680278
-0.295	-5.594491368610122	19.743401281778517	16.193791903157997
-0.293	32.24680327407192	16.0467866871988	15.655570204077469
-0.29100000000000004	38.61889405398777	18.47341768337097	16.19576913668991
-0.28900000000000003	-9.38286156970669	16.967537614978184	16.10445354302095
-0.28700000000000003	37.675829726691035	18.678098934640236	15.81046838549141
-0.28500000000000003	22.8959739296819	21.574104291935335	16.64294930786029
-0.28300000000000003	19.686878013569498	20.04320565575675	16.249464853951217
-0.281	51.09659603741434	21.08049255117554	15.827018331478916
-0.279	-14.09546012376417	17.372361059154404	15.997006954859586
-0.277	11.240149093705298	18.02073742672851	16.203267316555788
-0.275	13.76166614552865	21.056516437509767	15.993171154782107
-0.273	-10.803410212201214	24.15741987639402	16.484402244378856
-0.271	-13.205958130813045	18.579544826601946	15.83132851310152
-0.269	22.691137278929574	19.599356202132633	15.798071586496853
-0.267	13.587194293895877	15.796125932336908	15.785889603839852
-0.265	1.4724415551281567	20.81740571651426	16.508097802875348
-0.263	-10.076697463223816	19.47463840349075	16.785324220309633
-0.261	-32.849589340799845	18.31892296046856	15.308402974554737
-0.259	1.7089103716561027	18.91799525334975	15.99569172457532
-0.257	25.250303101520544	21.13736347322247	16.475167273677716
-0.255	21.179305458751685	17.53902606449734	15.649705145539329
-0.253	31.738461739427848	19.177994004038023	16.044532375241978
-0.251	-2.396248080738239	20.737597880716685	17.010707648493305
-0.249	20.275691463567114	17.605226406326125	15.414085310431277
-0.247	-6.24902422541318	16.856152179904967	16.44214890044592
-0.245	-11.252085971968917	20.355008424647814	16.048598882353662
-0.243	14.509661701245236	18.113303613352773	15.664452194964753
-0.241	40.28718154258648	21.240417849070166	16.60486010512096
-0.239	-14.022332069596466	18.038662834319602	15.46948365767809
-0.237	37.11815333629076	19.25680767950563	16.4900113026539
-0.235	-9.348819356547189	16.44136783659509	16.60570997143297
-0.23299999999999998	-9.7484666538028	16.599432223815803	15.701159092602273
-0.23099999999999998	26.570662982061677	20.231756501610555	15.853060504603686
-0.22899999999999998	39.452033337328274	18.031080151292105	16.418432360985545
-0.22699999999999998	-4.424019736548601	18.31658480496021	15.611057051642257
-0.22499999999999998	20.59977186008588	19.615361910235208	16.65769679198546
-0.22299999999999998	26.2682874037079	18.582808640171	16.215676399975138
-0.22099999999999997	-4.30178589516661	20.494456826110742	15.476193425512399
-0.21899999999999997	33.45649985075916	19.57886424444572	16.45482162572388
-0.21699999999999997	-8.370816445668616	18.572949549856286	15.936080088172433
-0.21499999999999997	-1.577209102876509	17.122663224309694	15.822194131669109
-0.21299999999999997	38.31264942499857	19.939585894827047	16.391282845523378
-0.211	-0.3410979781959256	18.66586192145733	15.989534682029879
-0.20900000000000002	11.336841394093966	19.81851289161715	16.064854087897277
-0.20700000000000002	-18.141964618023643	20.821248554856826	16.671214251734114
-0.20500000000000002	-20.91537869708393	15.585318146772728	15.13923130577651
-0.203	41.16703777712338	20.998480388359187	16.45970118083618
-0.201	18.869853955161275	18.92594836469516	16.539258849619454
-0.199	44.77732089469555	19.158902564181332	15.82800030261781
-0.197	12.257304441876116	22.008333469985615	16.469815202418093
-0.195	22.436847767703938	19.84544033251573	16.59168551483935
-0.193	5.494388124249738	18.55799695638903	15.49617821025904
-0.191	-9.080646690029504	18.841397604480182	16.75610686597444
-0.189	2.664282138464813	18.34001617084287	16.604718813435607
-0.187	13.269271341709299	16.474587569035403	15.890235873381155
-0.185	-3.002884902625347	19.93436849073394	16.265228035281027
-0.183	-0.17993313117248277	15.845080920732881	15.970316968399215
-0.181	16.334201193624054	15.934039712116888	15.884989482362528
-0.179	-12.825358096990591	17.938048574202035	15.966123525611597
-0.177	17.854204298117793	18.175764930981444	15.854744098433248
-0.175	-9.320180052507787	19.58514144271234	16.124894302525348
-0.173	-28.29090714473459	17.461751119103436	16.351164171186944
-0.17099999999999999	-9.78106087612396	17.97054646170215	16.13165164793323
-0.16899999999999998	22.341938413994455	20.068573053797916	16.50254726706418
-0.16699999999999998	-21.469634283399763	20.694682299897448	15.884844058960155
-0.16499999999999998	2.2007452205041744	19.839893314280385	15.687677189763352
-0.16299999999999998	-12.586751705789823	18.211644033905078	16.418128218049855
-0.16099999999999998	-6.144213766656748	18.38876916192952	15.66991002544393
-0.15899999999999997	33.23853002035193	20.00487534357598	15.978721812136655
-0.15699999999999997	26.14417531598967	21.545927810228093	16.24313844913012
-0.15499999999999997	30.9477314293094	18.56960666585947	15.268308898268259
-0.15299999999999997	6.594938907866776	17.60780670704657	15.619010405010185
-0.15099999999999997	13.826162844177148	19.417463018182147	16.02451795243237
-0.149	-15.293742439137503	18.252158527349454	16.15159279356625
-0.14700000000000002	41.16193544412283	18.7666255540496	15.922377805634454
-0.14500000000000002	19.46898732785307	17.495465583827073	15.802533108355968
-0.14300000000000002	-19.639959417339092	18.031841979503664	15.281929896457237
-0.14100000000000001	28.62637010103697	21.320834080258035	16.47793897906628
-0.139	2.0185578901710244	20.510293661011946	16.02107400191548
-0.137	4.118205473080394	19.205197816103645	15.619109238646267
-0.135	30.43492327603481	21.921917696332876	16.810189507805482
-0.133	-5.546136874534646	20.302197887069042	15.945943991037689
-0.131	6.762186629316602	19.536860430548074	15.996077123335036
-0.129	3.1079859508231777	18.45813759101933	15.725236914945127
-0.127	3.1888815272829163	18.047755668204047	15.321393536211792
-0.125	16.9243072327685	18.95459220851466	16.26840199791454
-0.123	-7.8284845488330035	17.080195252142946	16.077680019398375
-0.121	19.18303381831521	18.435373720963533	15.944771666575374
-0.119	18.290660367625833	19.297226374408538	15.757216458446008
-0.11699999999999999	-3.100461856697656	20.35614030361446	16.575084421912145
-0.11499999999999999	2.6756309186026783	16.02177362534049	15.68700057189976
-0.11299999999999999	0.490867023028585	22.539889158870125	16.337961202639498
-0.11099999999999999	11.247397208036247	18.06225227798654	15.67167105914853
-0.10899999999999999	-2.903506911899889	18.775054830781063	16.158884020512765
-0.10699999999999998	-33.0841903710688	18.49695554650679	15.935944641854109
-0.10499999999999998	-17.072281735752703	19.222888019266083	15.695567568691587
-0.10299999999999998	8.140355712171754	17.210794668039586	16.171061753345395
-0.10099999999999998	-15.800255712017375	20.345551225866537	16.738807999152606
-0.09899999999999998	15.618315044152453	16.874313880417237	16.227931208027474
-0.09699999999999998	6.381367415153605	18.91176683004431	15.879419548682964
-0.09499999999999997	-20.958261790493538	22.17899175462048	16.186351261978484
-0.09299999999999997	13.432394078805032	17.831518626660213	15.550448631666686
-0.09099999999999997	0.3186068846527945	16.510445376081844	16.133081455511892
-0.08899999999999997	-6.479013717197724	19.444470438130644	16.019231597294038
-0.08699999999999997	2.6847567713428333	20.724921062576676	16.575309561724396
-0.08499999999999996	23.781267048050836	18.941216869434104	16.24787974270101
-0.08299999999999999	30.091679857457976	18.311284282368824	16.011765925275043
-0.08100000000000002	4.732283000796755	18.568221884343338	15.634748374153633
-0.07900000000000001	14.388035100232344	19.291710195213934	16.02843438103398
-0.07700000000000001	16.707190062081878	20.561194012566702	16.171930293396695
-0.07500000000000001	13.643081280934055	16.954164035921732	16.155295082529516
-0.07300000000000001	4.009517688530195	19.900914349700404	15.967387343304265
-0.07100000000000001	53.53272061370262	16.370776979762216	15.541960258279294
-0.069	3.7023080066145297	20.98746910768469	16.193472612368577
-0.067	11.95377970053535	19.041940228739563	16.366103019382972
-0.065	-9.954989461768982	18.719078229893764	15.84944088219249
-0.063	15.850591078114817	17.52675632874885	16.353348725200426
-0.061	-14.084729355601233	18.957765237041354	15.609862324055717
-0.059	2.8887914951258864	17.9922711417783	15.686807368545116
-0.056999999999999995	6.4776927921617045	19.599331755355056	16.345422569422382
-0.05499999999999999	-13.789840910494178	19.240072320297966	15.97228950861871
-0.05299999999999999	17.066172022017767	19.23672355765	16.208209280225052
-0.05099999999999999	-17.71242838721765	17.476213447187323	16.01566899571449
-0.04899999999999999	-13.5014141060541	19.345444905865754	16.07413106096182
-0.046999999999999986	13.515186802592893	17.995457371614723	16.279977606488913
-0.044999999999999984	-7.81621930612264	18.825152898786317	15.935177595178617
-0.04299999999999998	7.400705286153553	17.53461018964309	16.3241351399704
-0.04099999999999998	32.23984563049953	18.542417242985582	16.154860725010362
-0.03899999999999998	-6.331318161634236	19.247407144505107	15.86186061698377
-0.03699999999999998	24.545262669262158	18.600183737717593	15.991505718881113
-0.034999999999999976	-13.446202645872596	18.262212076557482	16.489399232886296
-0.032999999999999974	-6.735792957068831	17.479004681267117	15.985729323617205
-0.030999999999999972	7.646261106941665	17.535920640053167	16.429977870605576
-0.02899999999999997	8.259884464401068	18.102531025024337	16.453372711215327
-0.02699999999999997	21.776819788543733	16.42810522824647	15.991680611476324
-0.024999999999999967	-1.3719049086757806	18.732717133202847	16.005626029292227
-0.022999999999999965	24.341717563380882	19.185471125909096	16.40074715816136
-0.02099999999999999	7.66048086009441	19.886943130052252	16.335677423131003
-0.019000000000000017	-70.80280448368282	16.480117922490116	16.025466400470368
-0.017000000000000015	-101.85709686916233	18.296167827223496	16.369644869498238
-0.015000000000000013	-252.07710092989277	20.123532808359176	16.293627311648812
-0.013000000000000012	-219.65777458898827	16.801573174776365	16.295431675629168
-0.01100000000000001	-222.28315782768516	19.123820629661058	16.008247599864895
-0.009000000000000008	-221.59921082431921	17.67016838036784	15.892588436810884
-0.007000000000000006	-264.9182829546071	19.203161245558324	16.67484490600877
-0.0050000000000000044	-263.4059578422443	19.020945522703062	15.634717626526644
-0.0030000000000000027	-251.47847589479522	18.940504698598296	15.934169058087097
-0.0010000000000000009	-260.9183028650097	22.16598733686073	16.51323309172928
0.0010000000000000009	-288.9138891988274	19.815909775371	15.796316177704849
0.0030000000000000027	-247.01058743215043	19.13925870811028	15.895213886447106
0.0050000000000000044	-269.132480647305	21.892459478767496	16.811936532799827
0.007000000000000006	-243.85714158625672	18.581751020769435	16.093608832811007
0.009000000000000008	-220.03474911858058	20.622083039945487	15.909054292939969
0.01100000000000001	-246.3878333262004	22.321607352497047	16.617918182405592
0.013000000000000012	-235.8140358325045	19.45431378970631	15.509799064870657
0.015000000000000013	-183.56121628371193	20.262851704861028	16.83615422673399
0.017000000000000015	-161.21277863023752	18.581418349557207	16.053651241313304
0.019000000000000017	-95.78957134326328	22.607403734306843	16.55791434822311
0.02100000000000002	-8.644790517653433	20.49561915528465	16.397419373195603
0.02300000000000002	4.712998991962536	18.66359357422602	15.448137062933386
0.025000000000000022	3.370964434035173	18.23241119106787	16.118616478474483
0.027000000000000024	4.696274722215676	19.86043439525061	16.410716529316403
0.029000000000000026	14.396152570705922	21.311354042351663	15.758112611104613
0.031000000000000028	20.225921373961953	19.093229636121425	16.093164131436108
0.03300000000000003	-11.565716119377178	16.446525818583837	15.765434267688747
0.03500000000000003	8.693060488562665	19.88982438169501	15.921468236305685
0.03700000000000003	19.18420320046188	17.461513779539064	15.981964558084854
0.039000000000000035	10.434442071938221	20.290293555796506	16.70324498918658
0.041000000000000036	41.2582209783352	18.11562630653311	16.104462878793345
0.04300000000000004	-19.455434380200032	18.461088268572023	16.292751802616127
0.04500000000000004	11.687978064056637	21.306067002682493	16.004296217377693
0.04700000000000004	-4.156319569625921	17.873050770941774	16.23023611080576
0.049000000000000044	-12.961499382568853	20.837007255971074	16.35630978794365
0.051000000000000045	0.49942867819119385	18.72429809313174	16.305336115922078
0.05300000000000005	-14.501174752212798	18.43359681597173	16.10740412638864
0.05500000000000005	11.853516089121996	16.710097163923354	16.65575931677636
0.05700000000000005	3.6597079742239913	20.904384881287953	15.875600158924561
0.05900000000000005	35.66285422706983	20.314302217738494	16.18818192342309
0.061000000000000054	14.405444163978487	17.573185776138246	16.202045687483473
0.06300000000000006	-8.10250795890699	20.337731147696047	16.84719956035486
0.06500000000000006	51.12353586866902	17.26331672512311	16.029978706246197
0.06700000000000006	22.13756863311822	20.02651575429128	16.218265592856365
0.06900000000000006	4.787085728041873	17.910890475467006	16.547070094326127
0.07100000000000006	-17.895465463491078	19.923944595772312	16.464550799457516
0.07300000000000006	21.890054298090433	21.824780585819543	15.829941946213916
0.07500000000000007	-12.25342232313853	17.263767316584858	16.212607409321063
0.07700000000000001	9.654029214267723	22.939571267098398	16.423393482382277
0.07899999999999996	3.667833349041416	19.97455074788304	16.00076178063556
0.08099999999999996	-14.61343755670974	18.597966155920574	16.056618411372888
0.08299999999999996	-9.407061163702046	18.7824225901438	16.283056948512495
0.08499999999999996	20.92096910977226	17.02772084809764	16.25175973166264
0.08699999999999997	10.110368103388723	22.40727357692601	16.114120883442943
0.08899999999999997	-5.421949720529895	20.97204637020717	16.83207031385651
0.09099999999999997	19.526920734147524	20.40130463823626	16.058588584470133
0.09299999999999997	-31.494157151090718	20.008857848558147	16.474151618486378
0.09499999999999997	-1.9886703201965616	19.161373479924187	16.515791338553413
0.09699999999999998	33.20211053114974	20.83986535957913	16.06851253104029
0.09899999999999998	9.150921474576634	18.852003332349998	16.01278894035562
0.10099999999999998	-3.2061860673060494	20.644964522097364	16.14359745756531
0.10299999999999998	12.538681542162422	18.007545788723068	15.981044836127872
0.10499999999999998	3.381634005261702	18.720551172840647	16.40345373959919
0.10699999999999998	18.936757645082736	21.45536231254072	16.423147905309065
0.10899999999999999	28.785937257858052	19.23330422653125	15.83909963412099
0.11099999999999999	-3.2060264466560184	17.699748586484375	16.390299096176133
0.11299999999999999	23.46099244765476	20.434833814443934	16.574938592646074
0.11499999999999999	18.693653702106516	17.575329507958774	16.154877835521706
0.11699999999999999	28.891332726654895	21.1681219203083	16.57567361711564
0.119	-0.36249607049398946	20.62710571481439	16.370442105551575
0.121	1.2100046467011794	20.876578459287504	16.10509541423052
0.123	9.949170685308317	19.513504864716108	16.10453095081882
0.125	26.895523609793415	21.20790417713992	16.205113900609415
0.127	2.2346713952625663	19.883295131129728	16.35232608321079
0.129	23.86790187647314	19.236990224214512	15.96024019321621
0.131	-35.90123874364082	21.90305769945013	16.509790932783446
0.133	25.45445127455359	16.98577766550978	16.3223666100067
0.135	5.284951092088264	19.608089279548626	16.361509284579995
0.137	17.384436153955463	19.35777790391658	16.542251569786455
0.139	-7.847712619746261	22.250150299231997	16.306164028557113
0.14100000000000001	19.29000027600658	19.05805250019286	16.009820208061747
0.14300000000000002	-21.19985966664295	18.995674428676644	16.550384363651453
0.14500000000000002	21.607972958026522	21.43314485294903	15.957465218378568
0.14700000000000002	31.641256005077167	16.36067440329368	15.765725710623405
0.14900000000000002	-29.304031861854263	20.525537501003637	16.53569465922396
0.15100000000000002	1.99868423145233	15.546732894039877	15.961668790962236
0.15300000000000002	7.689837548729983	19.00777563269672	15.626883141290122
0.15500000000000003	22.151734307307436	17.0586572346947	16.184296770865878
0.15700000000000003	25.844929735674427	20.02878446036234	16.607213498464112
0.15900000000000003	1.4772896121950652	16.84222468294152	16.191929503706916
0.16100000000000003	4.131731609291478	21.52694453042129	16.238726486738848
0.16300000000000003	21.04515669110185	19.70268988651931	16.76661405164651
0.16500000000000004	48.009232031187565	19.878846432063625	15.999052826074367
0.16700000000000004	15.82829285085019	19.17959823358696	15.789553228758137
0.16900000000000004	-10.913535821388543	16.216339408149903	16.52460311355483
0.17100000000000004	65.38732266236913	16.957244209591654	16.06555215864525
0.17300000000000004	5.280475879665403	18.89363645260389	15.875795789649583
0.17500000000000004	-14.39461834518152	19.82907060734956	16.099322686258027
0.17700000000000005	3.70187674847422	20.544216413098983	16.35399264785941
0.17900000000000005	5.094249644121973	18.601721709068773	16.164744483822645
0.18100000000000005	-8.908568141619	20.651391763415525	16.80525656515186
0.18300000000000005	4.057749598995741	18.37371969257365	16.228257804887935
0.18500000000000005	3.278011539986636	15.277022542141923	16.052984631668963
0.18700000000000006	-2.0746911665314727	20.54534814229941	15.923146425611474
0.18900000000000006	23.37575148958493	20.404748436119387	15.940374530174102
0.19100000000000006	41.341700510066914	19.933158359434355	16.22195757203809
0.19300000000000006	-24.91041933849747	17.89551235079552	15.76050546333198
0.19500000000000006	34.630330784768404	17.610264070619486	15.693247362846414
0.19700000000000006	23.907173961390527	19.038556192739293	16.099900123970826
0.19900000000000007	-11.671345206631933	19.914820944158226	16.080773682379697
0.20100000000000007	-6.070607675101591	19.907547054111912	16.250231838602158
0.203	27.503304793619066	14.902219496362967	16.066288053537907
0.20499999999999996	4.724226740471238	15.933140309817897	15.666815045121087
0.20699999999999996	-7.442116861766657	19.25940215545139	16.33333436343428
0.20899999999999996	12.470713741219441	20.32688684295479	16.025985775431835
0.21099999999999997	10.222181322516732	19.553474342897605	16.35318106946764
0.21299999999999997	23.731628646883607	18.364002046987583	16.378646453430378
0.21499999999999997	5.197592592764977	19.21859729943851	16.23726359168337
0.21699999999999997	-2.5269677814687697	19.530301910225454	16.481768029620294
0.21899999999999997	16.706432302227014	20.616485398363142	16.08154457894031
0.22099999999999997	37.89320599278945	16.21185853849002	15.98565428931299
0.22299999999999998	-6.3264895315828795	18.810136405362975	16.017483472605253
0.22499999999999998	-3.8812986056235843	22.136078533950112	16.132518597850325
0.22699999999999998	-12.006287586130426	17.612489780021733	16.222442226038012
0.22899999999999998	9.640107214714533	18.72267039990398	16.21887554645305
0.23099999999999998	-10.440915592657696	17.808874377224775	15.761830188354992
0.23299999999999998	35.57037677404118	19.91842883453935	16.244611494693945
0.235	-0.6093532858297834	19.1521713198997	15.766548293853223
0.237	-3.994551816322023	18.836391862118333	15.547675308575707
0.239	12.740115276965724	19.57493204104043	16.172105228634177
0.241	52.113568827394374	19.72864775102534	16.38345225588275
0.243	21.92288367153239	20.042848475380676	16.366391807115786
0.245	-7.708386432159209	22.291889425313435	15.812190956966186
0.247	7.428599980707773	18.98048840633557	16.184905301118615
0.249	-14.822834101813065	18.8248471867594	15.536381244656397
0.251	-5.8063305314881575	18.352260675272937	16.26222992811344
0.253	41.62810031838049	18.353827774159495	15.965638985647361
0.255	-18.869681522426518	15.843839518336965	15.92170656394823
0.257	8.128239421756334	17.936919057965763	16.589019560959674
0.259	32.59105095065884	20.272347649076924	15.973495145287847
0.261	20.28534501330448	17.233916277922834	15.585376349944495
0.263	-26.46100327008405	17.699619503653555	16.06415561542994
0.265	30.459182436715082	19.422383998370353	15.827922135277163
0.267	-13.536679860037815	17.32170025300364	15.95715416202377
0.269	-28.661629076887074	20.39721495157545	16.130628045462053
0.271	-4.092177175007983	18.35345455512655	16.011643513850192
0.273	16.121742403285566	18.005781394505043	16.14736337327027
0.275	2.9080182779583907	18.598538658027163	16.211982043358844
0.277	9.79716249860374	20.071868406699792	15.70562293731998
0.279	22.545457022848936	18.58370684927358	15.579820853200355
0.281	-16.515138831718623	19.040289163192682	16.257817658909445
0.28300000000000003	13.39437922287523	20.423114233341387	16.062512063710486
0.28500000000000003	27.956377162352553	18.332198552688304	15.678248198469824
0.28700000000000003	-11.640372737042881	19.338421669009524	15.862946725951751
0.28900000000000003	10.822916944208671	21.443928586003437	15.917981565513017
0.29100000000000004	20.468609855939235	21.538547475302078	16.05426624231722
0.29300000000000004	-14.971958406495567	18.174153665192303	15.655197444319532
0.29500000000000004	1.583773797886323	22.02259532556445	15.510263294561906
0.29700000000000004	13.297565802927735	19.28115198763001	16.788690567499444
0.29900000000000004	-18.965734835840742	18.89630482985604	15.540540703099166
0.30100000000000005	35.70719063850092	18.053861968001627	15.897471549022844
0.30300000000000005	20.943168286269298	20.468531577540137	15.681773209788501
0.30500000000000005	-4.699821323117526	20.575013074504586	16.125752004856007
0.30700000000000005	9.558574875390136	20.33242717720866	16.211451935146663
0.30900000000000005	24.883111048312756	22.195649816937642	15.970375993021472
0.31100000000000005	-2.9293814003406027	18.682772511053145	15.636764414944453
0.31300000000000006	25.537335375247494	20.49548252131528	16.311969995165708
0.31500000000000006	29.869992703268622	18.357176971737275	15.814370505957926
0.31700000000000006	-13.107063816963915	17.35915502939727	15.931095891444274
0.31900000000000006	-12.970417324065231	17.803716975203354	16.59944982494475
0.32100000000000006	-1.8534366480471576	20.988940762399217	16.391910456429734
0.32300000000000006	-0.952072213955546	20.697729139302837	15.91518416928595
0.32500000000000007	2.996731563120747	20.205534588638823	16.428150950132995
0.32700000000000007	24.434807526896307	17.632891952239145	16.42012581349689
0.32900000000000007	36.402531909063285	18.030805972683623	16.05748055141794
0.33100000000000007	1.3435847738829665	19.83877955636361	16.118958437683585
0.333	28.681365353389054	22.16479819748394	16.04083107404473
0.33499999999999996	34.318389887211254	16.900923164804873	15.465245535806254
0.33699999999999997	-27.22387222720002	25.468864866284843	16.389938259887657
0.33899999999999997	23.681659055307946	21.003226034438825	16.284932820616497
0.34099999999999997	27.837014833442808	19.79084518353088	15.999572794046431
0.34299999999999997	-5.2044705571852035	18.22068829525073	15.840082431699596
0.345	31.115121130076417	17.61749409416529	15.829523629981765
0.347	61.536243414872516	18.79940837174684	16.33517906318259
0.349	-20.455817861475545	17.61476721826482	15.759095768056604
0.351	-12.609602001001363	17.65302260324676	15.497424552258368
0.353	24.261270567871307	16.5145305713164	15.986329571143798
0.355	-6.495459221933508	18.14928914951452	15.927825776774938
0.357	58.96520240056269	20.974912827341335	16.225276062949515
0.359	19.321209566713904	20.143239710659813	16.094619613228527
0.361	-25.340098719350834	20.345764030273806	16.18316286611819
0.363	-24.856389596705775	17.5797548807818	15.570424231696235
0.365	28.25324181543465	19.16504962413743	16.337091216600168
0.367	2.804494042774053	20.650631047047575	16.057598494823832
0.369	-34.31590778624205	21.84340008470794	16.451640337345367
0.371	-5.099642421235728	18.688132488024884	15.90669566725458
0.373	-4.361764915805644	18.6716923719133	16.2265590360155
0.375	2.6132530388522923	19.011709752705418	16.111373619691324
0.377	23.847018915779117	17.7470418730008	16.2220530956187
0.379	39.14320921749592	20.003969522124308	16.179966479572933
0.381	6.051265128537153	19.46979501195724	16.302235242451285
0.383	41.57598381504535	16.867663525959212	16.237240737267356
0.385	-5.888008560828162	19.24075762058183	16.347907211089396
0.387	3.036816013768373	19.520135593515306	16.391882629887885
0.389	18.926225268112162	19.473749549441123	16.787023337844758
0.391	18.603711800624367	19.923025724120986	16.33714416735599
0.393	-7.378155440052048	20.730643381700883	15.899463100848475
0.395	4.89313319329554	19.9950425074421	16.116904972253472
0.397	31.83712630705493	20.7331082104049	16.283402216670922
0.399	9.822173894225017	18.893717214667127	15.845044659129714
0.401	16.860804896712267	21.153635177618686	16.091318316154048
0.403	14.874222901140044	20.512334535029655	15.96183402520804
0.405	-21.431814105854485	18.708174863904578	15.708984837731316
0.40700000000000003	17.855820528156485	18.305164554272718	16.26759581355454
0.40900000000000003	9.83507830021324	19.88986228351875	16.377251868139076
0.41100000000000003	-10.068986171618555	18.725752604011234	15.871625589156595
0.41300000000000003	21.80917777216962	16.8646308513022	15.4403936286658
0.41500000000000004	-7.758714177130699	20.97328580318441	16.55560406886395
0.41700000000000004	-14.995331508393939	17.45571321638044	15.476197714920488
0.41900000000000004	-2.4174989085024023	20.89972607726041	16.255468099646826
0.42100000000000004	30.901677064987254	17.295157805884365	16.050367536137607
0.42300000000000004	20.852739019971978	19.564704418932067	15.918065118273741
0.42500000000000004	20.024121113237925	17.550899460892147	16.13190615732286
0.42700000000000005	11.693221708020118	20.293554241399637	15.59809517996874
0.42900000000000005	3.33000460628341	20.105033206942036	16.393340856072715
0.43100000000000005	4.009577887265081	19.643085571864262	16.05261498227465
0.43300000000000005	3.753648960325151	18.877341767371423	16.145942630256968
0.43500000000000005	54.630765906171774	18.98521582264496	15.390206477544519
0.43700000000000006	-22.320401905639997	20.42842551173407	16.40208475304323
0.43900000000000006	25.181658972028842	19.10075110959169	16.534285595287198
0.44100000000000006	-8.762900686853925	19.162021146907172	15.836370285821559
0.44300000000000006	-21.44374906287716	17.46896518912948	15.390859630338078
0.44500000000000006	30.631144125381482	21.99007263871682	16.698177519516904
0.44700000000000006	37.21165243475433	18.817729342196102	15.872265043978908
0.44900000000000007	-16.19230307414732	18.317890468481345	15.715923988232932
0.45100000000000007	6.151004510401847	18.927892647478544	15.850253813383176
0.45300000000000007	22.511840019667773	14.877096881598808	16.013798673183274
0.45500000000000007	-14.067065723266658	18.574696706825947	15.738386112284012
0.4570000000000001	12.87346008793655	17.983286392057614	15.85227373857663
0.459	7.4651266650516135	18.643179048790703	16.192241442254893
0.46099999999999997	-10.665285231525878	18.674413964226517	15.648549604055365
0.46299999999999997	-1.0813101604112418	16.86746650099323	16.248255660416046
0.46499999999999997	14.085710212885516	18.479482220510857	16.331269168509078
0.46699999999999997	-20.60446068230526	19.761777860494288	15.603959663721339
0.469	9.755108259179579	19.086214358056843	16.203923409242496
0.471	0.31431719649255285	16.801839205485408	15.620592604827033
0.473	6.616081762000903	19.21732806319344	15.918329516836955
0.475	22.047504256716977	19.92279245420157	16.00561512758722
0.477	-16.30026394916495	18.064267236508257	15.80738778612051
0.479	9.977110400738454	19.0022569142365	15.870031941765184
0.481	-23.772571927205277	18.234037046677965	15.763384597825336
0.483	29.647832401558105	20.52524976131338	16.045091180717062
0.485	-6.192371318158862	19.08104260622424	16.28769106610813
0.487	-5.566325570471875	22.294701343834344	16.348600220087597
0.489	-3.56497953368784	18.816598296877697	16.28002915000311
0.491	31.786778103892743	17.67814702485113	15.718864062623384
0.493	-7.389716779049316	19.12623215373589	15.818686523470973
0.495	5.755141744501202	15.777133876305662	16.02580818765959
0.497	13.459668301685213	18.189656896977247	15.433148495198125
0.499	25.730361082221265	19.172059214473332	16.92455553079204