-0.499	-13.624123861966098	37.85995231684196	15.108584481500273
-0.497	-48.75209128940572	41.06657331537257	15.36615993065321
-0.495	-0.041588826049654415	40.02493424241234	15.284856547839457
-0.493	-43.06553541100211	40.459999547236826	15.154447402154956
-0.491	-0.14736318454389163	34.272002107872815	15.755176436307957
-0.489	-30.80713085101827	38.017305473553755	15.248167432337656
-0.487	-36.66748450414925	34.986267868380054	15.228359294774396
-0.485	-30.038534740928213	35.22080715058372	15.331087471325969
-0.483	-40.87559750987069	38.39828937370606	15.449067336084171
-0.481	-46.23547393411975	39.990523350686054	15.296149152080572
-0.479	-4.202899091199086	38.516473658684326	15.960657430710487
-0.477	-31.045442976163073	38.94257486106031	15.732481978045088
-0.475	-57.88911915671768	38.243658117981745	15.899138208618197
-0.473	-26.71131867248988	36.238490915589345	15.354091791249639
-0.471	-46.45535191105665	34.89986279251368	15.295283143097047
-0.469	8.45794142434464	37.89535546225725	15.832913597493972
-0.46699999999999997	-29.22470042221459	39.47571595719308	15.64831688756088
-0.46499999999999997	-58.1647908749483	35.90588005688876	15.542241580335162
-0.46299999999999997	-17.3009099410093	37.240676392042666	15.42323860841696
-0.461	-14.340357526232417	40.780574058415645	15.264968201828102
-0.459	-23.347763074554884	39.070712096639774	15.535072421575547
-0.457	23.47341989827889	38.61649510146799	15.65892694619744
-0.455	-63.4048635489437	37.47056467449228	15.916271282451616
-0.453	29.610110190425587	32.44927659042709	15.695259180792307
-0.451	-10.995861681406538	36.2595897717446	15.051855083442794
-0.449	7.9110276671734425	36.9533284942544	15.587877707242852
-0.447	-24.65852690436421	38.198378506938695	16.069117291552992
-0.445	-63.06809939238267	36.64491171143386	15.13831379615238
-0.443	13.571884657226363	34.04349830156171	15.043050684844586
-0.441	-8.877488326564098	34.04445350887577	15.540767382480029
-0.439	-50.97591942460067	36.65140101967345	15.374072921946295
-0.437	-12.418257685831158	33.484364439845486	15.785951476122305
-0.435	-46.8824813567581	40.5741002574232	15.453383971478216
-0.433	-4.323275793027825	36.33298933099868	15.883233031170665
-0.431	-7.825049902043801	34.81310013899994	15.580557268522641
-0.429	-20.823238601752614	38.074053582470505	14.68536432192258
-0.427	0.5524989461491714	34.07394973990203	15.514220033131249
-0.425	-24.685236778454467	33.88179889586427	15.590802553991717
-0.423	-40.94070904714364	43.15739400461428	16.05443139599039
-0.421	-30.17302607977168	31.692040027204683	15.519997205242312
-0.419	-18.851410268694302	38.384703294278374	15.287218701947609
-0.417	-10.465740591270034	39.39488180073043	15.894606413032163
-0.415	38.84911886542497	32.58485544456582	15.005486778976866
-0.41300000000000003	-8.492999499787324	41.383442361210314	15.293999448821603
-0.41100000000000003	-17.04070395114332	37.96403714921049	15.413318985595152
-0.40900000000000003	22.360286427103304	34.68095622549361	15.21929596111572
-0.40700000000000003	-8.89921423286033	41.01493200993932	15.649307366369152
-0.405	-25.21442252478856	37.946367034539875	15.829925662274446
-0.403	-8.955187329684478	36.024148442149446	15.915828375753744
-0.401	-58.317411429475996	38.28197766944774	15.730156833564825
-0.399	-16.826241815870446	37.712105821275095	16.325469194133188
-0.397	-21.830025976110612	37.78419500663308	15.369151584600102
-0.395	-2.5165974837371152	33.80279817014908	15.413075455680724
-0.393	9.977199747268628	38.633006608863674	15.688774509676696
-0.391	5.256953684140697	38.08009547403727	15.50111066611103
-0.389	14.631776395157559	35.2657590952243	15.429314762831845
-0.387	-11.19408658312171	36.74182250700352	15.935342097670448
-0.385	-19.95891724726473	37.76721014178685	16.43619396839231
-0.383	4.892861414695915	29.49067284921326	15.254377106132274
-0.381	42.43368970069383	40.1075969251906	15.145353769725752
-0.379	-0.8721804425348978	36.878625786906	15.912735256564053
-0.377	44.834712922936504	34.86057747336425	15.300039925668619
-0.375	42.658967368769396	41.01558633327486	15.370679294667788
-0.373	-44.57194596363401	35.8145138816336	15.881895991832211
-0.371	41.408821717103805	41.63001104917744	15.53510064064211
-0.369	-1.9328200835388998	38.85261710059268	15.51013442345036
-0.367	24.499733947580538	30.86557224419357	15.31190926261056
-0.365	43.56742915812006	38.71243186588121	15.150341306061026
-0.363	-7.5425142964657965	31.74408164028426	15.79382465893376
-0.361	26.143909339415572	37.588278023514	15.994624761648014
-0.359	3.497638147553772	39.30974952468954	15.368251182662783
-0.357	8.870988125853074	36.89959188743992	16.19590732622791
-0.355	4.769631740675351	35.99309094929119	15.5945671731578
-0.353	34.793505720776	40.534739638214056	15.577238978030968
-0.351	51.93244665413488	29.727116752371817	16.06411746047666
-0.349	10.840008389134681	35.87022191644168	15.424364682830479
-0.347	-39.21004028561992	33.92653747655658	15.78625426660317
-0.345	0.47697624694365004	32.101018311075705	15.283932440208883
-0.34299999999999997	11.920112909402647	34.12659843483975	15.6810862214846
-0.34099999999999997	29.214087835294222	36.91186775247574	15.406945995825652
-0.33899999999999997	0.8873689947286323	37.19539603283609	15.34194701821409
-0.33699999999999997	-14.170634780930058	39.37816206111886	15.803956757824436
-0.33499999999999996	10.184153393044681	34.515792913015765	16.408041450872158
-0.33299999999999996	77.35078280113328	40.53406533409684	15.79969549228549
-0.33099999999999996	20.570695397070793	36.38146607128259	15.981831428403753
-0.32899999999999996	20.68941194810492	35.37548225324531	15.90141373285568
-0.32699999999999996	45.52539098168218	39.03374013817166	15.809387444745127
-0.32499999999999996	-0.14339038700850182	35.047529086798235	15.596234679001185
-0.323	33.42144568940775	36.01878539110897	15.820591638258202
-0.321	-3.1313739187188716	38.22704350763955	15.520978634561107
-0.319	7.1592197123937495	33.01857068605701	15.70070496779685
-0.317	57.52932689073731	37.01916029770185	15.909792620146321
-0.315	0.8150133101736401	34.695290083758955	15.977995321277556
-0.313	25.90713823269475	31.706631681288357	15.682261090440123
-0.311	50.52578917941197	35.82053896981808	15.07465213284533
-0.309	-11.695961462110382	37.84615647846014	16.295749088529668
-0.307	59.15000942113835	39.64070923842731	15.510925584430177
-0.305	19.14297926042252	37.332622608846386	15.49844594694229
-0.303	-4.17352906989521	34.535863348926604	15.456378085018262
-0.301	30.509939115352935	38.81510792107202	15.391513284680743
-0.299	22.570113494824184	37.6266485154076	15.822706306966072
-0.297	19.586779616220795	33.90387147561853	15.290436737029436
-0.295	79.61109611076544	37.894469824545226	15.521248453605981
-0.293	14.536453352809175	35.80470242555953	15.560901637865683
-0.29100000000000004	31.7897184580751	36.12844371671351	15.928356558480457
-0.28900000000000003	56.260719024425754	35.99390594688391	15.528742119805896
-0.28700000000000003	14.303840346396868	33.511586645880726	15.800268036016167
-0.28500000000000003	53.26569117802826	36.48775343908247	15.597068704279485
-0.28300000000000003	65.01274938797152	37.69078334022587	15.68988690307111
-0.281	-7.695565623411227	36.81263344132975	15.951245877294637
-0.279	68.10376509713834	35.48952946544316	15.594209490560894
-0.277	43.28365247951993	32.819650234710174	15.681441997909028
-0.275	31.867785783123992	32.53340493744198	15.001207216480326
-0.273	30.272578970924613	37.38639825401245	16.069032513811905
-0.271	-8.81702588095834	32.413582770764044	15.635589446393531
-0.269	51.136151687058984	37.09757187901285	15.25001754947216
-0.267	37.381999026031565	38.770240838578	15.839081119579962
-0.265	4.191917742479845	33.998795895250915	15.604906919585991
-0.263	76.66182408461175	37.71721534648195	15.640416082775499
-0.261	28.119010223148777	38.87238906335546	16.296463447350458
-0.259	62.42709570880578	33.72694266238236	15.33703551394058
-0.257	26.83042479034725	35.87108618424538	15.852901138933662
-0.255	33.06719762985466	36.08181667507448	15.664087870124074
-0.253	55.80670327787196	35.82396676096257	15.624541835916014
-0.251	37.412084381793775	36.70277911507855	15.93435148097328
-0.249	13.81706174163888	35.90625538723979	15.142646959638052
-0.247	20.016169369752035	37.76043100602124	15.538626045524012
-0.245	32.30243591811899	36.00840136586714	15.933445206596353
-0.243	43.20060932294645	34.82338405797452	15.742203892998031
-0.241	100.90447446842177	36.33552266317819	15.499789840440005
-0.239	27.262346690370975	31.907818884548593	16.51908385775456
-0.237	79.71501931036684	32.480691463717065	15.247825857245187
-0.235	50.85625459644305	38.88473620406405	16.15261151783312
-0.23299999999999998	49.70961529959794	34.539455997873205	15.780003510119718
-0.23099999999999998	37.47297404643746	42.9273493868225	15.814929756025505
-0.22899999999999998	30.41089717115142	34.99380030428467	16.207894247384168
-0.22699999999999998	42.93715162440037	33.11937012282153	15.597347215984064
-0.22499999999999998	66.8334964644135	38.41732163504865	15.846499386249418
-0.22299999999999998	43.18240509593174	35.11789839097103	16.372214147757365
-0.22099999999999997	44.05837531606949	33.86014359667549	14.924837993967797
-0.21899999999999997	57.645531085448454	31.99777363893549	15.973363314294536
-0.21699999999999997	30.405003985656265	35.503279001687524	16.377284444036246
-0.21499999999999997	83.09012060259136	39.433237461895736	15.736014230323676
-0.21299999999999997	62.37137075193466	32.357961613242566	15.60944524403356
-0.211	47.57565055957258	35.47735741531522	15.995208827605898
-0.20900000000000002	84.36877114115227	33.651317099493774	15.936632406652057
-0.20700000000000002	57.29654726938094	31.777457180159303	15.725888983422706
-0.20500000000000002	48.49528471306819	35.668875734090186	15.106668158883046
-0.203	66.22081205498453	38.007592722747496	16.074284282072508
-0.201	38.22648499229864	37.0810706457199	15.664363406192134
-0.199	23.196336065511858	37.12104865206472	15.521978816960944
-0.197	79.92996859429446	34.64889061505579	16.085063428889796
-0.195	22.213691264871827	35.51071553229446	16.245580509482973
-0.193	76.24749508283735	35.00456291676255	15.664596922191876
-0.191	52.378712545708694	33.46442585232932	15.845760403883142
-0.189	31.775761828445326	34.02676554014831	15.034856833298232
-0.187	59.86582473416213	31.654176853331858	15.836966397653747
-0.185	47.65654832272759	37.78092336038021	15.992763112094629
-0.183	37.680736094003464	35.17954048181176	15.403327209777013
-0.181	79.03512703899551	35.450938671135525	15.784684931426138
-0.179	55.00897728460963	32.76171942000066	15.464572581144482
-0.177	68.04824654382813	39.57288531448869	15.724919486557113
-0.175	58.51074239338061	30.08172282508944	16.26555163607139
-0.173	25.07043423305433	35.87962448242659	15.567619634910082
-0.17099999999999999	34.062031091908196	35.96791158139912	15.248926215496454
-0.16899999999999998	39.94791136996412	33.96135176575402	16.07261423455994
-0.16699999999999998	36.10814964716269	38.16993915986682	15.772832158145764
-0.16499999999999998	39.020638324505086	32.07771504275147	15.800598341851178
-0.16299999999999998	25.623387835738143	32.75528486675959	15.878768448924758
-0.16099999999999998	52.98100298944952	37.900637971117824	15.702087453432334
-0.15899999999999997	45.52675858993105	32.25331485876362	16.165058344787155
-0.15699999999999997	20.834259461421922	37.369095943041295	15.646977433017122
-0.15499999999999997	79.27361000992228	38.46836662246462	15.479135269857164
-0.15299999999999997	24.55775034060359	34.89791397355304	16.422217768553974
-0.15099999999999997	34.73823331590076	37.160987303717334	15.430485546571017
-0.149	55.436887739679364	33.936115813499384	15.58955411589391
-0.14700000000000002	37.067852649563804	37.87521862886029	16.17741949659437
-0.14500000000000002	70.65042303344704	35.437263114322974	15.513213024626959
-0.14300000000000002	95.02391678251065	33.14071223461978	15.645204779563553
-0.14100000000000001	54.142937888412845	35.69305531833747	15.80504777303004
-0.139	95.93802395357898	35.59891904192477	15.641216453918494
-0.137	31.38165121541192	30.291990142710297	15.770034426844177
-0.135	40.38711018705676	38.0909783475366	15.399165838209413
-0.133	46.372664291194354	31.03334158408871	16.32950401918508
-0.131	61.7628078691812	34.33808714760981	15.951113181898279
-0.129	37.10549127156071	35.51444278963085	15.115734719859024
-0.127	53.93612585580243	35.46510482769268	16.040532682311433
-0.125	50.34681396676177	38.07000475550112	16.24765981308158
-0.123	90.24316674777211	35.1697489007504	15.206456429843291
-0.121	12.716668737366987	29.488657186144984	15.878036891095498
-0.119	71.16458795120018	33.12930299058968	15.478925648057583
-0.11699999999999999	29.633696404962606	34.874186904214234	15.79994567309953
-0.11499999999999999	19.01815591542899	30.32348127585502	15.874395221115709
-0.11299999999999999	28.84382370305083	36.34602243096235	15.576416508095301
-0.11099999999999999	52.310643579023264	33.87673297683486	15.764871315995345
-0.10899999999999999	14.69161898937088	35.302006651748385	15.269353101759883
-0.10699999999999998	34.671014102372055	37.37608072646963	15.322759462271879
-0.10499999999999998	80.42331207458453	32.161030095099974	15.82005511928291
-0.10299999999999998	39.28722678958607	36.38045518698017	15.641466961158493
-0.10099999999999998	39.26438259127529	31.66835494094571	15.591766786711895
-0.09899999999999998	13.938408626179566	32.18789367192103	16.221041087764764
-0.09699999999999998	58.11130804889153	37.201415652680396	15.759689653472082
-0.09499999999999997	46.48361498893472	31.152346709829455	15.587006728921105
-0.09299999999999997	80.49341673332933	33.19204618207861	15.912906908553355
-0.09099999999999997	51.235447689812474	37.16144732122312	15.546588555811269
-0.08899999999999997	66.5115553910578	34.52520548690883	15.5609741854942
-0.08699999999999997	33.391558198481164	35.807582485054255	15.892704138745946
-0.08499999999999996	72.8640452651863	36.83712001333173	15.69529673720673
-0.08299999999999999	8.578040959328348	34.14860598336765	16.052447736550224
-0.08100000000000002	44.48655844968563	35.272965182809564	15.28294456645602
-0.07900000000000001	31.435767174459173	35.039617893191874	15.666864636042721
-0.07700000000000001	41.39069308362053	32.13579606840776	15.53578878323406
-0.07500000000000001	67.68756678798837	36.69441447263085	15.46792360289369
-0.07300000000000001	37.29619976478027	31.365971572762998	15.62533024347239
-0.07100000000000001	38.63877649479264	34.922348612629406	15.964543528048894
-0.069	68.06385932511816	34.728979945586545	15.531824488361265
-0.067	40.712271898835084	32.91517132174993	16.051530141328385
-0.065	74.52408212405004	39.86943302246899	15.392442810873076
-0.063	38.33365079985995	37.472548767617184	15.682990475299691
-0.061	57.92605849719301	37.49435217787696	15.851468457943719
-0.059	32.346993791732004	37.57221489041328	15.23436307482744
-0.056999999999999995	42.3309792607629	35.03326199329246	15.979123881434255
-0.05499999999999999	89.48757170212929	28.928668105455536	15.763959320275674
-0.05299999999999999	25.635323855466297	35.791293291518954	15.308322520089133
-0.05099999999999999	36.57095202336258	35.48438892734711	15.82778091277919
-0.04899999999999999	72.23577163051331	37.77546780981123	15.476694151070737
-0.046999999999999986	70.31172185367751	35.59222124956074	16.10383728691153
-0.044999999999999984	-8.234358180314594	36.570972666611006	15.719038947196786
-0.04299999999999998	91.40716347366684	37.24741783618061	15.93856696028771
-0.04099999999999998	19.096451627786948	39.71691303506537	16.158985737425315
-0.03899999999999998	50.51393785771019	33.61833081870645	15.912294546679902
-0.03699999999999998	53.01328475448841	37.95943375146829	15.362233221923082
-0.034999999999999976	44.05475459878794	34.78913721606306	16.02384002534722
-0.032999999999999974	38.359766835638354	37.34811670666374	15.726624141294208
-0.030999999999999972	83.36454873436594	37.122802445724425	15.117437153542767
-0.02899999999999997	17.042983094350816	37.287498434172974	16.504426433735468
-0.02699999999999997	23.795956600958235	36.5714348612516	15.392540877018089
-0.024999999999999967	25.796954703505293	38.80502469089686	16.18871969636496
-0.022999999999999965	58.98034366680349	35.81908701271345	16.033282989453674
-0.02099999999999999	65.27596599070762	35.252575193780345	15.323002001648923
-0.019000000000000017	72.45517799159273	41.86852560654569	15.708207091417101
-0.017000000000000015	56.67869676440063	36.7609812454618	15.494377305176789
-0.015000000000000013	35.34968373886116	38.24870619193588	15.274604448539208
-0.013000000000000012	21.638671228840778	36.89675046745138	15.96395800887596
-0.01100000000000001	47.33974759063564	36.078409257407536	15.443406594348126
-0.009000000000000008	-53.57177386533518	36.98747866580637	16.037286985399014
-0.007000000000000006	-81.6198835377202	39.64495680675673	16.02308502674564
-0.0050000000000000044	-117.89734860112588	38.48540917586755	15.357010034975026
-0.0030000000000000027	-118.1441286794982	37.790307580284384	15.68618448169114
-0.0010000000000000009	-101.57604500105055	36.18383625911054	15.892585629049503
0.0010000000000000009	-128.10903189952595	38.978679643233676	15.451187450472588
0.0030000000000000027	-151.44895616481247	35.586868716314775	15.930095435486603
0.0050000000000000044	-151.0074501158698	36.22231401317499	15.092551729187262
0.007000000000000006	-80.76674963430897	38.454173965765314	16.311732913796288
0.009000000000000008	-21.547017634016008	39.86009350660775	15.841134868362
0.01100000000000001	9.941964272286441	35.92595786041878	15.60241803065438
0.013000000000000012	7.466790681309732	40.99573522702379	15.857544075742664
0.015000000000000013	37.427554208324665	31.61008263882027	15.950211243576199
0.017000000000000015	18.988781832263157	37.931059073281496	15.246637299332502
0.019000000000000017	0.2843885364978149	38.12359628387091	16.05290577692557
0.02100000000000002	35.606004188837304	36.530834370841625	15.49620503403406
0.02300000000000002	14.069183198905932	38.12955287447696	15.97594032175732
0.025000000000000022	12.208911243094533	39.05128241091384	15.396609660353509
0.027000000000000024	31.1380988864407	36.100219107878054	15.57519559891126
0.029000000000000026	-19.853560171867457	41.63691114713589	15.506536229941787
0.031000000000000028	33.528349307587746	35.40920199282649	15.162420892892422
0.03300000000000003	-0.8369817954267944	39.53597307939544	15.658342405911176
0.03500000000000003	-11.763473270143265	39.9740508213415	15.975492340160546
0.03700000000000003	28.845079946604457	37.123875883260474	15.712863368467673
0.039000000000000035	42.64207953896815	40.46337217172165	15.463698693491352
0.041000000000000036	-20.23450586030595	40.86860737376423	16.392669033344138
0.04300000000000004	24.12771569004768	34.57192441647497	15.23178584449256
0.04500000000000004	51.12594456768704	40.705963479122246	15.54314532413666
0.04700000000000004	-30.807254490894387	38.82467775447358	15.501331543721056
0.049000000000000044	59.13054435113807	37.71448473489681	15.591152913067168
0.051000000000000045	-17.378986064020552	36.20148938447518	15.887339184821792
0.05300000000000005	36.46018470426782	35.74538558186739	15.53250756289315
0.05500000000000005	59.77564847192696	35.935842035870586	15.321218280271301
0.05700000000000005	-60.78740398574034	41.094925720114105	15.902360495460073
0.05900000000000005	-5.986237554211904	33.947797290001525	15.479130554200038
0.061000000000000054	3.0731261817518174	39.22346485193137	16.02493117311205
0.06300000000000006	-2.5501074932821055	35.34718438442927	15.306246435469834
0.06500000000000006	39.786622533677374	37.51119138870766	15.334580452001672
0.06700000000000006	25.720171066723196	38.59129931591167	15.795166716298535
0.06900000000000006	18.319748558592863	36.23845714300484	16.095374979130863
0.07100000000000006	27.44481771954632	40.128122392117376	15.572465977370546
0.07300000000000006	-72.88009138406437	39.915659560208105	15.891303367846486
0.07500000000000007	37.07114367657027	31.964652599067602	15.011538539643425
0.07700000000000001	-7.444770242837073	43.72044907310426	16.245982539692616
0.07899999999999996	-13.008107011769354	38.625436529677735	16.04694871190447
0.08099999999999996	33.763450989487964	38.66853150206683	15.321781529033323
0.08299999999999996	-26.420610693356217	39.257429649089694	15.736221431579775
0.08499999999999996	-0.7156038307476464	35.14761280620603	15.53714219833883
0.08699999999999997	74.66134079647802	33.31299235509407	15.234878598522712
0.08899999999999997	5.714032121462154	40.98119739349619	15.792832373229851
0.09099999999999997	42.639105913400144	36.50864397844995	15.469549499313134
0.09299999999999997	-24.957373328526877	39.62388379053684	15.682995537679034
0.09499999999999997	-29.844049650784576	37.4512896555839	15.476676949471267
0.09699999999999998	36.73866465669917	36.410164050973584	15.1739331984616
0.09899999999999998	-58.73469375217155	38.05026187095168	15.639031969291333
0.10099999999999998	15.000773427864544	35.23981057254263	15.437825118708464
0.10299999999999998	56.991817418694524	37.650751901278596	16.02726452205541
0.10499999999999998	-85.25470262410462	41.07319545189604	16.31836591178429
0.10699999999999998	20.650861895177286	36.61341002666729	15.49392717208812
0.10899999999999999	7.544658293223705	40.04838064042272	15.41960961726048
0.11099999999999999	-81.77304587908552	39.18366247429212	16.628932459304508
0.11299999999999999	24.282310737477886	38.096907443072425	15.619938527432552
0.11499999999999999	-7.098497287194583	38.78404805207774	15.949743683731485
0.11699999999999999	-43.559200081477734	39.64363117864793	15.751103991804746
0.119	40.83506802432524	38.4625495624317	15.502654420841806
0.121	-65.58929344424591	41.420230392323276	15.95623222004665
0.123	5.807185934569858	37.220390649143	15.806607412261139
0.125	19.539480299757273	39.227207585432566	15.387690426680777
0.127	-68.33970509800835	39.930122763188045	16.861007395012063
0.129	30.05743449291387	35.06582147389133	15.396313148776214
0.131	-33.05108369811016	37.90057356061756	16.045946718033274
0.133	-13.765653712249915	38.28307802377254	15.94128616506229
0.135	54.16108715050605	39.16194736692427	15.914695976025174
0.137	-35.97324363047161	41.50226804070052	15.956208768779419
0.139	-22.675061084331816	37.31623792394836	15.910690043755796
0.14100000000000001	16.887129733467177	39.36747762599562	15.742722884418448
0.14300000000000002	-80.00611601544082	37.81982143148749	15.990796238577335
0.14500000000000002	-3.7692541564604554	32.98417949327629	15.322335054649322
0.14700000000000002	4.273328620074679	42.61338974241206	15.971209815581968
0.14900000000000002	0.5702485004199787	38.31561801119771	16.403678549489754
0.15100000000000002	17.176114851524815	33.13323008044817	15.222431907497725
0.15300000000000002	-48.783384582029576	36.080094306251794	16.407816255370747
0.15500000000000003	-26.39998435660651	36.19552570492591	15.674379971894538
0.15700000000000003	17.994845332713894	37.861736635966686	15.35064924573893
0.15900000000000003	-90.26425592795206	38.78354309515459	16.247114907826955
0.16100000000000003	6.945720239626141	36.33903958494382	15.695008411917994
0.16300000000000003	-32.57072385132176	36.83320758003558	15.803905974444948
0.16500000000000004	-45.28838311501637	38.27600561808428	15.627493864383496
0.16700000000000004	58.15139855469553	36.01986774451974	15.546473477415491
0.16900000000000004	-16.496356188611117	39.302974941450316	16.23589987395005
0.17100000000000004	-12.111144951698627	35.17004733068994	15.388403045415425
0.17300000000000004	20.6427536872944	33.292011301555064	15.371046933932464
0.17500000000000004	-62.116731810557546	40.41259032419372	16.093532782945175
0.17700000000000005	36.84541094450822	34.893532291315736	15.867880334648694
0.17900000000000005	-11.700057062524749	40.26846569696893	15.908973892645077
0.18100000000000005	-91.7685023215098	38.32362986891796	15.790932718113899
0.18300000000000005	-12.396769074718428	37.572996328257496	15.845356036866539
0.18500000000000005	-13.539245384275311	38.386894476576174	17.09071799083608
0.18700000000000006	-39.423446895336944	36.697771101114675	15.536105564596156
0.18900000000000006	23.655259033583675	38.142189190075804	16.009001030764388
0.19100000000000006	-47.620726774222355	43.28187845692381	15.864116508451215
0.19300000000000006	-12.697905010794486	36.13479780913739	16.14005877745734
0.19500000000000006	-17.933546821780055	35.78918191576912	15.860738058327717
0.19700000000000006	-69.02053411461662	40.20441592078961	16.22089340346612
0.19900000000000007	-4.398861283005928	36.557403667073345	15.401960016942374
0.20100000000000007	0.3418366405494311	41.40803577076703	16.27358082477835
0.203	-115.21825116422858	41.020864793402744	16.02673890797402
0.20499999999999996	31.222419002663315	35.47203858801779	15.849510661003551
0.20699999999999996	-10.527167307428087	42.89507702053255	16.01164852036627
0.20899999999999996	30.281738700788097	40.437807020120324	15.910065701383019
0.21099999999999997	15.109560475901063	35.7230439079149	15.689288286299677
0.21299999999999997	-50.65669216353097	39.28973468033086	15.844602488198458
0.21499999999999997	-0.206251964507409	34.61003683861249	15.435836200498198
0.21699999999999997	-26.57549537921078	42.24407422358546	15.986789907495455
0.21899999999999997	-62.699497807572335	36.474042164770715	15.41436825664775
0.22099999999999997	16.873118815263766	35.28851428365087	15.5240081780613
0.22299999999999998	-34.66436023213948	43.43417722249073	16.407101274218704
0.22499999999999998	-9.476119931628446	39.64170724492164	15.494543341237383
0.22699999999999998	20.514419540207385	36.85368560798688	15.571288797985703
0.22899999999999998	-79.38001541774042	40.478347495173345	15.914434476796957
0.23099999999999998	3.0590082347181635	38.720916350311285	15.877903844341565
0.23299999999999998	-37.699693019921376	38.646457440613375	16.139378353158456
0.235	-15.37845157240092	36.67621578421072	15.208356129577304
0.237	20.571028115146106	41.476923687594216	15.827445636471
0.239	-67.5420892251033	40.889319600937036	16.034207931576343
0.241	22.317366602742084	40.02773577029782	15.213308750324796
0.243	50.71294979375196	41.460573646657735	15.806636694653971
0.245	-46.58271684010451	40.57145319356934	16.073858252988007
0.247	24.635487962054725	39.085238714783756	15.952368174832797
0.249	-15.724748111511921	38.162735100248355	15.432223359415788
0.251	-57.06259053994689	37.677401855872404	16.040270597096644
0.253	20.888465801283118	35.059140227213646	15.691463267961417
0.255	12.870774142914598	38.44108907335152	15.859421018593952
0.257	-53.83901551092585	40.4459527850669	16.042428697431735
0.259	-10.73838971621388	34.94867068802091	15.863175077766131
0.261	-53.71286476774095	42.183898047288444	15.710304943549115
0.263	2.6721510049121378	39.74668791316648	16.082181356988862
0.265	0.47220389598479073	38.562878807487	15.375466847049836
0.267	-55.25035723807914	36.54961495021076	15.712682078936504
0.269	7.465759488622936	37.63881200366165	15.079836753454837
0.271	-20.73636421984215	41.17291344960958	15.552111301379432
0.273	-12.488405739752295	36.90621922062615	15.653272994593403
0.275	-10.474155448747524	40.25014182879487	15.921817485602183
0.277	-23.280013017323853	34.940446466737626	15.574414129222479
0.279	13.127364258069818	38.17535063985633	15.599407974704238
0.281	-1.469257021935455	36.664953403018735	15.606825272865935
0.28300000000000003	-11.38107429698998	35.896436241554625	15.729345010992589
0.28500000000000003	-11.583205077325687	36.50595773261605	15.45567694173135
0.28700000000000003	-4.789335027233221	40.71169212640136	16.33024464281797
0.28900000000000003	7.682950318832482	38.79841852606386	15.716876517683026
0.29100000000000004	17.09362219681765	39.07744699580582	15.548923319721697
0.29300000000000004	-39.55579802483733	42.053543810754306	15.983845048647163
0.29500000000000004	-4.26004487685816	38.02632626606277	15.9843814947051
0.29700000000000004	14.332614334033877	39.45135314652508	15.417848259367595
0.29900000000000004	-10.973538471126254	38.45178827486002	15.766259573697814
0.30100000000000005	-6.750208343064834	39.68663427625329	15.907910956748767
0.30300000000000005	12.818711139894745	43.818382749105815	16.15997897681112
0.30500000000000005	-50.77743473924645	32.947294137722686	15.44344971041352
0.30700000000000005	28.754974296330005	39.03202951897784	15.969095550049131
0.30900000000000005	-60.07227393689529	40.46767034097132	15.86185112204637
0.31100000000000005	-13.365017548783165	34.49062287873398	15.750119665025125
0.31300000000000006	5.651840868203806	41.8745552238448	16.282370910131682
0.31500000000000006	-26.298208362973696	36.610300964229474	16.146725070228992
0.31700000000000006	-3.502778032515863	38.68164810691799	16.30357585737598
0.31900000000000006	-12.094078090774119	39.42732770129113	15.79840487429446
0.32100000000000006	5.106866696413803	36.35138814364714	15.673944943906905
0.32300000000000006	20.618793817650527	38.127675259369504	16.28218331851867
0.32500000000000007	16.54358994462868	42.64832343819718	16.138389999078658
0.32700000000000007	-45.83210248021441	38.57200455599954	15.988553694700071
0.32900000000000007	21.358175138930235	43.476171758425785	15.986537591164224
0.33100000000000007	-33.157846462295026	37.71013361258129	16.068918489775367
0.333	-9.124942688232274	38.52081067794994	15.752476460513117
0.33499999999999996	-61.715660241601356	43.862600228815566	15.619887517285024
0.33699999999999997	-0.16330377783368988	34.55726398717979	16.180609716010203
0.33899999999999997	7.982847811893734	39.4345700134045	15.931933689872942
0.34099999999999997	1.8278386739734032	42.97903795457786	15.910721660049774
0.34299999999999997	-15.689268702656634	37.2181665541028	15.735234767767327
0.345	28.65735885504428	40.38020521177959	15.646913821443688
0.347	-32.80823708362579	40.50727611237513	16.139318176684004
0.349	33.65884392381169	36.565793702925944	16.164677947208407
0.351	20.648934965894483	40.06212397207304	15.929994748669822
0.353	-30.72132178794096	33.98449549639806	15.968535274535
0.355	-1.20829622074492	40.66667246944281	15.753817895973418
0.357	-105.27490731626621	43.81196389053916	16.21739781779415
0.359	-28.418147550834938	32.84433046335184	15.988656180838897
0.361	-2.862602698772143	38.82349014214093	15.650989978039629
0.363	-50.738928383586845	39.5243795269852	16.611389663797826
0.365	4.5400031081221925	35.71399624853833	16.376626318364902
0.367	-50.86713645985341	41.27298322322911	15.688621814238019
0.369	3.5038992205471686	39.77181855437493	16.438169331388096
0.371	26.471085981416564	39.112796873106845	15.919702376317485
0.373	-24.068841369517813	41.79213549782781	16.334584410089754
0.375	0.2879889222651144	35.01671517463524	15.363144088084873
0.377	-15.324438121355755	42.00749964618733	15.677036029848974
0.379	-25.922759154584085	41.32025145486763	15.658617990931338
0.381	-2.5639769960505987	39.15930919201218	15.927237587412646
0.383	22.7879187824076	44.50511293153341	15.765014266727196
0.385	-32.5061490938916	40.13140853900178	15.824656640061797
0.387	3.765070861527775	35.24678220163931	15.796330650409226
0.389	-37.00872953960044	38.95698044968091	15.88697097509713
0.391	-23.7010681930494	39.307840924131014	15.595547667915394
0.393	41.24934106553013	40.93514297575705	16.25050039168899
0.395	-31.969813396814928	38.61696064523459	15.840161569561019
0.397	24.670900771406323	38.552051579680146	16.2169284545115
0.399	9.273119104147298	38.46518860533992	16.24193222455156
0.401	-7.700648815833766	40.16706878883538	15.949530342182905
0.403	-12.753019920097586	39.576775175574085	16.06163716130067
0.405	-77.77659157781613	43.13449730782427	15.911583394706971
0.40700000000000003	2.622217533554405	34.80381996349803	15.812729098817064
0.40900000000000003	9.286076809056354	37.891731678315004	15.333162325139401
0.41100000000000003	-52.57981876938267	41.008254289901316	16.110645867539333
0.41300000000000003	4.488052271378606	39.18638576368364	15.772266704123563
0.41500000000000004	-35.202305306847315	41.29692740070485	15.357616690325537
0.41700000000000004	-40.35039517924499	38.3635541522675	15.572785448323408
0.41900000000000004	14.78115860265028	39.95915947797585	16.551168406399338
0.42100000000000004	-28.261535248375047	39.841518008342945	15.30148326286545
0.42300000000000004	-2.672956010529859	41.82311806681484	15.805296335177905
0.42500000000000004	-31.439173131864173	40.09846654340289	15.859614972219441
0.42700000000000005	-14.743887641111009	38.15463453696714	15.706532388833066
0.42900000000000005	-31.808449579062703	40.39454828119644	16.06585305658946
0.43100000000000005	-31.606630681246806	39.60694785923801	15.50663544613182
0.43300000000000005	-20.812327704788913	40.71394739582889	15.851630452921837
0.43500000000000005	13.588077028892087	42.567607458030835	15.849989704738986
0.43700000000000006	-53.10127990632019	41.75134272168442	15.314768996866597
0.43900000000000006	-39.45688141104853	37.84148387918631	15.55813006353737
0.44100000000000006	-5.815356828198226	43.20692008830743	15.731845358019266
0.44300000000000006	-54.13060576142659	41.70750273999942	15.971969383530459
0.44500000000000006	-6.591715840387202	35.876326607733745	15.403161376009756
0.44700000000000006	36.361316279043265	38.42695991061519	15.563591082071305
0.44900000000000007	-61.191315232855814	40.248173654941695	16.049364955634207
0.45100000000000007	-29.17126107004897	39.062551582713	15.464123530327713
0.45300000000000007	-57.816113255837465	43.06640052467453	16.24832035824937
0.45500000000000007	-43.73483551167734	42.85139525608361	16.07725147398058
0.4570000000000001	9.014659455131024	40.725376442079884	15.368388920226131
0.459	-60.9559643189872	43.52084855165817	15.558626307843664
0.46099999999999997	-28.584909768314404	36.957000231357306	15.672581861594665
0.46299999999999997	30.148220375947332	39.63642698851368	15.145613236929746
0.46499999999999997	-25.592157829823492	39.2050018352035	15.162900641132874
0.46699999999999997	-28.555809876595895	37.61682129909005	15.567575561022334
0.469	-4.954317064487235	37.78279109293554	15.063715468765826
0.471	-51.093144079694675	38.23643852063455	15.5232483284271
0.473	12.645541712430486	37.78458507518725	15.336488406653192
0.475	-59.0476872573964	41.129417314497026	15.996298163496467
0.477	8.72917741245871	38.70755482643296	15.42759762405971
0.479	-60.15042151674699	39.72066967272168	15.165366489327567
0.481	-33.97011953265583	41.43417575299284	15.63583742318304
0.483	-40.64471437292827	36.64240585475857	15.340308310882778
0.485	-5.106206583893602	38.04958574859405	15.438307386464016
0.487	-67.11425996319687	38.92239688014013	15.371671555254574
0.489	32.13143826608089	37.74875186005075	15.688481279030544
0.491	-83.74480670059192	41.655724677634545	15.37097953626865
0.493	-9.332261699857014	36.95935134598239	15.359059398180557
0.495	-9.65471358072012	38.42928744455863	15.076196745308863
0.497	-17.566086438103312	35.254325394425116	15.77045342733398
0.499	9.804738882124298	36.923945734301874	15.425696528495724