-0.499	16.731409346437687	15.191181386429104	13.566683025100366
-0.497	-26.807303143860928	15.041673581539172	11.747011369075585
-0.495	1.9341854478049925	16.123041882490135	11.990389525197555
-0.493	5.41821237343143	13.899868283075607	12.252861196974953
-0.491	-18.275494719222074	13.851054351124546	11.651463361126373
-0.489	-8.268283649193187	14.123244821784247	11.479016960443598
-0.487	5.134948116491955	13.737767825576308	12.192965034580647
-0.485	-9.983803362811905	15.123769133363552	11.561853941185188
-0.483	15.328449414875323	14.785723413076571	12.035384358412307
-0.481	-16.096955486322173	14.503893338930453	11.877911636106038
-0.479	-15.392200156005842	14.959874846834577	11.918939446295903
-0.477	15.728884274590627	14.788490640409883	11.94258160807651
-0.475	6.58559291388805	14.94624615691831	12.028505884866359
-0.473	39.9187905266718	15.80310374414423	11.71297938155164
-0.471	-4.259083921653861	15.855737352320475	11.772056909809109
-0.469	7.522626824130185	14.33054004375732	11.90901772489222
-0.46699999999999997	-4.021901868878075	13.706098020990057	11.827560688947166
-0.46499999999999997	-0.3707012339315696	14.129319541533283	12.456070716561236
-0.46299999999999997	6.04951962634992	12.69465814876669	12.15084190227542
-0.461	21.51424307528238	14.540919146328234	12.027798696576028
-0.459	2.558757594695038	11.885493875546308	11.568234624070033
-0.457	3.492395260762393	13.537834370637581	11.813709259757324
-0.455	8.230604455095047	15.103332034752913	11.77137118752428
-0.453	24.709235237452276	14.262812142506897	12.215381159972752
-0.451	0.47393275037777016	14.487571830162825	11.515635886672419
-0.449	-2.6317698834654735	14.271227040022785	11.856268685743842
-0.447	0.0758872353845419	13.68978086799759	12.417180415020747
-0.445	11.668964678968052	13.047601673463815	11.945257498797586
-0.443	4.900564112952921	14.617634847785663	11.874223694127346
-0.441	10.82151437570289	12.934500360181184	11.756828212904407
-0.439	4.832508862184781	14.46400537663285	11.680150214708608
-0.437	8.303120131003539	15.772251416920273	12.041180934743112
-0.435	2.781523699368904	15.7764396333285	11.966825153807248
-0.433	-21.776669799411508	15.2194003367256	11.578702757053442
-0.431	29.38658422269036	16.065942461661315	11.92636355842087
-0.429	-21.578553650036802	13.150590879762857	11.858478536932902
-0.427	20.69378738056571	14.927151074414306	11.721102134724328
-0.425	21.994305475336873	15.595684554129523	12.041028219046908
-0.423	-2.25068001802331	15.154522281897783	11.441557988035601
-0.421	1.9822327408380858	15.03332065032499	11.673387430392461
-0.419	19.272054829100327	16.943109225806374	12.586710072482061
-0.417	-0.4195903059445172	14.205499790313096	11.70165491498616
-0.415	-4.619638981351315	15.3857103415106	12.096066123127805
-0.41300000000000003	11.81013809725684	15.069433871692144	11.746320895971351
-0.41100000000000003	1.7362115176666748	14.984876145869789	11.761017726380567
-0.40900000000000003	10.987624400549123	15.854588814632155	12.212379741196985
-0.40700000000000003	13.511131205401483	15.06386940675154	12.053297898161455
-0.405	-2.8657263902998054	13.587358491915271	11.539652389748296
-0.403	15.624956496207432	14.504548405451997	11.698618114225928
-0.401	2.2583013628008075	13.590850544337563	11.888816388766319
-0.399	-0.006849207201398144	14.753023220468204	12.027177188739204
-0.397	-8.273745009224065	13.802398113797837	11.925685858726427
-0.395	20.509711046612367	15.202739921860724	11.690773399122751
-0.393	6.604570063295512	13.874876994284431	11.648770547102748
-0.391	9.021689499899566	16.599133329436626	12.262372396992923
-0.389	-17.513831334525776	14.793725924572044	11.825160651234066
-0.387	15.660167451692075	14.992963908861048	11.873281421390823
-0.385	10.348961426043246	15.405724889579137	11.861466145450361
-0.383	1.102695764254591	14.344706117317171	12.072316004301136
-0.381	-2.5902112572584457	14.003557358516932	11.768528913093038
-0.379	-0.5786445319566624	15.629808785237136	12.027332150164165
-0.377	10.635413441706376	17.694209418206512	11.910207584595337
-0.375	4.8465273636555395	16.262455626498603	11.707327062970753
-0.373	35.52133078166264	14.569976315910155	12.280363744593414
-0.371	10.049681320678516	14.830765688298545	11.717932981312629
-0.369	28.855355681978168	13.607055589354701	11.895534450687876
-0.367	4.101465282513317	14.894788770795234	11.698843056698026
-0.365	22.093634080455615	14.516323751005842	11.647768419137092
-0.363	-10.02922021775543	14.71453149367369	11.765182777317419
-0.361	10.002538977538222	14.586627326531593	11.98333336742649
-0.359	-7.872554207311033	13.768660433151162	11.96840257723952
-0.357	16.0488192071373	14.680130159545131	11.610368366361778
-0.355	-12.152381898666853	15.777312248008958	12.532670765408112
-0.353	42.22505270923271	15.80308547084387	11.718495220413068
-0.351	31.03016443439799	15.208425029439269	11.772131815864244
-0.349	-13.688288402646798	15.638220589931326	12.136319229782332
-0.347	9.3496245179292	16.452016085096147	11.463546621225824
-0.345	-7.75364359495434	14.38610160404947	11.630339347581005
-0.34299999999999997	-9.145042330960251	17.027371476306293	11.982681986272535
-0.34099999999999997	7.044036279824084	14.397612443075435	11.723648634114534
-0.33899999999999997	5.3050107065022445	14.940356200077423	12.060279895489616
-0.33699999999999997	-8.34234672553169	13.46000075202577	11.704246033925697
-0.33499999999999996	-12.148477488871379	16.517685923189706	11.650832401522644
-0.33299999999999996	28.76418104791334	14.087030565336038	11.873691649770294
-0.33099999999999996	13.332778020513913	14.434929917214813	11.798030607443893
-0.32899999999999996	19.474300503974362	14.234274072645285	11.460524493585947
-0.32699999999999996	25.35426379179917	13.887567797626016	11.466467626955783
-0.32499999999999996	9.420014015493194	14.067971054131894	11.763809370232606
-0.323	27.72198217559918	13.891949792654628	11.710507244614712
-0.321	0.1982322366256284	14.194503764007704	11.721573655687273
-0.319	10.952753290549566	16.081350268941318	11.960638847212453
-0.317	1.4532639549535986	14.084007775415266	11.769074890147117
-0.315	8.270090084971926	13.381306646877993	11.803860761668867
-0.313	19.322791059650513	15.440582827783372	12.033279668257167
-0.311	12.814302703390013	15.30392323141437	11.865757152405346
-0.309	-13.205967135054841	13.97438218925132	11.406587512055527
-0.307	27.548003781241448	15.433908947732974	11.828575174528284
-0.305	9.880709310960967	13.25681831573203	11.911602212967601
-0.303	9.446969298831931	15.127829325556561	12.09236794833949
-0.301	41.73489701919664	13.788481584114859	12.159082491384133
-0.299	-14.692194027610128	15.964352750363226	11.6309054005445
-0.297	17.045212327815307	15.475876003386945	11.684100875735357
-0.295	23.739566862301942	14.544438762254993	12.160440274229499
-0.293	0.5286398248038893	13.362867351505875	11.664428367349423
-0.29100000000000004	28.838655584007	13.581715992134423	11.61207172761041
-0.28900000000000003	22.360636295681857	14.490162627775037	11.704184606661276
-0.28700000000000003	43.55913370024389	12.804139428678647	11.605540087393745
-0.28500000000000003	30.961075218050027	14.847344004882343	11.916092219723694
-0.28300000000000003	2.198153009169701	16.11187856662329	11.927841977058117
-0.281	24.5713410509385	13.805031461205736	11.757801321383866
-0.279	19.938100951577553	14.718114155002027	11.311602801430414
-0.277	46.94615640432609	14.51033014522515	11.782030666849534
-0.275	0.4203046872763849	15.257341832367642	11.753865183528355
-0.273	12.520759384848645	15.687706841608367	11.814294503276725
-0.271	-4.380274189363931	13.051206042356991	11.999770657805865
-0.269	20.088842628940284	12.72914247846901	11.229355489617943
-0.267	-0.2614902107067607	15.880457919207513	11.810266812324697
-0.265	27.4463339717812	13.85739580527408	11.725576356503868
-0.263	-5.651568157349907	13.400947709401336	12.034143112176285
-0.261	-7.330213961376231	14.438416677050272	11.369826691517108
-0.259	47.04356624740669	14.471126648865015	11.894899021491744
-0.257	-9.858547444840937	15.214778354136431	11.577123108215515
-0.255	17.324701668375297	14.540965239617897	11.716828444608664
-0.253	22.173734333330586	14.084908986789529	11.862785833572811
-0.251	-17.450927826678786	13.350599995495813	11.331643326306162
-0.249	10.465600343456671	15.410397976208188	11.676950983165161
-0.247	-2.315433838329106	13.286650301176053	11.838536272241841
-0.245	-0.23714745256420144	15.332213372785317	11.949454864460586
-0.243	5.175185765482482	14.122290099439157	11.768873261493964
-0.241	32.64768756716663	14.073931903517993	11.661987036492429
-0.239	13.272642805040036	14.9857243126307	11.781253514614754
-0.237	4.65102042723764	13.797077163292952	12.028725400924106
-0.235	15.804857848689124	15.22993573155784	11.762391202365153
-0.23299999999999998	-17.956835429933093	13.626828910499002	11.346979687575015
-0.23099999999999998	15.596975308618255	14.650207579214127	11.981220583959058
-0.22899999999999998	17.284364036251887	14.258234096298796	11.505232770198173
-0.22699999999999998	-7.936487245063795	13.940267024179953	11.516852676977267
-0.22499999999999998	23.980754057850717	15.153898002397924	11.810610030763133
-0.22299999999999998	-1.5476111719925356	13.282539032109304	11.458557110005051
-0.22099999999999997	-6.099159850503355	13.626992642111425	11.269463819187438
-0.21899999999999997	30.235378197129847	15.674474865491641	11.881643827874862
-0.21699999999999997	16.85305210719079	16.171087061744306	11.72488671893088
-0.21499999999999997	-2.488204824513396	16.0260169009307	11.472172112043697
-0.21299999999999997	43.69443352181257	13.771134078972286	11.500308636651171
-0.211	0.44940630861134423	14.745706008841184	11.705079560592253
-0.20900000000000002	2.5138953425596355	16.700812270484413	11.834587852385493
-0.20700000000000002	6.558536777445667	14.936722720350701	11.7463506864994
-0.20500000000000002	13.022035590282144	14.014359337649127	11.758559911284005
-0.203	0.3045797514200643	13.71420704579312	11.477625328125104
-0.201	22.597520541678406	13.881982262577989	11.819743290279568
-0.199	26.835089656174205	13.107263425354903	11.830489720841456
-0.197	5.630882058405007	17.01752835459936	12.196916240803496
-0.195	17.775116680329717	14.733432229762755	11.729636682129975
-0.193	1.5830767499114273	15.058503784255103	11.716937497232061
-0.191	19.72450761700273	13.351514204572057	11.99118735690489
-0.189	5.624509412882617	12.370123069315516	11.877841182283335
-0.187	10.062005405764296	14.815447996210667	11.61462874297077
-0.185	24.86540491375422	13.9573845471031	11.62280064599141
-0.183	1.4408891693129533	15.11761437762234	11.607108148619497
-0.181	1.0331542308339436	14.575295918873621	11.673496236476632
-0.179	14.92953479376169	14.314820680981175	12.058303227793212
-0.177	18.082598268964745	14.211071979479103	11.974491886602054
-0.175	30.254067843848986	15.188142115952303	11.601939363353663
-0.173	19.06162163844982	14.880796087287658	11.988774848196263
-0.17099999999999999	-2.3025325338599245	13.424538021848292	11.458778390701976
-0.16899999999999998	0.1611918802879586	13.674687519165875	11.719648031054996
-0.16699999999999998	28.93894192657065	13.871249011764599	11.675113663068803
-0.16499999999999998	-12.27878866139065	11.842803535041012	11.658157895964175
-0.16299999999999998	28.201993171439454	13.532551261046658	11.895268403044845
-0.16099999999999998	12.78894957312815	13.967061821499149	11.769580936674938
-0.15899999999999997	2.5472421150141145	14.248419642493996	11.6306434791972
-0.15699999999999997	36.1268698354511	15.3720150564905	11.606000159356345
-0.15499999999999997	-11.360747766087087	13.705319773441047	11.556353841694374
-0.15299999999999997	17.445545036354204	15.45531467090041	11.686529854714482
-0.15099999999999997	12.800097393128596	14.98149351628033	11.92941576807434
-0.149	4.447658243922348	14.281088227275909	11.769390781335067
-0.14700000000000002	2.238888204164624	14.139544352202	11.725245684108822
-0.14500000000000002	-3.8959073622724105	14.537290141134196	11.610903344346662
-0.14300000000000002	1.6722390259182873	15.225691779403016	11.915690915894562
-0.14100000000000001	0.7818364669009981	17.16054000543061	11.781459526956734
-0.139	8.00568473868779	15.242753733180843	11.898908574780304
-0.137	20.228266426558505	13.660021451292748	11.758043831913712
-0.135	-27.81553126474101	14.675883391616155	11.635858479364522
-0.133	8.643344084013904	16.437090822164144	11.982415570288385
-0.131	16.386596448647595	13.785460222910705	11.795908399583077
-0.129	17.854616850332405	14.800290860069136	11.416506093539114
-0.127	13.020019465237453	13.118442929651822	11.38259712939883
-0.125	19.219125167335704	14.45468588964858	11.91068375622507
-0.123	4.120554602637938	17.262985857165013	11.9884447454684
-0.121	-8.566273508092692	14.401741210407486	11.942715048927598
-0.119	-3.4333365269700877	14.740367147996212	11.266601002314816
-0.11699999999999999	24.784056115167985	15.590160937752527	12.048496678014656
-0.11499999999999999	-13.851934830610979	14.186762977429392	11.842268202473157
-0.11299999999999999	-6.163709832307518	13.375913033162394	11.960095973344838
-0.11099999999999999	18.97933200556423	14.268055939408978	11.720800929477544
-0.10899999999999999	0.3791601377312048	12.929188258873467	11.954422989035349
-0.10699999999999998	0.5017494613124285	14.20158070453171	11.530943276486548
-0.10499999999999998	14.37165405748786	12.975651915518117	11.62261130449347
-0.10299999999999998	15.856294506511048	14.16632531959851	11.89498772084456
-0.10099999999999998	-22.45017798163662	14.131753658564667	11.615895645793724
-0.09899999999999998	10.99155285966269	13.780880687358673	11.62639365784791
-0.09699999999999998	0.7472984957512807	15.90545484023191	11.835115064404684
-0.09499999999999997	-3.760685396980712	15.864050260392313	11.760043404085206
-0.09299999999999997	19.248395654480888	15.59981798619074	11.874439133006922
-0.09099999999999997	10.559510231322733	16.042259849422713	11.820008786662251
-0.08899999999999997	-8.860068520633035	14.495382758207958	11.415299950250132
-0.08699999999999997	35.92793448747855	14.9518694525405	12.224851988751006
-0.08499999999999996	13.457830168261964	15.455677130307784	11.924071230759472
-0.08299999999999999	-8.028160013662244	14.615308072537454	11.702080542845156
-0.08100000000000002	24.360607032480885	17.410926240657805	11.99908647945064
-0.07900000000000001	-29.844998732597716	13.940569035586934	11.519106126118059
-0.07700000000000001	2.410132272867571	19.149489091517385	11.878123622752144
-0.07500000000000001	27.539050997615888	13.28408627596739	11.82755751308751
-0.07300000000000001	-0.06493282511677023	12.32553461848137	11.667734992445158
-0.07100000000000001	14.168602156638954	15.741992568586703	11.872418017060975
-0.069	12.837460751091712	14.555017027340881	11.870543791095455
-0.067	11.326098038555443	15.027210461016825	11.926858102479118
-0.065	-10.404393534502177	14.135187424265093	12.242737542079327
-0.063	21.130065098962092	15.890666520365835	11.658624078650996
-0.061	-11.437780378376061	15.104047211897063	11.429808444158555
-0.059	24.606469104515583	16.20674955135951	11.826416813378929
-0.056999999999999995	-5.115075047412709	14.676890494553378	11.663903611855277
-0.05499999999999999	-4.153498391668009	15.300439054623363	11.525793725786485
-0.05299999999999999	31.128055512086306	14.27603361702095	12.497419392363025
-0.05099999999999999	4.567852322834298	13.599679576224958	11.862504200633136
-0.04899999999999999	-3.5533628129913453	16.387007573978526	11.831089401667935
-0.046999999999999986	22.35560051699892	14.580233340815559	11.984754481400811
-0.044999999999999984	24.345887044585623	15.39022177366338	11.929960061491096
-0.04299999999999998	2.221524540546582	17.469307129904386	12.398792142061174
-0.04099999999999998	21.700951913672384	17.94833161184629	12.612208232453304
-0.03899999999999998	-22.5175833847846	14.629019949172898	11.619284849311809
-0.03699999999999998	-19.933427660823178	16.236259694206932	12.474637666031377
-0.034999999999999976	4.9422453203273875	16.83440808270367	12.846834790700573
-0.032999999999999974	-21.702618814067876	14.440987881599789	12.132314363787035
-0.030999999999999972	11.003166031420264	19.46529229802919	15.60007457262621
-0.02899999999999997	-53.6524277300332	17.133244123929963	15.026459783811017
-0.02699999999999997	-660.5883273139713	38.39614552508486	13.1183050227303
-0.024999999999999967	-2156.8258183662924	56.6074623844826	11.926972632919195
-0.022999999999999965	-4107.293394822631	54.441408437658716	11.435580795215511
-0.02099999999999999	-5544.599702221098	30.38633195710775	11.640158161681809
-0.019000000000000017	-6095.984882937611	19.983458410873602	11.907045959531452
-0.017000000000000015	-6412.747296770882	17.908773262749786	11.65267752686639
-0.015000000000000013	-6646.785651248432	14.557051059132746	11.809967258120551
-0.013000000000000012	-6812.547739282193	16.48088849143627	11.68011452967237
-0.01100000000000001	-6952.197221752998	16.400111827480835	11.545521648845115
-0.009000000000000008	-7085.662380213686	14.79605663950546	11.792614571560037
-0.007000000000000006	-7114.88743973554	18.063183055677033	11.94315232059882
-0.0050000000000000044	-7214.867139305637	15.191248520906296	11.864304389217121
-0.0030000000000000027	-7234.697618815678	15.842114658778879	11.390023275154816
-0.0010000000000000009	-7233.168840794279	17.598133294062702	11.790867714398248
0.0010000000000000009	-7257.319608197199	15.854975318171899	11.639527076675407
0.0030000000000000027	-7206.516305690358	16.574232182738243	11.58129338685839
0.0050000000000000044	-7195.802629716086	16.08188172279021	11.678893983621746
0.007000000000000006	-7130.9986902051705	15.090630775543167	11.949826150164586
0.009000000000000008	-7052.627751350627	18.192918761217523	11.628645823100173
0.01100000000000001	-6953.500352041231	15.095496977133607	11.842992415618124
0.013000000000000012	-6834.0705563406655	13.870499036907862	11.684233751318333
0.015000000000000013	-6666.687869205878	16.535148725616416	11.840762248630226
0.017000000000000015	-6412.767123637142	17.977772481832254	11.496796515176348
0.019000000000000017	-6093.989775979414	18.614373229606805	11.494794132871807
0.02100000000000002	-5507.953064298965	31.21697559256311	11.641875588521414
0.02300000000000002	-4042.7462231215072	57.137345959846954	11.908893689376562
0.025000000000000022	-2129.130407185542	56.51893812101008	11.663523764329549
0.027000000000000024	-606.9686612382163	31.21251699723441	11.822478456635201
0.029000000000000026	-48.56131087760396	14.865002245167888	12.095344679747909
0.031000000000000028	9.075633110366965	13.248301551046813	11.940737196122353
0.03300000000000003	5.298046355184383	15.573614514995498	12.037238806387114
0.03500000000000003	-15.71172062286852	15.968780266973994	11.778132840526448
0.03700000000000003	-0.1064847698906135	14.16253967160883	11.830194375192274
0.039000000000000035	-6.896644203502333	13.744612056039285	11.927732551544851
0.041000000000000036	-8.726077758924866	15.278142151711291	12.00882860452437
0.04300000000000004	-8.256593355571162	14.626373883008743	11.679065714257032
0.04500000000000004	12.670643172452145	15.085859027014282	11.92009078717551
0.04700000000000004	-13.509846218173749	13.572380272222327	11.942950167354184
0.049000000000000044	-10.670371012877489	15.08906142639185	11.764712800237552
0.051000000000000045	20.021006009063314	14.326303093391056	12.041938936444355
0.05300000000000005	-27.745235028242554	13.701748268371471	11.711038208223414
0.05500000000000005	-17.074963812091504	15.59021837164085	11.670646684587938
0.05700000000000005	27.511127716817185	13.297434133503128	12.230262027191433
0.05900000000000005	11.704384752286856	13.587860594441354	11.930712438149214
0.061000000000000054	1.1240237423049138	14.63859979512146	11.904429822624168
0.06300000000000006	16.798459103961605	14.323199946395228	11.841090611729939
0.06500000000000006	-1.5898389302826388	11.897115852662386	11.532463896563405
0.06700000000000006	-11.315205936890393	17.841191478324035	12.149227260066633
0.06900000000000006	18.878524606913416	12.082393383494185	11.834467296241584
0.07100000000000006	-23.153597414449223	12.940682972420035	11.9963055246606
0.07300000000000006	28.454415572198855	13.859313718416015	11.706730984806809
0.07500000000000007	43.31578861149765	14.930633643149841	12.116141169438393
0.07700000000000001	-5.06507810560386	13.546568083191778	11.626516140978028
0.07899999999999996	39.99873856574965	14.316794354835972	12.112511239932443
0.08099999999999996	13.929348405827824	14.398920157948996	11.893493419383129
0.08299999999999996	-15.079740625423277	14.98662267810269	11.428695427184616
0.08499999999999996	12.197697776716865	15.312033559759632	12.225720830193607
0.08699999999999997	-0.17740607671790087	14.093516119331396	11.893819516397294
0.08899999999999997	-3.558435078931943	15.082106675763546	11.665467621538616
0.09099999999999997	21.85661078524248	14.449823345793328	12.036919505032328
0.09299999999999997	10.336916721254141	15.138788325635867	11.960312980264936
0.09499999999999997	-16.06907843054728	15.585236423541033	11.664889804011652
0.09699999999999998	8.165659617143106	13.940742740947499	11.937673122099259
0.09899999999999998	23.14415361626132	13.694229047156732	12.044394529828926
0.10099999999999998	-22.37953563855033	14.003274608599218	11.429010883088228
0.10299999999999998	-7.724106602213787	15.332177579443725	12.055941515349371
0.10499999999999998	7.838656503889041	13.765994130495628	11.667567590868721
0.10699999999999998	-10.018729287630812	13.679190937350906	11.937924983782723
0.10899999999999999	-10.561935511632647	13.325558635513126	11.879359959182462
0.11099999999999999	8.593251387134515	13.060487680482169	11.287652077678203
0.11299999999999999	30.868714970599953	15.411889845678331	11.928292527673014
0.11499999999999999	18.498910631326027	14.868736763871665	11.886445110236135
0.11699999999999999	21.442665212312306	14.76041297177219	11.789433348557782
0.119	-23.282582021888487	14.632251851943217	11.835389429001983
0.121	-3.04973061437952	14.54111567773602	11.837515470182232
0.123	0.6732540636100737	15.006293565186288	12.27577694924907
0.125	2.675438660171281	13.573894017232984	11.99757565578412
0.127	12.822854139171724	16.672179426027128	11.986988118927707
0.129	-11.701657157803247	11.666160166280907	11.3757260976155
0.131	27.66564068101829	14.574585195413274	11.718003064480559
0.133	15.685463513159803	14.145416921564001	11.869246469550182
0.135	-13.196209406984849	13.586451557307447	11.73135659669512
0.137	27.58217927301132	16.265348543518872	12.390361733358635
0.139	37.08892702269928	15.472645351477269	12.105964820294675
0.14100000000000001	-11.346469867667963	14.433329711538507	11.769821397989217
0.14300000000000002	19.15317450196241	14.247937400149937	12.073741550527876
0.14500000000000002	-8.45054192999406	15.127254066995265	11.922050622387559
0.14700000000000002	-5.757753039015157	14.728759100866164	11.630421402682497
0.14900000000000002	34.100538679249226	13.384343859368458	11.709488753929593
0.15100000000000002	6.1809592468708985	14.197023990716513	12.041524233754807
0.15300000000000002	-13.770843643956532	12.937399862017083	11.755662595670945
0.15500000000000003	-1.1627261951030476	16.10563237629293	11.947102431823916
0.15700000000000003	20.08732233904631	14.74422406514658	11.822384068834918
0.15900000000000003	-6.057714565299577	12.803886068366296	11.408796021681097
0.16100000000000003	-17.013462708770355	13.813733326113748	11.994797443375257
0.16300000000000003	11.853000166039962	14.649370669095244	11.933393353360163
0.16500000000000004	23.359339530459877	14.02621430036177	12.033525405975421
0.16700000000000004	28.964525231600646	14.425914044193393	11.519716544404858
0.16900000000000004	-7.634154085112144	14.389262011867789	11.880946811222888
0.17100000000000004	3.23716691630338	16.296009911135325	12.228613580257058
0.17300000000000004	-1.2171088114021344	12.904435296124461	11.940380904249743
0.17500000000000004	10.359102276424892	14.936401233811981	11.56869823191062
0.17700000000000005	-21.957886191525944	14.718451869043308	11.681600675270793
0.17900000000000005	0.624429445705843	16.008332985168455	11.84009239361822
0.18100000000000005	-9.175025410201876	13.399098753369085	11.342966994093647
0.18300000000000005	-10.701596143802838	14.316766508829424	11.876116550344276
0.18500000000000005	-6.110647631007993	14.531700301075242	11.713861667722806
0.18700000000000006	18.421391066780757	14.590522597623412	11.719585753023738
0.18900000000000006	6.319696667311803	13.407445327246782	12.078738990805657
0.19100000000000006	5.079707504629383	15.97021013735088	11.867787406368107
0.19300000000000006	14.40822246712159	14.603281154905433	11.71408922954921
0.19500000000000006	21.393092621169174	13.921694937405498	11.840368650101627
0.19700000000000006	-6.269852617091232	15.68882184728378	11.609940636102268
0.19900000000000007	0.663046572535464	14.51271125672842	11.572996186607565
0.20100000000000007	12.295787466864994	12.959454056019245	12.103258798508389
0.203	18.06940278403779	16.78653998175748	11.71500305952421
0.20499999999999996	11.103747019847177	13.957901127407471	11.723203625639323
0.20699999999999996	9.69982624332566	14.317873439903718	11.656090593893927
0.20899999999999996	2.9465370841030847	13.774236283281441	11.831375261143382
0.21099999999999997	1.347182422506421	12.548113098841435	11.830879019483916
0.21299999999999997	9.670266361450075	16.256952674169604	12.150822927213957
0.21499999999999997	-11.47610527518772	15.995037127025832	11.478434683517026
0.21699999999999997	26.71685703825588	14.988017124904523	11.876190497251466
0.21899999999999997	21.732837738985822	14.466875710537103	12.126969283106993
0.22099999999999997	-2.2969299275921173	15.744110453039728	11.714638576060024
0.22299999999999998	12.145399183705052	13.990253256548302	11.924429400556013
0.22499999999999998	5.039502899206738	14.647200446558951	11.833224474074033
0.22699999999999998	2.7612265229848276	14.338655187414759	11.523200295346191
0.22899999999999998	22.441770321846022	15.144464306520808	11.91615002460441
0.23099999999999998	12.276770016139693	13.089039733685587	11.843525894496187
0.23299999999999998	10.859128258156048	14.807281410210337	11.720650450309645
0.235	18.348266238144006	13.807876522752343	12.221079291277755
0.237	33.25168638834697	14.9066645517096	12.143091122516664
0.239	37.90149840021684	13.5312387177652	11.559062272589697
0.241	17.80319967092936	16.89253749293919	12.159863697235476
0.243	14.584735549938443	15.684320809141708	11.704195860581235
0.245	10.388770382618873	13.630398786170133	11.525505474391151
0.247	24.135536291769455	13.861818893268056	11.827184394591942
0.249	16.97948716006259	17.943500471659675	12.053622306046996
0.251	-0.8862426817968228	11.882242834476504	11.76693468578595
0.253	10.2647053121796	16.62911752201204	11.816997172523852
0.255	12.91152190563416	14.870032463845776	11.617056129956886
0.257	44.7972271762076	15.266473570655753	11.981766779523882
0.259	19.180137699414956	14.83584303024604	12.223908704706362
0.261	26.797145662893485	15.024126592369324	11.763082260521227
0.263	39.87516934889079	13.08605237770498	11.408063759216532
0.265	29.364084572991445	15.130322985839792	12.155619267929879
0.267	10.381114923463386	16.26349653129267	11.772705520931547
0.269	19.19644158610012	13.851253888029433	11.99451989210052
0.271	7.564877235521905	13.234514100776696	11.864081048008453
0.273	9.981887124421718	16.233929498065518	11.675467978798823
0.275	7.571874130807288	16.61805675479067	11.939765989119037
0.277	19.225066249628497	13.941260952319078	11.881487832755166
0.279	4.002826533566761	17.139528513429642	11.53044377540994
0.281	28.906787039817416	15.095887706454079	12.084938701227092
0.28300000000000003	16.92512342565955	13.557027353576764	11.931712302172373
0.28500000000000003	25.387967747425577	14.240481310391623	11.708793697328227
0.28700000000000003	30.258984358821905	13.490945303567868	12.037374883409921
0.28900000000000003	-9.268511811377778	14.154006958822473	11.818366425258189
0.29100000000000004	29.847900711921227	14.228810963978107	11.429137151569282
0.29300000000000004	11.667353694511107	12.56483372342637	11.941952215757638
0.29500000000000004	21.687031452444216	14.880690822423649	12.04249853377178
0.29700000000000004	20.990877638515926	12.991881567726974	11.774098606613354
0.29900000000000004	21.213051186075305	16.11208670505337	12.028952834908537
0.30100000000000005	18.55459841126894	14.13524616952757	11.767068180558901
0.30300000000000005	26.424787635370706	14.017665827377513	11.83513388066893
0.30500000000000005	8.854615624276363	14.744488372827794	11.606260379325468
0.30700000000000005	24.08742784543172	14.172528785754448	11.863147773752042
0.30900000000000005	19.619499717071776	15.840993833066733	12.271828605787094
0.31100000000000005	10.683973926450818	16.783031639446484	11.677630962026663
0.31300000000000006	10.986979640081884	12.998164242800732	11.660562781558562
0.31500000000000006	27.389037632996605	16.021989150478483	11.934656065475014
0.31700000000000006	5.940686935268502	15.892778732140508	12.175724098956795
0.31900000000000006	28.208886569069946	12.445445669356824	12.127526801168386
0.32100000000000006	17.616130691511245	13.908060506804706	11.835512500525978
0.32300000000000006	36.979630447131484	13.732409867315912	11.727910470660666
0.32500000000000007	22.516274716277707	16.175645360507286	11.99107161118408
0.32700000000000007	16.71358778199128	14.915418875808097	12.00706704331685
0.32900000000000007	22.669190352209156	14.909845722569345	11.87109471361513
0.33100000000000007	3.177821466637809	14.054639126544277	11.774063934398738
0.333	63.27258094396271	14.57808732082971	12.14951993597882
0.33499999999999996	-11.800416455765017	15.329843256410498	11.979288111411988
0.33699999999999997	33.135371360071275	13.455999496274483	11.620522183525232
0.33899999999999997	25.149680372038574	14.89797228737558	11.783767561669723
0.34099999999999997	2.73651057924873	13.61947444092679	11.817955440723393
0.34299999999999997	1.3424100726577848	11.600880514145825	11.465731407899437
0.345	9.429382168191225	13.012978873317541	11.98803157183204
0.347	48.44906934309279	15.784434562466013	11.910645772983793
0.349	-0.3875221697979825	13.891835659506917	11.663858926445307
0.351	17.419127110063215	12.513348391091265	11.667812923516328
0.353	-19.340770353926118	14.574298386577901	11.772918683657764
0.355	18.589156455695033	16.25416562117765	11.915708007314576
0.357	35.49602570895871	14.458867219391943	11.787557398077455
0.359	12.120712413743462	15.411662202182661	11.501024859135793
0.361	14.780891848475974	14.275092140979542	12.10605656729412
0.363	32.825366854671856	15.868175852326791	12.067979456657964
0.365	11.359450243775271	13.917412131891973	11.768722881294813
0.367	29.956208144499286	13.758697814312432	11.892722240323948
0.369	18.8542122732116	15.223867752608625	11.963291532502419
0.371	21.24045557239107	15.592190385333	11.720154777059687
0.373	17.46689609216645	14.436130939658268	12.085799411879723
0.375	22.572211242577467	15.362603021833232	11.994877605501756
0.377	16.30451149581269	16.698877817213795	11.83987651404319
0.379	27.059338604917826	13.175183807664727	11.993210110103965
0.381	0.7111963595818338	15.625897704073793	11.904992104684288
0.383	41.52228684550785	15.370136165078202	11.627777256020016
0.385	33.67776278939694	16.129814811168405	11.986765798834176
0.387	13.545914929302683	13.436354003955561	11.605666989272542
0.389	6.129800518728246	15.399352590321678	11.778488732692779
0.391	18.434073719042487	17.65014697883486	12.04243198264149
0.393	22.06187336173393	14.100782013251438	11.949887029368234
0.395	24.76952103713792	15.193101890103055	11.682998592572169
0.397	3.9838645566891984	14.15863298468356	12.039155524119096
0.399	18.837588115383497	14.325829814079627	11.846633722823775
0.401	37.709910817307346	14.947991261739682	12.053454964340695
0.403	22.195500796851064	14.884968289533957	12.064418154240194
0.405	32.47199414357915	13.218391950108865	11.518559805153647
0.40700000000000003	29.68578197837246	12.706194117179846	11.5329191831505
0.40900000000000003	45.54729284311776	13.741518238955528	12.101583065908047
0.41100000000000003	1.2220677843011174	14.402399040982719	11.677419991059585
0.41300000000000003	28.360157676265985	13.804299719080603	11.672816037440137
0.41500000000000004	24.798860285057955	12.504861804800996	12.138610275880142
0.41700000000000004	17.77787692502919	14.693200161370617	11.77716833505101
0.41900000000000004	16.23845602183316	15.44952832709053	11.929173459704296
0.42100000000000004	33.04370756396224	13.577901708725848	12.214788692626858
0.42300000000000004	-4.014814072861306	14.047189072784535	11.572506045486739
0.42500000000000004	32.69749584822179	14.441971835125612	12.079077117643884
0.42700000000000005	9.200874457659936	14.539193728269744	12.053975228719297
0.42900000000000005	13.834194618755902	14.568362990182795	11.518056737907726
0.43100000000000005	9.941235107779889	15.43805270972811	12.273688902757517
0.43300000000000005	-9.769049970964616	14.485625691724191	12.094812209555155
0.43500000000000005	11.704986188965094	14.850940818540483	11.514087066793083
0.43700000000000006	39.05398263603921	15.464393034900118	12.024591192290124
0.43900000000000006	-20.831631375450854	14.568662156323228	11.910973534182974
0.44100000000000006	-10.978018285645597	15.966148969396425	11.82030538578209
0.44300000000000006	15.772349108766903	13.191271805309796	11.933592927499722
0.44500000000000006	1.1127820820355794	13.131417266855468	11.666329304365345
0.44700000000000006	5.715777859016669	12.705184061067428	11.926087206473028
0.44900000000000007	18.222271546131097	14.988684260501417	12.149926590125105
0.45100000000000007	19.18843199533171	14.014973590397153	11.66709592004394
0.45300000000000007	20.594069118029523	12.689753163945838	11.933082699019101
0.45500000000000007	32.23633381455038	15.19197586239769	12.107274603721535
0.4570000000000001	15.485615964205834	13.951777128818467	11.597853001792936
0.459	39.291676332320336	14.409725517522164	11.788887944643974
0.46099999999999997	16.451534540662394	14.4701141235107	12.203987181399572
0.46299999999999997	21.174418238789627	15.756720148634715	11.373653753548993
0.46499999999999997	48.4498111525955	13.480784589232414	11.627423715686596
0.46699999999999997	23.518579484349544	15.165114457650068	12.287097452113795
0.469	27.34408596460902	13.04631956117357	11.676393436249585
0.471	46.59036661958105	15.334705723495192	11.968400994832935
0.473	12.681559264926534	14.933711256605632	11.96978064876232
0.475	2.860395904136226	13.877735468043554	11.470543093283538
0.477	24.504157470461863	15.177313266984918	11.98390717408787
0.479	-13.06818615964822	15.189833357629382	11.748888853594595
0.481	15.976516285931552	13.84532862767899	11.461731547711873
0.483	-8.101536992488612	13.817116685161723	11.802374869445476
0.485	-29.91163635823746	14.905416143452774	11.812668973812515
0.487	5.635743990817232	13.744965593189557	11.830888203136967
0.489	-13.769216719583532	15.512195668806898	12.207317680782445
0.491	-5.947643401782443	14.641874820416492	11.703667648742023
0.493	1.1478871089209974	13.121619810644779	11.656500370069649
0.495	8.686540909685903	15.537951209325271	11.989438330270326
0.497	-9.138519605045303	13.364469808203893	11.65908334674187
0.499	-7.143710306856121	16.058528428247193	13.518345695330417