-0.499	-98.93902015400968	56.445593020320636	45.00773960084754
-0.497	89.94136386597518	48.79294813401146	44.77805780097015
-0.495	76.56282016377247	50.76078442392528	45.66839449445994
-0.493	63.11544296822014	53.14108960907853	45.71889370450012
-0.491	-34.54966104277091	56.38652897306686	44.62222343767995
-0.489	-10.986610330387947	62.05564202714859	45.330475711741556
-0.487	55.951800335352075	54.95247882276381	44.40983394056144
-0.485	-9.153671139516817	57.39660924048416	45.76777679919078
-0.483	-18.190601634882064	55.79775376853906	45.59446649224336
-0.481	32.87916015382031	55.688900695209824	44.27501168181618
-0.479	-12.89559665984541	59.9096048435856	46.3825928694552
-0.477	16.98794120796876	58.98541700898586	45.244676647489435
-0.475	49.46640022662763	59.08394761727863	43.77142243094448
-0.473	-21.412032402245984	55.22369454104024	46.07236071069924
-0.471	48.610918772951095	59.67808620859537	45.612758676820846
-0.469	23.06090513481962	56.35644509552351	44.43168737625164
-0.46699999999999997	0.14193430497577708	56.25923258034562	45.46664829460588
-0.46499999999999997	96.72039071317862	59.25329904142491	44.60576397929937
-0.46299999999999997	39.78020212969113	56.824836329244555	45.67685257126779
-0.461	-14.63055849959538	56.833854242007504	45.24807758519502
-0.459	79.67433087907594	58.94093391540543	44.31079838264679
-0.457	46.04195908686215	53.76997556163073	46.09965571980953
-0.455	119.45522994283309	50.33702427300642	44.088381775573644
-0.453	50.12573496188111	59.55821472912201	45.31890667449174
-0.451	-54.648343034036095	56.91687602863994	45.293331383275536
-0.449	-6.712139567044417	53.91662602787245	44.72589425414999
-0.447	60.10435428072114	56.34016069987792	44.50699372658524
-0.445	-56.22255053894243	55.90265316379277	46.4687428929865
-0.443	2.028694270794773	54.94731052492189	44.98279289900765
-0.441	-6.875737969092022	64.8474979293408	45.61858312954466
-0.439	-42.85864264519379	58.26333339250337	44.920326569133394
-0.437	-32.068193517753585	49.936276085275686	44.2077743183711
-0.435	-8.129625868269486	53.215866601331136	46.31838841533435
-0.433	45.85549902857977	56.84152373598063	45.6723237713221
-0.431	28.988837063037565	53.637645904825376	45.00819983682314
-0.429	-80.91433567125605	61.97987326340087	46.02008209475406
-0.427	-23.67578114059743	50.1997580892283	44.75628137619535
-0.425	25.81894702258225	54.276328728619255	45.80081397333463
-0.423	-69.50121332660598	55.318610287192406	46.130470180131454
-0.421	68.35146776595913	53.67708796121615	45.378432866104994
-0.419	-63.401925563755235	61.02801693630171	46.617785920292505
-0.417	87.18440723143317	59.51917683512311	44.50011753111166
-0.415	7.0443790249896665	56.246738414182985	45.29521090923077
-0.41300000000000003	-29.940132217798343	54.30966608101827	45.4741341927216
-0.41100000000000003	51.028184190782255	53.69207589379983	44.01196938152329
-0.40900000000000003	27.27039885441762	55.8029813264729	44.87816963012356
-0.40700000000000003	-35.86478791650638	55.13783363540688	48.064584902600146
-0.405	5.186655612776647	54.86819054258877	43.93303789432668
-0.403	17.479078702642425	49.328929410483504	45.691177227264326
-0.401	-0.035570891898650814	54.44175391073846	45.72441444193688
-0.399	-32.567875035693916	49.91596537094812	44.37183665400944
-0.397	42.719460957574285	65.0291192336903	46.49748009241579
-0.395	12.625979229685669	55.498780854292384	45.17818423557665
-0.393	51.45095341507755	54.061174200974534	44.034368327651265
-0.391	5.342285667175872	59.08911020082815	46.81462771327555
-0.389	-27.159130387421904	58.29535197021012	45.43184108740921
-0.387	31.55102046581426	58.1002474512732	45.63521107358454
-0.385	-18.576871513520388	53.693932003035435	45.86832971277412
-0.383	-4.066335724473014	55.80421534975567	43.90913951689009
-0.381	50.86892469807758	57.804995474721466	45.27144164043483
-0.379	133.62634332891867	51.10105340714933	45.52630687495204
-0.377	7.625657465704094	57.376280185058164	44.56337415525226
-0.375	13.485665389278978	46.70940409254147	46.18320106588473
-0.373	138.99117685500784	55.607272361415525	44.60407665367182
-0.371	-44.967127740824786	54.63064208428234	44.08187477147752
-0.369	-13.68511765353908	55.75389222713927	46.05340872367871
-0.367	37.57505633195102	57.913210003389835	44.24615700036709
-0.365	71.1520600507054	50.64530382193284	45.438813357529995
-0.363	-70.53578473137367	56.49269487569388	44.882822573999476
-0.361	49.12433789017179	52.877651128940585	44.12695103829294
-0.359	-76.00569718624328	51.354199101732	46.42520155979132
-0.357	43.35702840818634	56.87508711510044	45.846818071064234
-0.355	-17.461026837084503	63.19050067111988	44.5098099369425
-0.353	100.42272654864348	48.33214099274192	46.652279347149516
-0.351	-30.657745875628528	52.70102699506879	44.691730906990756
-0.349	50.975008080156314	58.619980827864126	44.84327064556386
-0.347	-11.691225256793558	56.42007173028275	46.95746190229166
-0.345	48.90005654800689	55.51851393461906	44.62686990620763
-0.34299999999999997	50.197255593964485	57.361060680218046	45.014399707702204
-0.34099999999999997	-10.267466894475774	52.50770435849867	46.70109077329053
-0.33899999999999997	-15.738407125542864	57.128892508847	45.50731623596946
-0.33699999999999997	104.38255946998432	59.14085491359427	47.04073587736554
-0.33499999999999996	-65.6754467807108	56.02328466261712	45.40569341474184
-0.33299999999999996	67.3362037262315	57.17465914018871	45.17147364418037
-0.33099999999999996	51.90146913958138	55.22860293439398	47.18135497211951
-0.32899999999999996	-23.17841352961203	58.289201786130505	44.79651610748116
-0.32699999999999996	8.520756044738675	52.66122546120498	45.25363000706876
-0.32499999999999996	95.00514007232397	58.90805926594586	46.580832710745526
-0.323	4.497537256398232	58.378583870107384	44.687612918025984
-0.321	15.707315871527072	50.80420326419063	45.861389957698535
-0.319	-36.45440992172677	52.217621010048404	44.52973569932707
-0.317	35.78509956492226	55.155218119466575	45.46728116520882
-0.315	1.3192876107126494	53.817848371214616	45.84092732154151
-0.313	12.888438593927631	60.89290646533555	45.234233396576656
-0.311	7.19705853535757	52.79298372195444	44.561736837120876
-0.309	13.2368568110941	60.33715601494494	45.445284003836385
-0.307	-17.30807279320956	56.973341415355144	44.33807519551057
-0.305	-43.5824407911678	54.156933592998115	47.37910745897496
-0.303	-26.409355065259987	53.44501595708167	46.12261753679082
-0.301	-40.0058489793409	46.66684855025881	44.07874359558577
-0.299	76.65339523077463	60.79436097830461	46.113805533435254
-0.297	-16.28853995161439	55.85944181514994	45.35557441599249
-0.295	38.50572209684877	54.26068233061661	44.47150080717424
-0.293	-6.9641651591068054	60.618368165785135	46.17249847893458
-0.29100000000000004	-40.81718053550176	46.55480794126678	44.42883342772902
-0.28900000000000003	-46.25650140599458	56.38387678313165	43.36523397285521
-0.28700000000000003	-17.750101854674405	56.50894801202249	46.34328506831623
-0.28500000000000003	86.61864657022456	65.29171274665711	45.74602029051681
-0.28300000000000003	57.88184123556306	53.33951185631624	46.607528431466825
-0.281	76.22523406447534	59.28481003309364	44.97576294989912
-0.279	33.979042739495924	56.478247010741825	44.60760053287124
-0.277	-64.60086565773793	55.13515248374235	46.69085924220572
-0.275	66.87613241873613	55.57182543487234	44.24834192606887
-0.273	36.70532976673968	50.9324746405379	45.17506392877722
-0.271	30.038797464326805	54.90113642748225	47.62626683264001
-0.269	58.12839388408264	55.11074141686876	44.2081727480778
-0.267	148.92052463499894	61.04940967038727	45.597662924803146
-0.265	91.45052066705794	63.19255927239257	46.03325487087323
-0.263	38.2812858181758	51.93060296037492	44.78770021833538
-0.261	102.91286893715501	56.737699375395856	46.64035666240411
-0.259	79.357265221347	50.696781907872854	45.246903266005695
-0.257	26.876393343311378	55.72641678087524	44.99843893113423
-0.255	227.07765602314467	59.60571294915509	46.856282897452786
-0.253	-7.867061488919802	54.790800405589295	44.601459318221316
-0.251	96.01041436857471	62.19066338189492	45.85067921478109
-0.249	-37.36109753826877	59.00697242045146	46.753045745842726
-0.247	32.55412281677472	54.22161108334031	45.42386791959647
-0.245	67.0681633925252	58.19360984792919	45.602070675118966
-0.243	6.375273436054485	67.44290439127018	45.588583687079144
-0.241	53.70736217691352	53.216883211184864	45.086369239392745
-0.239	-22.097751689043044	53.71401269121805	47.54762434925935
-0.237	20.362867335199653	53.620991817232316	44.89073993169683
-0.235	17.67156086174282	54.43512354082578	44.35266654380551
-0.23299999999999998	39.25438332830211	58.04319010513935	48.47014005765604
-0.23099999999999998	-13.449289272271514	56.06432363530105	45.13987498241261
-0.22899999999999998	-42.718054711565756	52.37109452616465	45.024361629639614
-0.22699999999999998	64.01288327384513	62.04326753131179	45.48140342060405
-0.22499999999999998	-55.614981857243784	53.835877919482876	44.81382672451197
-0.22299999999999998	-28.64801350122015	56.007914822709694	46.673664472206525
-0.22099999999999997	-10.079746912028398	54.4648395938831	45.72228856921749
-0.21899999999999997	-63.87299069798846	61.81558379812519	45.29743434994351
-0.21699999999999997	-24.300787367259602	57.433789190838674	46.85504290112397
-0.21499999999999997	25.190069156799666	52.140808320068885	45.06853859036178
-0.21299999999999997	1.913685816923305	59.33555880470739	45.2769287591004
-0.211	27.57108931317198	61.44194125238857	46.96794318605911
-0.20900000000000002	36.375775335883986	53.13339748547606	44.90969353978652
-0.20700000000000002	41.792180835109605	57.52054726704039	45.21477189224117
-0.20500000000000002	36.073831657157385	56.33827627516648	46.18487903605849
-0.203	-50.145182924232756	53.11318047794025	44.30579916223418
-0.201	20.617117695520548	54.95046675717489	46.714654336903806
-0.199	44.96270856102491	54.086921406825354	45.758841381897234
-0.197	-33.8388138706458	58.77270513519861	45.47279804385969
-0.195	83.30956631974473	55.476038105685234	46.71159932130598
-0.193	-43.94399759499734	59.195337399140726	45.22614409019064
-0.191	113.5712249635823	51.93481008529014	44.54195668463869
-0.189	35.05935760572676	57.810254144968816	45.661071198321736
-0.187	-104.23706945106304	56.800327400144205	44.91976539523745
-0.185	14.226908161996121	51.51743973700537	46.202650605481416
-0.183	0.5045334328102058	46.46229791971113	44.98583055839402
-0.181	34.212360034757694	54.834637867430985	45.675684336030436
-0.179	37.73582517552221	57.06783566939545	46.465545118252024
-0.177	-103.36191005422268	51.19827651629739	44.890314241220985
-0.175	29.896414684982275	58.52584441012545	45.19618344554845
-0.173	-47.235371805842696	55.33645989708621	46.249653874838366
-0.17099999999999999	2.7125990402776523	54.20831914723266	45.17894453329097
-0.16899999999999998	-38.26632403014507	57.668498007747154	45.75521705373263
-0.16699999999999998	72.8778222667259	54.76479218747494	45.474678850809035
-0.16499999999999998	38.84235885265319	52.41164446329858	45.0415586894895
-0.16299999999999998	54.53806768196401	49.963910667521795	45.31435289073597
-0.16099999999999998	63.70182028292426	62.22852260344939	44.70301797260214
-0.15899999999999997	-21.31868513133295	57.008724252915606	45.24138202660064
-0.15699999999999997	63.54606627079207	59.43936065321918	46.25026153502254
-0.15499999999999997	-26.69698910851004	56.98652776127649	46.64856234678261
-0.15299999999999997	42.32364514789033	53.59742196071453	43.15076250274773
-0.15099999999999997	-66.5772306077672	49.80682954241279	46.29493409904562
-0.149	-19.919694422054768	50.852408503758625	45.59177550695027
-0.14700000000000002	11.954564121507971	53.40222479199985	46.07505652281285
-0.14500000000000002	87.01327882687515	58.833433379710875	46.35920537436878
-0.14300000000000002	-14.668056919520112	52.37265997693994	43.8645894606437
-0.14100000000000001	27.68172565503768	58.73299450718849	45.76200582720414
-0.139	-9.231600475834156	58.094974877443605	45.87352753908572
-0.137	1.923823967242555	61.10515339698391	45.86369154714173
-0.135	74.36478297084825	57.05418077352207	46.84685524509134
-0.133	-39.11622821284322	52.29982874028876	44.523771644574744
-0.131	26.289872773421763	51.23902274970198	44.641833482870226
-0.129	88.20192320446729	52.80357296066724	45.74995125995001
-0.127	-49.70135628035166	59.52152457583332	45.34715632092559
-0.125	46.630278011106086	57.687527270994	45.435600515489284
-0.123	-7.939593834827008	59.53555917974127	45.62479723146901
-0.121	56.02438804519494	55.85805179209969	46.1067299731019
-0.119	36.6435122791664	56.80588005479811	46.067845344336384
-0.11699999999999999	-35.60530057022948	50.80960495807641	45.50798764506378
-0.11499999999999999	4.3210222528955455	53.933511081237164	45.38246802335456
-0.11299999999999999	-43.78538838856194	60.88692967874197	47.19466410347169
-0.11099999999999999	-0.8048984873054721	48.894078128863754	44.93275853096044
-0.10899999999999999	-22.243002575361714	54.11251703988279	46.16679611267971
-0.10699999999999998	3.0933818315759254	58.233137306677584	46.09021671680967
-0.10499999999999998	69.14693855630816	54.31536399638621	44.60930356327015
-0.10299999999999998	-4.106173562501425	54.84301104681701	45.28739746935105
-0.10099999999999998	16.352917508344333	57.83287172826232	45.19523046393975
-0.09899999999999998	-8.132110218883604	49.354269540972545	45.163049128516555
-0.09699999999999998	-5.695833755869906	57.12539008024654	46.1919737669093
-0.09499999999999997	-43.13824501389618	52.37227476827571	44.970970829375666
-0.09299999999999997	29.202667179095698	58.800875328633005	46.37454855078758
-0.09099999999999997	4.948147247274548	61.27526710677875	46.47946637803493
-0.08899999999999997	-17.68321185768862	59.35748014330127	43.87059372447897
-0.08699999999999997	26.32261463286767	55.41386194945602	45.59436998626842
-0.08499999999999996	42.48494443870321	55.99777740816753	44.92951695459472
-0.08299999999999999	12.751269709010415	54.28004797343179	45.438792361851114
-0.08100000000000002	-19.36105896349627	55.71721639221594	45.90171468902198
-0.07900000000000001	12.436479514210674	51.668100640191305	45.02990556353182
-0.07700000000000001	113.49682372574499	51.44563203909901	44.72379720293203
-0.07500000000000001	69.75741821890757	65.79456477608765	45.29438804889773
-0.07300000000000001	43.760821410998574	53.36192911664392	44.890090193582104
-0.07100000000000001	56.743286487526134	52.44411519839906	44.2030303082844
-0.069	9.956072679617733	62.67777000611684	46.11082028511392
-0.067	-20.906570204370922	54.59993612442417	44.59852769555473
-0.065	98.81068621542255	65.89146311047256	46.84041877015731
-0.063	22.039492557190954	53.04388958896464	44.91726444977778
-0.061	24.05436030405994	57.254132733506495	44.78035570946239
-0.059	37.327331140479814	62.9248659055297	45.25075026634381
-0.056999999999999995	42.11780389495878	51.91426141201537	44.7435764516742
-0.05499999999999999	28.32861332846548	55.581442576796505	45.25440198305973
-0.05299999999999999	10.397370228343306	59.985053871833756	45.23142771158953
-0.05099999999999999	11.057313574758254	59.73102564401132	45.359965752401216
-0.04899999999999999	5.485773889590817	52.290672677509164	46.21656193231645
-0.046999999999999986	8.49940143088368	49.73640211083087	44.68587291265065
-0.044999999999999984	34.06866472688286	53.26603885698739	44.409993941859696
-0.04299999999999998	-20.538472813469433	58.66169033582238	45.413970121877725
-0.04099999999999998	-13.836341592132761	56.17523547480319	45.07432498639412
-0.03899999999999998	5.374036575744867	56.848461654564765	45.24847010502828
-0.03699999999999998	22.518679965166655	50.61544196185787	48.10619943765426
-0.034999999999999976	29.887470818001916	55.60466178626409	45.05315015719891
-0.032999999999999974	-43.6456746136793	54.720526334626804	45.98114110925199
-0.030999999999999972	12.36494858702919	54.034455441701176	45.33344633186432
-0.02899999999999997	26.14785380394835	57.993318257530966	45.28534470007804
-0.02699999999999997	75.76136741160866	57.557943520275934	46.230467922435814
-0.024999999999999967	-65.89999108508326	49.23370938455958	44.58142550738009
-0.022999999999999965	-48.600797960651754	58.18440909308016	45.493932784984544
-0.02099999999999999	34.86337477198731	60.079398040436025	47.0705210447359
-0.019000000000000017	12.781914269233141	53.17041052154579	44.722419257310825
-0.017000000000000015	83.57223123489632	52.42190416202749	45.484391365418034
-0.015000000000000013	12.739946812390102	59.27880638719115	45.55977250878848
-0.013000000000000012	-119.70317463227964	50.0874915341129	44.16238818123406
-0.01100000000000001	-217.4437151711839	57.96854010361338	45.50457519422384
-0.009000000000000008	-300.43853311190196	51.26976142228969	45.29633242484322
-0.007000000000000006	-391.0887029237031	51.64769607004693	45.50282707736466
-0.0050000000000000044	-410.827182101281	50.1869851754227	45.25613514053684
-0.0030000000000000027	-435.4066914126209	60.688408591379	45.10053305883035
-0.0010000000000000009	-410.4902551056444	58.08118760052582	45.19569350058825
0.0010000000000000009	-313.16070881182156	57.4102357981318	46.864794994264834
0.0030000000000000027	-452.16794811286934	56.67904159525076	44.601113514924016
0.0050000000000000044	-416.3400813097518	60.12137914692311	45.49541344022826
0.007000000000000006	-357.5956502009925	47.45786619833926	44.48444654922832
0.009000000000000008	-343.07398908361984	49.20939367064793	44.810255558566375
0.01100000000000001	-196.8402727411389	57.415929606332405	46.49205192584564
0.013000000000000012	-95.97195977517626	55.77352412880024	45.017166199124574
0.015000000000000013	-53.20604516212413	51.645092976890396	45.17095157190652
0.017000000000000015	-67.11488571431445	52.61221061352543	45.41884906612798
0.019000000000000017	-13.873132451269754	47.25101349512597	44.339278868672366
0.02100000000000002	54.230613896644186	54.68054887458059	46.166450889620634
0.02300000000000002	10.355044813614711	60.046631511173416	45.892750542415904
0.025000000000000022	47.86455072158802	50.84399108510904	44.52363217845252
0.027000000000000024	2.955840355367556	57.036718257808026	46.11633189245405
0.029000000000000026	8.277107204968104	54.356568714863705	44.956379450446285
0.031000000000000028	14.078520964799779	50.41572828060481	45.13327410980756
0.03300000000000003	-15.582882730735825	60.571934513769286	45.51723254820209
0.03500000000000003	63.28466440952418	55.08910028670006	44.407926895923445
0.03700000000000003	134.865314519228	56.50859894982164	45.37666144719205
0.039000000000000035	-57.407544377108266	54.60873480470355	46.0085990256602
0.041000000000000036	25.010386064172607	53.29052896443451	44.7240539735775
0.04300000000000004	95.43361566133335	53.42117004704374	45.004440266673605
0.04500000000000004	17.8580063030509	60.58528556472498	45.67415391560916
0.04700000000000004	73.15200283342094	52.818329554910044	45.44911434103857
0.049000000000000044	-9.905795916642646	57.305545699316404	46.00050631305446
0.051000000000000045	-19.730782908289335	60.340959466588544	45.97056490692508
0.05300000000000005	61.5671453763067	53.68007435716244	45.329930223776174
0.05500000000000005	10.248028907255957	59.713049056135205	45.925993051613126
0.05700000000000005	-50.301237618399774	64.00723439205865	45.16757754355702
0.05900000000000005	14.546745383148263	53.5884790326633	45.106017846872064
0.061000000000000054	132.46410951528452	58.96714863580783	45.74024211734937
0.06300000000000006	-46.83557261675464	56.523816051202886	43.94650165524673
0.06500000000000006	8.146091354355178	58.734927311021096	46.1752916823452
0.06700000000000006	-19.76219714638905	58.75167506339476	44.653208199096206
0.06900000000000006	118.4794985233939	59.74672455286261	44.87364525639901
0.07100000000000006	62.080564544819694	62.81459895355114	46.610937539862796
0.07300000000000006	86.63314094392582	52.76141691214002	44.96821739848658
0.07500000000000007	-71.51395501259205	47.8784773026811	46.0423305378565
0.07700000000000001	13.732055550885747	56.90493778198362	44.69957494553356
0.07899999999999996	41.333460480075246	45.937108433087246	44.217046721554844
0.08099999999999996	110.2174872895656	58.79516878651029	46.04254874403282
0.08299999999999996	-6.893965039944661	61.60754272442833	45.064433306064885
0.08499999999999996	36.21838835665692	57.51744302865519	45.5569217834834
0.08699999999999997	-8.268940156153093	57.087192397664055	46.05044599028659
0.08899999999999997	109.37098523777777	55.14291038031448	43.81401840829146
0.09099999999999997	120.41381883332036	53.47544279191268	45.2483134081239
0.09299999999999997	-10.155249238863462	58.468701175570985	45.63198957714538
0.09499999999999997	-69.3412919378078	56.937250141471566	44.89841533496192
0.09699999999999998	78.88428062297059	54.5007769370751	45.57949995159244
0.09899999999999998	-8.312137286581311	61.953404436258445	47.41934161474035
0.10099999999999998	39.126887784846076	53.07130354164226	44.413073016751476
0.10299999999999998	36.873244170454456	59.32558056232049	45.70914014938344
0.10499999999999998	-14.296258092905134	52.498086069581525	44.42855951823622
0.10699999999999998	-76.82134373199202	58.1117376784237	45.54600227123218
0.10899999999999999	-4.192711528183679	53.10705885858895	45.016882849725455
0.11099999999999999	-2.2794811379567292	52.25813675640557	45.80233372592423
0.11299999999999999	-27.00213950201924	50.233225858094634	44.97857767545267
0.11499999999999999	-13.712421356171234	63.020130253958094	45.81587480183337
0.11699999999999999	79.6590971079425	53.32918937997068	44.45027308476416
0.119	46.33106446250146	53.19354390149065	45.61695881694515
0.121	28.788903063681204	55.71177974413148	45.91089914894037
0.123	-54.297631315147754	48.5387295286499	44.56634351643882
0.125	-36.92346576467109	56.731679631251225	45.78404646706536
0.127	41.76466500704912	59.380501634424775	44.80283355128937
0.129	-32.97997372764261	61.18822285867154	45.423095989664326
0.131	22.747173351378436	54.12570053620705	45.584005946211434
0.133	52.29405522899633	55.268778101460555	44.57188995032837
0.135	-3.4238888494408926	51.761945094959735	45.959406153106286
0.137	101.34570686592959	54.317097281416295	46.01729417411524
0.139	49.09684073539644	52.50919476738134	43.843619286355256
0.14100000000000001	-42.69334321027607	56.11528135500168	46.80005781054444
0.14300000000000002	38.851190889532816	53.649595897597194	44.199175897210715
0.14500000000000002	33.71520988126875	56.6107224605001	45.36088446692282
0.14700000000000002	-15.180676395387671	57.823552969916	46.51621587169732
0.14900000000000002	71.10551261413356	58.24950709324345	44.666683921423925
0.15100000000000002	35.51190721418074	51.24482939285383	45.83896290286648
0.15300000000000002	63.61280570121863	50.06435253874174	45.16173967934038
0.15500000000000003	-23.066293395102022	56.586976213906055	44.76760747579741
0.15700000000000003	35.654917949656806	62.430727502290274	46.195519595594654
0.15900000000000003	-81.11933247012537	61.01359126406045	45.02187185043569
0.16100000000000003	80.99272359052279	56.52647477036921	44.34158307842996
0.16300000000000003	-12.794868095800105	59.58181993130294	45.79666193783515
0.16500000000000004	39.84952574520584	46.943543099079896	45.53547937600699
0.16700000000000004	-4.346899709073426	57.310195751246475	45.07203453048699
0.16900000000000004	-0.5823560155215901	58.353952539729384	46.910923650156654
0.17100000000000004	-36.437562475843954	58.16141050840333	45.478874806304916
0.17300000000000004	3.2836700916138994	55.68574658151616	46.90173997458851
0.17500000000000004	119.91244393483314	57.28650869366215	44.61194475824589
0.17700000000000005	-34.8233125229136	63.80971449967126	44.90515511635508
0.17900000000000005	-30.705877483994115	47.86187533607422	46.27502929896549
0.18100000000000005	76.39583465768318	64.7064349672615	44.34797698183848
0.18300000000000005	7.428995158598184	58.05933993761161	45.57241859937397
0.18500000000000005	27.294172250336146	53.02256329522903	45.29660728267733
0.18700000000000006	55.490358883636404	54.020639007143345	44.05192008171391
0.18900000000000006	-24.573231114932703	50.103575873117734	45.41800618930524
0.19100000000000006	32.60302764918066	54.41707139577442	44.97703997298077
0.19300000000000006	-62.77946294908077	60.307913898255016	44.34218706913614
0.19500000000000006	8.398997566994026	57.2746272937827	46.3577558672483
0.19700000000000006	61.51784822705508	59.95074117403116	44.97227207265475
0.19900000000000007	24.58436834418265	56.32306759653554	44.63636780436624
0.20100000000000007	34.22312541445649	50.54630820986657	46.255306579620346
0.203	12.35063797899727	54.828897971654726	44.674339465739266
0.20499999999999996	58.386005373556316	50.774821327162925	45.70763798912904
0.20699999999999996	44.47316296429804	60.43779037456634	44.032466749953485
0.20899999999999996	68.36631998008436	52.61634471682953	45.420784880963936
0.21099999999999997	57.211966276726756	59.906873882066535	46.44009657453788
0.21299999999999997	89.16941678749346	59.18601708610185	44.66450527747582
0.21499999999999997	-19.63561718543172	54.452199298671424	44.77272816627286
0.21699999999999997	9.208596635223998	49.56826418763496	46.58787292672652
0.21899999999999997	45.39450430884884	53.84968320539758	45.57268501806934
0.22099999999999997	11.201861339626973	56.51985385568723	45.29623941754799
0.22299999999999998	-42.58480605989767	53.021605512232185	46.796232331502296
0.22499999999999998	47.3132809530874	57.264322666935016	44.01259388347686
0.22699999999999998	51.54596616607776	53.64384078400737	45.5548185246247
0.22899999999999998	89.0860670581528	58.50274989033908	45.544814084536604
0.23099999999999998	73.83045925402065	52.850875174057464	44.31001431165918
0.23299999999999998	-2.465360236625358	57.14572122970282	47.66803231782289
0.235	57.65953683867231	54.80172406805434	45.109111711355474
0.237	17.195886935494897	57.399417764610654	43.937317126068756
0.239	-34.81550139816658	53.951620506583815	45.43785004904638
0.241	65.94368272172524	54.56375306137921	44.566276259187504
0.243	-9.325418652728068	52.79987140395239	45.03150848534135
0.245	-109.13712692828258	57.75351027729273	44.87621100523041
0.247	75.98482389181704	61.415075455138485	44.89106139239405
0.249	53.06705109542342	52.51635173322909	45.626177258637036
0.251	62.80397722413511	55.88395886718087	45.440227932522774
0.253	-21.96052126668402	47.29644024414621	44.38064577962996
0.255	-49.84824689713285	54.45589207806565	45.365247021222196
0.257	15.071483398854113	58.70301826051452	45.66159385888268
0.259	-13.220741236330547	53.521046644091534	45.08182250817149
0.261	11.951000361554165	55.925967152498465	45.27510328055111
0.263	-4.830855115045551	51.78964032408025	43.524627110686865
0.265	6.477942098070955	56.22047600416869	44.95102614348246
0.267	24.09176352236031	67.0635043690813	45.23623066837667
0.269	50.04968107580332	55.08496333518798	42.8559093958411
0.271	8.515743967096867	56.88662137470261	47.02184420076257
0.273	11.570032153018772	54.64553424253273	44.69181579381443
0.275	-49.33382713379064	52.11771666980456	44.05448055254195
0.277	28.837014171001485	58.35356587548299	46.2954478162312
0.279	-10.114584097609125	55.70040206898635	44.83517340290415
0.281	73.9904436237726	54.1011976220934	46.247515490652
0.28300000000000003	24.850987837776728	55.2940740331804	47.192569481811724
0.28500000000000003	-39.01455855370717	51.504878977014414	44.855637578050015
0.28700000000000003	-3.795154434715897	53.91433967340199	46.16039498987635
0.28900000000000003	-101.18808924486356	63.8456256223177	45.635519438654704
0.29100000000000004	23.515967128906468	46.1736232644675	43.21393990064107
0.29300000000000004	-5.618510818927724	54.740546781614356	46.99025631432091
0.29500000000000004	-65.7463688218396	55.96707680008128	44.92173508771113
0.29700000000000004	-16.253423126610933	59.70141694346219	45.19394431700743
0.29900000000000004	-71.9747618391775	52.755422531233975	45.60829260043114
0.30100000000000005	-23.55444797264017	57.01517055332291	45.56182109134846
0.30300000000000005	2.717411086816668	57.508741764214484	45.72047744804179
0.30500000000000005	-68.57330177345577	58.25769684685172	45.58155883274965
0.30700000000000005	89.39790508599721	51.00833170083849	44.61358617887737
0.30900000000000005	92.96868771691003	54.48325361806698	46.52073802915338
0.31100000000000005	95.65653811849373	56.02038646201701	45.13425042665412
0.31300000000000006	-88.55777724225966	54.47077646386299	44.168028344802906
0.31500000000000006	5.831689051882805	55.74216016733288	46.169367805690335
0.31700000000000006	-0.29611976626320313	54.686656352364174	44.37413827488868
0.31900000000000006	9.49879457023961	57.86651496092386	46.122092935718214
0.32100000000000006	-34.72219303712887	55.50245102939865	46.14325369243594
0.32300000000000006	25.06255135115154	58.123928754124556	43.239120346986596
0.32500000000000007	-59.06991907089765	58.60786527196567	47.12714521026362
0.32700000000000007	-24.121352579231647	58.07851689811069	45.57858822062236
0.32900000000000007	24.854691784703675	60.266326908279034	44.990615201706355
0.33100000000000007	-50.149193524418045	56.22410947513703	46.23512562561226
0.333	53.70765151457846	57.56658896907952	45.249294133398706
0.33499999999999996	98.83770192953278	53.41015199932727	45.3263266805853
0.33699999999999997	13.31928685410766	54.24805552143536	46.967634668722376
0.33899999999999997	-34.53192260038929	55.50778600374943	44.112951126357764
0.34099999999999997	80.25819813828328	58.706788190480225	46.22039472047608
0.34299999999999997	-77.33579781199484	52.22280184012864	45.40220294343765
0.345	-0.2855928612488512	44.900665817358785	43.749679297188386
0.347	-9.58732000955198	54.54905193867881	46.96670477719044
0.349	72.14255011045445	51.5752704590766	44.744554483879895
0.351	12.74108938176255	56.83643900836311	44.79200189899066
0.353	-14.086762627707472	60.85608132097059	45.59155781812804
0.355	-11.825731715653376	61.40903275090001	44.90213120352802
0.357	31.844882186327084	55.22932145486217	45.705553479512815
0.359	-18.269032020401532	56.26815411618663	45.61909235973088
0.361	-33.85300607694486	50.953473699488704	45.17951850023541
0.363	-49.36300798363824	55.435486087050016	45.43356688476784
0.365	30.248831285106803	60.449364859119754	47.57718783706976
0.367	2.1104351057843473	50.198649470858946	43.844535611845686
0.369	72.59241539303574	59.38533864794909	46.93126354769215
0.371	98.76127748764674	53.67999298881473	46.10799365858412
0.373	6.75612976519524	52.78897837201544	44.93525257820231
0.375	47.559818492803885	59.97261237812594	45.48847811715431
0.377	-14.40105552985571	51.399629294064525	44.33206827368811
0.379	18.43605523554892	61.61011572914506	45.818330065965306
0.381	-4.911502490601016	53.06583743911703	45.69010056943465
0.383	-8.301435837410054	53.740396292558835	44.28889614155464
0.385	87.16557543131387	51.64946879362408	46.29620118734451
0.387	36.51806398496937	53.746793790223094	45.690525106099045
0.389	53.51732285663324	51.71274655701342	43.9113545557964
0.391	-86.9992119494345	60.07165496216634	46.672805945420414
0.393	-0.3486691239062978	64.19846727524754	45.75583974569227
0.395	115.66426148212905	61.40396687996081	43.47968358838658
0.397	-116.12471556488035	55.32956173091652	46.14879126813118
0.399	-32.332180857186366	48.2062073196661	44.640903915553864
0.401	-18.566068135550395	50.60708562535647	45.5245320102635
0.403	-68.24004176375631	53.55651244546412	44.52493069016166
0.405	26.452157259937437	54.30007265280489	44.085938565762135
0.40700000000000003	-5.584111996470575	55.51419117138638	46.94567341331709
0.40900000000000003	-46.138559725350525	54.945421490065186	44.95346645373718
0.41100000000000003	-40.21083075189669	55.11928504308587	44.62356090094627
0.41300000000000003	23.32476690480867	47.491468786248355	45.45129863200832
0.41500000000000004	92.79884935087246	56.78826885153403	44.47364803373538
0.41700000000000004	26.45155151159706	51.097380241080096	44.136329206336065
0.41900000000000004	-62.69790170543299	56.496088061883384	45.71828391202054
0.42100000000000004	56.268651813073944	50.11266248163459	45.47482177070218
0.42300000000000004	-52.390497853105344	50.22034800099028	45.581508396949665
0.42500000000000004	28.80229754009811	53.82061192309512	45.379956578755554
0.42700000000000005	61.541656562802416	54.095997682970506	43.566840653809166
0.42900000000000005	119.28265085847656	52.96432211561147	45.05132554836503
0.43100000000000005	57.40068213433425	59.686184814298095	45.376983063535114
0.43300000000000005	31.253851971779767	53.52448067821054	44.79454131630488
0.43500000000000005	34.66045593047973	51.03551339557417	45.507270989340945
0.43700000000000006	83.81371883348088	52.67497738664277	44.68977263612115
0.43900000000000006	-8.096451121653025	57.6276315250015	44.77619098619079
0.44100000000000006	33.126129830751694	56.63783660403743	44.973603472826255
0.44300000000000006	15.667225585991318	54.91045481919581	44.73679656017224
0.44500000000000006	-32.17113221298806	52.57562619959294	46.12704811135275
0.44700000000000006	7.397895714689184	62.43950416114851	44.7366223881767
0.44900000000000007	-18.57129581961381	54.04889161486254	44.871524198343124
0.45100000000000007	26.7832998939177	56.125184355491434	44.95643043376883
0.45300000000000007	114.80413650777344	49.491315856742034	44.46650087754102
0.45500000000000007	-112.3555125994713	53.73470838727647	45.37928273437612
0.4570000000000001	-25.533794660415055	53.549561245096825	46.76697547901725
0.459	80.9876307126256	54.32704510751109	43.412948016981886
0.46099999999999997	-139.9169238286424	54.577916607083125	45.88597058834609
0.46299999999999997	-52.09555917728981	53.72021900184156	45.924942915485694
0.46499999999999997	-50.810052777072734	55.11792614956025	43.801438085628625
0.46699999999999997	58.435612139806636	53.900224397932355	46.48431223304143
0.469	53.701192724853186	46.37899280248396	45.65376424785141
0.471	10.497478121873627	56.02173356074491	45.39062200425867
0.473	-39.61210365077683	56.75108661807059	44.9985005016411
0.475	25.816153756075266	52.625753843571644	44.91048455574188
0.477	28.27303112362678	58.06402777989113	45.993465514656066
0.479	-14.232024326821247	55.080326166378995	45.590189460117685
0.481	30.037913246960812	55.03772509585916	44.84780376135747
0.483	82.13673020129875	50.27483912095352	47.287719831879166
0.485	62.94976606491254	54.0921712048494	44.602112024381
0.487	-36.69784981907842	48.18987978891546	44.76396319672212
0.489	30.170961436093435	48.25395193942336	44.584469746386446
0.491	-24.2263389725883	53.518445399932595	45.727016937116964
0.493	8.463469487463016	49.8792710248321	44.650087214816665
0.495	-7.595162473728045	56.29494119624597	46.4664436130017
0.497	37.16081508220448	51.2314990099983	44.153918155766995
0.499	169.29155910694328	55.36533198416048	45.45762674585138