-0.499	-89.96829814411633	290.66174518892734	66.88995853177933
-0.497	71.29400823324694	253.5741292129872	61.30806632274286
-0.495	5.098272535253301	265.6097418157171	65.47647269996219
-0.493	393.22084048665215	284.70815473149366	67.06732173082814
-0.491	57.73006240494816	254.9036685087656	60.292758571697185
-0.489	-50.37964950171947	266.69766371080453	64.80049625141604
-0.487	317.4016161053839	304.8889257817817	69.48162981525526
-0.485	-66.36172271445861	256.0350331101063	62.6618018957735
-0.483	408.1541375611231	284.01816452897106	62.85753183441547
-0.481	-111.87617231855907	267.441623812438	69.79171453944046
-0.479	369.3392384054306	257.9843238782415	62.8024912909897
-0.477	68.24263246452134	255.43409415439447	63.00586280881911
-0.475	308.78633430453385	316.52008669198733	72.57731664323119
-0.473	100.78128570922829	282.65988670162056	63.12569054153578
-0.471	-123.19629814527832	266.7265713234411	62.955641636544726
-0.469	372.4753845175677	301.8373715779781	70.42503496819444
-0.46699999999999997	-114.72301983705968	271.76234525723163	64.5504625088258
-0.46499999999999997	294.050462540163	258.78897664524925	59.93188659083886
-0.46299999999999997	-257.1668568218666	263.5924350338839	68.00521677261384
-0.461	347.9713783627325	270.90090827823394	64.75210844853419
-0.459	-43.93067543284612	243.0680219327074	60.44268576844984
-0.457	-43.49181494955889	285.49337721151113	69.36072283986394
-0.455	-12.167090962189597	309.3593150846223	66.99054329666366
-0.453	-149.4245368260927	248.31426061530198	60.96879973086997
-0.451	2.720614122653231	246.09434432149703	65.36360988385297
-0.449	12.320754791517174	289.12186890559735	68.67919679247571
-0.447	273.7844133957612	269.87937413031835	60.52842347837382
-0.445	-222.0332955905624	265.2564828308559	64.66571075167748
-0.443	215.73653105733115	266.2693839976329	69.5629131945979
-0.441	-122.46496529877416	258.26268170830815	62.154461102733215
-0.439	3.587545008620907	283.05945582646785	63.81303527168598
-0.437	75.90404113111404	310.58017760210765	71.01985859410095
-0.435	-222.75478499600433	270.2106030038224	64.76995699229929
-0.433	248.2898526441346	264.0412327961105	62.55117102528099
-0.431	-291.05943401541714	283.380937850931	70.0617030593447
-0.429	304.6477177413021	284.24730468284577	65.04675610058638
-0.427	23.654652829385725	250.1054865679439	62.46696118321423
-0.425	98.59152714630781	281.72754548480134	69.27956466690183
-0.423	160.94657562049088	280.54872411039105	64.65514277498929
-0.421	-256.3327232705248	259.5984708489502	61.81507810142053
-0.419	324.4008859191183	272.02451679675795	67.39549790393012
-0.417	-79.45383248286753	279.1753383122477	66.15016948561384
-0.415	365.01263810118087	254.74293998069092	60.83442230734848
-0.41300000000000003	-237.8092998275294	276.9906764711488	68.78666765022744
-0.41100000000000003	256.67174063270795	286.7031058186013	66.4528399651286
-0.40900000000000003	37.25731750758854	251.6130648835591	60.182407610034254
-0.40700000000000003	50.950056926346576	279.3123670089015	67.13360650787301
-0.405	212.79203512936107	300.88490124007416	69.1587360912155
-0.403	-25.583893288771975	255.84969514515325	61.60469351602563
-0.401	207.5054571759605	275.8052604596978	64.88008822732938
-0.399	-186.83947700903758	292.7892596081784	70.97495112464246
-0.397	184.8925573577631	257.16207339684763	61.67075554327895
-0.395	42.1745863579126	265.36772266810044	63.397242623409376
-0.393	237.8279556054519	306.7086030609611	70.8949225503181
-0.391	109.82642750101412	287.5418276337069	63.09218297002738
-0.389	-336.35248178209844	287.5770606952224	64.57732529785171
-0.387	320.28090870550585	293.0904104250164	68.65619804130607
-0.385	-159.37049195779986	283.4783285709255	66.41635546105863
-0.383	400.2936653113576	261.50361381993497	62.909419586682894
-0.381	-572.9222844319537	271.92904806524155	70.56880435483993
-0.379	363.2646693403352	252.8608657650574	63.519171287384545
-0.377	23.638802930658898	245.8394721533102	62.36602114924097
-0.375	314.4151033194209	294.8694898511629	69.9206881218768
-0.373	30.568830326593854	280.07605271517986	66.03143890663145
-0.371	-285.72320883990534	264.05294431822216	62.6579034099516
-0.369	414.0862147141711	265.8635563799083	67.49902927248088
-0.367	-81.3043035354788	316.9333230911704	69.07729155124656
-0.365	401.37149904162504	258.36742218219945	60.87283796771552
-0.363	-106.26273826130905	305.6708978542879	66.82239805520655
-0.361	142.19492449241145	266.0069823886892	70.02997307830576
-0.359	-165.11341837033288	280.6831393517476	61.15930965118592
-0.357	23.284636188058982	285.68938181924864	64.66385673331176
-0.355	7.388273436603754	289.50745333222926	69.18325084125075
-0.353	-176.38149099652446	264.2783883656113	65.2291511188993
-0.351	406.30479512482333	279.6957303130136	63.209186659354
-0.349	-278.85958462114945	302.20671784416646	70.19161807941873
-0.347	351.7537847539387	266.2753111523374	64.98193378986421
-0.345	-261.0143515968666	282.8432009714883	62.477957009488655
-0.34299999999999997	482.68543690532795	289.5726981848905	69.58960266186021
-0.34099999999999997	-421.94128798644925	281.68929409175644	63.691027878607585
-0.33899999999999997	-95.64651517113276	266.19977386495776	62.289371969276495
-0.33699999999999997	271.5291192265656	314.48811772824274	71.38538108884237
-0.33499999999999996	-78.8902126254154	291.66194912205805	66.2895735887295
-0.33299999999999996	417.13231965023743	260.34887582760257	62.963731957543104
-0.33099999999999996	-487.40588388940245	285.20747218526213	68.05703593925595
-0.32899999999999996	323.28695152550324	282.6677273118237	66.05210776956937
-0.32699999999999996	94.22562069238971	269.8346597101094	62.25921184539161
-0.32499999999999996	124.93438130767309	287.22232138961635	68.68515926463415
-0.323	173.45874593477362	308.59739026497897	68.59364099784277
-0.321	-39.76228136026716	251.88017484587547	62.57689873320073
-0.319	257.5913879740988	296.8815198435383	67.26256131003936
-0.317	-249.1590151032508	320.7200279803938	70.91499947485043
-0.315	397.9316033897451	244.2704023033903	62.45388505217584
-0.313	-21.58419664877176	309.29237396150097	65.70312758763657
-0.311	425.0447959086579	293.39047764402216	71.95766000845641
-0.309	-108.95733766791426	255.43224630654785	63.143176105541635
-0.307	19.899278065116377	273.89865940258966	63.34941812408904
-0.305	100.843794378358	290.6233973907792	71.01561320400333
-0.303	-80.75768665183335	260.2847143986834	65.65252523550062
-0.301	201.2331502028175	259.3784355759546	63.115603292388315
-0.299	-633.2606135831531	303.6908855930291	71.25461882629308
-0.297	201.26757496563562	255.23209463174004	64.47161524556374
-0.295	-326.1987442986225	264.03797563458795	63.49154917691029
-0.293	282.0731860830872	297.57879430842803	71.4325404148657
-0.29100000000000004	117.6872050965283	281.1306986155558	66.2754434453888
-0.28900000000000003	-243.0997858486883	267.24957397569165	63.59970516625864
-0.28700000000000003	321.1468730843769	287.45361213165415	70.03014543945913
-0.28500000000000003	-306.8236805048308	279.87161558920025	67.9516341458653
-0.28300000000000003	271.8398540997313	265.0906179386266	63.08630273688072
-0.281	-201.46337210469324	290.64194782113424	69.74534945464268
-0.279	146.53182849122538	273.0625678628398	68.30239897302539
-0.277	-114.03675409604742	251.8441853290506	61.65834124862338
-0.275	272.4208995412703	282.0279185881146	65.75990350867065
-0.273	-11.28087752588769	284.0199806746343	69.52770112016395
-0.271	-206.43788806573582	260.1706985706651	62.387353088109556
-0.269	385.6427820612129	256.3225561361987	65.2233634104744
-0.267	-496.0092505523761	287.9691181708682	72.48860917813478
-0.265	280.5438805828509	234.24094080085737	62.28783182059208
-0.263	-146.6996237311502	257.72440711179803	62.66496307605431
-0.261	436.3952183461528	264.4738042340701	72.99750537507046
-0.259	-107.39710202611886	256.15041298352736	62.17910340203643
-0.257	18.556129631530638	260.64940131906064	63.68251449278897
-0.255	114.6230315642871	262.52474321304646	68.31859703439322
-0.253	-169.56513043231425	263.453778073632	63.691411958299256
-0.251	492.8675004087779	244.5063432175686	62.31275906083641
-0.249	-394.3845544918112	270.9883258075356	70.24158626634821
-0.247	200.24168606802561	266.011306916788	65.32290483234844
-0.245	44.88186345041889	247.16832613922222	61.353463201963486
-0.243	163.71131155978878	272.88735384557725	68.14593949572226
-0.241	-279.5926850963637	289.02261580651776	66.77753961034136
-0.239	-29.845329880595628	233.94145325163794	60.9546976145904
-0.237	29.31690421648092	263.3742136656886	66.92385973409154
-0.235	-289.70031174613274	286.95690655653726	67.8898255171436
-0.23299999999999998	218.14034470524211	237.81708400250358	60.87433907621846
-0.23099999999999998	-480.18364866531107	262.3763179457147	67.13494542177091
-0.22899999999999998	141.14391531960814	281.99077576158135	69.49095429883334
-0.22699999999999998	-127.58510310306725	246.97759983140162	60.707478071817974
-0.22499999999999998	44.884144725365616	273.29661537182153	63.54294120002862
-0.22299999999999998	-328.0542758348215	281.13873991766866	71.2114152061541
-0.22099999999999997	-93.23798451421617	259.73222768837076	61.63717374756713
-0.21899999999999997	167.32016261622462	226.68748702729428	63.43896634393598
-0.21699999999999997	-515.8523549267935	288.61671304974504	70.3007010195252
-0.21499999999999997	84.12248696743063	248.68810802297028	64.4872655919809
-0.21299999999999997	-348.5277299299927	245.85736938435463	62.69837642319805
-0.211	324.0840409390877	260.95776593245694	69.15634933557872
-0.20900000000000002	-177.20161617107433	248.81440419116902	64.86753503741866
-0.20700000000000002	-339.02610521763245	249.7419945634938	60.51485177650358
-0.20500000000000002	-203.19897328036075	260.1942391651238	71.85828556602456
-0.203	-142.60792702003312	275.38050122675446	64.73947867686326
-0.201	22.973505770629288	230.3908847775079	61.8413228764081
-0.199	-245.12290529499214	251.63897891527495	66.46129480191256
-0.197	56.27520272177833	263.20562328752595	67.13376501730848
-0.195	-76.12246766708353	247.2270590769781	60.230039519609356
-0.193	159.17228382988924	280.4135208099689	65.44180017344499
-0.191	-335.7938270898142	294.48052504978614	68.8694097930986
-0.189	-366.0376679615052	249.40315381061322	59.71464181546547
-0.187	-66.11336966200199	257.54773583169094	65.21491418101414
-0.185	-255.85267271688306	286.4144115022256	67.76084869776267
-0.183	164.5239606848925	237.45090776219072	61.50502954430834
-0.181	-366.8665976591656	258.1225212923052	63.12098459013462
-0.179	114.4478000827398	289.59191798029457	69.59063190108944
-0.177	-143.04557445499188	245.1046916858535	61.05884217436598
-0.175	-262.0836079059163	276.2509644992885	61.507469686868326
-0.173	36.04518602950968	263.8493431111364	69.9974602403367
-0.17099999999999999	-341.8363513448819	264.271950400418	62.469432680228536
-0.16899999999999998	-170.1443977126793	250.70822538107353	61.999594737704264
-0.16699999999999998	-530.8178748217873	277.43217293953376	65.95654350103301
-0.16499999999999998	102.31049059217234	256.72940804577337	64.39805465333448
-0.16299999999999998	-120.77317760128548	249.03062716598046	60.33612555340426
-0.16099999999999998	12.743585240837518	275.90760951077846	67.74043462246972
-0.15899999999999997	-283.696059851124	254.92679530807536	64.29057202156199
-0.15699999999999997	-233.12471372882726	265.8234992895699	60.57580179685829
-0.15499999999999997	297.99208665681755	257.17986506799264	65.93056416081585
-0.15299999999999997	-412.7306106294082	283.06925947524195	65.49023559982356
-0.15099999999999997	106.22208829991209	235.00970022745182	59.485645880789576
-0.149	-441.9105289249492	257.04839149310516	65.53241630939085
-0.14700000000000002	177.38414408552393	268.7350308867677	66.82631813621786
-0.14500000000000002	-245.71239567405811	250.13286498218025	59.52446019140097
-0.14300000000000002	-271.6122792573161	256.21641974954156	65.09933152321739
-0.14100000000000001	55.05117558235462	290.6905923115371	68.54356385754353
-0.139	-154.03500134814064	256.75109935361405	60.18737479592963
-0.137	182.10353115932776	234.43109872920868	63.73107005953699
-0.135	-410.5796494097147	278.6396838477267	70.26544451258081
-0.133	264.37894911812697	233.46996784586912	60.24642057476577
-0.131	-30.281758453654106	240.88705297812146	60.93724161591038
-0.129	102.97750003851469	274.5586595883656	70.17130671278187
-0.127	-81.03777269730105	240.57962002623415	61.20580391754414
-0.125	-209.40553531578755	253.39795568627733	62.34508938716166
-0.123	277.7896671957159	248.61479112558283	68.21725956656668
-0.121	-505.76471639662833	273.70352852651075	64.44822375323581
-0.119	103.24883407664132	235.49088888076906	61.393775975726996
-0.11699999999999999	-433.9655416218946	262.1298293405318	66.42905619951661
-0.11499999999999999	111.31717618151349	252.87204611783494	65.0611338147735
-0.11299999999999999	7.545987366741613	250.23286548433353	59.94475993512468
-0.11099999999999999	-168.09196077338663	270.1741742065657	68.87470687205337
-0.10899999999999999	-155.7977757303819	263.66254278811374	64.84598607970504
-0.10699999999999998	-276.241333058036	260.35376123745	61.39182453686334
-0.10499999999999998	35.638195689635666	263.79870061695755	67.10550001729187
-0.10299999999999998	-103.53391077433383	268.15001131208066	65.68001649632545
-0.10099999999999998	-53.60342765381443	234.52368746776895	60.28462794462102
-0.09899999999999998	-253.4088255334854	247.96087296921812	64.01536065126278
-0.09699999999999998	186.9852683005213	269.3538323320485	68.10233694383135
-0.09499999999999997	-106.90263994850291	242.7371874054122	59.17124618031234
-0.09299999999999997	36.55878567321302	268.01053965504343	63.347711651362545
-0.09099999999999997	-53.97360098413628	270.9855201404049	68.04859628785113
-0.08899999999999997	-194.11843163685828	270.2001858888044	61.34133566577164
-0.08699999999999997	312.3902210251384	233.88715129494588	61.17794168083881
-0.08499999999999996	-471.6632666139642	286.52716756061085	68.43500110952007
-0.08299999999999999	31.782581504158358	238.6929352289851	62.702312595791916
-0.08100000000000002	-41.51591966761181	232.88577570571792	59.618288405671045
-0.07900000000000001	130.59482553923198	287.70801021903543	69.7711958402232
-0.07700000000000001	-58.24995132053257	241.82004499615238	62.30858139883126
-0.07500000000000001	-268.06264898804335	257.31441169192783	61.057622156881955
-0.07300000000000001	88.58613229767442	238.83321989210893	67.54013554181275
-0.07100000000000001	-388.4206683774094	271.8638701654334	65.11415197576736
-0.069	-93.37285754973391	245.42799274579875	61.76512746420353
-0.067	-331.4005696193334	247.46815005035256	65.02081461415231
-0.065	113.32393113816508	262.4790071557268	65.8246910620432
-0.063	17.217382877632303	229.55201780097016	58.8430120095619
-0.061	-167.62398846592586	286.1843564513516	67.93148616477144
-0.059	-85.29715094307555	250.11644693632962	66.52547213064504
-0.056999999999999995	-159.60658994773613	258.03790228229394	60.15826954626108
-0.05499999999999999	171.9920880365322	249.0364265307988	63.74568352062483
-0.05299999999999999	-357.8225727729478	282.41752509898265	68.32386425530257
-0.05099999999999999	143.97584124736795	251.80284419654376	62.713570155598255
-0.04899999999999999	-12.886909149467662	245.62523094602378	60.8248674813092
-0.046999999999999986	-49.34237829967714	283.66568390762427	71.51034301855576
-0.044999999999999984	10.674688094791662	252.4207243646986	60.1820168524851
-0.04299999999999998	-129.53922648983874	274.41656113581996	64.17457649667749
-0.04099999999999998	171.59751861828278	250.13722530277275	67.77094289386888
-0.03899999999999998	-41.3397130508697	266.3500542191665	62.552940723439505
-0.03699999999999998	46.024301653568855	235.22301946805197	61.006600954645904
-0.034999999999999976	-304.8723065840475	267.3996220518537	68.28742225132801
-0.032999999999999974	182.90930163100683	260.2317542164954	65.10159432199822
-0.030999999999999972	105.0709067220712	242.6417672136655	59.67808738485111
-0.02899999999999997	160.10987347203633	291.62499519395726	67.68762782988793
-0.02699999999999997	-4.895394039694523	234.15143347061158	64.14881287111436
-0.024999999999999967	-87.09814206653289	261.86384676574073	61.19357528410025
-0.022999999999999965	65.54564345884195	242.63706691529876	66.69242657043111
-0.02099999999999999	-59.22340241493185	277.08389039417295	65.95599798035123
-0.019000000000000017	46.07707081638601	229.43005641736664	60.24517147986981
-0.017000000000000015	-256.8863046215064	246.83339863504935	65.27193873013535
-0.015000000000000013	61.1725247856576	261.91636461499394	66.5837818894569
-0.013000000000000012	-149.70941575509488	234.64411713050686	59.7691591566906
-0.01100000000000001	123.30201667221097	267.5455697647915	63.83806050318952
-0.009000000000000008	-85.44010732169926	242.9687520942021	67.67160693471679
-0.007000000000000006	-406.7608972584402	237.67477606007694	61.6850660421996
-0.0050000000000000044	-561.0191704897849	236.0309434425477	62.98600197302349
-0.0030000000000000027	-890.4193708286767	275.22113994142325	68.13746269197489
-0.0010000000000000009	-821.6478241488412	248.13795976459733	61.99151987353357
0.0010000000000000009	-667.3350275820944	225.89190413361203	61.30353188060378
0.0030000000000000027	-399.5581886413469	285.50367293537045	70.14378817639042
0.0050000000000000044	-663.1688494440624	241.4313408987948	61.481994223751464
0.007000000000000006	-274.2727152855729	260.9647491087902	62.14609818373711
0.009000000000000008	-107.36044733694605	235.25663582246764	68.53115045762547
0.01100000000000001	-1.3301734486104166	274.44047243551296	63.08345119984693
0.013000000000000012	-24.956419677923947	237.15687215312732	61.39233514925547
0.015000000000000013	-237.8728248283446	258.37299240037754	66.68825315252059
0.017000000000000015	78.99715333614665	258.71089298943286	66.06024030608762
0.019000000000000017	-45.98869635930036	228.72666008647238	60.53423414108945
0.02100000000000002	157.74297580506413	269.3276877402377	67.88083623011833
0.02300000000000002	-186.53241071553418	238.00404685927037	66.50555122375738
0.025000000000000022	39.03658683213074	252.72426746992693	60.66542707545479
0.027000000000000024	61.73167100231858	245.09083806406466	66.26911749492247
0.029000000000000026	-100.39635641445611	264.12601285877753	67.4788122971055
0.031000000000000028	99.06254512359602	244.26732457505497	60.50627418829711
0.03300000000000003	-211.74518746969184	229.80360638249542	65.27153407649993
0.03500000000000003	226.76495601858804	279.27327325381356	68.11731551296961
0.03700000000000003	-76.34039604986765	229.74121365849032	60.95712962293334
0.039000000000000035	101.68586528758183	254.66916313205616	63.76284234962227
0.041000000000000036	-45.247245431534466	259.92353571211004	68.30864274431973
0.04300000000000004	178.4444991617118	255.76239232915563	62.53647981791305
0.04500000000000004	-80.0505732062584	247.395076104528	61.601303121641024
0.04700000000000004	-291.96499692418774	263.9271132005297	68.37960779854926
0.049000000000000044	32.08067918092361	273.14241899448723	64.60896660094753
0.051000000000000045	-103.84404840546591	246.1354528883139	62.372414612857725
0.05300000000000005	328.40733480643536	303.8356827606788	68.81540338468957
0.05500000000000005	-96.77972861343864	248.21243680780347	63.4438477004846
0.05700000000000005	-27.395102349947464	260.40994432472144	61.9133515542507
0.05900000000000005	-13.964496851537334	258.81690089227084	66.74109929113139
0.061000000000000054	16.184696525201048	268.90139134655084	65.18607955952355
0.06300000000000006	28.15497043107129	225.1273095875388	59.815005043130824
0.06500000000000006	-395.8690783875118	244.21447691607653	66.99566636490198
0.06700000000000006	353.76384601915055	267.59119849019	65.45814532465492
0.06900000000000006	-57.13209438018563	226.85087971357981	60.5997435930872
0.07100000000000006	165.81997277920203	278.2418422412672	65.14541266165067
0.07300000000000006	-176.5454890877427	266.06452172126245	67.99166609188521
0.07500000000000007	177.29966499668848	271.9200307385493	60.38997492419706
0.07700000000000001	191.1152350617673	236.21029789136512	63.13679200040787
0.07899999999999996	-221.1871023026779	275.42854983395654	68.93163589465475
0.08099999999999996	303.3991338947661	262.9884604456905	62.30693260703759
0.08299999999999996	-89.28952545861347	252.81269206466234	62.96960790206062
0.08499999999999996	208.34723777496401	296.34689202202225	71.34597973938907
0.08699999999999997	-34.80933740507286	252.9033015523093	63.26161561646159
0.08899999999999997	49.63288250325881	260.4524333347245	62.935451879348534
0.09099999999999997	-1.9931357790881066	242.7921649739241	67.51190778042047
0.09299999999999997	246.89359638330188	274.4786497192427	63.2535272624454
0.09499999999999997	-10.684547691264257	238.6456483887011	60.05150649520922
0.09699999999999998	175.16635073988596	251.29250887298278	69.19101181764573
0.09899999999999998	73.54814520499353	263.830040152693	64.42482033203567
0.10099999999999998	-10.509999586627572	236.40656786678957	60.517582886654296
0.10299999999999998	49.96509159815865	297.6641268630112	70.42588824818995
0.10499999999999998	-171.95956641469223	239.81264257429476	63.99644720374741
0.10699999999999998	41.85662528444212	258.1320594272799	61.05959663880985
0.10899999999999999	180.4610383495664	238.88573385930638	65.566303867299
0.11099999999999999	6.596850878670679	269.68893274571667	67.52969344581312
0.11299999999999999	26.2129173052017	230.09866362758814	59.50623116938087
0.11499999999999999	-280.3444430155011	258.47817141496745	66.19889019594245
0.11699999999999999	98.96307809342808	265.10609397150114	66.37711155690396
0.119	78.25599222455182	243.73415429241754	60.62263863552877
0.121	125.02058039998154	269.2159227372583	65.80740320472454
0.123	-24.943859016079983	270.14843147500426	67.31112761342506
0.125	135.2937310494795	265.9642588471298	62.37314810077363
0.127	59.396085760221595	249.2347254377178	63.834564028416715
0.129	-17.517970303693176	278.21839423448415	70.38149507690676
0.131	-14.242522839547078	248.18194899089534	61.87935015736934
0.133	92.24833892940154	249.61351955299403	61.77770419258756
0.135	-214.28150121949318	275.16193484017117	70.29010706383731
0.137	-24.028980266876943	246.21292695854953	63.235621685249264
0.139	-1.345434468613682	254.9623678833325	63.35867042384835
0.14100000000000001	-253.919955488624	248.84746420409087	66.3435424170476
0.14300000000000002	176.20432866460868	264.1739215979417	63.72715413885484
0.14500000000000002	-144.2802262890952	228.1570526319186	59.968413446327986
0.14700000000000002	-43.5688052502492	272.78522480238547	69.99752984881897
0.14900000000000002	1.5745141785927785	276.9458656082153	66.60452335495897
0.15100000000000002	-109.00917074430083	238.03655749218484	60.81803922248351
0.15300000000000002	104.30033105102154	278.1633130755485	68.48125944859711
0.15500000000000003	-126.14965184620797	251.44836017516127	66.34043905112509
0.15700000000000003	170.22215500039906	248.46416514061283	63.814593232394394
0.15900000000000003	4.868300070404175	267.62089277188346	67.32353798017081
0.16100000000000003	33.13673352622892	273.7298412666247	66.33001552192933
0.16300000000000003	29.626848784491955	241.6910112018743	62.47803092382487
0.16500000000000004	-173.40695253964532	256.5477737462602	65.11170337146494
0.16700000000000004	-68.51534317864338	286.90921391629786	69.49298700072022
0.16900000000000004	16.414351434512753	238.68522977096515	61.4252692050715
0.17100000000000004	71.91497191527674	244.6093805970038	62.61807105175527
0.17300000000000004	-185.80839859694277	253.25032904378847	69.18675763617561
0.17500000000000004	425.4883806458221	275.6075512226286	63.04223221099312
0.17700000000000005	-130.85698744397246	236.01221810622516	60.96383803737956
0.17900000000000005	173.42132387554443	275.41641571999855	68.50162574608308
0.18100000000000005	-105.24090768071481	246.78882318245135	62.95996955871412
0.18300000000000005	158.35027111021915	261.5721658915927	61.10291585033036
0.18500000000000005	181.80190436001277	297.7574795888175	69.29612311979118
0.18700000000000006	-74.49121206537512	247.60152514246008	64.01348924124306
0.18900000000000006	262.37909357673675	263.9974300217488	61.666155872835
0.19100000000000006	158.06089480374652	266.90333923039464	66.19308546478453
0.19300000000000006	172.6256912335522	294.1774595185566	68.13242807012197
0.19500000000000006	-89.00221820173914	231.47610612062635	59.82059894603065
0.19700000000000006	-346.2267399558794	269.21665130198033	66.65482754216649
0.19900000000000007	150.26826732600364	276.24398888995063	68.71107313991642
0.20100000000000007	-152.3808840565577	250.96861159608878	60.63669322278913
0.203	16.24237812825058	263.47873393458025	65.25827459674451
0.20499999999999996	-0.07623773301546066	300.7219035447907	69.20977756338901
0.20699999999999996	112.06454406531563	259.6904418329845	62.25658778994971
0.20899999999999996	188.3120844379249	239.64753896460857	63.39921010514629
0.21099999999999997	-51.843009867602596	272.5958365464787	69.5929719469938
0.21299999999999997	-147.17975856615163	262.3022457878883	62.94752716064037
0.21499999999999997	164.4115022718662	273.3819525800761	62.544235751590655
0.21699999999999997	-206.96566561761998	312.600766915907	70.54038222194568
0.21899999999999997	39.87894701618089	261.9119699513628	61.99918718718699
0.22099999999999997	80.67779423126531	253.91018884455494	63.41593383779481
0.22299999999999998	-138.3452422961673	277.95295821434377	68.40541156318803
0.22499999999999998	165.84851725509608	275.9858673199565	63.2729890179736
0.22699999999999998	-302.892179631864	250.02746150331916	61.92428999093083
0.22899999999999998	386.1800284876704	298.9263920814441	70.039675145123
0.23099999999999998	27.626346173370564	283.97642595440874	65.17531413769127
0.23299999999999998	-60.00011818052542	256.91522065233937	60.92665011708427
0.235	182.16371103396688	280.232052671134	69.55002317081697
0.237	-283.6250713778021	255.18184879754185	65.92169526635836
0.239	284.9987272712795	255.4469153104799	63.30271707439103
0.241	-99.00342207003199	262.69695543548755	66.5911233440461
0.243	270.32882080435525	306.5455587386537	67.56759072419489
0.245	32.8007657597329	265.17413080478127	60.836092249272845
0.247	-5.522017527792578	275.5219551781654	66.02660818398981
0.249	54.89692846927241	296.6338498091065	68.75035211179551
0.251	-49.586639829901635	251.7906201650954	61.39056030547764
0.253	279.37391939891756	279.0367946914639	65.9513699828008
0.255	39.79449404978297	292.01133244449164	69.81094024288424
0.257	263.137937440705	272.6028779860037	62.707877087236085
0.259	-69.87168437588842	258.6124531012984	63.518499398603254
0.261	358.26143392081457	332.17227417938096	72.61698513809742
0.263	-222.68186750429297	270.7169947398829	62.35409875104416
0.265	275.0662415811345	268.17088588945825	62.57873501330682
0.267	-43.79098213314059	319.7783338942959	69.5300383559945
0.269	19.245779470766777	278.43663623608455	64.65420047944033
0.271	280.78400576325714	271.58445649772017	62.10821562078451
0.273	-278.9336088335759	280.51712343452897	69.78769972924592
0.275	279.0543803166123	293.40902845786474	66.69870613719881
0.277	-187.6406734773184	245.4118102030408	60.967008932993735
0.279	145.54464176530502	304.20024099292726	70.31122133463282
0.281	218.25479728221353	294.53218950989645	65.61304126011072
0.28300000000000003	-6.307490822532458	275.25025918676226	61.67107726324422
0.28500000000000003	111.07090700801514	296.75777949386486	67.27179557140218
0.28700000000000003	-217.52420342258105	289.58301894179283	68.11050952099582
0.28900000000000003	355.95732765236755	275.75990209204144	61.9716295677819
0.29100000000000004	110.8150204873759	274.48011113001354	64.51118199957668
0.29300000000000004	246.06866246146274	284.30899126417063	69.32976783791213
0.29500000000000004	-71.12860827118706	260.79051343895884	61.78064369805246
0.29700000000000004	6.355384524869834	268.50763141632615	63.26916441017914
0.29900000000000004	-51.640149351328546	278.96375488070277	68.65087326525551
0.30100000000000005	174.91505107214422	257.6150617363223	61.73553098596065
0.30300000000000005	114.83152816516018	259.1507089026659	63.88675269566379
0.30500000000000005	54.09375224396662	279.34732391556054	69.14299209278222
0.30700000000000005	246.0325433266686	278.6319826402884	63.801785084431145
0.30900000000000005	-61.48418660489874	259.19159396042124	60.69859672162983
0.31100000000000005	308.5454718410041	285.72166141752774	70.15312279395873
0.31300000000000006	3.0261017658350653	280.52920284714816	64.49245493162108
0.31500000000000006	115.99490373970234	265.17426837677993	61.730361922602846
0.31700000000000006	280.0550152970427	289.86864307598245	68.32758898962831
0.31900000000000006	-114.3587640274335	253.6534921698224	63.92981659880304
0.32100000000000006	369.82882499159155	266.3100509360509	61.89558711692802
0.32300000000000006	148.9693324432384	285.61564821497865	68.18536907381801
0.32500000000000007	221.58958781326453	307.38799582680224	70.17652493430526
0.32700000000000007	-83.30435673853387	239.73842295525353	61.43206704935692
0.32900000000000007	-94.25664953544022	277.39289454397823	65.47604363676768
0.33100000000000007	246.20498408745027	279.5995189498744	66.36229428242117
0.333	103.58754583128515	259.8634160523038	60.282535226001286
0.33499999999999996	148.29489012346818	274.1393797611988	65.09030999526186
0.33699999999999997	62.89153268257408	280.18246461509153	68.6837749986903
0.33899999999999997	352.987465369603	255.73526806345012	60.24067501657228
0.34099999999999997	40.848698250828264	249.85114298133936	62.98798466922799
0.34299999999999997	435.9963544946499	301.36950611197966	69.69474978748637
0.345	-18.141450944253457	265.60171871766323	61.075963924970814
0.347	28.114198785456068	255.7709522716919	62.265304786357326
0.349	62.94411255147736	308.04104300275776	70.52483363381253
0.351	121.4000440483698	263.87101544768444	62.91605862821519
0.353	320.0035266119894	290.6823985798683	64.08023227656328
0.355	-269.43969671744395	282.6827493452676	67.64543241248762
0.357	560.3054651157624	268.9633914391869	63.815116219824915
0.359	-40.07484840640174	265.79503684153093	61.339862930648195
0.361	466.7576226839998	313.8083836592064	70.65630161871103
0.363	12.328496311608816	282.49361914172306	64.02059566096597
0.365	55.27733912691346	247.81817325311576	60.752255053495446
0.367	277.8268680021512	310.7672064959164	68.58767372186566
0.369	84.49998024229188	284.4760141326354	66.14969046744287
0.371	400.1963241577755	245.6984657921719	59.87402791456811
0.373	54.952925125251184	268.96059411221995	66.66963959263806
0.375	151.78868142240452	270.3931553449957	67.61674676086837
0.377	-36.98903414195431	246.94507738295084	59.19448180941821
0.379	-109.92459726977266	272.6201847513733	66.32125514026652
0.381	269.4579350817072	293.85522776473084	66.84687346786346
0.383	-93.24314451097936	258.4115138512702	63.446822191649254
0.385	236.24766169771937	272.8404340617421	63.19567527541902
0.387	36.06226622099307	296.0173588419065	71.40860079383783
0.389	278.5647649290457	253.27551273301475	62.52510092052415
0.391	-62.3148798235551	258.77102335479145	61.491764762227255
0.393	362.22092024695837	302.96323311336954	70.68658911530312
0.395	-2.652454515583713	266.3343201290686	61.945608571303886
0.397	8.041765333866024	257.0646187099752	62.920130457293595
0.399	75.2282195561893	326.7410826968163	69.24911407277828
0.401	-97.54309138643168	263.6175947016655	63.87909076465067
0.403	405.6718971297002	266.30263287249187	61.51894054484045
0.405	-179.58981549304198	277.76960249602115	67.22018530408549
0.40700000000000003	287.51910473734375	292.9030069225284	67.11629601481114
0.40900000000000003	-24.29384353264119	245.91757779830172	59.11614653790691
0.41100000000000003	140.24446024496484	299.67467334651997	68.25103372888191
0.41300000000000003	199.79192297703287	299.2315405258403	65.318353730951
0.41500000000000004	-8.270497459106352	249.21491889727093	62.33604341130521
0.41700000000000004	315.3446493950884	277.47157518038676	66.39105913788788
0.41900000000000004	-24.475009278046578	290.86929736594436	68.97033360685775
0.42100000000000004	253.3423792390188	252.58920920039822	62.402443885947775
0.42300000000000004	0.6323903125604602	257.7139795142204	64.93200111847837
0.42500000000000004	266.69795681311115	287.9309990287385	68.45440444088591
0.42700000000000005	-79.9050664062051	247.38712895363147	60.89907572352254
0.42900000000000005	42.360918222517085	279.35705400267494	64.08562259648235
0.43100000000000005	12.314193310603017	312.19602417015614	68.25612504724684
0.43300000000000005	51.104673703727954	259.9189760089118	62.35179161607114
0.43500000000000005	-124.56827648954504	264.4607319100196	63.420403681078476
0.43700000000000006	-120.35047803893306	295.1076945905614	68.65857552026053
0.43900000000000006	426.5184896012908	268.4036164166701	63.859772415111486
0.44100000000000006	-20.380076630632793	265.14640159580614	61.40743926569281
0.44300000000000006	329.764780287789	311.35511926469036	72.6794879585934
0.44500000000000006	96.5634713279151	273.64650427874875	63.184929076733106
0.44700000000000006	-331.16798070709217	255.80791706438958	62.264030744496885
0.44900000000000007	263.6913259159712	289.8773346581686	68.87927722100355
0.45100000000000007	-386.47172992389847	274.8037952160498	66.10235402523122
0.45300000000000007	352.31901024079804	266.10188919756934	60.801341215635915
0.45500000000000007	-238.13207166900608	277.99266237079263	66.13953848648976
0.4570000000000001	305.19817181251517	287.68159831228337	66.37511417612927
0.459	-166.5649605048225	240.38205066614123	59.8780957265791
0.46099999999999997	90.64127164171154	281.9944161576696	68.88769727859655
0.46299999999999997	175.01264505903612	306.3515451876598	66.22669412788237
0.46499999999999997	-200.24589328759834	260.00198649828377	61.32240722670401
0.46699999999999997	276.2021656759206	280.3481797314385	63.246976754915934
0.469	-218.46484878873528	282.73523478645393	68.4849513972418
0.471	390.5272595943199	253.0511449171676	62.84785034918643
0.473	-241.18206108814098	243.53539099741468	63.24054520759784
0.475	567.0195285292223	302.2458355635102	70.14973515669269
0.477	-95.12659286559088	271.69424427982443	60.67498999070178
0.479	-28.526226913405672	271.15217083044683	64.0309836532469
0.481	138.4192337052781	298.2795278492505	68.00873267458299
0.483	-165.00132616903417	268.7253741154598	64.03160614778727
0.485	494.4070918708743	269.20014840421953	62.55351036429094
0.487	-544.3937021346601	297.17037303930044	70.68669545210379
0.489	184.94877513219876	271.16142764704705	64.08239466144661
0.491	25.80050403633294	251.14670546600718	59.46021798349105
0.493	271.997462753415	297.5570106586425	69.19773877701357
0.495	114.08584091032736	293.65366563899875	62.99536072732522
0.497	-265.5684745261899	258.639070558176	62.241738140112716
0.499	211.49809796394692	290.86086563462976	65.68279314453115