-0.499	23.155393656271173	73.67695019732798	43.09455412933481
-0.497	71.69427551545482	69.05324267952412	42.507075648236835
-0.495	-24.19386357321862	75.75303094708718	44.68199781460542
-0.493	0.8948263148234048	68.82567850341049	44.468984450367415
-0.491	69.96075089871212	70.49955580114691	44.075975418026644
-0.489	-59.30640345419569	72.45299010483757	44.45865117037599
-0.487	-37.635129247037824	71.93780268010022	44.20567388306244
-0.485	101.70241413365311	78.68225448360764	44.43749045030578
-0.483	-122.91948700748901	76.21025751222422	45.52068571811594
-0.481	45.27314016855577	76.03000338427303	44.01799462436618
-0.479	68.07181261692108	73.07865131213391	43.46798167009056
-0.477	-25.388446520446806	73.83440163867786	42.865791630460656
-0.475	21.65033807499661	70.43109713153565	42.35052758827569
-0.473	27.646503291345326	72.73570020321199	41.593523602155535
-0.471	29.969632470594476	77.24249555835162	43.87159564472213
-0.469	-111.68546969675397	80.49212827371643	44.703164795210355
-0.46699999999999997	-43.707057340469646	77.87738906555113	44.53932943654022
-0.46499999999999997	64.2746734287325	73.37605545811277	43.63800102378308
-0.46299999999999997	-123.88481455405386	77.14156322085535	45.81189516946038
-0.461	-25.571759396436633	73.59442901258538	44.468564467940574
-0.459	39.88234649066058	74.8942745250682	44.47442767379951
-0.457	-20.425141965096927	71.62376603633066	44.921703462373046
-0.455	-2.0950480642545344	73.74181726232501	42.47431774073998
-0.453	55.009221387125606	76.59652521046922	43.21446618716283
-0.451	5.320368145378396	64.7119437229963	42.763076630157904
-0.449	12.287418525769311	75.00508251052987	43.374905955962475
-0.447	-62.76713244035559	73.85802104061659	43.636696665026776
-0.445	134.55622808167254	78.3330619132686	44.534007965116544
-0.443	8.199080054449581	76.06712846709935	44.75008474159363
-0.441	37.301956619106846	72.63592609607393	44.230809667812665
-0.439	105.20563751459377	76.08807413944375	43.84406159959732
-0.437	-33.23417599365719	78.15581629843041	44.51026649735495
-0.435	76.26065034438412	75.55059467446134	44.67590518835607
-0.433	60.00959176022391	76.35329356017348	44.765667328405456
-0.431	-14.092723538028373	67.91842742701577	43.464204529019476
-0.429	-3.49962545731497	70.42448947481593	43.09614072516999
-0.427	27.70468195900655	67.31909886659342	42.95004287781751
-0.425	41.610844664141666	68.49055028788986	42.9109631184426
-0.423	-84.31331519653807	74.84886715572891	45.372286434427814
-0.421	6.768510554477913	66.08771100383784	44.25150376683147
-0.419	-29.400462627782176	77.29268297833472	44.993781958450555
-0.417	-33.400265160077325	80.57806010427944	45.88240602655242
-0.415	20.343054623284118	63.73322752805202	43.443320793924265
-0.41300000000000003	-10.688226638633225	79.75119123534459	44.032790841651675
-0.41100000000000003	-7.174314974323082	74.1250746367557	45.80749270806237
-0.40900000000000003	65.37085819835475	77.36123010372843	44.27648775147847
-0.40700000000000003	69.94925805559049	74.09223639994954	42.959625310317044
-0.405	-72.17799705250272	72.97388723320474	44.13140624933561
-0.403	62.35002580612381	65.2789500439417	43.76485557722571
-0.401	-17.26699497039963	66.09170335615111	42.34297071095361
-0.399	-58.74729681687452	68.00703729300939	45.40625780536346
-0.397	26.904633784852194	80.14839182902617	45.0770806060745
-0.395	-14.172500254705511	76.19000325755854	44.06380640164843
-0.393	114.41419303470646	72.65582760555965	44.97724471363367
-0.391	-31.757294074452602	68.41604353384375	44.750180240521416
-0.389	73.25094349219796	66.04852162777026	44.95679564381985
-0.387	-54.214244165740055	77.3840682355761	44.48897463990931
-0.385	-117.38572479558229	64.15303699495999	45.427853341580935
-0.383	-2.472297592870376	68.20081964011398	42.51366774712345
-0.381	-51.26111106668052	73.80746394539543	43.47447355449886
-0.379	27.082457236149438	64.78898739263737	42.834067716680515
-0.377	-37.995876121521555	67.36964243433644	44.29625701879873
-0.375	-52.34541377097113	70.38520516095564	44.262802160476895
-0.373	-24.179487338904515	69.71784053811159	44.748160996053045
-0.371	-91.29386363571079	61.76492020693202	46.26645008563895
-0.369	-33.587059400819186	69.12336186477297	44.012195114182546
-0.367	57.37621070456278	74.17247767083599	45.25239292611586
-0.365	-123.43338097120515	66.18077676335608	44.984460873052484
-0.363	25.97775210588793	73.17786970336095	45.02263191583477
-0.361	14.985821076063388	68.36835274852761	44.508079910850476
-0.359	-31.78651171964475	73.2637716876078	43.54025087347901
-0.357	-83.70063414220309	65.02039904214624	44.52225478136104
-0.355	-16.469293344534286	60.23378618004729	43.12580811329346
-0.353	-29.23803653998025	68.76890299929224	44.56109812645341
-0.351	-33.058904058580474	65.75102456400496	44.8780917481837
-0.349	-11.418859610201615	70.62409262226775	44.85139881382408
-0.347	-36.15941801049516	67.74153463814433	46.06637588699075
-0.345	40.63557394951012	74.32710666804704	45.72091356255488
-0.34299999999999997	-22.190620472151146	67.69230051367533	44.81748305818707
-0.34099999999999997	-62.14150865990753	72.13986332466074	45.61113828348476
-0.33899999999999997	-93.83728741119145	61.63984204947899	46.30961953350689
-0.33699999999999997	-55.42470548314249	64.71175132656383	44.680155651333074
-0.33499999999999996	35.27054113972028	63.45067177153541	43.45869298899054
-0.33299999999999996	38.62013702349287	71.24214293116749	43.81823343539113
-0.33099999999999996	16.43815424268169	64.20216856524162	44.04485111811091
-0.32899999999999996	-46.2324658508928	61.912814573741834	44.31178714697854
-0.32699999999999996	17.4427169499225	74.00966644847733	45.50785395105206
-0.32499999999999996	39.40483285003182	69.05525181487289	45.38909352793673
-0.323	4.586340436540937	75.21790444709657	45.28375995719629
-0.321	59.99602250472691	68.00498254832452	45.121764323888556
-0.319	-61.326662456617775	70.5418280274188	44.94712805382557
-0.317	37.4622788232859	64.88910018230162	45.294937875934956
-0.315	-102.26092538756504	64.4728161680556	46.44573870218159
-0.313	17.9047451600578	65.28150223170016	45.45717557298869
-0.311	-34.8252987529829	60.03746735198059	43.878613006180245
-0.309	74.62384925438492	58.99012661666137	43.99636883246606
-0.307	13.101221934652685	63.09495716707932	43.96877630608525
-0.305	-23.373409678617563	69.01190633780989	44.612939837373744
-0.303	-25.707073798120206	67.29856468809582	44.90008903095713
-0.301	-15.47637228083154	66.95184774955948	45.56008056277913
-0.299	-53.00095462645871	66.33679889284932	45.43979221296766
-0.297	-3.9477884731242696	68.09327889198768	44.260736314604465
-0.295	-23.697802958855263	64.63520107340774	44.90135010240672
-0.293	-7.299990091191866	65.0627155306212	46.92484149949699
-0.29100000000000004	5.065597645792508	60.46180149340766	44.90187063438983
-0.28900000000000003	-18.340751485101947	64.44364940871466	44.54165782432807
-0.28700000000000003	-50.141086902155685	64.91998653177099	44.31549070263282
-0.28500000000000003	-58.790204190528605	65.5412886054989	44.71602061979835
-0.28300000000000003	-65.32661345082235	63.012856619788174	42.599529088397254
-0.281	-25.521651606075224	69.56519295387459	44.77675484658418
-0.279	-144.80185196286132	70.77561937728123	45.59927800109792
-0.277	56.403836591112366	60.74396444318666	44.32596345624272
-0.275	15.288286706605092	73.16496296793841	45.64245038982637
-0.273	-107.95573424715599	71.6024515745054	45.59455575404067
-0.271	-11.636791041436112	71.53213907720054	45.16240407679031
-0.269	31.90418639165138	71.44634028194592	45.16516813358267
-0.267	-66.9396908384856	71.74168758517271	46.37091564201369
-0.265	53.13510182514136	68.06012653893033	44.28416034550587
-0.263	6.3210231990851184	64.02906983290552	43.67943414645626
-0.261	21.39028501768614	64.07513436443678	44.09158027298849
-0.259	-6.672417751429904	67.97748850138821	44.4861227041273
-0.257	-91.81290649107332	70.86010662781645	46.13131139887296
-0.255	-64.4624942447436	64.77718269253967	44.1106357442245
-0.253	-133.5319685679126	63.12216468168526	47.49596530768823
-0.251	10.339035337869618	61.029540453993405	45.16284661085554
-0.249	56.1542434815987	67.59679888347706	46.020583271693674
-0.247	-126.89125656673016	70.72547859999027	46.35435332283524
-0.245	-21.55086036059739	73.877276152982	45.57500325999125
-0.243	-64.66450473219254	67.29250855881031	44.95656415424488
-0.241	-54.004568683430065	64.68262758380195	44.48598889327737
-0.239	-33.947932212452514	75.18356027132367	43.86511979996548
-0.237	-24.582197890810065	63.415616999258816	43.510097037506206
-0.235	-82.18337469279024	72.7630170085719	43.14792035352569
-0.23299999999999998	-109.51735817865682	72.16864700134687	46.39743941438629
-0.23099999999999998	-35.76359064572099	69.67827946814951	45.156969796890564
-0.22899999999999998	-21.596448534499935	68.17942125716391	45.173117921532004
-0.22699999999999998	-28.425606275139792	75.3392287824136	46.05877975476606
-0.22499999999999998	3.0675589999251685	70.73121370304109	45.04833390890415
-0.22299999999999998	-45.417537890890536	67.76969135207479	45.4265640709459
-0.22099999999999997	0.5183087401494646	74.57590558903462	47.92966954514315
-0.21899999999999997	7.439027656985786	63.64178681395543	46.11066576963442
-0.21699999999999997	-30.484926511586963	67.07041707909003	44.75844336414119
-0.21499999999999997	57.0376658675098	66.754347590798	43.166647533136064
-0.21299999999999997	-55.70525039233498	65.92881103056816	45.89151384461223
-0.211	-52.65409882893035	66.36317214429442	43.85517281740545
-0.20900000000000002	-8.454294711079946	68.44664740051755	45.0290478609218
-0.20700000000000002	-165.71949201826808	76.28578266992203	47.33459766908281
-0.20500000000000002	98.21271576893054	78.535307791609	45.84653198175297
-0.203	1.2768806978424863	75.07659558878531	45.927246039885006
-0.201	-129.7871878761514	73.37799844958191	48.43369057738223
-0.199	10.568365244045808	71.5135430033735	45.38589166444884
-0.197	-8.066112931914837	68.27767673866146	46.41292821105179
-0.195	-51.5840697734582	61.929399967551575	46.74300233672862
-0.193	-61.705569009751216	63.6146021188862	43.21820173293039
-0.191	-7.3455159341762055	68.29751923309787	45.19219207056441
-0.189	-107.4630102944063	68.00995434816983	44.69654813666815
-0.187	-189.86151608435532	70.2628240882004	45.59707427419597
-0.185	-12.199243800359305	62.575094769357214	46.695745392961186
-0.183	-12.479968987344492	78.89829340598286	48.600010367428425
-0.181	-35.93915547484006	74.17649047090215	46.533390169708085
-0.179	-100.47692925974073	75.57274037602492	45.77872083441279
-0.177	78.8216682148235	72.91789472128065	45.41956868940337
-0.175	-53.24647745552635	68.30829719227953	46.79093125224428
-0.173	-4.772218884285806	66.26916311776628	45.383964977301034
-0.17099999999999999	78.5764784330123	71.30883100777552	46.011467299402184
-0.16899999999999998	-22.005097815913643	66.18423119871419	43.10340973600269
-0.16699999999999998	-78.76486823665817	67.12851575238479	44.77852580978217
-0.16499999999999998	71.86864227781697	63.88413520882718	42.64832487573233
-0.16299999999999998	-89.16263406932856	62.14814643709826	43.36036824346694
-0.16099999999999998	-32.861279286588996	71.93689068289838	47.066304560944594
-0.15899999999999997	-22.128157498135792	73.92798084217985	44.94924640529163
-0.15699999999999997	36.69695081609525	72.19760087588267	45.58783143033098
-0.15499999999999997	-82.9388835246192	67.01362113432019	47.37749677210544
-0.15299999999999997	-34.20604481552125	78.66432477348796	45.67229957511624
-0.15099999999999997	-37.42103652859541	58.32518921094828	45.4641009486572
-0.149	-20.71154279259524	70.01976761142747	45.52429040782874
-0.14700000000000002	-31.705375049151385	71.98269833487934	44.96116994215547
-0.14500000000000002	-17.196774915628765	60.667417822429	44.20866521070072
-0.14300000000000002	-21.948475754318686	58.49346757843793	42.94876408155618
-0.14100000000000001	-69.87915265699307	64.21472849413236	44.40821298725164
-0.139	-25.913907688579485	58.97836102922253	43.857100829093724
-0.137	-26.976117898369623	64.52358782645254	44.53715731472844
-0.135	-122.54437016345764	69.44440761572739	46.02602163437264
-0.133	-0.918459199028554	64.40016272602635	44.68209680841719
-0.131	100.29690849688855	71.04190635539517	45.58314399595023
-0.129	-77.89560011661756	66.65806927785012	44.72649006177449
-0.127	-4.242422810496471	66.86908125161645	44.962360924807236
-0.125	50.52136633088011	65.77394467913825	45.61870081743278
-0.123	-105.88935165012359	64.21992073451062	45.63863663182932
-0.121	-40.5355253876305	64.97367445615649	44.8743242685462
-0.119	41.79695736272748	61.37538682379298	43.68701638256762
-0.11699999999999999	-20.87931317296121	69.27172201256708	44.00824752365621
-0.11499999999999999	27.482029053116364	67.34922677872783	44.88879092702714
-0.11299999999999999	9.874157507416825	61.14192219403938	44.903380366981295
-0.11099999999999999	-34.35756631509079	60.367263973528964	45.33540624234962
-0.10899999999999999	-26.43772383403853	59.644209689278874	45.35436105854066
-0.10699999999999998	-72.61326868746032	73.21563699829952	45.79657531267869
-0.10499999999999998	-53.590699618744075	63.72971453135251	44.75994450865519
-0.10299999999999998	-33.92958413317437	66.68080913421126	45.96871272904339
-0.10099999999999998	-22.951773798962627	67.69489990968702	45.03702724350769
-0.09899999999999998	56.76046354308184	64.26124755824195	44.291713376601905
-0.09699999999999998	-0.5996145624465044	64.52409428862757	43.740450366066675
-0.09499999999999997	-33.94212195295676	68.8202157795993	45.58407150065874
-0.09299999999999997	20.084834779998673	69.90192207877361	42.92898997792767
-0.09099999999999997	94.53248868118713	66.75454121431423	43.23746901528703
-0.08899999999999997	0.1118095007690556	67.48335998795964	45.302454391053274
-0.08699999999999997	-89.54530183136188	64.78064613349798	45.04146295726026
-0.08499999999999996	-30.496333434992806	60.91946204494609	45.36317285261559
-0.08299999999999999	3.5784052971887803	68.29610377786081	44.92295884609663
-0.08100000000000002	15.211296395589713	65.86243321009195	45.29706121928481
-0.07900000000000001	46.89695681925343	69.5708531965191	45.18521572749219
-0.07700000000000001	48.11648469726926	69.11322392934416	44.84516887417061
-0.07500000000000001	-26.67679151624469	73.07492677615917	45.99816641989386
-0.07300000000000001	-51.568939653079404	67.77907242110534	43.27002744453876
-0.07100000000000001	94.76244327699668	69.82752097395029	42.40537256220569
-0.069	-45.30073275788027	74.12889022526991	43.91083380910058
-0.067	-66.10762012093652	65.77760609992438	43.21953231484426
-0.065	39.4690937368658	60.336220886237236	42.71344088494646
-0.063	105.13728990035887	62.441233243946556	47.02889039302389
-0.061	1.2604418087036606	64.88879916583035	42.650901525682244
-0.059	19.30881384692995	67.83649143789867	45.04296085287527
-0.056999999999999995	-67.81221317364583	74.24163674067835	45.77817351229464
-0.05499999999999999	60.482968700315	66.16852271990129	43.93042180827219
-0.05299999999999999	12.533815403115156	68.19515791930314	44.91909055265338
-0.05099999999999999	3.259897469298778	60.904659630340326	42.868128276817615
-0.04899999999999999	38.55176286249318	64.28639694035668	42.7458654474094
-0.046999999999999986	-1.149987310933298	55.54032293596552	42.0500716717013
-0.044999999999999984	12.402040597159214	67.84437375737699	42.507295558473466
-0.04299999999999998	1.5784308395883073	62.26976216461229	43.71096208138911
-0.04099999999999998	73.04227946969277	70.1741606968541	45.17331811319617
-0.03899999999999998	14.0597243241114	63.720017474759885	44.05523805394243
-0.03699999999999998	6.913873745295618	72.71869288198424	45.012676362490154
-0.034999999999999976	91.72126621392884	61.43359699986785	43.44105232441042
-0.032999999999999974	58.42246828180464	67.33171323630577	44.67219213041125
-0.030999999999999972	-16.305706122765606	63.78287618793798	44.61634484736023
-0.02899999999999997	62.360316064768995	60.36112989868088	44.33982976233824
-0.02699999999999997	133.4324831221423	66.63201782953877	43.674651935737955
-0.024999999999999967	146.65806908786828	68.82806062278628	43.455536296751276
-0.022999999999999965	53.29262077236052	62.35696343922259	43.45018418343721
-0.02099999999999999	7.6829801383127005	63.01083548997093	41.93925711290693
-0.019000000000000017	67.8365064452624	65.7470471959531	43.507041660755235
-0.017000000000000015	38.024482666099146	62.01140182015003	44.931399306344844
-0.015000000000000013	-59.45550905805952	78.55099981144036	44.54959762677182
-0.013000000000000012	4.875285558370024	66.93461778644621	44.76266853506236
-0.01100000000000001	32.74056164093153	67.53608075294386	44.59182376567684
-0.009000000000000008	-4.325348131994922	63.0644692811871	44.56047843309008
-0.007000000000000006	-18.67202383865063	72.50896651776928	43.9777219446957
-0.0050000000000000044	-205.95909482656882	76.58427173377095	44.676691257308924
-0.0030000000000000027	-365.85467744265634	56.90992975092926	42.146538660314306
-0.0010000000000000009	-317.8722529092459	68.3567164503498	41.8236083019094
0.0010000000000000009	-280.77537871129545	64.58617677771905	42.1338646003085
0.0030000000000000027	-273.79343792022223	72.84644174043032	43.60315339584817
0.0050000000000000044	-202.80717034060203	66.51611894732035	45.00741914112419
0.007000000000000006	-18.258353338351796	68.8692386167181	43.936562884889774
0.009000000000000008	63.36909931192736	74.49145335713244	45.184346780994446
0.01100000000000001	-55.20556515781205	65.43980866338461	44.62364524497168
0.013000000000000012	101.19341872583121	74.53368947556557	44.3117757572748
0.015000000000000013	33.763932827834964	76.51537983565748	44.375198592505335
0.017000000000000015	-10.548921580366688	60.48747620929249	44.65873884860408
0.019000000000000017	-34.7302763451518	69.2463834071408	43.53994466435137
0.02100000000000002	27.28137041163592	66.65459717616235	43.23892661062727
0.02300000000000002	-6.338378695125435	72.30726340705903	43.34721559701815
0.025000000000000022	19.87835954575523	69.61186929438901	44.1334080438488
0.027000000000000024	-78.84306735461699	71.00007477166385	42.08687368262678
0.029000000000000026	53.459847764836255	63.531201702331295	43.84733607273505
0.031000000000000028	116.70864583734897	70.01694195752944	44.01572186878934
0.03300000000000003	10.542342430808205	81.85952712348926	43.848601510407896
0.03500000000000003	28.351006831073278	73.7403248400824	45.53287157258807
0.03700000000000003	17.77631582577932	75.08693216450007	44.085942314038064
0.039000000000000035	21.280129462342146	72.2527492476032	45.013919991113085
0.041000000000000036	-22.717447888398468	83.28171117697043	44.46563817788058
0.04300000000000004	22.04048123144453	66.55200312108629	45.148397415258145
0.04500000000000004	45.29445991452441	76.04242353774191	43.70804625088432
0.04700000000000004	28.010056432492547	69.38708049758132	43.727599013406056
0.049000000000000044	41.97366811387049	67.39608853195922	43.1760483210622
0.051000000000000045	-2.8220389461930395	66.05314273778377	42.49585341134621
0.05300000000000005	25.000025056787223	61.025312885394804	43.58060738904808
0.05500000000000005	-52.42411146766379	77.1291934655092	45.69405859000219
0.05700000000000005	11.199175252496474	70.93830451232228	45.3244671982058
0.05900000000000005	105.652417105917	69.61045674224029	44.80171730369297
0.061000000000000054	53.71309121060541	72.5185616022581	44.3206053565804
0.06300000000000006	0.4149367764938461	77.08800321400304	44.94493631309367
0.06500000000000006	71.2947012369014	77.75490954953376	43.93457285464644
0.06700000000000006	-57.20438295686581	68.91835296852486	44.42916847633801
0.06900000000000006	27.294389845611278	67.5258133985003	43.29189268221838
0.07100000000000006	-22.297485810396367	65.37357351699328	43.578367856393285
0.07300000000000006	-1.0385266011603278	69.78281594486717	42.49891118948613
0.07500000000000007	105.5832246346089	68.89407791761047	43.27501937632283
0.07700000000000001	-84.80693242862714	71.01060743345361	44.187492608773276
0.07899999999999996	-5.561079293947557	69.24489769576816	45.564473705551194
0.08099999999999996	58.798342656096736	71.96699795571594	45.75290020890574
0.08299999999999996	-39.00615539242924	76.69619454795351	45.40419389139386
0.08499999999999996	12.449040397211064	70.35097568257152	43.98627211813376
0.08699999999999997	24.746932473229677	67.90100575798738	45.14420868835977
0.08899999999999997	-27.03729322484083	72.27623845349947	43.946931893368074
0.09099999999999997	88.22829584786973	66.50305143128749	44.35815806480361
0.09299999999999997	89.87691523287822	70.20182383360809	43.006351536134034
0.09499999999999997	110.64659037574032	76.04283614598188	43.76200363898433
0.09699999999999998	-3.582729702356069	68.77171812812195	43.11164423066155
0.09899999999999998	-57.52776255518732	66.3332765485457	43.47480284982571
0.10099999999999998	0.5870303387833786	75.67601335821477	45.04435429337852
0.10299999999999998	99.7354367633374	73.74342524905865	45.00471944762528
0.10499999999999998	145.80194257329816	68.91040521773586	44.69865348702512
0.10699999999999998	78.85803596985319	73.82878886594624	45.058569326211106
0.10899999999999999	-78.15714299030941	71.42765257208967	45.084195575986776
0.11099999999999999	61.649011027675726	81.68737540797322	44.901738798505306
0.11299999999999999	22.085526383497367	75.86086519174835	44.92580445219325
0.11499999999999999	-71.74123823072698	73.31995839596162	44.91154680255642
0.11699999999999999	-0.9434014206499697	67.3814183553629	42.78363926234939
0.119	21.941243792733545	73.45931146016447	44.3403071251782
0.121	26.265487260035414	71.54981779093214	43.700795849845726
0.123	7.680166098866792	79.34846305090605	44.008961052228216
0.125	-14.783891494341006	75.69680974272934	45.362348467781004
0.127	75.45862121638436	81.27773912709802	46.27348280208128
0.129	-42.29129277100174	69.258314697114	44.959379651634016
0.131	79.74652851538977	77.38756310458677	44.821413142745214
0.133	42.37645036075932	77.82402253541433	45.52330512686888
0.135	-32.579447574065945	83.13903026906391	45.00566970034983
0.137	57.40659095243572	78.00753907190861	46.19703055230943
0.139	149.48499392497538	79.33779536547445	45.02827087777882
0.14100000000000001	-15.976003266304772	69.94604279628079	43.42700755399709
0.14300000000000002	37.297405164338215	71.88028962360927	43.089487301191056
0.14500000000000002	4.869764420156741	69.29367806308399	43.51329640555267
0.14700000000000002	94.49363789837406	78.2618096358495	44.17442315622873
0.14900000000000002	51.67524608862273	71.99134390034338	44.483272989089016
0.15100000000000002	-10.81608548669788	73.22941902095873	45.29796752769686
0.15300000000000002	147.40499198850898	74.6193136746381	45.597780000345914
0.15500000000000003	32.28135231791995	73.45386396651644	44.823927997386086
0.15700000000000003	82.36250643811616	78.13228955889053	45.71315319467478
0.15900000000000003	96.17197104283548	82.29157599496467	45.81649881264906
0.16100000000000003	5.074593911968961	79.54460310530138	43.49139956947299
0.16300000000000003	56.65590991044134	67.66634205955359	44.193598703870286
0.16500000000000004	46.439571411927005	70.63947395801107	42.77758070724525
0.16700000000000004	-27.929200628884487	76.21792417075619	43.91203931192544
0.16900000000000004	-56.59122781664916	74.3827129529118	42.295615059842866
0.17100000000000004	-36.636014882684975	74.51350173934078	44.40206080063623
0.17300000000000004	51.29233058620564	75.16741699368045	44.95446196911614
0.17500000000000004	84.71943027221762	78.609080840383	44.514888769529556
0.17700000000000005	-43.00781604160697	67.52346309932288	44.52142478415947
0.17900000000000005	131.44886872362704	69.4009494333884	45.267144633740486
0.18100000000000005	-22.654780448827516	75.39604131178008	43.96467231540358
0.18300000000000005	19.166664489977947	81.01029810017003	45.544980968737335
0.18500000000000005	31.176229256635324	69.31951646843261	45.54785629211567
0.18700000000000006	18.33313997412489	66.11721195062877	43.915558399395024
0.18900000000000006	36.59292662439029	66.79312308409726	42.89135825838517
0.19100000000000006	7.827776949076437	68.9937992539323	43.870885568457105
0.19300000000000006	78.83000080299851	65.42026296552577	43.73353580004208
0.19500000000000006	71.29757687773797	80.91098907048246	44.109935671097304
0.19700000000000006	-125.53596570630265	77.7671941482366	44.476193114683156
0.19900000000000007	125.2859248535021	82.13704397803049	45.30183114697466
0.20100000000000007	57.32400160596285	78.02640289646622	44.898803426238324
0.203	-64.0680521513115	77.60642380181316	45.36981141846814
0.20499999999999996	85.22638326069476	71.26221120345726	45.72203158942415
0.20699999999999996	-41.24600736044037	80.12796626920861	45.15147559932125
0.20899999999999996	-1.2628710903683782	74.39917856807463	45.097726202389865
0.21099999999999997	64.341311237337	72.39711275021861	43.64899043591966
0.21299999999999997	-8.771485067282647	74.318051244412	44.11677971162785
0.21499999999999997	60.182466841585125	68.67070047748491	43.46580175870278
0.21699999999999997	-25.336950771337463	76.76728252999624	42.94033129800568
0.21899999999999997	71.94246836084162	68.13141789262049	44.38748878639049
0.22099999999999997	53.8048289386861	77.81214410677016	44.99058401169593
0.22299999999999998	7.7334364123604615	77.96606110805372	44.48825048502122
0.22499999999999998	83.3969447071592	75.48031591767612	45.49949928893521
0.22699999999999998	-74.90910468777034	77.8754920470375	44.621340088574755
0.22899999999999998	-15.492551554863176	80.80217099358474	46.3009099892743
0.23099999999999998	29.461212455395014	73.41749747917795	46.26332655677719
0.23299999999999998	-31.636983035210342	75.42956063874925	45.82587514721715
0.235	-35.382785076754075	77.77967361995891	44.52664917303867
0.237	-17.68652338451915	70.27122965070315	43.2565450124452
0.239	17.41180291214839	76.09975872436814	44.95332597106625
0.241	25.188866114911335	67.36810267751018	43.12816066038222
0.243	76.62382826878478	80.35545229483422	45.244872253348134
0.245	65.73703064227665	78.55102783674106	45.474316898023126
0.247	23.634458567123318	81.08975336340302	45.17842143859035
0.249	50.4158900120899	78.77408416019121	46.501420134740364
0.251	124.59698020794718	77.79662347501335	46.30807816074268
0.253	13.153019149836354	75.04395000092967	44.93207067760879
0.255	-0.365237057708967	82.04834007761947	45.43437534307146
0.257	137.7997068845449	73.6939304626162	45.77235758970439
0.259	7.815211466200012	68.11257746362227	43.28496949252072
0.261	-41.9070209735084	80.96432744185147	44.501306195642336
0.263	26.078276319951854	76.38038533207411	44.02851350021485
0.265	17.70019602997941	70.79397253680224	43.03488746447258
0.267	-6.861518711431813	68.75340059080848	43.40413051258637
0.269	9.974067171514278	78.50985509532	44.54921908867495
0.271	58.567929134722974	66.98599158433797	45.786550615543774
0.273	-12.360991844539981	73.79659790779819	44.329664296979296
0.275	-31.983995124718057	79.12167559546202	45.43667936659904
0.277	29.207933106567552	73.97098491606695	44.32122926877522
0.279	38.61914142100353	82.58266362902155	44.806857395122925
0.281	-58.03132233306307	77.758995392291	44.94982118164989
0.28300000000000003	25.84764670054973	63.58382296915034	43.88897758770885
0.28500000000000003	125.69958899488753	81.64689553846333	42.92938927750788
0.28700000000000003	28.347071609591268	75.02885012896378	43.519006435566745
0.28900000000000003	32.9261766618405	80.66472239460549	42.83919029186476
0.29100000000000004	70.10934951812153	73.29279172570698	44.64856277744827
0.29300000000000004	7.305924996536817	68.6917548600146	44.57715304346678
0.29500000000000004	-82.06924797538039	82.73162669144513	45.13718413166496
0.29700000000000004	74.87161725183711	71.74654929929494	45.22314767985831
0.29900000000000004	2.1536043668390903	77.93752361875994	45.04669545756132
0.30100000000000005	-68.79331085396512	71.21359317647278	44.437315397528586
0.30300000000000005	26.380002110304446	68.91669860685167	45.54753757922184
0.30500000000000005	23.61438327924681	69.09962117093059	44.22523068348755
0.30700000000000005	-56.720321170877774	69.86698070451669	42.86963305347643
0.30900000000000005	18.304401945945514	76.35615479626505	43.016008493480754
0.31100000000000005	-103.71192305058673	70.89139617944318	44.49777225808764
0.31300000000000006	29.914958718402218	74.76889909735546	43.1151385211108
0.31500000000000006	-69.64777379747656	74.6056456995093	44.5109121239261
0.31700000000000006	130.9711672694558	72.03215210604007	45.057841806676564
0.31900000000000006	-48.25944347142119	82.35853980345274	44.37842972273274
0.32100000000000006	-71.96273745735394	82.09917689116517	46.099628717118
0.32300000000000006	25.996412522433232	81.2682799505729	44.54581462850066
0.32500000000000007	10.705605141048125	84.19933478190292	45.24932440877255
0.32700000000000007	-33.150025492312274	81.89565652928887	44.29093062163128
0.32900000000000007	42.3968920388873	75.23489323239608	45.204812112189735
0.33100000000000007	48.14225350191492	75.87841153583045	42.200537421233626
0.333	-44.35521739543091	76.84007266069601	43.771584471887884
0.33499999999999996	21.2026820818334	76.91186057414481	43.33577902720736
0.33699999999999997	-39.738669858513376	66.7821333028339	43.66702802573428
0.33899999999999997	72.27874098347797	77.41332281133845	44.42977835234827
0.34099999999999997	9.269781187537518	84.5319909819551	44.41214474340159
0.34299999999999997	46.977003574699694	81.01595869683656	46.018583845728116
0.345	-41.31469464230264	76.85612715589751	44.64122534279203
0.347	-147.4921337724089	81.73228704974957	46.542663269620675
0.349	-70.53087862951557	70.87184747220084	44.70292738292688
0.351	-78.74205113089783	79.1673193402835	44.66906432698575
0.353	-0.30341152146284855	79.17160701482253	45.350977940535635
0.355	83.40382471438978	77.13754356831126	43.35535649289048
0.357	-8.365037142188392	75.73133515616067	44.581221043975084
0.359	-25.065918433764267	72.41624962977794	42.171845243905615
0.361	-37.74204239070933	74.50626202206408	43.589615055371866
0.363	13.177185867796481	78.62600934118038	45.386051333899395
0.365	49.633071901533654	73.67894570503088	43.337927897766185
0.367	56.2958908580935	85.31913329234479	45.53134076089681
0.369	28.069787139761715	69.3097254284503	45.37287274149413
0.371	34.2652907632246	71.96404699404235	43.49316508916172
0.373	-173.06294375474263	77.19793098480542	45.26304859139826
0.375	24.196411395616124	74.74195146521436	44.68282705172024
0.377	22.031959543200585	79.64373135823881	44.11393890313493
0.379	-64.10081949015378	77.77892986258239	43.3047193007165
0.381	59.227603460110245	73.1292694376824	44.09275158983303
0.383	-18.709567428443208	74.61255486773932	42.75917963683249
0.385	-37.62153915221056	81.17584675012229	43.53534694659297
0.387	-44.51040252606564	83.83374812093895	44.58814201884714
0.389	-16.20811860458815	65.60723427016585	44.7092220326805
0.391	73.0876891961163	78.85466597345344	44.93398136199768
0.393	-10.167044431685923	69.67771116992522	44.82856049660431
0.395	67.0055599463204	78.54525757635086	44.81337742693009
0.397	40.27257750349733	73.2049750844596	44.90391716643612
0.399	89.19742332635927	74.30752648758775	44.565392621593105
0.401	44.47066233148611	74.19691332526324	44.41620326415747
0.403	-71.99988556128022	72.70094648756768	43.05019905924945
0.405	-51.96321372924473	78.5049326408068	42.137357324440956
0.40700000000000003	-94.14683553876645	73.40325646331536	43.73265818310145
0.40900000000000003	-0.7034651402504366	76.86084524895676	43.009043027836725
0.41100000000000003	5.03950908625761	71.09541612753175	44.14385779036505
0.41300000000000003	-127.26366472448625	71.98236094721936	44.189836078508684
0.41500000000000004	-110.16757500648123	78.07832721911338	45.514038136118266
0.41700000000000004	39.90077156523775	75.90863211524338	44.48298386871441
0.41900000000000004	-32.90242663833709	73.22337048848473	44.98510200888408
0.42100000000000004	-30.963092324087782	68.81386971157099	44.41505113984089
0.42300000000000004	52.9617457285525	81.7416975541876	43.23146345437852
0.42500000000000004	3.1017710131475695	76.15788693776125	44.50999549220895
0.42700000000000005	-36.95598773745257	72.96767739511883	44.477436015104075
0.42900000000000005	53.12461348405684	67.16763693996043	43.84749462998744
0.43100000000000005	36.893502649792964	74.55332711803848	42.4602646053047
0.43300000000000005	-97.29320165985378	75.08687191065395	44.32909539502381
0.43500000000000005	-73.83730635457385	69.28604757538639	43.80919050362674
0.43700000000000006	72.85386621180834	82.60275037695222	45.14892211349009
0.43900000000000006	32.226390679346295	78.42158806464366	44.79987108078554
0.44100000000000006	31.078210018131713	74.05819193201583	44.44297819952124
0.44300000000000006	45.661438137889476	72.59411302004798	44.28817628695065
0.44500000000000006	-8.300979057129787	86.09316687809901	46.15604937844405
0.44700000000000006	-82.8362013843842	76.36427438137173	45.51025799827111
0.44900000000000007	-34.866067138428214	68.97571161851504	44.68115702411341
0.45100000000000007	-39.70561525012961	68.11377158517548	42.7178548083698
0.45300000000000007	-10.577178708004453	71.74185665843218	43.39733623138398
0.45500000000000007	54.40462378558664	68.21434652057485	42.455689407662824
0.4570000000000001	-47.48333382065262	77.86670817459937	44.159333717665746
0.459	-38.22448404422474	79.35978368604778	45.18481403975422
0.46099999999999997	-88.87979083438412	67.90684782677083	44.579344532178425
0.46299999999999997	48.611925343777784	79.35116842504753	44.119548965375756
0.46499999999999997	-11.413488351652568	70.95944252379668	46.1931430573197
0.46699999999999997	60.565790783950746	79.35278596558015	45.07262312554905
0.469	57.97578072708198	73.94377257832588	43.73027491075856
0.471	54.364632075643016	67.37224766781992	44.05990920187044
0.473	-94.68402420731437	71.11226719377737	43.2201851629868
0.475	21.679796390339234	76.50194110161901	42.934719021965776
0.477	66.67660148473864	64.65770057171393	43.168944333720496
0.479	-12.869216614697088	72.03836806835541	41.736333102336296
0.481	36.21220256122548	64.33901641381243	43.75349289306258
0.483	56.19083815089354	84.69022148597222	44.66384954709355
0.485	-1.7414873865195801	77.8184657409376	45.577573588429225
0.487	-43.40691928372831	79.71041127885792	43.86770426290167
0.489	67.64860642194392	82.82032621916329	43.47206939522376
0.491	126.86226049241078	79.3278511015404	44.96581790171649
0.493	64.25193127879147	65.12127987455874	44.6700245603375
0.495	108.45351386645774	78.29029099748732	44.69418997874281
0.497	36.32583179946636	77.26954052887776	43.4259588243277
0.499	28.778933571782517	70.11300801528584	44.503285547508355