-0.499	53.84889140680471	36.898273435146926	20.20182984558446
-0.497	-57.169374152121755	38.37880817664128	19.261543010389826
-0.495	-31.585689193480704	43.71028819173665	19.27131829911686
-0.493	-4.135037768304706	41.09475912313102	19.63719439375578
-0.491	-16.474647533071263	42.17262840147201	19.27541795694114
-0.489	43.43025722430838	39.6833637735749	19.207770260608267
-0.487	-3.9562245396362883	47.79744381393763	19.315419792824205
-0.485	30.546559526056782	42.37744316795673	19.949651162084855
-0.483	-24.66574961568213	39.05911353959305	19.52427993192054
-0.481	-2.6345329742216705	39.45306328642814	19.47015625521218
-0.479	-11.642043935333746	36.88906672387825	18.91769042136452
-0.477	67.77708345739875	44.08461773825875	20.004626265785678
-0.475	-1.4117514101075201	43.6084454257728	19.17007655856029
-0.473	-54.70273511021251	41.86791958653858	19.34308916448752
-0.471	-26.85168547089667	40.67610305266994	19.40544981197528
-0.469	-38.94761094691557	37.76334811379081	19.46156571749819
-0.46699999999999997	11.36312064486944	45.173742203301984	19.238204977403655
-0.46499999999999997	-36.72161523737838	41.334574501365985	18.899029455329515
-0.46299999999999997	-16.300444265482383	40.18318118011032	19.354263021730176
-0.461	-7.3275640087855365	40.54844872150484	19.45548579402542
-0.459	-21.645731275388158	38.09111721032696	18.834183168609975
-0.457	-14.836769345216716	41.95960309567782	19.12978511048072
-0.455	4.371585551110613	40.360808151279485	19.15072109053527
-0.453	32.05607566436619	50.49353248501198	20.017421045325978
-0.451	3.4846429000090495	40.30311556234581	19.45764845715968
-0.449	21.422014725880345	38.907599514344604	18.96085227925245
-0.447	-2.461563610500761	41.4088065885472	19.292543361088878
-0.445	-42.65480285381429	35.07290859160767	18.228776097727145
-0.443	-2.549439404364584	44.12371877448211	19.646213158197238
-0.441	-54.55126398024035	40.130339868957364	19.194366957827413
-0.439	1.4085419270948307	44.68355509653211	19.553916415092754
-0.437	-13.015078051070716	44.83179036136414	19.358550827790605
-0.435	-18.923280589500102	38.79707781410509	18.75441346918266
-0.433	-11.941550246308275	46.38902279959539	19.377944455834765
-0.431	-32.95584668083773	39.59079720025336	18.843338457134088
-0.429	-35.5800149061114	37.78042883597053	19.216579277633713
-0.427	20.80351666533531	43.12212902136754	19.417011581219082
-0.425	-16.332487837167342	40.04575303530652	18.84928539139541
-0.423	-67.82976025321297	40.497557691005724	19.314073219857818
-0.421	-20.421591495844993	39.7761034528417	18.758313774447263
-0.419	7.612164628412188	41.33048188624867	19.192828093771954
-0.417	-36.83806991228167	42.73898861682926	19.300000687252194
-0.415	-36.40401123661263	43.17414091790097	18.65842927002855
-0.41300000000000003	-0.7520751456047137	41.988237005605114	19.425943029491624
-0.41100000000000003	-67.95447441765302	34.07396869498915	18.383538087359824
-0.40900000000000003	17.815469512960647	40.291362666743744	19.04287889189854
-0.40700000000000003	-39.46616268712955	44.06355672362677	18.967158243909473
-0.405	13.587408381088295	44.220161850700855	19.7163951370996
-0.403	-76.08858830820964	40.588252747770326	18.95331245034011
-0.401	6.0158534913590245	43.115480775856206	19.119896246872006
-0.399	-34.8556741440742	40.35398097261906	18.85879628530532
-0.397	-89.74542373496597	39.93329730584928	19.15023540686238
-0.395	-14.684870668690841	40.088236322306294	19.717534392200466
-0.393	-13.031761491033578	40.80718362525499	19.191918908613683
-0.391	30.422800769924763	42.43798280845061	18.939787753013295
-0.389	-55.042051171017015	42.00481510711679	19.513830401250384
-0.387	25.154999788057353	45.3997763994002	19.210338819310948
-0.385	7.30046012864527	42.65094041228031	19.444828727872764
-0.383	5.474079691314415	46.026719026266505	19.34935734846417
-0.381	-55.93861121855337	40.09153188344853	19.56793192251813
-0.379	12.461519840245572	43.104640272142085	19.00174029285798
-0.377	-45.19787458645563	42.50286719732994	18.700556095850633
-0.375	28.358608170853117	47.09658287733415	19.800568516607814
-0.373	-48.11631959522611	41.261012538441705	18.66942226351066
-0.371	14.860055415066853	42.56008967096391	19.21580429021815
-0.369	-29.568514300470916	41.36762849686041	18.9862737307818
-0.367	-43.18634419520073	41.555051335038684	18.77121736191692
-0.365	69.76918504353335	44.65738046469645	19.98123259447506
-0.363	-14.545843882940446	39.32613154641846	19.19857187572365
-0.361	3.6559139153791165	40.83496473435632	19.43715441684064
-0.359	43.600861736825536	46.977016809058355	19.60113730231067
-0.357	-34.7237837091674	37.64456934438015	19.10944099518867
-0.355	-3.5233078780061433	40.35869442460376	19.253130070991954
-0.353	-6.186602210300762	37.37736807213399	19.021806395214494
-0.351	-11.901101697131544	43.308789956654365	19.750717944358893
-0.349	-36.34387743178813	45.371031600465166	19.58758471860804
-0.347	-23.534535651403843	43.97398529581118	19.023527866939318
-0.345	-2.8437684700399757	43.80034303080809	19.234856733849657
-0.34299999999999997	-29.90978203964989	42.16965882656804	18.588339928203755
-0.34099999999999997	22.69508506125284	48.66703179774894	19.18429666286464
-0.33899999999999997	-50.3074646049928	40.716762877557116	18.922118902856564
-0.33699999999999997	45.14348042428118	37.492352161770555	19.461095309428533
-0.33499999999999996	0.2324005001774765	42.38614599066289	19.213360693932035
-0.33299999999999996	9.08403743027364	41.3025286601409	18.2732942401378
-0.33099999999999996	6.712990345381087	42.126424453922866	20.42869104424747
-0.32899999999999996	-49.75855393263284	43.4112025391449	19.132293205392656
-0.32699999999999996	3.8048486017405736	38.797283316614035	19.561096050247972
-0.32499999999999996	10.027525546130178	45.96251575892956	19.560828818500337
-0.323	25.021776125733197	39.00028800685517	18.951078771780622
-0.321	-18.429288145771494	45.46974180043745	19.088516222991448
-0.319	4.223947019710295	41.80867938418261	19.176276561162336
-0.317	-8.806848509568255	44.94605219006351	19.870387433535864
-0.315	-2.667819188340026	45.609870556380145	19.496972581163767
-0.313	-73.1779028818602	41.205315181661675	19.21680557094037
-0.311	21.531965686660826	43.78717810933938	19.84086117972581
-0.309	-19.96729191378055	40.22091607215757	19.339756006606876
-0.307	-8.155720799041255	43.32475014899512	19.599258549196318
-0.305	-70.26353352779236	43.763856453327705	19.117890203313724
-0.303	-12.460422398996585	44.15051250362963	19.254587907568386
-0.301	-51.377207360925325	51.35463867496773	20.993547611661775
-0.299	-16.24167962344103	42.98184646246456	19.126187228533006
-0.297	-5.603156834399492	46.99618657002479	19.665444397446237
-0.295	-17.651046972821938	47.116116326287205	19.815523567696896
-0.293	2.9703354973431573	41.340249371682745	19.791822405522428
-0.29100000000000004	-37.888982848621744	50.24626141974477	20.0147780469875
-0.28900000000000003	-38.565706770632424	40.69043833967416	19.022213623185994
-0.28700000000000003	-26.61534806047694	47.04315439988924	19.528270434562465
-0.28500000000000003	-12.027615516663204	46.641462389114984	19.287803509617078
-0.28300000000000003	2.1518364576866844	45.0751590474831	19.41977847320267
-0.281	-69.52294071416176	45.02657298125607	19.64500464661281
-0.279	-50.607980599082225	43.23284622345869	19.073464921175404
-0.277	43.83701273447116	46.74465691688335	19.649913906253804
-0.275	-12.687063624783335	37.64951747024039	18.59354921019292
-0.273	27.102791829936024	47.715237819134344	19.559780395934983
-0.271	-30.335354184618524	42.765952603459056	18.896250648795736
-0.269	-1.5172083098757838	47.60218594685326	19.345094569700265
-0.267	-56.431424810821085	42.18937480919704	19.567668398017283
-0.265	-25.660057389020885	43.17608765120589	18.632796277299903
-0.263	37.02768086455421	47.78829639115363	19.1238551131733
-0.261	-64.32030898462227	43.128997198990994	19.587316808175583
-0.259	61.657459200947784	46.03343926975608	19.138480510936315
-0.257	-2.199650764866945	45.04474070448735	19.649693855986484
-0.255	-35.28918150952354	46.61858397982529	18.754909687599028
-0.253	-20.618290375251647	42.68258434276054	19.167696034934245
-0.251	18.095395919459634	44.31614181455301	18.951928606259113
-0.249	-47.60503477541089	49.98345512886426	19.106136622858656
-0.247	-7.031877900298689	42.46859113180848	19.043705763839725
-0.245	19.5452518121364	42.28247365753425	18.992199251355103
-0.243	-45.116767268593705	41.00443667061838	19.152841263651773
-0.241	21.463849854574946	43.34436975834493	18.560104031791603
-0.239	0.08085478087060949	48.03519970863046	20.559513828269083
-0.237	-75.04078198006248	37.733541496816535	19.20884322155294
-0.235	49.558975086627655	43.41374302824632	19.438941530623964
-0.23299999999999998	-7.155997963526062	44.02347435779312	20.00074959166006
-0.23099999999999998	-21.60510193138787	42.4213390303517	18.539577972807546
-0.22899999999999998	-6.57012986304828	44.370698637358174	19.34551378385924
-0.22699999999999998	-0.028785524852636968	43.49527973293059	19.405664129298383
-0.22499999999999998	22.443216191492255	49.48867828388721	19.325128284439597
-0.22299999999999998	-36.28451797987875	50.155895721515954	20.12780399596006
-0.22099999999999997	-36.82649429659346	46.15251189359395	18.553345017131768
-0.21899999999999997	10.094387619119516	40.26737551786993	19.77499798168499
-0.21699999999999997	9.147057578262618	47.503179949321414	19.847033034805005
-0.21499999999999997	45.482811989350225	47.272128721834704	19.18970493535622
-0.21299999999999997	38.965840539528784	48.277956337545646	19.644934490080274
-0.211	-20.8207897375301	40.84113659582105	19.280335284121254
-0.20900000000000002	44.77542091363418	46.72532225826247	20.16439755555322
-0.20700000000000002	37.431161852508055	43.42699690002943	18.90537640610497
-0.20500000000000002	96.77555566489637	44.16210495186767	19.77858303166469
-0.203	-16.277539587106205	45.2122058115244	19.39755314929188
-0.201	84.76233012832957	51.146790128046064	19.888714768577806
-0.199	-34.78442864612852	52.89315891682325	20.167124251719663
-0.197	-28.16180604203744	44.64055380508229	18.804053237565824
-0.195	5.496469366317314	49.20352642496954	19.99497009740338
-0.193	-8.44034864178056	46.4362097322337	19.460704389862208
-0.191	44.892009446684256	46.82585294079923	19.692500827019636
-0.189	-73.62583901093788	44.93311252432983	19.460297171540734
-0.187	-32.94091696559587	49.54026956851275	19.207371023882967
-0.185	40.02124545743335	47.00570877089678	19.52081367630453
-0.183	38.261827626229206	51.90894194903994	19.395077942428486
-0.181	2.0609732058751717	48.757746707355096	19.585748163710228
-0.179	20.070693992568778	46.78072875209923	19.677531102938254
-0.177	21.334491408842027	45.81150079566974	19.055872998913628
-0.175	-8.236857686916288	46.099855872172256	19.482823069456458
-0.173	-15.181902241589995	44.83691506132013	18.904591871539598
-0.17099999999999999	6.1692634356624865	44.754639820629684	20.42023482607946
-0.16899999999999998	-68.3456511063607	46.44643011058895	19.532160868205388
-0.16699999999999998	60.22577251396655	49.11325071212231	19.198359565214645
-0.16499999999999998	-48.53026010065431	47.37139896917497	20.155345490022945
-0.16299999999999998	0.8510369411407481	43.431882072283365	18.998525540733947
-0.16099999999999998	-35.44595884508173	50.64079053708225	20.829627821011098
-0.15899999999999997	47.34164991049283	42.65449484368437	19.64971002295081
-0.15699999999999997	17.946988556172272	49.187870278897236	19.803589855939187
-0.15499999999999997	11.391077846756303	47.21913497137879	19.642182628863388
-0.15299999999999997	-11.273170555381462	53.38099904828906	18.969187384473166
-0.15099999999999997	-56.650243269618095	51.08498999525269	19.835756869003745
-0.149	10.081172376441572	44.85556724427465	18.42248906115637
-0.14700000000000002	46.43899394496387	53.93990378842756	19.454635452530873
-0.14500000000000002	-51.12950609453826	48.8045036880818	19.59686813068314
-0.14300000000000002	30.690817248935076	50.947015108841235	19.65239866328836
-0.14100000000000001	-27.38597129059439	47.2726258674369	19.677987302496135
-0.139	-8.580283156867097	44.6678008781066	18.439042109437004
-0.137	55.375604304908066	52.35662516188598	19.469092706161483
-0.135	-46.68845351407658	47.307078270714506	18.826076165840778
-0.133	20.224988759531826	52.1450383833963	19.442292481547064
-0.131	-65.96195329067189	43.80845599701149	20.14981263916059
-0.129	-19.031525272938943	51.35584104243171	18.75684521745841
-0.127	26.28450823483064	55.22961351515475	20.163633432140937
-0.125	-46.81037964782142	47.99731767884911	19.13343103007982
-0.123	5.180784344416267	48.49105805679725	20.062947129414727
-0.121	-49.45085351171219	54.91564437365054	19.940011523273462
-0.119	-23.564329911796023	48.535487835307734	19.13677965283801
-0.11699999999999999	-15.404244730121697	52.49061820351923	19.75627883820411
-0.11499999999999999	-26.166583061759674	49.82500944048003	19.81310614062084
-0.11299999999999999	29.249406795717192	51.71925096284353	20.57332534337475
-0.11099999999999999	-49.096112842206274	51.27577004484712	19.427905770193
-0.10899999999999999	-45.45787444898419	56.16421760400105	19.501917020996085
-0.10699999999999998	-49.26094680779425	49.87453816628787	19.91188730806995
-0.10499999999999998	-11.987038206262568	54.220592180180766	18.814803540324874
-0.10299999999999998	50.07407156631949	53.331702317850585	19.50565037327759
-0.10099999999999998	-78.25076340384207	47.93524039120086	19.251441124495827
-0.09899999999999998	-5.550386148800435	55.84203395179233	19.625305419911385
-0.09699999999999998	-17.97599178099407	51.45882678625566	20.64256521259544
-0.09499999999999997	32.22105780786855	49.57687276547906	18.857477169770753
-0.09299999999999997	43.78136170490876	56.36368896019835	20.096682605406155
-0.09099999999999997	29.010357002645648	48.9313809796503	19.466304934734797
-0.08899999999999997	-22.164607285102278	46.7769112293039	19.468854069065575
-0.08699999999999997	-23.794424862222385	50.259981845746886	19.416609998642876
-0.08499999999999996	-26.740734521912835	45.46622210621011	19.665407297343062
-0.08299999999999999	-20.875551715260343	44.254475916680505	19.212355394259482
-0.08100000000000002	12.209452997735681	54.05350205766363	19.773449129683616
-0.07900000000000001	70.34948649509154	51.16081353590023	18.81820711016526
-0.07700000000000001	-16.56563511043263	49.2211632124803	19.93696538068383
-0.07500000000000001	19.101919953135038	52.80287155886041	19.144482485215384
-0.07300000000000001	-7.2014603618164585	46.04122682548138	20.028519135670187
-0.07100000000000001	30.590135971397814	50.004444237743726	19.333826486944417
-0.069	-0.6645615568956487	61.507859356335935	19.686230331638583
-0.067	-60.718079678223624	48.438938648775625	19.79736457105484
-0.065	50.17774343829551	52.47342897036546	20.11068873059204
-0.063	-28.00784125300826	48.092068889115716	20.108841698468556
-0.061	-1.8458045006886081	53.24636606342849	19.09099821632636
-0.059	36.77300020998864	58.41919856327561	20.639076413428203
-0.056999999999999995	-49.21239585664594	48.5670035753963	19.815397128544234
-0.05499999999999999	-2.5779597041530877	55.12119154515524	20.173366447026538
-0.05299999999999999	-31.307437090344337	53.41609911693655	19.8653454870528
-0.05099999999999999	-41.22813484075394	51.53382485034816	19.020287500748143
-0.04899999999999999	-2.390399652441033	49.22048616741761	20.095571689001765
-0.046999999999999986	-19.761853178201783	57.58331254182712	19.64948642709779
-0.044999999999999984	32.969353393585976	53.64691474695172	19.552936725473472
-0.04299999999999998	7.993012841822633	47.74490681480083	19.91955218996618
-0.04099999999999998	-9.470357589358436	53.215386988337634	19.36356048564698
-0.03899999999999998	-24.46405539602292	51.01067292283168	20.04308657700566
-0.03699999999999998	105.78906596481197	49.52709644026169	18.724545888643334
-0.034999999999999976	-32.536924346682206	54.92169726809648	19.45508591135638
-0.032999999999999974	15.24891891691027	53.03616565177659	19.905355868897193
-0.030999999999999972	45.8218043586367	50.64529240725504	19.367435272610205
-0.02899999999999997	-17.251404396789738	55.28792958752225	19.90791604407161
-0.02699999999999997	6.3961081562258215	54.80940546029779	18.969852967628665
-0.024999999999999967	-16.280717114458554	56.63913322103945	19.968025446007296
-0.022999999999999965	18.561794466132042	52.442515195193465	19.568665267607322
-0.02099999999999999	126.48045511132189	54.02623790893728	19.394215000811684
-0.019000000000000017	32.74316322543491	53.76843157976205	19.680832954090448
-0.017000000000000015	-28.45358133418685	54.137366930793746	18.89372590888614
-0.015000000000000013	-26.222583221602314	55.25753355581045	19.994750626433788
-0.013000000000000012	75.0232624482372	54.54459409190986	18.955108364302244
-0.01100000000000001	60.88471133658402	56.009634508557006	19.589955968433728
-0.009000000000000008	-99.0766880185623	49.16087496531372	19.343084744657588
-0.007000000000000006	-977.4775864448416	62.562964489059205	19.565957376002856
-0.0050000000000000044	-2106.316713316736	57.89030263737644	20.298278096975366
-0.0030000000000000027	-2428.8803137439972	53.754654878429164	18.673501827643744
-0.0010000000000000009	-2616.9782389199313	52.158428452236066	18.986121560500795
0.0010000000000000009	-2633.373656455995	46.41023465081213	18.683194860129834
0.0030000000000000027	-2442.53520069404	51.51657182387274	19.478246453658613
0.0050000000000000044	-2121.5640474696597	54.57481276878447	19.411630570748034
0.007000000000000006	-967.9235604073133	62.66497156239065	18.2689975631023
0.009000000000000008	-79.52798204602374	49.00685543897821	19.541304779590906
0.01100000000000001	-7.8405848282780966	47.057930191641894	19.03419862002864
0.013000000000000012	33.25461647807337	52.00602389966824	19.65620967156557
0.015000000000000013	-16.055922846702764	49.34212558557362	19.44021148106127
0.017000000000000015	-55.06956846446087	51.08660847251805	19.385633114927256
0.019000000000000017	0.4954117500677313	50.55930573596167	19.202419245030114
0.02100000000000002	18.8254767607976	50.91679633030895	19.19584109152184
0.02300000000000002	40.42467419140827	49.86037583710927	19.16851741750665
0.025000000000000022	-32.6385702050791	47.64567317731653	19.638418934971707
0.027000000000000024	-40.122472490522476	50.97151280217308	20.053722183638303
0.029000000000000026	-18.150088942459064	49.640560213642054	19.45715761047827
0.031000000000000028	8.558367477817796	47.432221046871426	18.611290762279804
0.03300000000000003	-32.57061921224658	51.15207352847874	19.386879198044976
0.03500000000000003	-5.316749029482537	49.092364004356035	19.599975727138098
0.03700000000000003	14.888996529682785	48.81204105441632	18.704611686982346
0.039000000000000035	-59.729065386648905	54.1425909194569	19.282999092848847
0.041000000000000036	-36.92112650788282	43.934558519106844	18.627581280922428
0.04300000000000004	40.254256419292034	52.08058731344464	20.029284596613888
0.04500000000000004	30.016482018391244	49.57620856633312	18.909583860661808
0.04700000000000004	91.1313763471977	54.10630141718549	19.41832175402302
0.049000000000000044	0.8359851828565468	52.135966394166424	20.19050665475852
0.051000000000000045	-2.381514388138939	48.43018993217578	18.793257072073224
0.05300000000000005	35.24656524511727	50.27633483180808	19.689771300160203
0.05500000000000005	31.917877431286712	45.51171600500995	18.739704818226183
0.05700000000000005	80.59167333684947	51.59678329282408	19.588075953714664
0.05900000000000005	73.17052477362473	43.25177964251032	19.719215375024625
0.061000000000000054	17.263182618743045	47.802098943603916	18.908673989905243
0.06300000000000006	-61.253313688114375	51.14647197116162	19.900447401617697
0.06500000000000006	-8.186359428674628	45.66282504978635	19.164998252316856
0.06700000000000006	16.750454989722385	48.03014416833788	20.024165782042118
0.06900000000000006	20.28271601406395	49.79294588475666	20.066813928456657
0.07100000000000006	21.234143005477435	48.67281701983618	19.443885055320184
0.07300000000000006	-12.516206275292596	50.35259657634845	20.241643319385982
0.07500000000000007	8.939495961923782	48.93128310911961	18.53806654123486
0.07700000000000001	-21.47148603126592	49.680451245275385	20.49848399894894
0.07899999999999996	30.635209199214586	51.88499463935158	19.079663396500386
0.08099999999999996	37.76356003704073	52.564122365616605	19.9118781603973
0.08299999999999996	-36.938046016010695	54.24831963327178	19.726035605718724
0.08499999999999996	-38.79414049756669	52.24291746397643	19.103318985632253
0.08699999999999997	-4.549864568992312	50.7794502975087	19.51420419070664
0.08899999999999997	5.03324772860303	47.47522248986106	18.990653264112307
0.09099999999999997	50.28467936862846	54.79657293571603	19.86880956793981
0.09299999999999997	27.28849736155503	49.29490160792814	19.454170874865
0.09499999999999997	-23.810764529175188	49.282325746175424	18.83486296401414
0.09699999999999998	-2.7923360910175887	47.67381451037197	19.527936351590476
0.09899999999999998	-1.2273733126511033	47.950498998825466	18.836427435302237
0.10099999999999998	-22.246773289880117	47.471725656585235	19.0097121622841
0.10299999999999998	16.90046089586339	53.18505420178734	19.23107778120788
0.10499999999999998	19.28072737933384	49.75456632314156	19.37159585644129
0.10699999999999998	-4.872586763182696	50.664190539884636	19.62752988658964
0.10899999999999999	14.986030565156128	49.25225242818621	18.985991520609016
0.11099999999999999	21.217715214572053	49.52778007282947	19.491321261341295
0.11299999999999999	29.72199176443091	49.86619433268701	18.931164726399956
0.11499999999999999	-18.373185819098303	45.50924344658498	19.570709876068722
0.11699999999999999	-32.303895769469904	51.94353312239061	19.543819169840248
0.119	-3.382240488902788	52.9672117140087	19.531902979388168
0.121	-1.7262826033093148	51.31489849676441	19.90353427216988
0.123	33.770146481648666	51.869726929153785	19.319736623998807
0.125	29.008627586923907	51.04370843647722	19.44207981569067
0.127	6.119452147679283	48.76683233782705	19.377775896144897
0.129	-0.11987367953825157	53.047671657782416	19.354380741682345
0.131	-17.49600529343809	50.43389389343664	19.29746977192947
0.133	9.638624052010769	45.23367330666627	19.357866987562467
0.135	7.345254086299491	48.2705304206232	19.185802849423084
0.137	43.34705555963936	50.20945015355657	20.030239020282114
0.139	75.89069404567717	48.46943789204839	19.474194982941007
0.14100000000000001	32.44239990674025	53.4149913150597	19.659073423198706
0.14300000000000002	12.31750089769612	45.850457488237566	19.272759601432494
0.14500000000000002	54.436801885549	50.8016574175482	19.85286081636594
0.14700000000000002	19.202310846289095	46.732790163765	18.57686843960412
0.14900000000000002	54.27203312069473	51.62051963994335	19.512142613429464
0.15100000000000002	19.53901146301007	49.63811960678318	19.48250539704302
0.15300000000000002	-89.64032686453737	45.64975371030163	19.032697432129474
0.15500000000000003	50.29614591900433	51.82272598654969	19.517870223410274
0.15700000000000003	75.35620105891816	45.5991293204321	19.590314878673766
0.15900000000000003	12.21432464060257	45.89683578174371	19.65233787897449
0.16100000000000003	1.3778098479910739	48.95686559228712	19.30453829837278
0.16300000000000003	-26.321693853859074	45.182605629640584	19.44771994494695
0.16500000000000004	-7.713698957134696	50.46439115428037	19.41549624242668
0.16700000000000004	44.57694188042538	51.083744592183834	19.66827666111203
0.16900000000000004	37.21778617626903	55.94951234684945	19.630312574622135
0.17100000000000004	34.634253503140755	45.642993647892766	19.33810471970212
0.17300000000000004	-3.915105676655095	46.009442237559774	19.18624779138906
0.17500000000000004	-2.6985751377939238	50.12231233637154	19.86872742611861
0.17700000000000005	-34.387964850002284	48.256176835448315	19.296106221707905
0.17900000000000005	49.9797910884503	50.67616818190128	19.160351272224894
0.18100000000000005	61.003778395019026	48.200415063603806	18.934969760968354
0.18300000000000005	-15.602684528603916	47.36793014496181	19.473035406661843
0.18500000000000005	-15.589681525152166	50.59634670293141	19.807909157561404
0.18700000000000006	-15.781238296708189	46.46375114420997	19.41753809039123
0.18900000000000006	16.24094009722299	47.042875165461325	19.181952460579335
0.19100000000000006	18.905346570896597	43.51818158357969	19.215432252871285
0.19300000000000006	35.06139201792102	44.136914860517315	19.171973638560388
0.19500000000000006	25.276677461549824	46.03591153233721	20.04906704812261
0.19700000000000006	-46.54471024134743	46.817598250505895	19.409760013367194
0.19900000000000007	-32.76072726554613	47.68215914166418	19.357777648906143
0.20100000000000007	42.86178926538042	42.2598992927556	19.63051277763572
0.203	-24.371086580043944	44.6763787072502	19.46588357639851
0.20499999999999996	88.83655776914523	46.408083963593434	19.371229203749824
0.20699999999999996	5.748407527317312	46.78003075668233	19.104388610350505
0.20899999999999996	0.31042209802656373	49.96217931750991	19.162709630572476
0.21099999999999997	44.472578418330855	44.65313916229402	18.777547208266373
0.21299999999999997	40.88417948722167	42.24911215407433	19.625640644028085
0.21499999999999997	3.9143572720945485	43.073952037430786	18.775294126454554
0.21699999999999997	-30.49961058965156	43.68391352923966	20.137328518119496
0.21899999999999997	-4.658710548111067	47.827549658214174	19.776938930588692
0.22099999999999997	-48.979267408655325	42.341790291272716	18.922112565967918
0.22299999999999998	-9.100548369445072	46.4342421014549	19.830067381922074
0.22499999999999998	9.089907624160176	50.205569855701825	20.100779338365793
0.22699999999999998	39.092320314182416	39.331073183208964	19.914934253959746
0.22899999999999998	18.824520931159938	51.42578324682356	20.279986265892507
0.23099999999999998	-4.32773225667038	42.62894806779985	19.83059817983931
0.23299999999999998	11.023531661935593	49.64354670100527	19.609077425351877
0.235	29.48294976423682	38.780932087343636	19.551050853424677
0.237	2.2515784856569354	46.936693032703474	19.563088658370376
0.239	34.756569812888216	45.307925520822586	19.852272571537885
0.241	-30.59631597623902	41.466581138113035	19.59298626707857
0.243	-49.69611996152867	43.384537299410475	20.27377916751056
0.245	12.437266246889678	44.64914205168688	19.276608329195447
0.247	-54.13667611242623	43.400862458657464	19.32073200277489
0.249	64.68311414931094	49.22681377243413	20.099359488171153
0.251	35.90949037612923	42.49395077540279	19.968566285419374
0.253	13.182375156572945	42.97088888017392	19.57018405481769
0.255	-38.449828803854835	42.08380508664105	19.487247836292738
0.257	-37.20150321429028	46.28440269192045	19.853213962504185
0.259	7.488026050772589	41.26497937666881	19.587903008870434
0.261	38.82925171216911	46.60214442542388	19.40196919004951
0.263	-14.069125793270132	45.50271284555205	19.749497138620754
0.265	5.079528383467036	45.30418374348031	19.72511982285998
0.267	-44.364644194994085	44.48369911718346	19.90494014130344
0.269	12.564156831373907	40.78550950234937	19.793129732078214
0.271	-19.921192566441093	53.58629544010799	19.562459359542032
0.273	14.568079664156741	42.937764862540234	19.48689926786161
0.275	17.357172103382723	42.864548452255356	19.815389555651652
0.277	-22.220747232348792	42.322589895792404	19.427108072344314
0.279	19.904230617484586	42.52661025464696	19.33244103605967
0.281	25.307627904203045	49.719960221329835	19.76146854467342
0.28300000000000003	3.05502743458419	41.33586424783607	18.937092281844127
0.28500000000000003	46.15088439741122	45.0300430597654	19.69302196680471
0.28700000000000003	42.983390709183666	40.07213308664746	19.761660916002725
0.28900000000000003	-7.06249510040724	38.36139085958041	18.604015292723208
0.29100000000000004	7.51941848120552	40.88905041841499	19.11855468084219
0.29300000000000004	-11.21604514520147	44.27758433829456	18.82944827836909
0.29500000000000004	18.25563807544839	43.096813277524205	19.234073690046507
0.29700000000000004	-0.0265386295161818	40.637835189234416	19.542266857405618
0.29900000000000004	-27.473498059871204	44.0624337997041	18.81736226934438
0.30100000000000005	0.9194623347141828	45.175029935293296	18.855275664426724
0.30300000000000005	27.114948185635868	37.269645706165086	18.84867377365001
0.30500000000000005	-14.776815191575032	47.045812000267425	18.9332801393541
0.30700000000000005	24.67039829467943	44.16098480138169	19.21707936088137
0.30900000000000005	5.622205528910129	42.154947271081774	18.980772173852767
0.31100000000000005	-40.958976023186544	40.62378393813496	19.334399616115366
0.31300000000000006	22.321650356982303	42.85088070851874	19.059971144809435
0.31500000000000006	-21.677590067992192	37.66322506624758	19.959279688000702
0.31700000000000006	19.74330972487337	44.08516444778511	19.323865396922706
0.31900000000000006	44.730244422419574	41.19571439895045	19.633800173390963
0.32100000000000006	-4.301927767125235	44.05065821403296	19.175882227185628
0.32300000000000006	-21.948312615704957	46.630251296070135	19.775084997964658
0.32500000000000007	2.3406938634007446	43.884809038094474	19.313370694992695
0.32700000000000007	2.953242205894213	41.891287508116456	18.566519600374242
0.32900000000000007	70.81060612113	42.12144493973907	19.936132148774103
0.33100000000000007	-15.827075960928028	40.73339355231872	19.126124420055678
0.333	-42.346568830065046	47.10087571708676	19.507057882934927
0.33499999999999996	37.92368436084104	45.246530963210034	20.49275973907046
0.33699999999999997	25.566763256268388	42.05599692700826	19.492403639373816
0.33899999999999997	22.215929118329925	44.63597260862951	19.360167547348443
0.34099999999999997	24.910019546409146	43.345932711649354	19.567857331986957
0.34299999999999997	19.58296019899386	39.95823962746436	19.038762060882163
0.345	-61.415066179182354	40.4432996750328	18.993731674860918
0.347	-20.009118458896857	44.808254024177266	18.949819492038227
0.349	-13.036459563409153	44.985264014852206	19.21477460571266
0.351	7.5207038903180035	40.906960621178854	18.851885103708987
0.353	22.507796378468115	47.41389366372821	20.48219467923848
0.355	-30.53712197031988	37.20732028291996	19.100820448151246
0.357	-11.757774481591099	40.09828759573465	18.28207730535823
0.359	-27.515451165527338	44.72443416594713	19.718199759377306
0.361	17.430482390334845	42.51550017464504	18.54573078168675
0.363	17.9063222618403	37.79105956148926	18.826060483932654
0.365	3.6108815089086477	39.74615971841769	19.38531600095385
0.367	14.306184671575295	45.35486594622524	18.99337783442528
0.369	-63.398222677091276	47.123292105130105	20.200968140608698
0.371	20.987852541232144	37.186117819613585	19.223975866166242
0.373	3.3067711526779675	47.20715727447773	19.073098632211078
0.375	1.96779609207276	40.323678120993975	19.2905420755763
0.377	6.23097763363667	43.835435600724324	19.92077952062967
0.379	-36.73875793819281	37.761878775609894	19.233681745178767
0.381	-2.9431327034368238	42.737324596523365	19.495394540707437
0.383	6.375830167160146	44.823894689350816	19.688123021092057
0.385	8.51512170374491	44.83499004093704	19.350869854956187
0.387	4.705747981059716	41.992105260510336	19.329270601330947
0.389	-13.05190021061442	37.713437483225924	19.31400778549121
0.391	-21.37178884564772	40.84191470252193	19.363111896934196
0.393	-44.78735311896909	41.01362694527207	19.968168511637252
0.395	6.979411850682737	42.87004754922935	18.747415401577552
0.397	-14.19805385360906	38.091737859562095	19.441630926853147
0.399	-15.904020900237015	43.607822584081845	19.895224342804518
0.401	-35.73855880034671	42.655629889681634	19.23416216808003
0.403	-39.36943946336591	43.08777418461201	20.35494063119431
0.405	32.59584053183495	40.228390601223225	19.43633327973646
0.40700000000000003	-14.343223818658046	36.79493369824464	19.244216223938405
0.40900000000000003	47.220767297462274	42.20037051207826	19.332556041463576
0.41100000000000003	-22.199988430338102	42.95422857135374	19.04253897148039
0.41300000000000003	6.4711096146030656	43.287160209258474	19.48556437515086
0.41500000000000004	-26.69291884183078	41.37080476830151	18.621919400103668
0.41700000000000004	-14.662891057004579	40.419358369402474	19.46914402127527
0.41900000000000004	19.679245756965003	39.27308117680721	18.90607255980028
0.42100000000000004	-36.042261199020764	45.50566732874166	19.552845508081766
0.42300000000000004	-10.589896794921394	41.34916557781707	19.35457311485821
0.42500000000000004	-13.504772491290673	41.46945341797266	18.844544787204804
0.42700000000000005	-35.363986844338946	43.46854755570696	19.70080598068702
0.42900000000000005	14.535763436240856	43.615725479011616	19.13750520748435
0.43100000000000005	18.342333609533412	35.57365823192052	19.158893844315774
0.43300000000000005	-1.0114120260196202	44.1026002158766	19.810308955517087
0.43500000000000005	-11.292650070604537	41.015165283671784	18.972591046682265
0.43700000000000006	-23.512501803879537	40.4453902475487	19.528417017190904
0.43900000000000006	-48.345416847173084	37.92755120685401	19.325782507542105
0.44100000000000006	-11.203520564384561	39.52042914163669	18.61851427633421
0.44300000000000006	17.52667007748343	40.187508701896526	18.846020829359876
0.44500000000000006	11.066543246229799	37.57067017901968	19.18650648783987
0.44700000000000006	-30.26091261859598	41.034179265277444	19.61837063906718
0.44900000000000007	7.0811562020711705	40.308115451363264	18.861042841140527
0.45100000000000007	12.90654610497377	46.40616475955408	19.51801321751315
0.45300000000000007	-22.212939853050173	36.742851791821955	18.662063972649275
0.45500000000000007	19.842301304251464	38.58399846921387	19.379352877175627
0.4570000000000001	-24.269324853776197	38.6374982167521	19.187275283842848
0.459	-58.89965897321048	44.322602151055385	19.03860589313253
0.46099999999999997	7.396809320381337	39.999798213026146	19.116617677332716
0.46299999999999997	4.718754189170227	40.48342069017737	18.843341247855957
0.46499999999999997	20.429626379492305	39.8864438594283	18.889045215512446
0.46699999999999997	-26.480489841329558	35.02942330277711	19.08773712750711
0.469	-49.6154475300159	42.449078159607424	18.91681991380446
0.471	-21.6475985924669	38.15514207191931	18.780821573917088
0.473	-2.3885222107944415	34.799218290425536	18.98894494411148
0.475	-52.52196353033867	43.745267563988264	18.607961940105856
0.477	2.4798105731083098	40.96349241015624	18.706535111004815
0.479	-10.962149552540268	39.67780467157025	19.22367782840313
0.481	-38.47459259809227	39.47343947111461	19.444297156412585
0.483	17.04755576503736	39.58614440711457	19.34977340651853
0.485	-49.265359601036174	42.22130956647681	18.740045129908008
0.487	19.685559589088797	35.7544945804064	18.429726409572783
0.489	-12.805884649469412	48.37664980243795	19.776989889954432
0.491	-34.47541079182326	42.23059436047327	18.78487139278824
0.493	-59.509516627809234	45.38619275519538	19.683200449644588
0.495	20.65677972207247	43.722513543745976	19.23882740657081
0.497	-7.703125916136422	40.639029927054445	19.035921295970432
0.499	16.687620114419488	48.18881327476321	19.921132338665394