-0.499	31.197378201897052	38.72759998881146	35.206733148017754
-0.497	-21.134613409135028	36.447499951756825	32.27349019631672
-0.495	27.68211107229135	35.25673451029982	31.840529972703376
-0.493	-11.920464977999146	37.89047037969201	31.972520578675827
-0.491	-11.86450626444735	38.010336130324404	32.22432837784395
-0.489	23.43047967778844	38.44217129829754	32.74366544244915
-0.487	42.7646197096454	39.29190635271463	32.89826750766123
-0.485	-1.4976314467451957	35.30718306423478	32.58578190625492
-0.483	28.17613755445869	34.409876129296386	32.6922302715863
-0.481	-13.805095782304377	38.70248432499229	32.11195710673279
-0.479	-3.304555733163461	36.25374208398668	31.366855701234275
-0.477	40.39338135575221	35.84240563446717	32.9853825804394
-0.475	-12.840101730415832	40.76100216330081	32.259906795438084
-0.473	62.25407961979457	40.1592660924682	32.1746873676702
-0.471	26.21554038273466	40.18094980207472	32.55156049725312
-0.469	-26.756176851661095	37.66267837176652	32.97880547834945
-0.46699999999999997	25.05528112783928	39.393492562873774	32.718200111822036
-0.46499999999999997	4.504001342331421	35.9479757969961	32.54897028659319
-0.46299999999999997	-75.14265199815017	33.35439474203217	32.87349357816945
-0.461	33.66550147831937	37.987902162761074	32.351353747006804
-0.459	5.0967092255493895	40.613067054156396	32.40021970633332
-0.457	71.95018193373315	35.582333696990126	31.67479706237641
-0.455	62.07256538615091	38.80486897481468	33.49608452411774
-0.453	-1.5718388800545213	37.70919240407738	32.26007982791981
-0.451	10.069614067242938	39.07097572033616	33.38614650924771
-0.449	44.358236467756385	37.34596969419431	33.10304336818894
-0.447	-44.41347734263079	38.32489619181479	31.993124501924026
-0.445	57.23001178004061	36.64739829622579	32.370690700537764
-0.443	5.128655583774844	34.012059787933545	33.05283227212502
-0.441	24.268494415169428	35.74146635460632	32.04655997419542
-0.439	5.6142340376652555	33.449636093938715	32.569290138126135
-0.437	65.52395799275246	35.00309686313716	31.483533090127064
-0.435	18.715579777506264	38.26380772715423	33.070023093326405
-0.433	84.40543645771292	43.28225403638973	33.254862827751516
-0.431	-64.2796728795858	43.45576132965317	33.260315339342334
-0.429	15.526490245276747	33.743700345090076	32.388862713985226
-0.427	23.811593838907186	39.15854060628601	32.416591965147376
-0.425	44.07422816510298	35.91133612681842	31.91210843572122
-0.423	-47.486739765845165	39.14767982645736	32.101806845856295
-0.421	48.954866010975095	38.331797559492074	33.13253896217471
-0.419	-71.79571533555418	35.91365233950449	32.87767265844242
-0.417	-25.016630190721756	40.49908747066139	32.25468454806966
-0.415	85.212247631139	37.41577051283858	31.87375357211026
-0.41300000000000003	23.17645502003529	39.708072411210054	32.596553233916815
-0.41100000000000003	-4.1030685924425825	40.844847237950404	33.66181815795644
-0.40900000000000003	-22.668590157870483	38.28628550964374	32.86839046654857
-0.40700000000000003	-29.27501616645234	39.43629555776038	32.98983551453643
-0.405	19.39311068088756	31.47878022423665	31.935153452310644
-0.403	32.40038925533817	36.06395337618727	31.796219106581734
-0.401	44.35242638378689	39.852250680549176	32.79238157940129
-0.399	-31.773389848499534	39.977662690895244	32.284394636765136
-0.397	-32.59446622261297	33.86266829258231	32.50286939460366
-0.395	-42.89623379483132	37.95157996339114	31.793637951174368
-0.393	9.77962783577091	39.33450885767326	31.429084440474334
-0.391	-16.6880100200828	34.898556545793205	32.96470338481534
-0.389	-89.75134476785217	34.645158060553776	32.80672782013338
-0.387	26.542982753285926	40.69295004198053	33.45706475312089
-0.385	-46.42867856541333	33.00517560970717	32.03071717879325
-0.383	47.55754169250004	38.83560557851939	33.2538209855906
-0.381	26.86269798934937	37.98492108881724	32.799485271962695
-0.379	21.86859430675092	38.822128042011975	33.500837113984474
-0.377	-16.357141621292648	40.80233732640525	33.26563299731648
-0.375	-9.479218646357701	33.00799144170984	32.34026193447107
-0.373	65.62928429998394	40.0673901421921	33.13812507379654
-0.371	-21.27175484478716	36.436269417715	32.18304812449965
-0.369	-102.81669114364789	41.61300774297487	34.846670413338074
-0.367	-73.43505432377827	37.78027932480197	33.567248564968345
-0.365	-27.923923629047387	41.25250769113179	33.13166567401128
-0.363	17.503175989252995	32.17235599180116	32.31173479570718
-0.361	-0.5613275392279959	37.791744787253506	32.35404614659377
-0.359	-59.122187496041256	41.30203074439902	33.80072261021288
-0.357	1.536699020032728	39.48860940142647	33.561314979971485
-0.355	32.65345148584231	44.04665876973053	34.171660515571304
-0.353	-17.989269663787333	39.437407912118644	31.69878592131789
-0.351	16.84515983213508	38.83277745309003	33.294101285339
-0.349	2.645847011262248	38.68542142507351	32.459209689523014
-0.347	30.377299177430928	36.60051665989219	32.879239509950814
-0.345	10.218591254718135	36.7296167696835	32.55334206196738
-0.34299999999999997	67.78316383182492	39.485962715374804	32.3774428101313
-0.34099999999999997	8.70779296580082	38.09253587346781	32.82126563543628
-0.33899999999999997	-1.2784155499767635	38.96236312634874	32.41261216050765
-0.33699999999999997	48.86791837566129	41.996746401664005	32.80248929557487
-0.33499999999999996	77.16671916679907	37.66626921673284	33.68485164991262
-0.33299999999999996	-23.94041787390222	35.4465988302364	32.99871275527803
-0.33099999999999996	22.844286343692843	36.24520351319544	32.890087357547664
-0.32899999999999996	32.09975731333081	40.32447555559586	34.74381400474075
-0.32699999999999996	-67.62997933706939	43.8277626165178	33.0242368918806
-0.32499999999999996	7.692312240958898	42.63612269066239	33.65395225218452
-0.323	2.161524506272272	39.47388138294441	33.73929844616579
-0.321	-74.70333004877538	39.57865621312588	33.97179818872496
-0.319	-32.7576734303614	40.5522387764942	32.87002715737522
-0.317	32.070093771707775	41.639947923201085	32.6842213480645
-0.315	53.396681522599465	35.95549450990536	33.09914588633115
-0.313	-8.25601823128963	37.37278448905123	32.635752297838074
-0.311	24.23087149838743	37.461372173998996	32.86457606426999
-0.309	-10.832782971537114	34.09144993082401	32.510271668882766
-0.307	17.4724521431191	36.55978005277453	31.888839008909756
-0.305	43.675854118241375	40.352927427617345	32.586826653526806
-0.303	46.68017397979618	32.41920591774535	33.24234186901985
-0.301	-27.396392944245562	44.14547247339888	33.357632666066145
-0.299	-44.65531026665026	37.270548696073504	32.87219292341244
-0.297	97.15667261622762	42.05477626420764	33.29145655476954
-0.295	35.159061204881326	43.23448944672434	34.145668685651124
-0.293	34.12943148495273	37.09258751342772	33.58956602214632
-0.29100000000000004	-95.06602576947465	37.150896132825046	33.55185784699278
-0.28900000000000003	-64.41281626279327	43.20152478718119	33.886963883559936
-0.28700000000000003	-35.351552168605416	42.89317034602875	33.71354699666762
-0.28500000000000003	1.311340579013276	41.24888051928713	32.362349856365476
-0.28300000000000003	11.284773448805296	41.38320905961271	33.18229604189901
-0.281	43.920540842234956	33.97512949876505	33.23589185728483
-0.279	10.91032905153888	44.2696251205896	33.3431396331357
-0.277	41.445646635995814	40.44068882060607	33.070369734824936
-0.275	75.54997200287517	40.83209212354883	33.69507537249373
-0.273	-5.04549561186618	36.20522538137661	33.039970716590744
-0.271	-73.880829177142	40.20532664597808	32.36548781078837
-0.269	53.25615070805867	37.68519250362733	33.02452049827238
-0.267	-43.12396870598256	38.10182523771174	33.53977986681357
-0.265	45.53167514176337	40.49849556797924	33.14478606232506
-0.263	113.60938381033137	45.24648619754364	33.177625474477296
-0.261	-25.6710801334048	42.870173437477625	34.29046591156599
-0.259	-21.186522293437093	38.42305034139305	32.87003746636959
-0.257	-5.269173873112543	40.478969897050035	32.52001402172232
-0.255	-50.51482787676864	38.36368239716496	31.883671567449788
-0.253	-4.903660510313657	35.40001026811438	32.817460119397744
-0.251	-8.560035030358293	41.70302116837899	32.41500467474561
-0.249	-27.332165794646812	38.78561525094539	32.49265288997191
-0.247	-24.935087330923977	39.427993613882585	32.9307853199676
-0.245	-5.450849028587612	42.16152727799146	33.19540012896064
-0.243	-55.715745957529705	39.496560446524164	32.819412987675115
-0.241	98.67591553702759	38.69328075347739	33.38504265381516
-0.239	-31.76594234144403	42.21688727928763	32.96748331391351
-0.237	-10.325455737536515	39.588184608806195	33.23559984770113
-0.235	8.187314540331059	35.267610609171115	32.895715151534624
-0.23299999999999998	0.35304735845897994	40.2960805715831	33.551884683563024
-0.23099999999999998	11.537105712777773	37.281098303436636	33.06695314100191
-0.22899999999999998	42.47252275191293	43.36912909524502	34.22823399089818
-0.22699999999999998	21.20337988364973	36.43041254153744	32.56417647171216
-0.22499999999999998	-13.58374135740359	43.450422015531956	33.03018819443663
-0.22299999999999998	-0.6524760453041623	39.1214867424497	32.89745070943339
-0.22099999999999997	58.45084879796403	35.5401732661641	33.14624854906597
-0.21899999999999997	18.9993360422136	41.28684317974794	32.74860357873285
-0.21699999999999997	5.716433856273184	41.750565975251675	32.88896703437645
-0.21499999999999997	121.1571882806517	39.18477809190805	32.759745760261715
-0.21299999999999997	0.8744193589205196	37.636943130647715	33.102950269941815
-0.211	-3.8697467441561884	38.6491157480094	32.61577427170449
-0.20900000000000002	64.06000926362232	38.18426247659056	32.212787195503296
-0.20700000000000002	-57.55893174419491	36.40783036114593	33.78932143469851
-0.20500000000000002	17.629077921688108	41.84285946181106	32.93594536474597
-0.203	6.6643516878350795	41.44078621571152	32.510207390668484
-0.201	-34.33254984797074	39.55560958544667	32.96016364358654
-0.199	24.775426204159956	42.80583174003763	32.675184389097076
-0.197	-8.009878731840558	43.49467849720253	34.4433772859011
-0.195	-9.823384615303965	34.539064390870486	32.81018126018509
-0.193	-40.10567703327528	39.29059397479938	32.29991807181305
-0.191	31.224643821214926	43.4594932044439	34.576790363173956
-0.189	24.494442632860824	38.97409059695049	33.27566228943957
-0.187	56.69104119609969	39.97571953403963	33.36166931234467
-0.185	-2.2607405922858703	40.3689543489271	33.597337959385314
-0.183	15.21484307498433	43.48366518170194	33.07072461945162
-0.181	-1.7605898977590684	36.1534842701021	32.67888083867198
-0.179	50.68734512403417	38.676660314303184	33.024406354724995
-0.177	-18.36811058020249	37.82371149301723	33.30018815626
-0.175	53.768235703799405	37.222874618087324	34.291954233894074
-0.173	-51.735695060783904	39.00312341428118	33.41629380284654
-0.17099999999999999	-7.9435243927061805	44.59368731748901	32.83902697251068
-0.16899999999999998	-44.048026069942736	38.90851863727849	32.73427940056911
-0.16699999999999998	71.41255129394786	38.34994657564916	33.75170097052478
-0.16499999999999998	46.46721322631997	38.063359816581574	33.100195744766005
-0.16299999999999998	19.943182768544787	38.09279006794878	33.696674056838134
-0.16099999999999998	1.3913355576544717	37.687988431280345	33.7405163757283
-0.15899999999999997	-14.055937241019834	38.98557936555241	34.1944413665758
-0.15699999999999997	-9.323684114548314	44.838765664083446	33.588615682604484
-0.15499999999999997	58.90578029221771	43.12530635449392	33.53035317801094
-0.15299999999999997	-11.777508795440816	38.742930035722175	33.41119164324585
-0.15099999999999997	17.681431860649965	39.794100320560595	33.604881990723385
-0.149	20.488662018980364	38.89952484294612	33.4805095946618
-0.14700000000000002	7.727485297426284	33.8990485470144	33.95883385428667
-0.14500000000000002	7.926131547320026	32.86583485948703	32.19340961249851
-0.14300000000000002	-2.6208117669401787	38.64985914388955	33.151548788024705
-0.14100000000000001	-21.837711155270334	39.56361620486739	33.65618516547424
-0.139	50.45193801489489	33.2999106942719	32.203418343597654
-0.137	11.200899426411226	37.865888899324226	34.13526105161086
-0.135	-21.970876145083196	40.71080579458523	34.40118926287594
-0.133	-14.937599419062586	37.241554353613225	32.766206691501985
-0.131	36.53010653970057	37.07498106755919	32.82010373663113
-0.129	-39.79002733256465	36.13530329144889	32.48334628656025
-0.127	-75.65470801329522	39.18294341054444	33.02944009883317
-0.125	-16.137454722731093	41.65292509751107	33.87225277443488
-0.123	18.26160932494325	39.91923183496405	32.94871016804412
-0.121	34.720408204735875	43.36047848554744	33.161777768991804
-0.119	65.4645901758677	35.34786694599854	32.61119258231413
-0.11699999999999999	54.20726982463542	38.9685547593237	32.490236032305255
-0.11499999999999999	14.69905478490574	38.31509701791395	33.02894779027437
-0.11299999999999999	-5.394206397335566	37.80888103808903	32.967065369027715
-0.11099999999999999	-5.2636960504726105	44.19514296037728	32.51264384950014
-0.10899999999999999	6.350177365055387	38.56804345733152	32.13577266867663
-0.10699999999999998	-45.83349757969479	37.168518788681766	32.127573745580484
-0.10499999999999998	-85.38245200839789	38.79894643678082	33.50030958270639
-0.10299999999999998	6.837709297213834	41.554185649785985	33.537301031772756
-0.10099999999999998	49.652629655616565	36.42043187374292	32.37995439874512
-0.09899999999999998	37.356724680304154	38.48742483527325	33.30418222251665
-0.09699999999999998	44.10152149425528	33.52485953856829	32.44755083736028
-0.09499999999999997	38.38119396104567	42.87072391143625	33.91770533069009
-0.09299999999999997	18.92332891584303	35.64538229488342	33.78845762324179
-0.09099999999999997	69.40713748404548	42.02889850676074	32.302681583687104
-0.08899999999999997	-29.871464098718548	38.988525607099184	33.72362746814567
-0.08699999999999997	-5.53052642582319	42.31059285358969	33.352327662022674
-0.08499999999999996	6.399924259659073	38.47512442739436	32.37512098706728
-0.08299999999999999	-9.339753669235229	36.25093269104667	34.04841196628384
-0.08100000000000002	-1.2888178050340926	41.950679632178066	33.91176899348191
-0.07900000000000001	-11.27009047929839	37.11602692046775	32.2539875317303
-0.07700000000000001	13.149477477769622	40.69753584527293	33.78490293439166
-0.07500000000000001	66.45839466656867	37.928648219934836	34.017764669790736
-0.07300000000000001	-30.126062333657444	32.8680247768242	32.17273795370678
-0.07100000000000001	29.876853180343943	38.541564213639305	32.181308970545025
-0.069	0.1696768732184495	38.25751231248387	32.0365845466242
-0.067	-20.161589543432612	35.809622647900014	34.67671470635925
-0.065	16.762807313108752	31.84213620123668	32.225313593860065
-0.063	9.295317283219973	36.090908752750494	32.719114791100445
-0.061	-61.83571336215721	42.05789313134133	32.411690571075674
-0.059	26.0143369890109	38.002096222739645	33.33665864095105
-0.056999999999999995	-11.077364836520331	35.70837340034485	32.86947198461289
-0.05499999999999999	36.099892580132575	40.49114583848869	33.60584304301327
-0.05299999999999999	61.36408862444931	41.61900143080144	32.9735872144155
-0.05099999999999999	-4.370492452610009	38.03764095029703	33.34949041304406
-0.04899999999999999	79.18579873877896	37.12204958168505	33.42223095834779
-0.046999999999999986	19.641623764998783	37.581148677819854	32.05318203937461
-0.044999999999999984	15.702626481539639	38.52014065337574	33.73430844771904
-0.04299999999999998	-64.02348766598732	39.24966157113067	33.246719800080946
-0.04099999999999998	-27.328150186911593	39.65325019540608	32.99442422020105
-0.03899999999999998	-29.412838297604438	33.507026469170995	33.42145833044605
-0.03699999999999998	5.355868684997489	37.00889291398129	32.412500651476
-0.034999999999999976	-52.65113752084272	36.46315876111374	33.74902940828348
-0.032999999999999974	24.733363362949845	38.94171592048316	32.48007792560992
-0.030999999999999972	10.928020151457218	41.10857722380669	32.59592779979868
-0.02899999999999997	-17.314891826103462	33.959324586944376	33.66453550527534
-0.02699999999999997	16.41921918027478	40.31917735798845	32.77872321340727
-0.024999999999999967	-7.87540944779952	30.3361058324074	32.38381915781464
-0.022999999999999965	11.109481627524787	38.54415786223536	33.39676631416493
-0.02099999999999999	-2.785599808596828	36.83905766319501	32.480914888271364
-0.019000000000000017	10.751129667863069	37.20108325365027	32.702624154635714
-0.017000000000000015	15.30841503383229	35.90360540023423	33.6122927191567
-0.015000000000000013	-59.43281155396107	36.23542733307866	32.02347433398509
-0.013000000000000012	-60.27085778026464	39.77587010430145	32.8656111748588
-0.01100000000000001	-224.56154632954917	38.47873462204606	32.18375887661042
-0.009000000000000008	-217.19620546933882	42.070705625930174	33.09984844292932
-0.007000000000000006	-269.28730519815144	44.1990346481254	33.39762827141115
-0.0050000000000000044	-249.0672957441431	40.03563714239492	33.152584546465825
-0.0030000000000000027	-258.9127876773123	39.58512607513219	32.517993743863066
-0.0010000000000000009	-194.10344427928106	40.72825278789658	32.51778530833444
0.0010000000000000009	-202.0418843778904	38.686602148164035	32.93389632523214
0.0030000000000000027	-281.1471768773277	39.94918330597859	33.88348534638903
0.0050000000000000044	-244.86282531499538	31.09655188891371	32.47081562828112
0.007000000000000006	-214.40150392448842	36.81804369427538	32.96737801825827
0.009000000000000008	-210.11538146753495	35.49150280355857	32.40605444655281
0.01100000000000001	-274.75287817757544	43.222220470438394	33.597718815363336
0.013000000000000012	-68.95164589904024	38.19159967530029	32.79530625422476
0.015000000000000013	25.40887619706389	34.78248647291091	33.01082114812008
0.017000000000000015	-0.6057281882743126	38.29972194913692	32.94344200846819
0.019000000000000017	44.73839207164154	39.75689319247364	33.24883393493289
0.02100000000000002	19.07837398840151	39.9194909643071	31.971376313754988
0.02300000000000002	25.82618969304562	35.096762762674906	32.32548598908221
0.025000000000000022	37.06884902099361	34.49464079587394	33.187247420524045
0.027000000000000024	-16.238722948314077	39.16673186772761	32.437712048069976
0.029000000000000026	25.928631505856004	40.68805140001579	33.22746839546342
0.031000000000000028	-11.428596222273768	42.93870505677427	33.306838349159634
0.03300000000000003	19.04152960152672	37.10204074871438	32.58234271299586
0.03500000000000003	36.95458651487016	40.34709524251908	32.97903727857014
0.03700000000000003	42.0703077583795	37.148302630140456	32.65101391419236
0.039000000000000035	32.61443261792785	40.544864746046706	32.707135914759135
0.041000000000000036	-13.942640306408016	41.14245927271038	34.295726408220396
0.04300000000000004	76.95576926036729	43.3495385643941	33.64762455587508
0.04500000000000004	40.346150457892804	37.636313073829356	31.40685277480565
0.04700000000000004	-2.775150233835788	36.568044230215094	33.5808694278775
0.049000000000000044	-9.723875368683466	41.85404502949637	32.62907474568353
0.051000000000000045	22.071868192030664	40.345235490042455	33.243714549013475
0.05300000000000005	17.640281912090217	40.095161074111196	33.15833147290682
0.05500000000000005	34.18191526249892	41.54783232147079	32.256396606436944
0.05700000000000005	-18.78802330945728	38.349439111952876	32.3504405097583
0.05900000000000005	-60.39634254673132	33.890396597538796	33.68370908726232
0.061000000000000054	18.715637474464586	34.97612775234879	34.036888755078294
0.06300000000000006	65.3045166683075	40.904130264029206	33.188090580411114
0.06500000000000006	57.80860203752347	39.33424715479533	32.445633589272724
0.06700000000000006	24.525245906348303	38.23584271182639	33.43044662472805
0.06900000000000006	4.979808235550109	43.74601538268399	33.07950726985887
0.07100000000000006	31.396008493222993	35.06439435927	33.3948927232981
0.07300000000000006	42.89817240787919	40.56892100065457	33.017468724423985
0.07500000000000007	5.060275691137761	39.838930837023526	32.441312511149945
0.07700000000000001	12.88603343407857	33.417023792370124	32.14149662558356
0.07899999999999996	-2.4692145362825713	39.77346354406285	33.6645738123675
0.08099999999999996	-24.096827456854264	41.36481229583881	33.29674119463665
0.08299999999999996	57.45102980725392	34.65390177536656	32.85840197357791
0.08499999999999996	-15.302351038859463	40.924124869063036	33.2855151383237
0.08699999999999997	-17.519589004200142	38.900501715020646	33.16162961416875
0.08899999999999997	47.94305412803013	38.58201921023883	32.84415825920511
0.09099999999999997	53.37746337374938	41.73961290895642	32.20645675900809
0.09299999999999997	11.746023861336496	43.945176142891896	33.75517040593811
0.09499999999999997	0.46792977004272984	38.910955219757696	33.90371465544691
0.09699999999999998	25.58249233741705	36.73451005637159	31.901781647452484
0.09899999999999998	18.20618384940076	37.579622876280276	32.650764208819545
0.10099999999999998	34.562950466110465	35.608232964477324	32.00569974887306
0.10299999999999998	55.78932100136491	35.98490949721088	33.39506750855214
0.10499999999999998	-21.800115004744214	32.604583141773084	32.519921426846814
0.10699999999999998	6.430899555764924	35.45111633795748	33.15974194413141
0.10899999999999999	48.50275877688048	31.39426457017519	32.58124021105488
0.11099999999999999	-0.715535559026037	37.64401846541131	33.3400911339202
0.11299999999999999	46.38166902970475	38.94676298321675	33.13615522741947
0.11499999999999999	15.651494031043711	38.73840579886711	32.816912584994895
0.11699999999999999	23.855561786856327	37.523255045634926	33.07511958900101
0.119	69.62582722236377	40.00465249878185	32.408854726198236
0.121	-33.38789896500938	41.93244375491876	32.95681851716172
0.123	6.082653224437351	40.57994581237385	33.13111159882569
0.125	34.1313631138096	38.58743850867471	33.21588570541412
0.127	-4.738182232122412	35.29604750782895	33.68521657373631
0.129	-13.099154143936254	43.63049176749878	32.363589717294595
0.131	31.731268692825054	36.77711158087897	31.87957825743729
0.133	47.68581000269556	37.28439278517776	32.8022144611278
0.135	106.81124782130347	34.898037779640575	32.86955312465786
0.137	2.8534797709145465	36.501327860316955	32.82494907960742
0.139	33.31312590426627	37.41777986638043	32.888300714352674
0.14100000000000001	-22.791287455636855	35.376976225746056	32.41577028182735
0.14300000000000002	73.8496885723805	43.50693556094484	32.67014914933296
0.14500000000000002	21.217224570158066	35.65254987260124	33.232185152272685
0.14700000000000002	11.943485034304757	37.895496377869314	32.656154578491666
0.14900000000000002	-28.24545425361702	41.343842474525154	34.31649569436064
0.15100000000000002	-18.327424267661208	38.415834374782186	32.770940010580624
0.15300000000000002	-68.94488607855908	42.536340789365	32.46895198325304
0.15500000000000003	66.09680539781948	35.31131486885783	32.621894669283
0.15700000000000003	11.417938577951148	38.59906185500531	32.4040619292984
0.15900000000000003	-21.62035367225812	38.97581743655651	32.76517931151572
0.16100000000000003	5.415767908356628	35.33231059777587	32.94336884991062
0.16300000000000003	37.48957604243763	35.78657546292595	33.0625475164862
0.16500000000000004	38.5041715544876	37.12611339146672	32.82477621132428
0.16700000000000004	-4.196430254732597	38.442129437494586	33.19937969139566
0.16900000000000004	-0.6796657461283218	32.075978444185644	31.994404551950648
0.17100000000000004	-3.596316333953631	42.4201074428224	33.68152073916542
0.17300000000000004	52.72296598768378	33.70757151989168	32.42338588613409
0.17500000000000004	25.769468386283023	34.935221772168404	32.61099867371665
0.17700000000000005	-24.638651108577214	38.97131617119685	32.0672731297744
0.17900000000000005	27.292836024983558	37.769276020011816	32.67219690187258
0.18100000000000005	18.648742059701462	39.28721805072046	33.199634758796115
0.18300000000000005	-24.270461633557616	39.531871750298485	32.202115171904595
0.18500000000000005	98.19045339121146	38.18287924021502	32.550435369847264
0.18700000000000006	9.814987484535465	36.210124709199555	32.405774460714944
0.18900000000000006	-15.744132406347866	39.7189289196223	32.94563665319873
0.19100000000000006	-9.955334998923426	39.565157637189365	32.66858334932402
0.19300000000000006	68.40556385068197	39.74270044869552	33.30556453670164
0.19500000000000006	-21.248354725167395	36.29109279183305	32.11417047303191
0.19700000000000006	24.662548320009137	36.15465202589975	32.65034785062746
0.19900000000000007	-5.148706341162601	37.84565832481053	32.03018079214484
0.20100000000000007	-47.803443717797656	36.16946810648747	32.67217206570734
0.203	62.70765435778536	41.81151274289815	33.39616149543395
0.20499999999999996	1.9500983610143408	36.077640092935084	33.47876426864771
0.20699999999999996	2.647824120849407	35.653722089719366	32.561092722892056
0.20899999999999996	-3.116266120040123	35.148969103511654	32.48329457206136
0.21099999999999997	-21.898325505254057	37.039919788207776	32.603161545025934
0.21299999999999997	1.9741242596182929	43.280960153012586	32.56565713367803
0.21499999999999997	-52.280162111562056	37.21846588938892	33.03462722128815
0.21699999999999997	4.772132440988841	33.74978167683401	32.49828987857027
0.21899999999999997	6.139470331900654	35.123641743971746	32.93020837456808
0.22099999999999997	-38.989987654725056	32.844357729784896	32.862011850883476
0.22299999999999998	2.3486593954125112	41.47177316506838	31.842474141254534
0.22499999999999998	-18.314806724428756	43.5261458324963	33.78270455270013
0.22699999999999998	20.73499037291704	35.824102443257516	31.864125878764956
0.22899999999999998	50.1362335256772	33.261752245052506	33.053181099961115
0.23099999999999998	47.19090515337143	33.496576965661	32.501261070060806
0.23299999999999998	-48.3088719280822	44.26824434936973	34.821493254659735
0.235	32.52558852873122	39.99201814313218	33.842197762999376
0.237	-14.455421329828688	34.65754910073499	33.7168337346461
0.239	22.042328879701145	40.78049153470156	33.3696715508133
0.241	-0.9854962951250101	39.708603655961724	34.469025638250024
0.243	-6.671774509525719	38.11495607967427	33.3382094975783
0.245	1.7401774690117833	35.85305914759516	32.703955069735436
0.247	31.031086448196632	34.42278236474732	33.63211903912283
0.249	32.42478565423923	39.230205993888035	33.15442477922107
0.251	-33.07552657505486	38.285154911469945	32.22552546630872
0.253	38.19374705527068	41.289786363354814	33.780066652889985
0.255	8.665140527330806	38.314951126488594	34.1817201189673
0.257	-8.435369395765058	44.74057976584979	34.08814292453651
0.259	40.67882050740046	40.62542206524849	33.47240566945977
0.261	49.27357563966339	41.15198922804805	32.163009759942085
0.263	54.3215737560665	36.42938244429998	33.32387433668999
0.265	-60.34264427468017	37.53417359227913	33.96723540338633
0.267	27.226685785919358	38.45919576142393	33.22710662394032
0.269	-14.398228855183604	39.91147439106357	34.15807304306462
0.271	40.076362570529156	37.553334404959685	33.74834182768464
0.273	-24.05738131183721	40.636630073009854	32.59170586949878
0.275	-7.400648819766431	40.07787025861807	33.39561910951056
0.277	57.180804778900196	42.297951224749646	33.64761684218127
0.279	7.50517349046298	40.127289796740655	33.648949711150124
0.281	11.203116307090255	39.26904944875356	33.09575742809882
0.28300000000000003	-39.013443628999056	35.900498727090074	34.05772603104497
0.28500000000000003	47.33092584285892	39.11604642434014	32.92787133763628
0.28700000000000003	40.02024259097681	39.53607569032209	33.71685194563224
0.28900000000000003	-16.39784605644845	41.50647525821986	34.66871627301063
0.29100000000000004	39.966329176577275	40.97642273335585	32.88730655240874
0.29300000000000004	-17.6278461462287	39.246215618135565	32.3182497670809
0.29500000000000004	-32.30036530399438	38.405388876267146	33.09902964053412
0.29700000000000004	-8.73225660646959	37.82825516965985	33.15900934026218
0.29900000000000004	-36.17283137402616	34.14423570500113	32.54691447402973
0.30100000000000005	14.383413602603312	40.30269298478337	33.82743542099338
0.30300000000000005	-20.058301281600244	38.97050041917169	33.522078288619696
0.30500000000000005	-14.354653200432388	43.448681170357915	33.69361458821086
0.30700000000000005	-15.178636086909947	36.59523964792769	33.02167843180362
0.30900000000000005	-6.078596561986949	36.76455381032629	32.99119701649063
0.31100000000000005	40.69898464109656	37.920842182100046	34.47502529838426
0.31300000000000006	24.974149003487156	41.979886215785406	32.685092929080625
0.31500000000000006	-16.531624835836034	38.19462956491325	32.81743399898364
0.31700000000000006	54.53001121868972	38.08289467369974	34.01530558192555
0.31900000000000006	-26.948357625955488	39.2455441979843	33.94223881375187
0.32100000000000006	-15.562917307199164	41.61345746202552	32.72645876949929
0.32300000000000006	-10.851697300306995	37.284606058829134	33.417634520939124
0.32500000000000007	16.496482304839688	40.58127920433466	33.37940163224233
0.32700000000000007	-18.547649197619975	35.346382272143686	32.96334963279428
0.32900000000000007	29.201911603493613	35.64740099776034	32.78255190231359
0.33100000000000007	-27.57366581751519	42.37290942173205	32.165457544338175
0.333	-15.293002647687182	39.46988298868632	33.71031731587968
0.33499999999999996	11.375938271829256	40.047509613020544	32.792971015637846
0.33699999999999997	-74.77698897129237	36.82116887089834	32.67656478970454
0.33899999999999997	-27.51662104250041	42.95647251278225	34.61042283915607
0.34099999999999997	-70.40583397066591	38.03941554405282	33.324461372745894
0.34299999999999997	-18.687581984089263	35.19084082164329	33.22666250672334
0.345	-57.019219379395025	38.87633930750324	32.71801857620179
0.347	-46.556172862977085	37.012503127156215	32.769684571547586
0.349	3.480583700810058	41.651276429039775	33.618320789821254
0.351	32.69650488046949	39.34995236083884	32.77323898689139
0.353	90.62347878718846	40.93661211262773	33.15650558713156
0.355	-3.4329688135548153	37.33356397284595	32.94839673573579
0.357	16.163845233840846	35.49820360946632	32.3788721470478
0.359	38.9513556573462	36.882184833100396	33.535892701136255
0.361	47.563310948683934	40.67134179350387	32.1950224597693
0.363	-26.441113895381285	36.50833567603748	32.498105272965724
0.365	41.51966382437422	39.1868950247573	32.756966581099405
0.367	-66.94833947762379	33.99263345997976	32.74237107009985
0.369	-39.971767028523786	41.310151454361474	32.58819173510911
0.371	12.154607852199462	36.287436887760784	34.37868895528935
0.373	11.215813638942862	41.854696509016435	33.0134927161738
0.375	12.613230640168283	34.28789625638729	33.045031818594
0.377	5.419642854276319	36.89035787398781	34.28868270692337
0.379	-16.111684094766154	38.035068945233824	33.786764215121735
0.381	13.862198580572027	42.780042979337544	33.42114841884321
0.383	16.257859086099558	38.68019132421758	33.68227253670145
0.385	-8.667883059088055	34.90729969435721	33.48200626240599
0.387	-17.76300586098234	37.15427136590659	34.3413688494325
0.389	-49.94272255920418	36.60614276928831	32.765805928609566
0.391	31.164712287257146	33.65757753011934	34.04083775292984
0.393	-5.95934838254486	38.621710284383006	34.85921443449676
0.395	46.992520830846374	38.14877758375686	33.21422662566518
0.397	-0.587971667798115	43.91178282227709	32.83969917195493
0.399	-3.6290908601577243	37.274739664050294	33.674923371488255
0.401	12.01239997783432	38.880958979625305	33.08040904604356
0.403	-26.995237953686413	41.226929791368285	33.79191575710608
0.405	31.40427982728511	35.98803453351669	33.7707603252031
0.40700000000000003	-6.19836125947959	34.79819128988567	33.29124846388251
0.40900000000000003	12.16241199264445	38.169421361267716	34.749326143988526
0.41100000000000003	-1.9609769764672436	35.515838356191935	33.374984969800316
0.41300000000000003	21.7635882473477	35.81294208625183	33.58449115882409
0.41500000000000004	-34.15414102092562	41.69456919378377	33.90542313091448
0.41700000000000004	-6.392982934810831	39.4333086766027	33.00785725123104
0.41900000000000004	10.970561126200096	41.053530420539566	34.38548928364426
0.42100000000000004	12.764931549558156	38.79205065372973	32.9852619305058
0.42300000000000004	-30.13818161012871	37.07026625204724	32.940337582136685
0.42500000000000004	99.66225324720135	41.97267714449762	34.87717593173921
0.42700000000000005	-44.890287927312755	41.84617345821995	33.03654373282165
0.42900000000000005	6.306517035037373	37.54475868301121	33.630590579450605
0.43100000000000005	67.45884782777267	40.30239538267966	34.35889072047033
0.43300000000000005	-12.859983175683709	39.35478235194647	33.37012690324918
0.43500000000000005	15.865615407673062	33.57320799999492	32.78650075732066
0.43700000000000006	37.1770502674007	36.83410323141009	33.04195510233972
0.43900000000000006	-36.34160795884522	40.737118573971564	32.78223070529663
0.44100000000000006	0.17594270129706047	41.55610019147471	34.58417319814767
0.44300000000000006	-25.376940687715788	38.47466878604024	33.25189700846612
0.44500000000000006	23.435039610664177	39.44656583619549	33.78834370694697
0.44700000000000006	-25.718308930611222	37.10432443641271	34.50147554276938
0.44900000000000007	-36.80084172441589	43.30040978783558	34.15557340357363
0.45100000000000007	53.28138140225924	38.01251050330375	33.73671842543238
0.45300000000000007	-13.859035210117554	42.00137046541971	33.91298262579727
0.45500000000000007	32.49557237539058	39.59724496314735	32.4521012200862
0.4570000000000001	92.12916252621106	40.18059290323167	33.209997991639966
0.459	71.45897418192604	43.22607151944543	33.858298798193445
0.46099999999999997	46.33373319617995	35.87252680005617	33.39576365606292
0.46299999999999997	0.13208023008637326	41.093750736236714	33.547551709460706
0.46499999999999997	-68.66280310358076	38.205568231430874	33.96604834261373
0.46699999999999997	69.63428860529142	42.968208600977626	33.18219248778983
0.469	-7.30660948722317	39.1067867245926	33.43779429082036
0.471	2.3638888371202427	41.867580512982634	33.188822398678255
0.473	10.107826973415612	35.367646282343074	33.29138364249387
0.475	10.70877082898214	37.220476962948005	33.34967683137513
0.477	-16.41000284391403	38.52766419670611	32.69046163619174
0.479	41.92140121017651	32.73978026591643	34.68223158459377
0.481	91.69305272904715	35.67759513224588	33.54316588921679
0.483	-12.42145699431596	40.937105793874764	33.07456652610554
0.485	28.584736004644284	43.20440557576315	32.80094168382338
0.487	73.29922099730268	38.58965266810331	33.10711024195766
0.489	12.012796251736901	36.138220878056956	32.24688428460939
0.491	93.59775490813682	35.210019914145974	32.96946439082344
0.493	-15.58907711829427	34.753957198782466	31.746511482292593
0.495	25.97702737516805	37.66602362929741	33.041840578489385
0.497	-4.93955369051946	34.17305938345318	32.25763326601345
0.499	111.55664077233673	41.57534775483515	32.0550729501303