-0.499	-60.775385418931904	38.45440955434481	25.390018664145355
-0.497	-10.521421805020914	40.26266429482818	28.40438684972594
-0.495	39.582320195963305	38.062063870583096	23.479163875978212
-0.493	-12.59664445241171	33.75358518127999	22.724904377636985
-0.491	32.816671763136185	40.81786514754215	29.078944486363948
-0.489	0.5125168112130041	35.68839535740438	23.078171350764354
-0.487	21.216087495279368	33.16380707991419	23.688888586057928
-0.485	0.4310991095213268	32.630813535133235	27.383106914069263
-0.483	-31.47335476405555	36.97127873976481	25.199787741568986
-0.481	-1.2768135626561872	34.62792568927575	23.279045216078565
-0.479	47.94332986235439	37.63678589386943	25.206258435411144
-0.477	25.901015774820735	37.42890852677768	25.662498474659177
-0.475	10.579665749022027	36.896879377292684	23.690101375850105
-0.473	32.09158638250997	32.94606552672046	23.28197037348814
-0.471	42.67385525591472	44.74977027041177	28.364186986698762
-0.469	-48.63870140436877	32.54734010589926	22.588516963870923
-0.46699999999999997	25.075972813315417	29.93049391700567	24.253619949652034
-0.46499999999999997	-33.444646360236696	40.67712610666271	27.733734181218402
-0.46299999999999997	34.50493508494468	32.19494126067569	24.069922403534562
-0.461	11.19235752478076	27.66361723430545	23.2782634429221
-0.459	5.391156102652062	40.43676251568887	27.085297947104564
-0.457	26.372590459899925	30.651798996884118	23.474627243097874
-0.455	-15.551283901515944	29.991021482482417	22.07245302090522
-0.453	-21.74456259418367	34.70065376813245	29.09460430397533
-0.451	24.992103678789235	35.02548016181462	23.858455102309158
-0.449	56.845251046988565	33.929812716375324	23.668517030986187
-0.447	6.530999366871626	42.54120054255507	25.93386747577348
-0.445	-14.120428740604929	37.74707024522937	23.69138510969438
-0.443	51.50444676438326	31.657355516053627	24.265167764959735
-0.441	-39.502423805570785	32.561553457571065	23.67837020688097
-0.439	-6.371643939129257	39.03010809601918	28.360281020688657
-0.437	-46.16726071793309	28.9348301676793	23.2897673199917
-0.435	92.37113766480398	35.0031080054694	23.30039395531376
-0.433	22.508908283702667	46.00450798505785	30.187679988859184
-0.431	-40.73882846067356	33.197260564809405	23.10593993385662
-0.429	26.30510831935773	37.17741322986849	24.477250370894918
-0.427	-76.53223700454515	39.117394108104286	27.40897694696631
-0.425	27.128742668969252	34.76764426541499	23.83519486550836
-0.423	-24.676477647700423	32.72461028460596	23.111754334068284
-0.421	-1.999202880687001	44.478666673809876	28.34333113410023
-0.419	24.22039873706261	30.38452503338521	24.29826325499951
-0.417	-16.558301872526826	31.351473328783555	23.48448584095219
-0.415	21.24190869934317	41.00052729519049	28.996196661422523
-0.41300000000000003	8.144401311804828	35.48689989477718	22.761809093070834
-0.41100000000000003	77.6183765260896	33.683363220860926	23.884292493329756
-0.40900000000000003	-6.514635896182064	37.740073897103116	25.90939816683107
-0.40700000000000003	-8.351328763200883	34.77420967333153	23.918404620483077
-0.405	20.236181188959534	40.61904441854866	23.857917851068688
-0.403	-1.7659425854965605	28.16062824840255	23.338200422796618
-0.401	21.92342243101386	41.39247108035545	29.79820648703422
-0.399	23.537351253377636	29.288153734350118	22.777047029587763
-0.397	6.105545540258106	36.693278419701315	23.662008371879704
-0.395	-26.36062971683728	41.13531307117261	27.383990903190835
-0.393	12.797569156841604	28.850849111076897	22.408185512215393
-0.391	59.413395427698745	33.93623158975468	24.071655354686804
-0.389	2.7438231113841027	40.10812765755965	26.85336582723859
-0.387	53.30978713491419	36.205107189343735	24.242472147870874
-0.385	-12.963161263312983	32.7304700759063	22.260498068449113
-0.383	-9.305284061733587	44.30875835148197	30.572657351127507
-0.381	3.7342124303840762	34.753491695153386	23.46901598851681
-0.379	-8.715944581960677	31.714028410779232	22.24892724560747
-0.377	34.263864682637646	36.80624901224303	25.70000084957886
-0.375	-74.13450800497489	34.074829400927506	24.733111221357515
-0.373	50.47910499866859	37.05294632680176	22.918874352692963
-0.371	-11.958081468255166	39.088212837726175	24.52342790757211
-0.369	17.01947220800193	39.87112733066715	26.02857857766452
-0.367	33.476163195933495	35.43569209988851	24.08312040833215
-0.365	-32.64354248577739	33.04046757102122	22.591490713536782
-0.363	-5.552220082583048	38.11865484428739	29.398944196752492
-0.361	1.769400127527021	30.142786508621544	22.261658107446706
-0.359	3.9000524445498286	34.486637229853116	24.278127663068357
-0.357	-43.398882374479086	37.57628165479779	27.44842519621049
-0.355	5.121419033304875	31.914300645271517	23.09679308495665
-0.353	14.25496868434628	37.54514919792364	24.088103534194712
-0.351	-22.143039426825162	37.54988128346858	26.83328801703165
-0.349	95.46221942935418	33.89956814892443	24.080165720038167
-0.347	12.026770564554923	35.66866497937563	22.760117750069067
-0.345	-1.869815417943066	32.34709842694219	27.7192967994503
-0.34299999999999997	-23.821437229565312	34.151614974362104	23.48058079045144
-0.34099999999999997	-22.02873138423822	32.067488125136904	23.115748881265333
-0.33899999999999997	19.886748054087633	39.978517848698445	25.423623982355952
-0.33699999999999997	20.03342115353135	35.28180738326337	25.49334812721143
-0.33499999999999996	57.55277706076534	33.19489886314899	22.910810533019664
-0.33299999999999996	-42.93400267962877	31.664618824473536	23.315739857469598
-0.33099999999999996	7.97408388431009	36.86506410867598	27.424533308258273
-0.32899999999999996	6.869494197703219	36.62338731128202	24.293057537519303
-0.32699999999999996	-32.94149019961168	31.422954623013936	22.934014826737556
-0.32499999999999996	54.65904310031355	40.96688123325456	29.39914851785313
-0.323	18.037669331727457	29.121215398087276	22.946617018656028
-0.321	73.43216456323631	37.5542673221974	23.481213264287796
-0.319	52.04016784832177	36.765571704531645	27.726431014634127
-0.317	11.32679519311175	31.968667411565875	22.42430459522224
-0.315	34.37897206026719	36.248219367896496	24.11960384376594
-0.313	9.483198218251943	41.4078095039409	27.129298942742214
-0.311	59.432269529313686	35.14135206477679	23.647659406451684
-0.309	18.950227890446314	27.135037419823924	23.514507321284864
-0.307	45.61595800134377	37.28238342093983	25.978682855365992
-0.305	19.945519816211288	44.663679134852764	24.773343910474434
-0.303	7.213331294275704	28.20559025279863	22.453378290882487
-0.301	73.59173348153725	35.31908940014863	24.476530894606334
-0.299	3.218811762684126	34.72751300209669	26.032196629803547
-0.297	77.86758402761329	33.75388893098871	23.488573785192308
-0.295	-15.106323243307962	31.293723940145902	22.94210015678049
-0.293	-2.773247975818016	38.45566506971658	27.431254751882705
-0.29100000000000004	57.52144121462521	38.638548696998235	23.692560215960185
-0.28900000000000003	-44.16029557785528	29.22912211401511	22.783383999145386
-0.28700000000000003	22.654455331450052	41.37866389115301	28.7503312852691
-0.28500000000000003	-53.408905346996605	26.194013079494443	23.111735698684253
-0.28300000000000003	44.18486543800171	35.07206622392392	23.515799594377405
-0.281	30.60551878286688	34.413750328397256	28.380737350167564
-0.279	-4.473324248244204	33.35980990201145	23.506011736799834
-0.277	32.01472085434531	37.17621632468385	23.89370560149748
-0.275	-74.30903862881699	34.99460928966537	27.13866753326999
-0.273	59.78945416162951	42.1782824334912	25.197783977302883
-0.271	-7.266251685233982	33.64743821818486	23.49651312224872
-0.269	-13.23876470771257	37.30502790646419	25.00114756766849
-0.267	59.87856373046441	44.68046369650763	26.804346917804203
-0.265	17.393514659902465	30.89464187399572	22.76456933600451
-0.263	0.7927079652692015	36.29780755919243	25.399597294868332
-0.261	-29.28514670985649	25.04509472006332	27.80981497656233
-0.259	21.43716899438708	37.31122528609526	23.90067528208609
-0.257	29.26208632225702	33.121961431077374	22.605651300039913
-0.255	-20.826547077246182	45.16747913928785	29.045190755473232
-0.253	35.36067334541926	34.8616148538965	23.312601053356346
-0.251	39.74827520458746	25.983216116121014	22.581733003449905
-0.249	107.71931547992608	39.467399031067565	28.077646176266065
-0.247	-50.650755493708566	33.444490475766095	22.924401650548198
-0.245	89.17309298595022	35.87992311531854	23.906806321084712
-0.243	21.60670614648197	33.44290486103971	26.012167256171395
-0.241	-21.943443250460604	32.1345515301086	23.678258961122623
-0.239	79.75450511943372	36.00568608121977	23.883038826215174
-0.237	-41.141186172155564	33.29342400119734	24.76382285460904
-0.235	74.33617944130333	34.24095526854483	25.45511586577345
-0.23299999999999998	-37.90005395720719	33.528431873248245	22.757244948451174
-0.23099999999999998	16.261402977502115	38.18163245650435	22.747768023761232
-0.22899999999999998	-9.569395403641323	49.92886068173266	29.076367872957615
-0.22699999999999998	-2.887984831834167	29.426241394321167	21.952860749941753
-0.22499999999999998	47.071514635010914	38.054890138749705	24.081448019786624
-0.22299999999999998	13.964781577335827	41.09886624846236	28.0053467631407
-0.22099999999999997	46.2575296806822	35.71862967669496	22.756165323381367
-0.21899999999999997	-0.11192352900035729	34.94650966002167	22.782875117560636
-0.21699999999999997	-10.375772993342913	45.079143465493324	29.08074541938021
-0.21499999999999997	-19.77333667113612	34.08188221364323	23.723904009237216
-0.21299999999999997	2.0601115156004823	28.580379821235873	22.95329364274976
-0.211	1.7181901121876564	49.0907759472603	30.23936264078906
-0.20900000000000002	-37.48316119833728	32.4278053828865	23.098447758841345
-0.20700000000000002	70.41223029702337	34.02094829177602	23.324180986061034
-0.20500000000000002	-27.613120951452963	31.27409358201095	25.965507319619487
-0.203	-15.938805439486003	33.485650886250085	23.92413904785413
-0.201	48.83367147412443	36.59628813610926	23.699156832356117
-0.199	15.079567756925982	28.981434668575382	24.743963231905273
-0.197	49.392535999004394	47.34361363009658	27.719135864645043
-0.195	-60.50471544105651	35.200881232999414	23.10991411967888
-0.193	33.139716468566505	34.049624528726625	23.092995726563903
-0.191	-38.14315080807873	41.02718117768468	27.711596449250123
-0.189	20.695298853734556	28.643074373692983	22.27194547189455
-0.187	72.60761533234295	33.207122394078276	22.768830641165426
-0.185	-69.88299503296602	33.567265998292335	27.44419931458946
-0.183	20.897622856175246	35.318804584971375	24.307358746296376
-0.181	-3.910631952153132	30.779998671230114	21.794254045423653
-0.179	12.927892645508976	37.3347314636887	29.08448126144308
-0.177	10.254996795300286	36.81385437045488	23.133200595069535
-0.175	-13.267398645711026	24.25039294232831	23.106782671154214
-0.173	46.68888372605373	48.06467329061336	26.799334003799867
-0.17099999999999999	-35.89726583874686	31.29333884661885	23.49508144640454
-0.16899999999999998	72.33819207086434	33.1108659400978	23.36210338442857
-0.16699999999999998	10.09281112418492	39.169225676764654	25.43745990487758
-0.16499999999999998	-55.44725676565054	32.092024774893865	26.01471017152115
-0.16299999999999998	28.41546413412388	36.26773952823098	23.14787681037163
-0.16099999999999998	58.631718488744156	27.076757483408297	22.75501878840931
-0.15899999999999997	50.55261569175684	46.25902680793286	28.045242990209058
-0.15699999999999997	-29.19980857529758	29.633302813472085	21.934879986771815
-0.15499999999999997	62.98959746975363	37.216782342586626	23.680391510527723
-0.15299999999999997	-30.250405031462257	35.9994095547704	26.30904815608586
-0.15099999999999997	-4.100372396953489	27.164490539357814	22.91766881201202
-0.149	-25.14312847246014	40.2845338946276	23.70024444172974
-0.14700000000000002	-69.11039890766801	33.608227297719594	26.01118506599007
-0.14500000000000002	9.754951236118359	36.13603359854013	24.330729556128013
-0.14300000000000002	-3.4515582595373573	28.054597347221183	22.262616970106293
-0.14100000000000001	-27.138616540578475	41.58228377869239	29.463123535402904
-0.139	33.45489469008811	34.09283951061386	23.12725638641985
-0.137	-15.982809214110105	29.210786662872614	23.292902321488622
-0.135	52.78476074410676	41.67142355083957	26.4882239572391
-0.133	-18.745534496766858	35.42351019035552	24.517671275390615
-0.131	5.016400193902371	31.344741911744542	22.96690439825474
-0.129	-41.05219804884097	31.32642152610642	23.111376273816852
-0.127	-55.80976665808812	47.40652637847705	29.431545755274524
-0.125	-32.81040851899064	33.303111553554984	22.434048496190304
-0.123	-24.851981996087957	28.630009157251866	22.41117059950365
-0.121	24.924327415520864	45.04536976042934	28.717279224053218
-0.119	-44.23130477670956	30.902657031909527	22.0658991992414
-0.11699999999999999	58.100782754699765	35.10717782107465	23.508500209878836
-0.11499999999999999	-55.83813245935154	42.91259843885848	27.092166755623442
-0.11299999999999999	35.82772619714625	26.878791738553765	23.11778691484068
-0.11099999999999999	31.02689725165142	33.38968179492415	22.591635069323324
-0.10899999999999999	20.753317355071133	29.26510265158298	26.24634701363007
-0.10699999999999998	8.235164671521744	30.58791247885255	23.452926490278994
-0.10499999999999998	34.68357833047442	30.851371620475298	22.25400999099747
-0.10299999999999998	25.251330779907377	39.18601575816901	27.741596495539515
-0.10099999999999998	15.058406267920432	35.93313446979248	22.778261368970693
-0.09899999999999998	4.2805473268181515	28.03337360318063	22.766194145850115
-0.09699999999999998	17.257189442343446	33.48200551438728	24.26498632516414
-0.09499999999999997	-27.66360298478432	37.341983433945174	25.27957887464083
-0.09299999999999997	10.812723769015875	31.79250967024929	23.10895324182695
-0.09099999999999997	11.411935498362169	31.958317127205824	21.909077727366693
-0.08899999999999997	-38.52780011948109	32.3328118958888	29.46990879858973
-0.08699999999999997	-33.728128141174984	35.995478361585555	23.13885018552033
-0.08499999999999996	-7.448822548106193	29.14482476277902	22.779225703904974
-0.08299999999999999	43.84965558390519	48.44195795068991	29.432274677660867
-0.08100000000000002	-34.22134289909895	29.293385120938577	22.238165587273837
-0.07900000000000001	-3.4460482487563837	34.96753052866759	23.71823728972848
-0.07700000000000001	-15.826523206530219	44.094863438824056	26.808980753219817
-0.07500000000000001	-9.274709718565255	29.704772595682048	22.7390534393237
-0.07300000000000001	17.372787650016264	31.783221038155997	23.641539068800796
-0.07100000000000001	-32.894154357809846	31.874359459233823	27.71089166982483
-0.069	67.61209762129461	34.54212922638621	22.94282291217975
-0.067	25.489610214313174	27.076418685091	22.390949691170864
-0.065	7.738836340420718	36.229550739391186	25.99212508376471
-0.063	9.03652199091276	36.59809978496906	23.918330958218554
-0.061	1.8448907914692114	28.82440824132816	22.954037571949964
-0.059	44.68239280530639	43.32517612853848	24.033058828298678
-0.056999999999999995	-39.70523887319999	39.5006883146102	27.04466291860424
-0.05499999999999999	-14.65914488996134	31.47896361858213	23.485216534119026
-0.05299999999999999	22.6716133029381	31.74405916355406	22.768564347462686
-0.05099999999999999	-8.734142022182034	42.35993856967296	29.10082658875955
-0.04899999999999999	-32.80708855624148	33.478015778573926	22.59972561553948
-0.046999999999999986	-50.31700436020081	29.706933905951438	22.583947045478126
-0.044999999999999984	30.334957342281754	43.84621560925828	27.155147049887738
-0.04299999999999998	-20.142270850453947	29.39329141112405	22.23598554489086
-0.04099999999999998	4.496125601605172	33.14411950682688	23.50299703717926
-0.03899999999999998	-17.573167923279343	35.02651481958365	26.838872200564673
-0.03699999999999998	37.92035321148468	31.935843276947686	23.649758014404927
-0.034999999999999976	50.483927447997345	31.149571789755967	23.115674858544804
-0.032999999999999974	-32.94671033449159	33.20161791752083	26.533344362822522
-0.030999999999999972	39.62308888971755	32.098894494508755	24.127257816271456
-0.02899999999999997	11.551300323375813	29.31026128684867	23.09862017369698
-0.02699999999999997	-3.7065606117714367	37.81900103407192	24.307224910370813
-0.024999999999999967	-11.789139798712434	36.788706017853784	26.307507662774753
-0.022999999999999965	-3.699884771113382	33.523570868593254	23.659193914621714
-0.02099999999999999	-12.168674292545312	31.063886542434034	23.314658048551692
-0.019000000000000017	-68.99434436002937	37.89382743536484	26.823931553485203
-0.017000000000000015	-123.98437455740651	32.363858805775074	23.12982896529028
-0.015000000000000013	-186.6627268005683	30.80258233073178	21.774796023302326
-0.013000000000000012	-235.47565143344772	37.24172339021621	28.67811983733433
-0.01100000000000001	-242.9787883335699	36.49057521552969	22.43090167624459
-0.009000000000000008	-229.400690804793	29.196062856908824	23.30112139124925
-0.007000000000000006	-197.67743923504443	50.14865165569758	28.725368799475177
-0.0050000000000000044	-269.01955464109227	31.358495447543607	22.568543075590224
-0.0030000000000000027	-224.69972581884434	34.73957136065918	22.942405995271738
-0.0010000000000000009	-218.1887123592352	37.94356939833762	25.734240222453078
0.0010000000000000009	-289.0704245755993	30.345825399417404	23.676044489630208
0.0030000000000000027	-249.4805347218465	34.21945180005472	22.260040703510008
0.0050000000000000044	-262.20064233650754	37.14193780457808	24.765076846930082
0.007000000000000006	-235.73582069502663	39.67229563732182	25.987262506230955
0.009000000000000008	-280.1426360177217	35.22504043282786	23.07795635991486
0.01100000000000001	-203.1984160680844	32.04380534953897	23.109397654363264
0.013000000000000012	-292.0050029658894	36.676945304616574	27.148195462335927
0.015000000000000013	-203.10367447196055	31.77298776822149	22.746425529961048
0.017000000000000015	-138.9162875397032	33.37307601860877	22.740295783564196
0.019000000000000017	-34.022194298266584	37.099266194052674	26.817221501081956
0.02100000000000002	33.76761587947641	33.44138757101978	23.51078425980671
0.02300000000000002	-21.864493110035355	28.925345114933457	22.24592649599086
0.025000000000000022	-14.770259304963673	42.64995873016658	29.452079332972275
0.027000000000000024	4.493662196569659	29.49887791886603	22.971555577626127
0.029000000000000026	46.23156700289677	32.86276003851131	23.87376185926992
0.031000000000000028	55.121608744324035	37.380709324259804	27.435770122528602
0.03300000000000003	-21.402606119824696	34.79297459516552	22.911455539207893
0.03500000000000003	68.81147470494398	29.31615730429139	23.13588732178658
0.03700000000000003	-21.34619848792596	32.90517505434034	25.182440784252673
0.039000000000000035	33.464606542743525	35.00585446366327	23.894245283191722
0.041000000000000036	3.869341377304991	34.86077685586816	22.777258219423437
0.04300000000000004	9.439625865415024	29.398528015133245	23.642147203750174
0.04500000000000004	28.07897432077766	38.78768875706629	27.424461187129985
0.04700000000000004	-21.12075164284466	28.938656041548263	22.411684733582984
0.049000000000000044	58.73277997836546	35.49626874509191	23.26853721749103
0.051000000000000045	30.630711553403245	33.93861577603038	28.053276702816515
0.05300000000000005	-31.305187686014868	31.28728878014042	22.75750866775414
0.05500000000000005	25.501193911203757	31.212111945750067	22.59116784411024
0.05700000000000005	-22.778563282588316	32.46349813736719	26.798028419952296
0.05900000000000005	20.22553016689521	34.295170748853224	23.873537927697758
0.061000000000000054	-18.466986522969187	30.481315981564435	22.061231776091656
0.06300000000000006	26.5346261445476	32.89349177926134	28.050383902594596
0.06500000000000006	11.055546201621524	32.47667191761696	22.39952664210042
0.06700000000000006	19.127985309674855	27.119324324980596	23.28481878386608
0.06900000000000006	18.6275016424986	35.43667111318992	26.516914919881426
0.07100000000000006	0.7845091816172101	32.68132538573616	23.85801119229865
0.07300000000000006	73.50175417308868	34.02822211258136	22.77203725735727
0.07500000000000007	-29.584405978666517	34.55856002196656	24.701557282628606
0.07700000000000001	7.411392896505831	33.21100220085956	26.025660302044066
0.07899999999999996	-30.32887525866723	35.544259981169134	23.297992261709638
0.08099999999999996	16.62487180986716	32.16733809421295	23.324914144869794
0.08299999999999996	12.688237035929362	42.93357358938461	27.40443942678647
0.08499999999999996	-8.523189390263752	35.049173982376594	22.096263008579964
0.08699999999999997	33.89933190489636	33.452799836421526	23.139370389655998
0.08899999999999997	1.1476059855741738	42.762718073219425	28.02209093743931
0.09099999999999997	57.43373525990414	33.25856149764113	23.1168345062696
0.09299999999999997	-3.252470420878062	30.863009582419533	23.29781448924844
0.09499999999999997	-12.8712912351725	41.453161646215264	27.079373303661416
0.09699999999999998	18.50355925414604	31.84874388885926	23.70632797876433
0.09899999999999998	-10.801007122585027	26.996887444706438	22.06762107536125
0.10099999999999998	66.02116579546013	41.28486866185645	28.71616888889316
0.10299999999999998	-30.091225355688422	31.92597728591125	22.936202149920696
0.10499999999999998	12.930532863997257	33.38745909470664	24.99788866112988
0.10699999999999998	-3.922103442688396	32.973605133499355	24.967410943122747
0.10899999999999999	-24.734536442139188	32.64519642123066	25.023253528707777
0.11099999999999999	-9.729935526614497	32.668722660857746	22.427057595934897
0.11299999999999999	-0.897294251234193	32.563969257835694	23.284819037685413
0.11499999999999999	12.213615313338977	34.34489067122377	28.71892464340393
0.11699999999999999	-20.931005904278877	32.71621393940895	22.585350821268666
0.119	-9.542394173389646	23.553454828099063	22.245193507158888
0.121	13.32424549760347	53.998382196168144	29.424187841243153
0.123	15.332281487534516	32.05720592711492	21.932211142212566
0.125	38.03214025355217	33.857231289242286	22.58348105605819
0.127	-42.84379565944185	35.86753751830459	27.116904682464963
0.129	1.3416369240015769	34.32979834579819	23.30969895825592
0.131	-7.360041853310406	40.13352063258662	23.699368835983424
0.133	18.570649206184342	40.03129910045721	27.73020067310059
0.135	20.64044205818405	37.50778064136157	23.5095390323149
0.137	4.977111361492703	27.076265502577677	22.579641271341462
0.139	-8.908407962748832	36.259318145870054	27.719271882816983
0.14100000000000001	43.95110787003276	35.262205087156104	23.69989615029764
0.14300000000000002	36.96460989455197	29.908529262570237	22.590184754243513
0.14500000000000002	22.810618359292434	33.253400021031595	24.082830627138517
0.14700000000000002	-1.2869257538516976	38.61359898789114	25.26314934084041
0.14900000000000002	65.25348296082534	32.73826336268994	22.945333806294432
0.15100000000000002	0.8628578751501692	30.745714155676374	23.282729182869755
0.15300000000000002	51.18538538328998	42.412024608824886	28.39445609521984
0.15500000000000003	53.081222610718015	32.9671142279231	23.32892109814256
0.15700000000000003	42.2661813574976	26.90454148850072	22.939648773603764
0.15900000000000003	28.2043343102778	40.93203361564632	29.893314904886033
0.16100000000000003	6.141542494564334	31.986480938593214	22.710725925113074
0.16300000000000003	-8.050959221073128	33.60580557687332	23.126500049907964
0.16500000000000004	-0.41314625864874444	24.75500564339983	27.733033099527578
0.16700000000000004	72.00341515800623	25.78259830521389	23.472031269946633
0.16900000000000004	-0.22652734865680202	33.977178149723024	22.945611220980915
0.17100000000000004	21.474794444920065	36.6432862075871	28.063948001529457
0.17300000000000004	25.24955760319081	31.316566226772686	23.904431766584395
0.17500000000000004	-35.010706075366826	29.389251496945395	23.29969316134355
0.17700000000000005	111.83248918711364	30.527783524673726	24.76219133896191
0.17900000000000005	-18.803818984336473	36.633029763655124	25.25115159848583
0.18100000000000005	-11.205567960526075	29.023028237349745	22.260433378321093
0.18300000000000005	12.877473151817753	35.27121562024385	23.660115738505116
0.18500000000000005	-27.058341996122337	24.411128138614774	25.769604670047194
0.18700000000000006	51.9147814457277	29.84719158952438	24.51454303929671
0.18900000000000006	22.79851251296705	31.49943252010055	22.2632987677642
0.19100000000000006	27.51505903320073	34.37586861431293	29.422255485613054
0.19300000000000006	-42.93324022019984	32.086236394973966	22.765932653278394
0.19500000000000006	54.33676747701455	31.82028312127797	23.11380767659508
0.19700000000000006	22.943843016598464	38.534632877512145	27.47078847104848
0.19900000000000007	-16.138173672075595	28.609876273361714	22.560545736329853
0.20100000000000007	-27.418029309056458	30.79257556327798	23.848431240129734
0.203	-24.713720302771414	27.795908683644434	26.285043769213363
0.20499999999999996	20.56978419973099	36.377728369425334	25.673016618104782
0.20699999999999996	-46.03263738678365	33.37527099428979	22.95154316919494
0.20899999999999996	0.005516726186982623	34.11119980482364	27.405366183270207
0.21099999999999997	77.33225069594951	42.739811402190675	24.763512749309776
0.21299999999999997	34.895836529491575	31.2701618863447	22.56150279571079
0.21499999999999997	80.65798677137082	33.081678618226235	23.44055263488039
0.21699999999999997	52.87514590524012	32.98789026164035	27.79557347410319
0.21899999999999997	19.328738489310382	31.02007409976796	23.142152875614087
0.22099999999999997	-6.763075980464883	35.68916089713432	24.105239510397254
0.22299999999999998	44.45916836370856	35.9388947046369	27.71768456149109
0.22499999999999998	61.10632696154639	33.17496424112265	23.874333424117108
0.22699999999999998	-9.42529507463874	31.92797600937132	22.085961000986305
0.22899999999999998	93.17796992980298	36.36947426235712	29.799070689217576
0.23099999999999998	8.83997357692401	31.158199990797247	22.123654932488655
0.23299999999999998	63.41547764554534	33.29861034084551	24.314849050426666
0.235	-21.215227339999032	38.9488421840847	27.4394042215505
0.237	11.438081755743568	28.817251416417932	23.12556463932085
0.239	24.588226408495117	33.312455966266185	22.944213698000244
0.241	9.355803250787886	35.641743710764516	25.48371629751723
0.243	77.49404779211488	34.012910446734814	24.552750661972976
0.245	-45.55996742583446	32.69423273753871	22.58458792383192
0.247	-2.187391532904037	35.05455242489422	25.440137353506834
0.249	61.66123331086126	38.48764569946059	26.28535034183516
0.251	-15.522954842417391	36.596979647111425	23.89890199399739
0.253	42.44546339449151	35.890573278766176	23.245990479933823
0.255	45.0874753972208	38.16778348753872	27.77088060576803
0.257	73.457862396209	33.89446399268474	23.50638100449275
0.259	-6.543248253665368	32.784512647093806	23.103487338916338
0.261	43.00163111037314	35.2021406673361	28.069580381486695
0.263	54.27958960968482	35.13992432769312	23.493766105944374
0.265	5.976647837524496	29.67811840515227	22.767663091741415
0.267	40.638581962682	38.35990853440365	30.658889768078332
0.269	-8.491467791582608	31.772486757374267	22.096861261723134
0.271	91.5689042204626	32.346175899586996	24.072623153701034
0.273	78.84960084991732	36.88442219476847	28.760772213697702
0.275	6.420294615949729	32.32766632551341	23.302506569004326
0.277	28.78896165192657	30.39444819693402	23.513035950313053
0.279	-46.137818472513636	36.42751307709183	27.311678696016255
0.281	29.29822436770202	29.982130169385552	25.040097610620567
0.28300000000000003	-4.8410120233599585	32.043455963317044	23.29746272197794
0.28500000000000003	67.76391719687247	31.72571262149305	23.48434612504351
0.28700000000000003	23.026624389688166	43.17582450754543	28.359560735674815
0.28900000000000003	49.44511595605938	29.251941258184686	22.77629133230073
0.29100000000000004	83.17925402212545	36.11636900025784	23.897694407926654
0.29300000000000004	3.557406596188528	39.72613912424489	28.079668494453557
0.29500000000000004	-7.063150877173463	32.25298234530664	24.062650120487593
0.29700000000000004	-2.3182867827653553	30.091810128332103	24.099205878912258
0.29900000000000004	45.84166473775575	38.904018676510205	27.427915688970174
0.30100000000000005	70.64987963345537	32.444244508461935	23.309895049290486
0.30300000000000005	-15.003692218518161	28.44981195672021	22.926784589720498
0.30500000000000005	13.562357989993501	32.24237198270682	29.851447968335666
0.30700000000000005	21.782872945630416	28.23068981522108	22.586988244623935
0.30900000000000005	6.124908293436704	34.762984591577954	23.458758358421978
0.31100000000000005	11.606628007587716	34.00168287887971	25.23863663871168
0.31300000000000006	29.282372368655274	33.1336414981909	24.524689567162238
0.31500000000000006	53.88297584474344	28.7962690413578	22.75150498507322
0.31700000000000006	11.489794566887923	33.465538275451905	23.894832559167266
0.31900000000000006	88.60292846413209	32.843367498060935	27.723732603950513
0.32100000000000006	-6.700018092997695	31.091906282819547	23.309981035748656
0.32300000000000006	25.929099505939135	27.64825206770812	23.88873959704396
0.32500000000000007	93.63677325868736	34.25588948592659	28.04081433326683
0.32700000000000007	-39.436127880598804	28.682920505451868	22.763793343176683
0.32900000000000007	41.196103403695616	32.560217131579314	24.30363264974301
0.33100000000000007	-35.44286972279043	36.49838478875499	28.42030221893451
0.333	39.035724078040346	29.47273935058952	24.288478211385605
0.33499999999999996	-1.675982926108155	30.159460784209646	23.478522317691155
0.33699999999999997	-16.598859829408674	36.89184668493347	29.061428017970968
0.33899999999999997	41.81470975406221	34.924036245607375	23.52039468402629
0.34099999999999997	0.7282128349217487	35.64725818861858	24.492277740901503
0.34299999999999997	14.345048211517053	37.44868390483126	29.0323375048126
0.345	-14.647836370063061	32.82417946218877	24.06055758758517
0.347	74.09435260208319	36.90936634846013	24.943996376877575
0.349	14.543956408985537	30.470871518742968	25.19399070329071
0.351	1.2343527584501857	37.34043327305635	26.766547353650648
0.353	31.19449240673866	36.183411090486736	22.936824937817878
0.355	30.994820615859453	34.16462937626438	23.655050439832948
0.357	10.436270928781965	42.02798036094301	29.47510178256205
0.359	-2.641781817414035	35.897439026259626	24.079415421841457
0.361	102.94886930850566	25.358558898647875	23.881425993606577
0.363	-5.03195724654848	37.19326148670615	27.410368699428265
0.365	-17.91720124788565	34.22795148085798	23.472715301617583
0.367	29.603873100914058	37.133516255452065	23.464226216740098
0.369	-5.880388245116386	36.64782415951328	27.40955896852021
0.371	81.82585457516822	37.09160070605956	24.90711258874053
0.373	9.588604733989925	32.814828994129115	22.585598087549005
0.375	-7.611044095523489	33.39808979473063	28.006740159690512
0.377	36.109598266387266	38.24640906314954	24.081824709973183
0.379	-6.857858464992539	30.65391916948209	23.296292494255493
0.381	54.76218035238567	40.691886702731374	27.08573160387686
0.383	1.8094181615246896	36.613969458006224	24.112965175182687
0.385	9.153491346447495	31.163698815261807	23.894376963852377
0.387	-19.343027852225525	37.13472300011128	24.46124449105856
0.389	71.00790868697082	32.573427162088784	26.308031971688855
0.391	66.48183453505929	38.376775571737866	23.485271728180813
0.393	17.17495839281824	30.856361539853623	23.697223065463557
0.395	0.6090096789090893	38.53203741519292	28.340635156690418
0.397	16.419832959746472	28.053509948121075	22.256417200249015
0.399	-83.40836741804748	33.43508825579412	24.08761204838953
0.401	-30.667703358466802	42.43051665220068	27.11783564117615
0.403	20.680717857546327	32.41388121777217	23.099449194657485
0.405	51.148161999581276	35.556299074662505	24.933233877550883
0.40700000000000003	28.649694572946416	36.15467138778573	26.273425612999667
0.40900000000000003	24.158625520964705	38.28716054710253	24.931968472007856
0.41100000000000003	-6.69786449603027	31.715348399060122	22.41227264034148
0.41300000000000003	73.66799130248403	36.02361077311941	27.678578034875176
0.41500000000000004	32.88727463246488	37.42456963332676	23.703396288237656
0.41700000000000004	-34.06365767411046	34.15471499334668	23.87626557695401
0.41900000000000004	57.193291729262796	37.50557301827154	25.423551592231373
0.42100000000000004	-35.5077565569184	35.089011475999875	25.482495494528315
0.42300000000000004	42.61098397018159	32.72407751516352	22.913219856226117
0.42500000000000004	19.178361186922288	32.027326522207446	23.47631018852162
0.42700000000000005	36.672815661331626	34.750812282893385	26.82337767707489
0.42900000000000005	-0.06895115700622512	34.357172842692684	23.86721950449003
0.43100000000000005	14.552410709800512	29.945379811799995	23.317376211565424
0.43300000000000005	8.507698366022609	46.40790977156888	29.377229481344585
0.43500000000000005	16.79691179545806	30.17927096212764	22.407879331283656
0.43700000000000006	52.61529399014364	36.47200978672938	24.52056735516025
0.43900000000000006	38.3501388048213	35.992001592817495	27.390898260168097
0.44100000000000006	-35.40119715395029	36.43499497340336	23.460587615724318
0.44300000000000006	-38.07482652318228	32.495883092436785	23.67846379926251
0.44500000000000006	34.27597891003664	38.370789372498706	27.08742740446939
0.44700000000000006	4.084433167461654	33.320646765885435	24.10193912576446
0.44900000000000007	-20.15761100815361	30.819767013681346	23.104252125423702
0.45100000000000007	36.98931569795505	31.714459167447888	27.054801948901552
0.45300000000000007	68.1196185030597	39.36896627472026	24.327062062877246
0.45500000000000007	-23.59378837346604	31.815387811419615	23.891968329174897
0.4570000000000001	34.23925733758715	34.376591332269705	23.259260887553697
0.459	33.39911964128639	39.41788015556792	28.11485306245979
0.46099999999999997	21.739548926591468	34.2616448202034	22.739384458497103
0.46299999999999997	19.091224303879883	34.33356714050323	23.300042048922588
0.46499999999999997	-7.573024648044324	36.04198364207586	27.406149431994642
0.46699999999999997	-27.605710013256513	37.43190395511387	23.48980538846059
0.469	-49.80998232106959	27.747557844508204	22.918179800938454
0.471	-20.49422277694557	45.38481575930155	30.64527027869272
0.473	16.715508411202507	33.59112000801961	23.29069411682526
0.475	5.892750658098578	34.4132672335915	23.89780923016169
0.477	-42.85630032008214	42.90535320339906	28.075984937392914
0.479	20.19715626189189	30.668452855055687	23.268062269081494
0.481	-18.495629343528996	32.326631151589304	23.509609561112036
0.483	-37.75725807808605	27.786947977853746	27.365821474099643
0.485	-34.82191616877017	28.51519735713279	24.092297418975324
0.487	-23.517677501860845	34.881483331994744	22.571016441064355
0.489	45.40647132311726	32.71087758478963	25.422856197082886
0.491	50.01660324621682	27.976913979990947	26.536028497937075
0.493	16.16983242214154	32.93532146475473	23.259519925527027
0.495	57.520638437891236	36.872617377806975	24.095631001791972
0.497	0.3764248113213853	34.30328582446851	28.03291905846566
0.499	6.999194596568614	35.28124900437269	25.386442564083666