-0.499	43.65996881694478	46.86152911275627	42.321667866635075
-0.497	23.823232207842437	41.517096591820696	37.46969242913178
-0.495	26.808592545224386	43.645226434469244	37.674625451789204
-0.493	-21.0796154564985	41.08205515166017	37.55361845777437
-0.491	52.59737340890247	49.63988400556738	38.61509173721996
-0.489	25.341864069883258	48.01957114142197	38.33327653811283
-0.487	43.553865026080274	40.47522650022165	37.965012635528396
-0.485	54.969830348694515	44.632353111713215	37.3593615000524
-0.483	-0.5133334299856074	41.0638362332445	36.499038031086044
-0.481	-12.612634430531067	40.97145144902268	37.0703968806791
-0.479	19.528556703951594	41.36524483649881	38.35463930905159
-0.477	10.955871409201734	46.48524380310248	37.497686656075395
-0.475	38.86106368011788	42.29145956298312	38.33529882446657
-0.473	88.86459694812388	45.817336286209574	38.71586376726676
-0.471	38.71524171250584	41.30309224368608	36.61119720534708
-0.469	65.89498350395573	42.815228320871405	37.414924194563966
-0.46699999999999997	98.34068654912542	48.91552113554546	37.99727317393331
-0.46499999999999997	42.53710804946742	39.84909843388258	37.56441219002679
-0.46299999999999997	83.28537600998942	40.26979087562714	37.5532557829995
-0.461	-15.748288293093715	44.23193337674822	36.33052026993504
-0.459	32.9759373784988	42.82362164932643	37.11172912323047
-0.457	40.254404010342526	41.116722800666295	37.88020252031977
-0.455	26.409275573735513	46.20009292923717	36.79376342357993
-0.453	12.43329271938265	46.238087936799815	36.375169398820425
-0.451	-66.63356789859964	44.150188263507005	37.288695665182324
-0.449	-12.629394115948323	41.73446917816761	36.988417491385135
-0.447	97.16943338777817	45.705376706589014	38.179399199243335
-0.445	-14.549100120442304	47.689199140655354	37.19427357753801
-0.443	-3.8607542063306965	47.56302808213535	37.854167859070884
-0.441	71.09859172560462	44.553277012658796	37.612285122821746
-0.439	50.755432006388546	40.31583633547035	36.442029107943306
-0.437	0.44330411541615433	45.69156424435799	37.968968838671145
-0.435	-20.972930859008976	43.61626024179439	36.973577436223025
-0.433	4.660584049132055	41.18912610440654	37.64043686838944
-0.431	-59.00367299116471	47.093134801003806	37.815033855402596
-0.429	1.4841402597998155	46.92399159130303	37.363649109996196
-0.427	75.93757431134662	40.16025409297884	39.67505913493013
-0.425	-19.13480398596512	41.87467592833147	35.973118960159105
-0.423	-4.826891792708565	42.85354707265959	37.1086802026174
-0.421	41.115883036901835	46.66577128418054	37.20462893409528
-0.419	54.025958480474756	40.20884173695322	36.86164773937688
-0.417	22.97374020931997	39.70176566335572	37.83121301191968
-0.415	-3.702766821600534	39.94071645099655	37.38384320453257
-0.41300000000000003	82.23659739914346	46.51564471401508	37.80795466519349
-0.41100000000000003	-57.506244241278814	41.541313017464965	37.54646685334502
-0.40900000000000003	4.796222488279156	38.34654001680163	36.88119899552368
-0.40700000000000003	18.473591234524633	39.45472665566156	37.833851127220285
-0.405	106.53093787738044	41.996349272921044	38.094074754877546
-0.403	1.7258974578382436	41.676102216236906	37.5433184260795
-0.401	8.462989558477574	45.40174985444582	36.86219931254381
-0.399	-35.06456698387783	46.33397195090144	37.270472156156316
-0.397	-103.02627118341512	50.35598082151227	39.394755422062694
-0.395	58.36657893576458	39.805337194334754	36.92968730412655
-0.393	6.9620799187930515	38.270805686833995	37.94987350869048
-0.391	45.67402443433899	46.83060545580036	37.2044208558134
-0.389	-13.004038975417131	46.76063629516453	37.47935405240908
-0.387	-7.709524415422386	43.54247860559853	37.91140824536126
-0.385	32.310994211304234	45.92989341125819	37.52187527237747
-0.383	142.71953506472812	46.06705118353449	37.835286932456206
-0.381	-4.931457509793624	51.44567307628929	38.58172199403616
-0.379	19.939166586047108	40.539238616520656	36.846297082500094
-0.377	64.26562534267433	46.44799702094181	37.911542839263234
-0.375	55.87615343261021	46.52309406741221	38.43384709694959
-0.373	65.41350457656137	40.12418925623068	37.33781807459481
-0.371	-7.4837837990004985	39.20892352029178	36.45810990090042
-0.369	91.37512277224147	43.54834982560013	38.16685499602478
-0.367	10.805633414046056	41.966942920351755	37.109089264079955
-0.365	1.14721209354407	45.214146691376996	39.059877875720716
-0.363	56.296576953052124	38.83421659933316	37.88098174801831
-0.361	26.506821748206733	42.96385964636333	36.80742593823205
-0.359	53.50580268381755	41.99078428773433	37.14634536008266
-0.357	-30.238066149657072	38.748378472534895	36.79525430100239
-0.355	3.6529359923598292	40.28150898111097	36.86180629332669
-0.353	-0.08193508060916344	48.296128892277174	37.8901630696723
-0.351	65.28217550161308	49.64337803368724	39.43371704276326
-0.349	4.039122562637942	43.39021678861604	38.808613126454844
-0.347	69.15068255763934	40.36235646551716	37.58012794597074
-0.345	95.68881243371408	44.56245702547789	36.93512214196925
-0.34299999999999997	51.13103501597216	42.424879239391515	37.635152854836086
-0.34099999999999997	10.122471799878241	44.72629712043837	37.625939585168574
-0.33899999999999997	61.34478795982723	50.58035958252372	36.7001958987177
-0.33699999999999997	-22.174201971703056	45.39978167231511	38.73927633914452
-0.33499999999999996	39.037026969168664	43.98832353188723	37.99509205679833
-0.33299999999999996	27.394807319947034	42.909899357352494	38.3200968824541
-0.33099999999999996	71.80688597796525	42.04999881617928	37.39719148896395
-0.32899999999999996	-50.96212512978315	47.517253872648745	37.505807481438765
-0.32699999999999996	19.832352348148063	42.59215094475288	37.72804672143799
-0.32499999999999996	-19.008303976386642	45.77468768150835	37.29750044512011
-0.323	39.80075717890941	42.532651656746644	38.019717672288444
-0.321	36.86437361571926	44.80592781522672	37.38519002108733
-0.319	27.340007875853445	42.75101335797515	38.711636042247214
-0.317	55.83489398519603	48.72605198135375	37.79120426932225
-0.315	18.421969079751577	46.06286359109847	37.69529920381224
-0.313	10.527935370596708	46.9012568185213	37.38239806782012
-0.311	-16.58536348037032	47.619606217909876	37.16212261007145
-0.309	-112.94355713897808	46.300029243802925	37.29453974379321
-0.307	-5.407357426046033	40.56557665278702	36.56182551427999
-0.305	-21.136326633253155	44.65491533305513	38.13196284554544
-0.303	-9.33500730349035	49.72245430708248	38.11418503082829
-0.301	25.721803478484517	46.864373457780076	37.92483942272744
-0.299	46.34863969954495	45.0588259084906	37.320636426854016
-0.297	26.641828242190968	40.74253382289173	37.38782955141564
-0.295	50.630327331324665	45.88935698260307	37.99558027545021
-0.293	73.44446743573485	40.12809368652059	36.30249460008097
-0.29100000000000004	-12.657849752795158	45.33758597626041	37.73014717272032
-0.28900000000000003	20.686922024060195	49.024241583179595	39.0406615739193
-0.28700000000000003	-37.87162840973579	42.10807270803058	37.51933119363415
-0.28500000000000003	-24.69139276140009	44.06298298794981	37.553344651245595
-0.28300000000000003	111.44998798373607	42.4701275481823	37.33733857657335
-0.281	-32.357172771946274	48.33099095447644	38.795057534065855
-0.279	58.79617814708027	42.50172323657614	36.57339262431409
-0.277	-90.81401906829711	46.42040802598354	36.77717675403835
-0.275	-33.24226750744952	49.55162778371825	38.49945253335379
-0.273	32.25447374655133	38.86194483875387	38.07653828371598
-0.271	33.759463541560564	41.670983561036	38.39754147834732
-0.269	25.137805775177213	43.14218432134384	37.18311145010854
-0.267	-29.732484591815656	39.71224151419106	36.90924566810016
-0.265	20.3772720679396	38.915035985555164	37.247734746263845
-0.263	-53.105226930250105	43.90772100239037	37.25954842106277
-0.261	57.586390871611215	47.30051142267139	37.21827774338667
-0.259	17.503112694550182	49.23100868698918	37.00314374212545
-0.257	-4.27636518907093	45.30347260109443	37.77546202815895
-0.255	-28.37344730965974	39.8377439515129	38.25952424415798
-0.253	-35.51878978003131	45.37793293061302	36.94856935163127
-0.251	15.630607647532102	49.77099182589682	37.55982974954352
-0.249	38.943508512190306	45.71428223770775	37.75811495578988
-0.247	84.33359776116589	43.562903914908404	37.99423378286085
-0.245	54.4375540487696	46.51681187196442	36.7007110110771
-0.243	7.665050945071528	46.14678774565388	38.15383307812904
-0.241	-45.64854531818874	39.66298083978682	38.14277375556463
-0.239	-49.05477871308683	41.297386752618486	38.1609846869874
-0.237	26.304594835657724	41.12726668902642	36.33236872807787
-0.235	22.019993208832744	48.34575994108326	37.20647206843401
-0.23299999999999998	42.670331228622516	44.30228678137806	37.98781562468584
-0.23099999999999998	30.632895568150076	47.595184039641424	36.866966387807906
-0.22899999999999998	-9.083947220989153	44.63169209474348	36.9906523809203
-0.22699999999999998	22.626557946381354	48.59636903966343	38.397319904056175
-0.22499999999999998	-5.397694872733005	49.138159271375336	37.594718229370756
-0.22299999999999998	58.77077127469654	39.660917400775446	37.52042113863706
-0.22099999999999997	-8.633924114320735	49.26473311704374	37.676656436905
-0.21899999999999997	7.868914786435255	43.88774429133724	38.06935189131149
-0.21699999999999997	0.9809146299666338	41.575471689973185	36.47766994565573
-0.21499999999999997	57.6939606848903	41.739032807593915	37.393318112106826
-0.21299999999999997	33.20515226867826	42.143283747730486	39.14539059529407
-0.211	22.767934310552462	45.85762326132187	37.75841608406044
-0.20900000000000002	27.467418635573893	41.92534657291592	37.98355296577555
-0.20700000000000002	-7.504207754971404	42.671457370940814	37.619374524338006
-0.20500000000000002	34.17462972965524	40.88123918470478	36.68981995668057
-0.203	-6.829259089347062	41.47336639345577	37.4920503475279
-0.201	76.00085140690993	41.39810568573476	37.51086483152558
-0.199	47.500690079083085	40.059674800978925	36.95294668986367
-0.197	67.96034908718163	42.96938465025238	37.65576786996965
-0.195	-12.33833666003381	46.13555809163753	37.444245881834654
-0.193	-12.621276513469226	37.93072779215254	38.07349802874695
-0.191	54.52388454618706	44.37439564613759	37.942577558046175
-0.189	-29.17237033572828	49.04969498531703	38.66364617828286
-0.187	29.55001411142355	45.18499150598556	37.012065989609525
-0.185	-12.666645261005804	51.33981949044985	37.71798976570012
-0.183	70.14905507363167	45.86999869372547	36.84136397984468
-0.181	-30.9956136355094	44.39652015326228	37.60277875182273
-0.179	-15.322474551160425	34.85091323476605	37.76879025241119
-0.177	25.205101490399784	46.140988028485864	37.43602227354821
-0.175	-73.73285212330939	39.76400550791999	38.47339585703336
-0.173	17.40249693593654	41.12309056022533	38.05977962906117
-0.17099999999999999	38.767037922493586	40.17154906279604	38.09489868306371
-0.16899999999999998	60.917654190362214	42.02571136028358	37.40697609828095
-0.16699999999999998	30.843197657892674	40.56325688716551	35.98625842208421
-0.16499999999999998	-18.56340805506118	46.696067983436535	37.42207388284872
-0.16299999999999998	-56.92025354131491	49.153267034024644	37.61017823180099
-0.16099999999999998	-26.68412793249697	49.16871505616456	37.49290777945734
-0.15899999999999997	52.483871835651286	40.439433091808326	37.55202487267559
-0.15699999999999997	43.518317121682415	42.75737777269179	37.97527108984746
-0.15499999999999997	-0.2903915689023151	44.43075550647859	37.77305692178202
-0.15299999999999997	15.366793879145746	43.616449334085544	36.56170107066194
-0.15099999999999997	59.474814496196515	44.188664023483874	38.545744580982095
-0.149	-6.682562172954931	43.66295193097253	38.27864258125548
-0.14700000000000002	-7.4966209184790245	42.614565895074264	37.44703432835936
-0.14500000000000002	-34.685549555324435	42.35988674719583	38.03951611403117
-0.14300000000000002	27.43084727141465	44.05708573912715	37.604191880584644
-0.14100000000000001	16.670146781638806	39.88325228807689	38.33653714154479
-0.139	51.28384848318568	47.18673019517038	36.346723216071105
-0.137	36.75426442684149	42.13127663338018	36.37825139077911
-0.135	11.474415692047657	44.969112484995364	38.30060254083153
-0.133	-53.33673184459986	43.33440403868988	36.60070557119704
-0.131	15.09887774697738	47.164114109440035	39.46055491983185
-0.129	44.31212302224985	47.33441184886756	36.459151782554194
-0.127	44.75260260661251	45.23616932965059	37.86461487589723
-0.125	-5.698678981369554	46.3088643039524	37.40844523694247
-0.123	31.946509128966127	45.47803172126612	37.38289604799982
-0.121	25.2637560969049	42.739468676329956	36.722719439126514
-0.119	-13.997547745114858	46.91606930073755	37.291148017675496
-0.11699999999999999	-28.421403540423995	46.51235392092451	37.39811990387661
-0.11499999999999999	-12.933051931174333	40.64003191927869	38.50561231957247
-0.11299999999999999	-18.701069089521738	39.69971161569061	36.55404034621111
-0.11099999999999999	35.913805351617256	45.550413015778254	38.08319689487577
-0.10899999999999999	59.94017739396895	42.03869303817698	37.086385870805096
-0.10699999999999998	26.882473313172284	41.40406484353953	36.638874944617086
-0.10499999999999998	37.1792993154596	37.54539760438918	36.17968472462566
-0.10299999999999998	47.5214976654037	47.1636411223885	37.914836717479204
-0.10099999999999998	-50.36871456265413	49.27952154924874	38.41374862675473
-0.09899999999999998	-29.97698052897846	40.05988169393037	37.67513313064927
-0.09699999999999998	55.96882070002529	41.65073655402669	37.901290102897654
-0.09499999999999997	30.06027354413021	45.13757020695368	37.30122057424922
-0.09299999999999997	61.741546131699465	46.21333281882015	37.9127583660848
-0.09099999999999997	27.307004647925126	36.11015601704657	37.687025204917475
-0.08899999999999997	21.181894590105443	43.80230463189334	36.91615664175618
-0.08699999999999997	117.55474133345878	43.535178425042865	38.23468119819416
-0.08499999999999996	8.257732767802395	40.32529686207904	37.83283923481993
-0.08299999999999999	-83.89779433293221	43.316735537114674	37.75869254703262
-0.08100000000000002	26.330930936957486	42.75708470403079	37.75086516965189
-0.07900000000000001	-25.915051046432325	46.11788930569125	37.49625842018217
-0.07700000000000001	122.47341179971727	41.72821374809304	36.76496657300923
-0.07500000000000001	22.032379669134627	45.00027133573506	37.63347025593761
-0.07300000000000001	-15.191054586582986	42.44081323672987	37.32600745216115
-0.07100000000000001	-17.061278871910446	46.93809253292727	37.735006323330815
-0.069	-144.06824138268883	42.166070689972855	38.662724189926436
-0.067	52.24620406085734	42.98012511916315	37.58627403415909
-0.065	28.370007943756548	38.58871136814144	37.573434228927105
-0.063	29.41851840443377	41.57146162180153	38.020684232979924
-0.061	14.849069271738458	45.86921831277744	37.02684269884973
-0.059	68.56601437377208	43.40183499810269	37.32089787960979
-0.056999999999999995	-19.851812944393643	48.6259618990052	37.300693534455206
-0.05499999999999999	-57.50154526595885	49.77123806461657	37.871306607935935
-0.05299999999999999	-104.5998524983327	42.441544747897794	37.55178994813688
-0.05099999999999999	20.33230638720518	42.21862555996139	37.96649930618219
-0.04899999999999999	45.394302923496	45.779673997909406	37.668939154532644
-0.046999999999999986	26.637087740644105	39.347711567936294	37.80870115550055
-0.044999999999999984	-50.24517934471007	38.56451042465617	37.556862682403185
-0.04299999999999998	11.47159267578246	45.0784537329985	37.3732746205197
-0.04099999999999998	19.166201495446344	40.014704598554474	37.45553134547952
-0.03899999999999998	-41.63472394647094	41.9793371906969	39.416091215219765
-0.03699999999999998	-43.53875390283868	41.935957589989236	38.02341464702516
-0.034999999999999976	7.453162109039013	42.03289734507921	37.580765333988865
-0.032999999999999974	-29.528703297865277	46.1182529861153	36.767886372125695
-0.030999999999999972	-74.00362576459597	45.398221516074756	38.61493329469587
-0.02899999999999997	27.036065757934935	44.463356257437304	36.50825308764441
-0.02699999999999997	-86.1848359088313	47.225976270138965	37.183512011177704
-0.024999999999999967	-49.623564850387325	43.800848249814045	37.37792581514586
-0.022999999999999965	-168.81020143277857	43.553425886801065	37.22387537358206
-0.02099999999999999	-151.9850927405031	40.03672527453628	37.44189343089487
-0.019000000000000017	-96.07379435827568	44.77200593194103	38.24884384869096
-0.017000000000000015	-101.88250618958783	43.23329934491404	37.30116981475374
-0.015000000000000013	-78.94272417119375	40.91896712689439	38.03428683301848
-0.013000000000000012	-109.5562881251455	44.65528974641029	37.778793142406606
-0.01100000000000001	-90.42734722952694	38.82407384546099	35.7148321868864
-0.009000000000000008	-117.5802823029093	40.544651089810564	37.60794318903974
-0.007000000000000006	-197.84156371716045	39.28212136012994	36.99748599686601
-0.0050000000000000044	-135.774117922538	42.52731347614159	37.40990836402682
-0.0030000000000000027	-91.18431977628293	44.56399731232703	37.28085233000658
-0.0010000000000000009	-168.75323050891123	44.58197122541577	37.29976104543981
0.0010000000000000009	-50.50561089425809	44.84631985834947	39.0701076699798
0.0030000000000000027	-95.61764293808395	47.99152356766424	36.45279962966633
0.0050000000000000044	-193.1227484489595	41.91681115327657	37.53127431396093
0.007000000000000006	-156.71471228762002	43.883453510269895	37.49118731133793
0.009000000000000008	-116.18199099960869	39.28977866116579	37.06292669050871
0.01100000000000001	-94.04947780222716	43.25459773280532	38.44891015920245
0.013000000000000012	-141.7306243947092	45.31629957800787	37.380256927779214
0.015000000000000013	-136.93163014272258	43.01874752767825	38.278153161086415
0.017000000000000015	-131.0333937072361	39.955675878214784	36.780003120541096
0.019000000000000017	-44.426416309084615	42.919134034265674	37.47026505870079
0.02100000000000002	-158.57431158494694	41.71745155816762	37.01517186639292
0.02300000000000002	-89.66780802999175	43.49778982524781	37.59247001210473
0.025000000000000022	-88.28627627688323	45.52603804475449	37.94692819995666
0.027000000000000024	-177.55606406788527	41.06053047794627	37.37486331475073
0.029000000000000026	-5.70002754152199	43.61819192572419	37.686330528174935
0.031000000000000028	-83.87639713725025	44.227991179349246	37.433773889484875
0.03300000000000003	46.60334420392154	43.879580871473934	37.06341026206577
0.03500000000000003	67.36456099343258	44.16421522163327	37.75924703362659
0.03700000000000003	-0.1657328542181702	39.175015429815964	36.57041671094457
0.039000000000000035	-9.360258668378307	46.543288089055686	38.05860686316954
0.041000000000000036	5.221121626819425	47.029672978514654	39.28576386951033
0.04300000000000004	9.104543333249282	48.998564963493116	38.46810800558757
0.04500000000000004	3.9566604181917597	49.26899075548981	37.634452299002994
0.04700000000000004	-37.96367364949926	41.63174412483178	37.37699932250913
0.049000000000000044	-24.599909602907033	42.7831965015746	36.77849614001654
0.051000000000000045	94.84932625136722	42.950927336610974	36.89422601936371
0.05300000000000005	-34.46626751257842	42.84592288747757	37.39308772189776
0.05500000000000005	-16.737890581430825	40.48082797670151	37.86759596518858
0.05700000000000005	-28.312748639791607	38.689068543972446	37.634014528791155
0.05900000000000005	9.113488613765597	46.351600857203614	38.025495501106455
0.061000000000000054	34.40213197136721	42.12612668531655	38.1615339404673
0.06300000000000006	-7.894380703366011	43.74671850490486	37.54158818724201
0.06500000000000006	3.6617821168594133	40.341145156073104	37.84940717123032
0.06700000000000006	69.18029556057803	42.49582057511181	37.024908223822386
0.06900000000000006	-31.585483083129695	42.78201074305199	37.877311195968026
0.07100000000000006	-35.73657503641581	48.2229541323666	37.73291080300007
0.07300000000000006	40.35424971093882	43.91555000033131	38.182774078363565
0.07500000000000007	48.522911761494925	46.73185214015736	38.04151134659341
0.07700000000000001	-77.45212178533745	42.29669303076658	37.82649417298929
0.07899999999999996	57.89874255035521	43.15440979832931	37.25945867262964
0.08099999999999996	35.48083488480458	42.008311430144474	37.517144785266886
0.08299999999999996	57.028013599857985	43.381508794061496	38.41429512734482
0.08499999999999996	30.722326436194436	39.301536996806334	36.91956757951793
0.08699999999999997	-86.88371412524099	47.44947411070588	37.534813357249845
0.08899999999999997	-58.4850242763002	45.63233713228232	37.11602757252908
0.09099999999999997	77.56888747656454	47.159294350591395	38.40770255315116
0.09299999999999997	51.543261372577476	42.37328257154042	37.49296094098403
0.09499999999999997	13.320240569214548	40.25944071959177	36.24493963456163
0.09699999999999998	52.27268123308981	43.470401743530196	36.76865448438407
0.09899999999999998	-29.023916682358042	43.62870628322049	36.71712591420902
0.10099999999999998	-54.811756329598005	50.74219836634802	37.81126145998127
0.10299999999999998	5.622689887463395	44.50107810179371	38.71207994962812
0.10499999999999998	-29.027646341273083	43.12870813139634	37.31177396818089
0.10699999999999998	-40.56298857713081	41.22244640461913	36.90036829150956
0.10899999999999999	62.69840870620769	45.320420731313426	38.31675525092986
0.11099999999999999	68.80526989982982	49.65636850958499	38.28414530667512
0.11299999999999999	24.205140986222062	40.755204448456475	36.514965810540446
0.11499999999999999	-14.140864934009123	44.81710876778982	37.34292891020456
0.11699999999999999	-120.92136658414799	46.21136479018655	37.68154578820543
0.119	22.650983548588854	48.402540721473486	38.73811715549286
0.121	17.156971945597732	41.69713262954808	37.753830616497225
0.123	-10.370649614732663	46.85872902715367	37.936081996635
0.125	77.86480070848256	40.18192709305345	38.06237365012932
0.127	9.930659895962535	43.15644909060215	37.26005590584443
0.129	2.834756922531767	41.27038552281007	35.87176168999378
0.131	-37.591989691998506	43.180178016316795	37.880429978895215
0.133	-45.12799622136132	41.076134213153374	38.80457548499359
0.135	35.615652364429096	45.247960956197126	38.67334108345379
0.137	4.045529907292789	47.490933336984966	37.23105821914561
0.139	17.931282211058885	39.925498657675725	38.060501521389774
0.14100000000000001	-97.68675607191301	40.82994409345332	38.17500843054973
0.14300000000000002	-25.15415180437408	44.6071441858578	37.186464328629256
0.14500000000000002	14.757170243795414	40.40918331262226	37.329684450709486
0.14700000000000002	31.773069280705002	43.332441813829966	37.532096996444736
0.14900000000000002	-136.43876907387664	50.599356295602504	37.89441504746839
0.15100000000000002	21.574231250820475	52.2507547814785	39.51823055149278
0.15300000000000002	88.82312214009147	43.31262718134755	38.50794649331704
0.15500000000000003	-64.73903796822	51.805055731473935	38.843905772140424
0.15700000000000003	72.49440646073246	46.910433099351074	36.591484758218904
0.15900000000000003	30.153386221254408	41.46220018563598	36.558064443775756
0.16100000000000003	-90.81030970481407	44.94570428162296	38.02922423598784
0.16300000000000003	-44.105351095447	46.65360069696544	37.1693410594771
0.16500000000000004	-28.768585135674485	41.18331349706399	38.93284191549491
0.16700000000000004	-53.69104382146883	44.35057453878019	37.7374670747053
0.16900000000000004	32.69222362889401	48.74569414614403	38.08111453930635
0.17100000000000004	27.569512923708572	43.29155141386856	37.264813565317276
0.17300000000000004	8.495571626410126	44.2331717498422	36.75739041667599
0.17500000000000004	45.62372350691568	44.71099214880113	37.17694799886575
0.17700000000000005	-68.58388597552612	40.363236448408024	38.05555931198839
0.17900000000000005	33.545129504597426	47.29896324118078	37.35007578582161
0.18100000000000005	-6.915560224807216	46.86525579092842	38.75758902759345
0.18300000000000005	91.1421409119928	51.439822027485384	37.988791251036766
0.18500000000000005	9.661844235120398	38.567615282176334	37.54495005449957
0.18700000000000006	20.540995964157815	42.78420042376736	38.476325020116654
0.18900000000000006	6.997402079989001	44.40151717680174	38.046062769345866
0.19100000000000006	-45.68414169336954	46.379498566774224	37.07565534184479
0.19300000000000006	-21.758118523118597	45.54052325076114	37.53122599433957
0.19500000000000006	-19.07791752631116	52.372993324479935	38.77350890370712
0.19700000000000006	25.622726691487685	45.39021027575518	38.68516490721292
0.19900000000000007	-66.22758566576792	48.14661811817741	38.00729113611251
0.20100000000000007	10.850892485869679	40.16625082737599	37.571745277266004
0.203	75.06969998605229	46.70548823016522	37.37830211854902
0.20499999999999996	19.141273734035735	42.644540090326934	36.87872296444104
0.20699999999999996	16.278549120674057	44.7077595013421	36.97113033520114
0.20899999999999996	30.078260251142908	45.6921708472951	38.042520282781744
0.21099999999999997	-74.6964145322826	47.40392869322219	38.27903726773778
0.21299999999999997	-35.75875142658447	47.819235018012186	38.61297251316612
0.21499999999999997	24.00946692326933	47.80763962739861	38.68042351734986
0.21699999999999997	29.19415644120349	41.788188404113406	37.94607584796432
0.21899999999999997	16.174010859737464	46.934977773138016	37.35857699816097
0.22099999999999997	-66.74899928615918	45.93929869107839	36.69214476604352
0.22299999999999998	63.537300434290955	42.024701822253846	37.530455794330315
0.22499999999999998	-45.40366236160942	38.95346705888094	37.561249184782355
0.22699999999999998	-30.83339933374063	48.569752461442924	38.65210589450118
0.22899999999999998	-19.674071847997077	48.43332464211442	38.420094706235204
0.23099999999999998	-16.965853358086314	44.96989485690918	37.920620866059835
0.23299999999999998	-16.384512948386387	43.75134907551182	37.733075640849556
0.235	61.670515938194725	43.54568277944293	37.29483994179595
0.237	-8.615665524347449	44.39983989107388	36.262041853378086
0.239	-19.7763531245565	38.89074887575273	37.94897069190513
0.241	-64.0445428045089	41.227951508514856	37.26212581648059
0.243	-13.620240172373954	40.294456289811	37.76241052111502
0.245	28.83947248233376	40.099917931760274	38.10453347079151
0.247	-48.84621763945329	45.42803318351132	37.626293292911555
0.249	6.131765333261541	47.288411839663205	38.15252148101923
0.251	58.74742727907112	49.980729367116176	37.55262493240167
0.253	30.75427281085119	50.43886909484464	37.705786811238966
0.255	5.355469492540621	43.17598658801544	37.45908197858255
0.257	16.9824669609131	40.263125325545865	37.43248491941482
0.259	10.26236114309853	54.72155549077844	39.31773169241109
0.261	44.92478683126855	40.19520073472008	38.10713536796484
0.263	-82.8335304822181	42.812092401573075	37.5697485344203
0.265	47.19937462027701	44.154844709252	37.95178569591729
0.267	27.052582620701315	43.846045671683626	38.005349941127086
0.269	-20.87700695208028	40.20790991719914	36.38423328472083
0.271	4.380251839242177	40.957771353090145	36.54020893444169
0.273	-46.51212012796169	46.634666220853774	37.95531081662555
0.275	-86.77573210780221	44.01498529522133	38.056054728410395
0.277	4.982344612880496	37.92748372997726	39.332536695596474
0.279	25.498779465671362	45.87537074761407	38.42136067781669
0.281	106.21015465583916	40.10139473768809	37.279449717395245
0.28300000000000003	24.331561214507857	42.688023531503966	37.111209409604825
0.28500000000000003	26.12803470269931	39.425933096796186	36.73109082576781
0.28700000000000003	14.099234408426753	45.44656249815292	37.65470482738478
0.28900000000000003	-72.3431103208938	39.694802990282675	37.58933121592193
0.29100000000000004	-6.596531893499069	44.30100181161144	37.97648241240525
0.29300000000000004	42.311164961894576	46.718959283124434	37.60694368003873
0.29500000000000004	-44.06297199999187	40.427839857645026	37.19496236165603
0.29700000000000004	9.783920578598782	45.024640089318964	37.99595258635623
0.29900000000000004	-50.917999669497505	40.51214403947147	38.11538420993687
0.30100000000000005	33.110943521430514	44.48438864104316	37.96080582052328
0.30300000000000005	37.7068031720551	43.826120279098284	37.32761354268139
0.30500000000000005	12.097827128965122	45.30363049821689	37.571330241889875
0.30700000000000005	22.850131409901664	34.4367235080234	39.59284170119419
0.30900000000000005	-12.60788568913096	41.77650693179696	37.515352562292364
0.31100000000000005	45.36270106436646	43.21633806598916	38.340971846499535
0.31300000000000006	35.081487371302345	39.658928240115245	36.63238985928548
0.31500000000000006	10.21175588600265	39.85020547394842	36.95457125009272
0.31700000000000006	11.876885884332111	43.096010695002605	38.4341475796136
0.31900000000000006	-30.50224106060373	46.5161040495295	37.467969386116025
0.32100000000000006	11.09231431795088	43.87424424371622	38.35324056729818
0.32300000000000006	45.225199774900915	45.93664124990529	37.883178451908826
0.32500000000000007	32.16512511161618	43.60976596329048	37.06402722210201
0.32700000000000007	-33.66015635941633	46.58995548751769	38.86091017525001
0.32900000000000007	8.381597990769762	41.67039132483509	37.206142205056636
0.33100000000000007	47.141420475238505	50.019010253197095	38.446786355405315
0.333	-61.379041501830045	35.905426536229136	37.2579011235891
0.33499999999999996	-10.176165997743958	48.866307316468	38.521243946326685
0.33699999999999997	-87.81467086338424	44.07086535845135	38.388421635496776
0.33899999999999997	8.126731867230674	40.02500861091866	38.20809019754764
0.34099999999999997	16.981277599414923	45.16546488857966	37.560594358764824
0.34299999999999997	13.229370694478604	49.31496733953361	38.47564156374096
0.345	67.00578682417024	49.23011171538781	38.14052258132617
0.347	-35.15693755140603	38.179182907623456	36.69794370578268
0.349	48.4823017659064	43.969351914683884	37.24286752895691
0.351	13.767015595078647	43.87168099972464	38.14101876271601
0.353	26.846714997308396	48.497720856256045	38.29933767798155
0.355	-21.335470996919348	44.08713426639102	37.45461465377583
0.357	115.22606251834766	40.55443925875951	37.96758619004999
0.359	44.52764560225475	41.9774186633648	37.88186818030628
0.361	47.847139448942144	41.54064327000606	37.694079429915966
0.363	-17.01957509947505	42.47918058532719	37.485355817415844
0.365	-10.644421098882084	44.705463692836794	37.2099550827711
0.367	8.89911223578288	41.01081555632866	37.66636325647387
0.369	62.34774563607104	42.90548246239228	38.28993966927949
0.371	47.5394820427244	44.311121793938995	37.69685605710156
0.373	6.743661825847624	48.64208864326231	38.36844038054206
0.375	54.45013697236156	46.263465330103	37.093943419373936
0.377	13.493342625459093	46.13113579716443	38.944402296490225
0.379	39.38805272074575	42.82597307702447	37.89278782380299
0.381	-42.612817210962994	43.046241051845904	37.83831888423733
0.383	-15.547001772420188	44.92622550851132	37.90674108123232
0.385	52.785190737481	41.00805576059626	37.31802939509161
0.387	67.59459401495249	46.68226331392626	37.90886973617121
0.389	9.500726360966993	45.83019807211208	37.497217075691786
0.391	27.03285904526176	44.22489082285981	36.359127315974995
0.393	6.463616436747088	40.170308845231766	37.124847543840424
0.395	-25.8960991134094	41.211541177567646	37.69274032908323
0.397	-10.189461020382318	44.97662414252196	37.2299546022762
0.399	-38.961902389722525	52.045479689132264	38.65479818389022
0.401	70.99785677899817	48.02213057588023	37.99011029006027
0.403	28.98660170602696	45.469010598905996	37.32114445538037
0.405	7.822272055424406	41.76391288325434	36.87368765344915
0.40700000000000003	30.557753580184865	39.8682539672021	36.651704033730454
0.40900000000000003	23.160310490544234	42.99192103992972	36.78747491399123
0.41100000000000003	-23.363196937409292	37.8786059873983	38.06820143031206
0.41300000000000003	-24.018248180324164	46.938452603106334	37.46262941320113
0.41500000000000004	45.72563849247757	46.76283239640305	38.33320165111368
0.41700000000000004	34.55260084894718	47.83201522822069	38.049728725912814
0.41900000000000004	21.31287104978341	42.31715353036972	37.83837803748445
0.42100000000000004	31.432805436493183	49.24047034160713	37.54628316945497
0.42300000000000004	-2.800631092036987	45.95570185896072	37.55090153208398
0.42500000000000004	-20.929934054114696	46.92038993313442	36.498276164522146
0.42700000000000005	54.0518264144918	40.910488080155105	37.27670497289961
0.42900000000000005	-72.79831313955486	41.64460689694122	39.12318243819297
0.43100000000000005	53.79365535995717	46.886553620873926	38.77405937741862
0.43300000000000005	105.33903878329198	46.7586931055436	37.34046440042048
0.43500000000000005	14.442340110720764	42.62626404746481	38.49641252620748
0.43700000000000006	18.722351126321257	42.25582516046552	36.936389985388296
0.43900000000000006	89.37303119238571	42.29505728364383	37.44070529412004
0.44100000000000006	3.1614673041691077	43.977615887766405	37.45302045484894
0.44300000000000006	2.065793730299248	48.47857609823381	38.5924821269992
0.44500000000000006	28.353895854316136	42.923047411726415	37.36372078355341
0.44700000000000006	6.002399361992872	46.17652235683703	37.87527192253051
0.44900000000000007	12.190993388561111	42.544097607634725	38.09395466649928
0.45100000000000007	-0.6309919653446627	43.3066394122751	38.89121389283191
0.45300000000000007	5.459835853427464	43.289068119462556	37.08348221995335
0.45500000000000007	7.789951120829031	40.432022881276275	37.27339290855372
0.4570000000000001	-33.15486725219419	43.81392841819112	38.22834855883082
0.459	-1.6208817564811184	45.16655628787379	37.0259885495113
0.46099999999999997	23.420029123588648	42.417417517309104	37.497363027950435
0.46299999999999997	-27.39597255108084	39.14744297925243	36.91264874460758
0.46499999999999997	109.39366453688315	43.46208483172835	38.425306256018594
0.46699999999999997	-17.34242476414405	43.62524052216461	36.95286051948123
0.469	-10.866509713380879	45.5592158034742	37.145376837417636
0.471	9.27992278709766	39.791860475509345	37.25894662960267
0.473	-16.14663211157996	48.981262959523775	37.9128181140799
0.475	23.202938160826747	44.17505561216585	37.50170517339963
0.477	-57.85930868207334	45.56807297841069	37.76172344012098
0.479	30.89493630525908	40.23572621086162	37.65780479875843
0.481	-20.33102840059975	42.53078956364968	37.50833198695049
0.483	-29.600545560448666	41.014075826137024	38.238255043098874
0.485	-8.86658357379666	40.29336266937448	37.45228452047078
0.487	-22.990309729187253	39.65706623821667	36.1065546325522
0.489	22.207497387682906	47.027023732252374	37.259185561371396
0.491	-33.2051128717481	42.86658671045908	37.86540577485225
0.493	17.974881855398195	44.49146380910372	37.55396857733687
0.495	-49.26629525936477	47.14140880931633	38.33992409613796
0.497	-20.52014770270727	46.89659590786911	37.38281211988007
0.499	-9.085639817274505	47.42152839403119	41.84776759258645