-0.499	10.45988389347663	39.85945819062597	29.4397020523357
-0.497	35.45932314263922	35.423675108658216	27.038714814891303
-0.495	-23.028032301253276	32.86501769659542	27.467403814771025
-0.493	-29.804780837694445	35.49777241223264	28.90675061780725
-0.491	21.023390660568353	35.06827952517516	28.24533174660056
-0.489	47.144193949133495	32.641454613601674	27.49023641987625
-0.487	64.0168788472728	31.215583776835775	27.230450683471652
-0.485	58.29423964431868	33.068187858169914	28.86319741974436
-0.483	48.23684700494546	36.32723878990181	28.61072186675055
-0.481	49.55200705270002	32.07039666451647	26.60136007570505
-0.479	15.044132626096385	36.55887651339739	29.021440748550656
-0.477	34.75372409855737	30.76336555373146	29.52852813093581
-0.475	10.059068325851683	38.57094238347679	28.516904685997144
-0.473	-34.506440830694984	30.638857929266	26.275545247975494
-0.471	-22.26695101914533	33.748290876101166	28.731709755328506
-0.469	-14.181852813877072	33.71455690463228	29.045767497093987
-0.46699999999999997	-40.780446156407635	36.6242889847999	28.315666420335006
-0.46499999999999997	12.644357953339735	33.049993298124484	26.70639030083294
-0.46299999999999997	46.36765990473357	35.33633387651336	28.35793172277605
-0.461	3.765267403865735	36.37516888846622	29.93461614785965
-0.459	-12.157673844881423	35.57979105864308	28.2252063595767
-0.457	1.3506661795670283	31.613514779662065	26.264564691080682
-0.455	45.08629132682351	31.4693895402571	28.296763411001514
-0.453	5.142137848190842	36.23220094043852	28.65275688501281
-0.451	-36.73438967644049	31.152207152410725	28.29305099617921
-0.449	71.5479167889832	28.55991240032149	26.807443084396805
-0.447	36.7278053023945	32.68972835832192	27.87812558493545
-0.445	56.54541985866679	35.871190344375066	28.479847595036773
-0.443	27.63161965635419	37.887105275844426	27.78245765409707
-0.441	46.56928571034058	33.02007076586983	27.294127176903487
-0.439	-33.95046024257109	34.212029111079694	27.511658930713608
-0.437	34.169007787854255	34.281982912958576	28.594855524881872
-0.435	21.18111723170557	36.12909321898765	27.892591312108387
-0.433	45.89673245569692	36.22903982143306	26.002316149445797
-0.431	37.57734801967949	34.58675424209615	28.061537153582165
-0.429	76.10204588237579	32.34101817057746	29.164803497313134
-0.427	33.290915572026236	35.43417900053117	28.75187022209159
-0.425	37.659826566782684	29.23642933677503	27.16214410081864
-0.423	59.14724099720381	32.594118896684606	28.17460865061257
-0.421	9.03136659924364	35.18238280148002	29.104573219385546
-0.419	59.6081228747547	32.93044867998133	29.37779612953783
-0.417	59.190855661084285	31.773994249557028	26.291138547749437
-0.415	-9.763725066114226	35.19335675630238	28.782309057707852
-0.41300000000000003	-12.115424995351454	35.87796270611105	28.83831706130681
-0.41100000000000003	74.57775763142216	34.05928746040103	29.060363370397667
-0.40900000000000003	-0.9517130347136415	35.240139250892426	27.305017264502844
-0.40700000000000003	1.1305496758762246	35.711359101867785	28.935703969205594
-0.405	32.92429636680971	38.038083771856755	28.714232629182614
-0.403	14.559149669857163	33.673890523007906	29.326745489450534
-0.401	10.377147919182761	32.7177422207349	26.437969282587506
-0.399	-2.691034150736904	34.33421205118722	28.261253477239336
-0.397	10.921205208846985	38.23146975559783	28.62413384819636
-0.395	40.73824474915	32.80813975285297	29.38076029294964
-0.393	11.15740231982798	34.99529048342997	26.741467246329126
-0.391	-5.631452716814422	34.835252823570215	27.418844188193937
-0.389	25.934845993669242	39.14655740521919	28.876265557180542
-0.387	-12.54888259061282	30.050649871994786	29.101528759540006
-0.385	0.5262322371191175	32.50134511053758	25.997938857307144
-0.383	13.978368087252946	37.45148448482899	27.55241523839837
-0.381	-30.917234839500374	33.24162980018134	28.723425062194032
-0.379	17.16882438240752	36.236986805563895	28.903195233712022
-0.377	50.585152264748245	30.660476340115615	27.484005049361958
-0.375	11.075896337642277	41.56727534698493	28.47385478433108
-0.373	-5.057861882540315	40.691581662819466	28.84473036235267
-0.371	-29.16944337605365	36.04042704451409	29.452834839773978
-0.369	32.912852014677085	33.44119684622417	27.206989096826167
-0.367	58.36094107514178	34.20112446625658	27.34082786707799
-0.365	6.900719648150755	36.39963399355179	28.922732494544086
-0.363	44.015118425777544	30.80527461492201	28.783464907529705
-0.361	38.43522626745255	33.30906967375028	28.077922623021337
-0.359	6.015620791499643	35.78395702000817	27.209519923708843
-0.357	-23.366252281387112	36.82959572518352	28.87323453812045
-0.355	27.766962525266337	32.34319689628303	28.699593749658824
-0.353	49.08759943500485	32.295622432621094	27.743922906627567
-0.351	8.095055642254323	29.716102015184944	27.403206879860065
-0.349	0.3884107355744959	39.50166931616955	28.580335463621658
-0.347	-0.8798665908082981	35.92151662974418	29.797053672027157
-0.345	-10.949943127336326	32.31858408007533	27.83526265838731
-0.34299999999999997	30.273330211993965	32.910843750851335	27.073074218167115
-0.34099999999999997	-40.405191127246276	33.59799419803461	29.096838103381373
-0.33899999999999997	3.9239415896563656	34.128814111876466	29.314831934960363
-0.33699999999999997	33.14179392832628	36.971257755729795	28.166267554344444
-0.33499999999999996	-6.1963886509586175	33.16274999323894	27.238458232223632
-0.33299999999999996	3.4809284259473827	36.91708157719279	29.402823473030004
-0.33099999999999996	19.29947910661589	32.505958326875444	29.072469196802103
-0.32899999999999996	-16.54015529506392	34.868105692029786	27.18824406294682
-0.32699999999999996	31.011261053759398	35.16029084487718	26.796749465290407
-0.32499999999999996	-21.885317451397768	34.08019318666137	29.368091572485074
-0.323	10.041247308301138	35.728989778593544	28.387216873091894
-0.321	-36.86768333377444	35.60990363452609	27.687567215020017
-0.319	3.88383684368776	35.85620157324306	27.03689374892198
-0.317	-34.30069418486337	38.98009580800325	28.475683340308663
-0.315	23.900691408895725	30.8555775141668	28.079785892265214
-0.313	-5.273364817481863	32.69987982461318	27.018855032976667
-0.311	11.932022287775013	34.12567608709073	26.020865575397433
-0.309	37.23611502537416	34.489761711689795	28.023894434277924
-0.307	-5.422614613559418	37.29635291192369	28.12476120606648
-0.305	4.355637233111054	31.185041583166978	26.6263091862254
-0.303	-42.771733160806846	25.8273649935776	26.846280053788423
-0.301	9.645297224469829	34.27023200073869	28.02822785725394
-0.299	77.55390493469072	30.93480275686154	27.896566538119863
-0.297	44.155314434801696	31.946934431997303	27.46882944112997
-0.295	-9.355391974108507	36.58161803238415	27.47596535508466
-0.293	15.647574736821213	33.387150865693656	27.276403017020925
-0.29100000000000004	33.66035385088395	28.537430897740922	28.15775333866231
-0.28900000000000003	-57.15342411483082	33.84449225932185	27.10118428660442
-0.28700000000000003	-21.000332294573987	40.936583707249376	26.990316112873717
-0.28500000000000003	-8.382603076229067	32.48926282256994	26.64195567817453
-0.28300000000000003	-16.82725734553081	32.27667173924087	28.28111808684542
-0.281	1.021483523100386	36.427184478739875	27.572760769030513
-0.279	13.365896802897126	33.09454441101405	26.830719466232157
-0.277	-42.01733700137655	32.65745795460126	27.413031387646306
-0.275	-4.038699349839803	33.38097719538759	29.14423854276924
-0.273	24.09538963776825	40.68934545141187	27.081255993609272
-0.271	42.010084343457876	37.79666157905985	27.18864879644727
-0.269	5.156958707619452	32.48893954669839	27.360273397984276
-0.267	29.539128586941743	38.92640197564469	28.76205225078931
-0.265	25.147619990395498	36.9808697847123	27.948104537328494
-0.263	10.991884987321399	27.711476492136878	26.277833230277317
-0.261	21.146524093351715	33.543573695332356	27.150182155243574
-0.259	-36.00041800033704	32.595759590661686	29.15175518929047
-0.257	-22.31928545159967	37.49189008024548	27.6192753866433
-0.255	-1.1209559024338844	30.554734843897815	26.089736349184157
-0.253	-56.061193493661676	31.60164714720623	27.734595959821423
-0.251	54.05240779077225	36.233307630705234	28.69946491499047
-0.249	-29.463120504891194	39.36186092790229	28.538196792794302
-0.247	-53.928306984696306	35.254518613979954	26.605486397400608
-0.245	24.50467676462509	31.805702066130603	27.72288693988841
-0.243	-20.948096523087933	35.77518020576845	28.78125674011426
-0.241	46.032354643843476	35.18347698598882	28.10664113431159
-0.239	-57.471238746886755	37.659238479353974	26.096951010398264
-0.237	-1.0474778014968322	33.10976960007985	27.983495732222572
-0.235	31.483098080542504	38.068531324286	28.47860604659059
-0.23299999999999998	-32.508258371866106	30.35294090517014	27.246229283134095
-0.23099999999999998	-10.318873919556992	32.46189303903062	26.196635441623375
-0.22899999999999998	-61.96580225648063	36.95908173955528	28.31566171296068
-0.22699999999999998	-22.899353877448014	36.72638284214885	27.7697191267434
-0.22499999999999998	39.88813729738361	33.07471744211204	27.134311084669484
-0.22299999999999998	18.558476107211064	35.607678144678324	26.831119446176928
-0.22099999999999997	-9.815488144271356	34.422843518746	27.80320601406276
-0.21899999999999997	-10.056966972094017	35.1973270067207	27.519371155598144
-0.21699999999999997	-66.34701400853871	29.516253226218613	28.161713811478663
-0.21499999999999997	-0.9955497412006409	35.3371503409675	26.134615120453887
-0.21299999999999997	32.20862813302361	36.87783439429088	26.953804886548312
-0.211	20.94514885864207	35.789558659247945	27.52565635710979
-0.20900000000000002	-47.51166444671995	33.33051178868858	27.21558007680795
-0.20700000000000002	-12.29891923959503	35.43388310980122	27.280087695109042
-0.20500000000000002	-14.691397543176166	35.72321609456778	26.66477044719734
-0.203	10.442602684124225	35.72173812780101	28.348277679738214
-0.201	5.351742583759034	31.297413140692875	27.81537572785296
-0.199	-36.880395435590074	29.62825950620673	26.122461248755666
-0.197	-44.6968786443902	34.912651961176444	26.954052805519893
-0.195	3.1865145362353076	29.921175215430008	27.77777748541867
-0.193	-6.213679474176281	36.8880275876917	28.016211897372838
-0.191	54.80247004197025	30.146162973981564	25.84366932338522
-0.189	-48.02662143432723	32.59119334058357	27.378281425956757
-0.187	-36.471442112051555	34.79788020494393	28.337776526326564
-0.185	28.04997332028769	31.579606852793226	27.44477722053735
-0.183	47.1979943208467	28.898547479135495	26.546912972830313
-0.181	-47.275632815590996	33.044970505538956	27.759824288509076
-0.179	-16.706893949614	37.622158727468324	28.486094456318405
-0.177	47.323086080464094	39.46221028589613	27.977553486626643
-0.175	-20.893625662155024	34.31084097219486	26.5096450442893
-0.173	14.508047956551806	30.978785398356262	27.79579880534949
-0.17099999999999999	-19.21497631740543	32.808697001515675	28.754404397913543
-0.16899999999999998	29.126918922095513	30.748438742190768	28.55374545362344
-0.16699999999999998	-20.63684849240577	32.87512850147994	26.26430828948171
-0.16499999999999998	-30.47144838896898	32.83138199719252	27.635651221486206
-0.16299999999999998	11.54969838590425	32.59480183702661	27.65424999043526
-0.16099999999999998	45.49605122261546	35.797756868452915	27.93548378291762
-0.15899999999999997	56.35091044720042	38.66725905635529	26.143091913420296
-0.15699999999999997	27.253500689994326	31.239742717939677	27.489118722105665
-0.15499999999999997	12.685786277666367	33.86345038064386	28.56182717102731
-0.15299999999999997	-55.02565017800887	36.59257661964102	28.353300559154743
-0.15099999999999997	4.066212223374777	36.49858595028093	26.845935906297008
-0.149	-5.072477367695782	33.92295806338423	27.410338615167515
-0.14700000000000002	5.856068284737503	32.0873600949603	27.17719572535342
-0.14500000000000002	-64.07494750260145	32.19767868450684	28.201033657430994
-0.14300000000000002	-22.391031104573855	32.234049445762665	27.183136587661135
-0.14100000000000001	-41.94936952683914	32.32209960999764	27.374401881799173
-0.139	33.13315910102865	36.7238087133873	28.47174501273745
-0.137	-13.356128521269106	34.004688309132966	28.340978109940863
-0.135	-25.726778415946505	34.91314145138718	26.542905342516278
-0.133	-19.177152782434703	35.014924256352785	27.16093964154942
-0.131	-52.74942040922603	32.251722898123845	27.50508025790388
-0.129	-9.604950482522412	33.208634038108265	28.04534538024523
-0.127	29.848796474496453	35.62685261260171	26.939065185131657
-0.125	63.34749649439253	32.838333591339044	27.894786906578773
-0.123	19.538235759730682	37.11579284644571	28.17506519749567
-0.121	-21.32749805550116	37.09062770957087	28.084217779158127
-0.119	12.394502684864861	34.766562848462726	26.509855010546893
-0.11699999999999999	-13.238432699291813	34.80580406878684	27.412614887548735
-0.11499999999999999	44.82737122923908	30.027375154746466	28.678396642472592
-0.11299999999999999	-66.9814041921457	32.169903192192415	29.334917008464632
-0.11099999999999999	37.92150297954322	32.483484045941154	27.75824963408179
-0.10899999999999999	1.2174183803281835	30.30531911178566	27.59813082606918
-0.10699999999999998	-11.139964779305345	35.25527253917982	28.09211330924991
-0.10499999999999998	-41.48230018852228	33.43252794348829	28.74315394836585
-0.10299999999999998	-22.759182324083582	33.607660076283416	27.16535014063042
-0.10099999999999998	9.254818421622346	34.32184439564798	27.107937870643145
-0.09899999999999998	56.33338578436842	36.78449331001084	28.992903323993865
-0.09699999999999998	16.942217485826916	32.626397522740746	28.8277436991984
-0.09499999999999997	12.531832298323664	39.28927342933915	27.37171403303048
-0.09299999999999997	-29.174674908483134	31.811195549698677	27.025172133600687
-0.09099999999999997	-26.54117607847617	38.0724816420453	28.72344012191941
-0.08899999999999997	-3.220507112655646	32.28116168697381	28.85589126216751
-0.08699999999999997	11.19924252979132	36.9549683914252	27.414329039069795
-0.08499999999999996	-2.926342512310498	34.9740676607055	27.724507388788393
-0.08299999999999999	-23.785097532980082	40.098786834013524	29.683933157535776
-0.08100000000000002	45.21426505821324	34.10166085214531	29.38714919074083
-0.07900000000000001	10.043876810916785	35.99916963640208	28.425950311871905
-0.07700000000000001	1.9902761536627622	35.248901239706704	27.290372877114166
-0.07500000000000001	-20.688485356745723	39.480107250180964	28.189140822257585
-0.07300000000000001	-50.11097831342237	34.78737425932771	28.707539192038606
-0.07100000000000001	-15.944653317778723	36.615270969393094	27.585414542231025
-0.069	-4.339890937621327	35.08524179869046	26.777487202460573
-0.067	8.70742717595796	34.722334023505574	28.764737405418586
-0.065	-1.3182325288019214	30.839678693777728	28.54395973085379
-0.063	-28.359225450302894	35.361796574310524	27.77005058538788
-0.061	-22.161449542923428	35.658318203683166	27.821200380320096
-0.059	-8.770915852052141	37.958913427330735	27.546973870111245
-0.056999999999999995	-5.3680949095857855	31.727332579166312	28.06037227124866
-0.05499999999999999	-34.488614104821735	32.70918020356828	28.56656180766193
-0.05299999999999999	-3.8129990079793785	40.018477426466816	27.38408594967828
-0.05099999999999999	-55.13682227209493	37.523198719685354	28.152000212191936
-0.04899999999999999	14.994155280501076	32.15434030128701	28.97511000710862
-0.046999999999999986	59.18728227327641	39.35861909404824	28.557116521027556
-0.044999999999999984	34.33878864655959	31.365456442334295	27.34896455173899
-0.04299999999999998	15.252899130180353	35.739529323103085	28.247675862697896
-0.04099999999999998	40.78390933348608	34.15696878857235	29.420820386558162
-0.03899999999999998	13.017611067978052	37.81024986199748	28.89532527970218
-0.03699999999999998	4.017000339473498	40.00510192074405	26.865477298067233
-0.034999999999999976	-19.395041040981553	35.14835602895449	28.596228130036035
-0.032999999999999974	9.191506954886464	34.0770931193925	28.980264207452684
-0.030999999999999972	-34.28257470738938	34.15479154455942	28.661629310219865
-0.02899999999999997	19.286713949684398	33.12020762992138	27.48469252656368
-0.02699999999999997	15.73556577461055	37.897906006292736	28.032544993363985
-0.024999999999999967	80.89880322015297	30.900049987788382	28.78727062484202
-0.022999999999999965	-15.497711429168781	40.267878286153504	28.783622586734367
-0.02099999999999999	-5.041814796657995	31.57976203435856	26.48246502754515
-0.019000000000000017	47.6656486683158	29.072173109870032	28.671535920062013
-0.017000000000000015	7.140004847139281	37.60838231545335	29.76785434433397
-0.015000000000000013	32.79933860511619	40.61273158646019	28.455371727925602
-0.013000000000000012	-61.601845096403984	34.2510386542586	27.580840922237936
-0.01100000000000001	45.42704758692118	29.375808335204866	29.16529073027807
-0.009000000000000008	-23.127123214394807	37.743920688950055	29.965889557278746
-0.007000000000000006	-45.65575856785298	37.95628430901063	28.530366188088482
-0.0050000000000000044	-230.52685273639017	34.1800643851298	28.157326239756696
-0.0030000000000000027	-259.06150914567496	37.02949147450522	27.708317581279257
-0.0010000000000000009	-275.4239995634844	40.664027471410876	30.321396147573836
0.0010000000000000009	-233.08574219838007	34.51412352477528	28.294880411326837
0.0030000000000000027	-265.5891776205399	36.674736928587734	27.82523809486178
0.0050000000000000044	-170.89897571775924	32.33509461432181	28.4613846879515
0.007000000000000006	-75.6473899469201	36.56388555335556	29.383492363553525
0.009000000000000008	3.683457364234144	36.548527506046	28.515906522701385
0.01100000000000001	-18.90865745324266	31.115613568432195	27.451549081089052
0.013000000000000012	-44.01929181185871	34.98802708917444	27.946919607989532
0.015000000000000013	-27.059913171090244	33.215230771894525	29.954585347207814
0.017000000000000015	75.1673311802925	35.58281885782746	29.64164422626823
0.019000000000000017	14.547745041948446	36.860505191863	28.158920063978044
0.02100000000000002	-33.71091924520009	33.33293741697281	28.31902796766201
0.02300000000000002	24.74302669819295	33.39786198470068	29.33229719201171
0.025000000000000022	-8.478961480040681	34.26506416694128	28.68521444445526
0.027000000000000024	0.9418285140672111	38.52156947531517	27.308654954097296
0.029000000000000026	-34.09479137339577	36.4573764155253	27.352073155656495
0.031000000000000028	19.66544599563136	34.290202931413816	30.017646096302965
0.03300000000000003	43.91155117722256	36.66339055757411	28.84571928489949
0.03500000000000003	-6.891280599607974	32.277369881713476	27.151430374264393
0.03700000000000003	31.39184345046786	32.21571202601477	28.671454246429303
0.039000000000000035	-30.540227972331024	30.5804231258464	29.417838199052866
0.041000000000000036	-54.38822431680368	29.790102173843437	29.33524380657316
0.04300000000000004	47.758658568319845	36.15319215762262	28.30996314334922
0.04500000000000004	-77.29397861622189	31.52128531773889	28.691700647463055
0.04700000000000004	18.64027385756195	34.51648190755974	30.78049046371056
0.049000000000000044	-31.55601014237508	36.48804983645893	30.57491295745998
0.051000000000000045	-33.05722313873272	37.036658472414615	27.522782947472578
0.05300000000000005	-7.862511012701745	36.894500218668774	29.847367728375403
0.05500000000000005	6.247586581631381	33.05425853232395	29.529480544356947
0.05700000000000005	-1.1968235495984914	38.69843558167458	29.110852469906327
0.05900000000000005	-21.4840120341675	35.74519145735599	28.034251180262874
0.061000000000000054	-36.15257217426393	35.79133632709182	29.087713947868615
0.06300000000000006	-42.258503081704646	33.912150947363195	29.861193682289706
0.06500000000000006	9.711638549569912	32.04594844778914	29.87124983459245
0.06700000000000006	12.489096838042002	34.508350143041696	27.448802592599137
0.06900000000000006	-104.51070398898032	33.164719278372736	28.77198575751689
0.07100000000000006	16.073552334905372	34.346182982301826	29.70953639533167
0.07300000000000006	-18.38031507839233	35.21877124511634	29.128565070023303
0.07500000000000007	10.933310071958857	32.267352620859775	27.084358891574563
0.07700000000000001	19.209410219600542	34.335235989138326	28.25589367635527
0.07899999999999996	5.656080096061444	37.53003287441708	28.864545156823755
0.08099999999999996	-13.285594378409371	32.80699057436528	29.435148819861446
0.08299999999999996	-12.355519505735657	32.60022705745263	27.634861269060956
0.08499999999999996	-14.921573914805641	35.18887452886437	29.095163728516365
0.08699999999999997	29.440382002476895	32.74864311658946	29.79309657495133
0.08899999999999997	-4.418526895144659	33.32103995051926	30.983459064604673
0.09099999999999997	50.993754729500296	35.828389214003145	27.951830896309364
0.09299999999999997	15.411271102827584	37.71556672605679	29.5319891297577
0.09499999999999997	-49.82467319081252	37.25122060844922	30.312355650709804
0.09699999999999998	-4.3540190881596885	35.590767484119354	28.819820699414816
0.09899999999999998	-1.1923515758072156	35.29979011523757	27.83279195169579
0.10099999999999998	88.85281069637152	38.14321603435573	28.77485533797671
0.10299999999999998	-66.21502269466006	35.413617852703815	29.627776839251858
0.10499999999999998	10.347792620990504	31.854543307412367	28.694774088696484
0.10699999999999998	36.8351099226949	35.79339238562365	27.66927989234873
0.10899999999999999	-27.67510212153823	35.54401677992105	28.82016801315785
0.11099999999999999	-22.498270212389926	35.85004346960641	28.88871624079326
0.11299999999999999	-34.336321682704174	38.00640062070036	29.57381351215497
0.11499999999999999	-0.26812430919953556	38.95369850850091	28.252222153561874
0.11699999999999999	-27.105248243675106	40.95283241057049	28.072588330257844
0.119	-60.474630081630565	33.56403299867282	29.235759847176954
0.121	5.5992043765940025	39.175170564593834	30.292257707663506
0.123	-15.243986182800207	38.00190094158149	28.490046420301468
0.125	-23.891086081806456	36.242122353306065	28.22955308816219
0.127	-48.72669541988728	36.68427242092791	29.527087118051266
0.129	-88.21337832787268	35.960712776474736	29.19219178784536
0.131	15.094770174473027	33.606235006685196	28.06539098232391
0.133	-46.05813685776283	31.80121262215573	27.904093248268975
0.135	28.9344557515836	37.80751071140469	29.669745353181607
0.137	-0.7124849703554759	31.86185817279887	29.3245612102367
0.139	-52.125460941243595	34.56745584300188	27.410734239601293
0.14100000000000001	34.35128845397095	33.90165141559855	28.19164225399067
0.14300000000000002	-6.196649621537098	34.33145343333444	29.15025212708827
0.14500000000000002	10.193420924009544	37.7329185172084	29.09759723088705
0.14700000000000002	-17.972849111314027	35.177982938175866	28.002969484601422
0.14900000000000002	-29.434690068663727	33.53937152540007	27.39174371085475
0.15100000000000002	-39.959827895397204	35.302576710862674	29.407069020771058
0.15300000000000002	39.22240202536287	39.20383875683987	29.1728321084773
0.15500000000000003	26.83479743526007	35.33033606915827	27.880097694401464
0.15700000000000003	27.8007228100563	34.0494719511856	27.601050226839746
0.15900000000000003	-58.82901136000651	37.379728548964515	29.241943848910726
0.16100000000000003	-23.97924930785944	33.62339778045432	28.800139990690795
0.16300000000000003	-10.867751911725065	37.680003649800106	27.439067718185786
0.16500000000000004	8.49826681514898	33.614635013289934	27.51487377250692
0.16700000000000004	-10.952824650689585	33.76731678180906	28.318215146616094
0.16900000000000004	-8.236565712471666	36.40283510934547	29.17718832245035
0.17100000000000004	-61.89171561921114	30.260263578585405	27.567413809862533
0.17300000000000004	14.109013103169588	32.90786102564606	28.08758168278261
0.17500000000000004	-84.58940707656294	35.6420654663766	28.727490554393466
0.17700000000000005	45.12777588439043	34.544541440828624	29.00467300186644
0.17900000000000005	-36.13234266341969	34.48623523582152	27.299025554239158
0.18100000000000005	9.525022817591378	33.791401648135654	27.40052234923969
0.18300000000000005	-19.29812462742042	34.18010833554304	27.82120418071086
0.18500000000000005	-22.32388580325484	34.31967496258551	30.12218489917273
0.18700000000000006	5.895563600866183	34.17083104460617	28.08976892573261
0.18900000000000006	18.58171046364987	31.792880876641565	27.32666457871654
0.19100000000000006	-40.801199166828894	36.18389060956755	28.557278739493135
0.19300000000000006	20.830852464959193	38.223084279371484	29.18414005122643
0.19500000000000006	-53.65648702915227	30.821449326818627	28.811420687036897
0.19700000000000006	36.5706415696998	33.072098509684984	27.92671170578023
0.19900000000000007	18.33965194397713	34.447642044055996	28.39679093751234
0.20100000000000007	-13.423812296076143	40.472301290540905	29.864153377462678
0.203	25.36529220553696	32.50652657344695	28.496866689382855
0.20499999999999996	22.53965116905121	32.50192218534103	26.81923622084062
0.20699999999999996	-32.155860530180824	38.56684435439675	28.652220361638825
0.20899999999999996	-29.058789410285613	35.942059255758224	29.48082960272521
0.21099999999999997	3.6892484316375374	39.393418272046155	28.606605978638594
0.21299999999999997	-0.32856959930605	30.854078975484118	26.007600355497516
0.21499999999999997	21.775718107353015	34.10567972771757	29.000869928102194
0.21699999999999997	35.1449739166565	33.95959079631889	29.359046943274862
0.21899999999999997	-2.5678529539385764	33.134181568382814	28.91057827762597
0.22099999999999997	40.86025566851781	31.947189490031953	26.54919531088487
0.22299999999999998	40.02128761526613	40.059029789990745	28.81743208316359
0.22499999999999998	-62.775218926169885	32.841279232865176	29.57239091965495
0.22699999999999998	14.42007913854404	34.15161933408337	28.04529041084723
0.22899999999999998	21.69290603415419	31.922395216555998	26.330391202807654
0.23099999999999998	3.496180923878711	31.644566879489275	27.86832338092782
0.23299999999999998	4.802252792979189	33.46085963210342	29.512704087422367
0.235	48.08757279595177	34.269398654350155	28.301439706791438
0.237	-12.819899200433582	34.22522919138367	27.7612288956913
0.239	34.85290289417797	32.93986583577772	28.00784706905419
0.241	32.45764349069091	29.852183407942746	28.812477444197548
0.243	38.94055657682749	35.10136522479883	28.509814081411115
0.245	-67.67595259105086	33.472161772475935	27.23995403465596
0.247	-85.20996951955073	31.479287256404454	28.12038863913173
0.249	41.06144527460387	32.89075849490441	28.813976372781042
0.251	31.286528014540238	30.737499135873414	28.08968160951366
0.253	31.68913088313907	32.38486576634349	27.212193656052282
0.255	5.29778190938579	35.40426742199463	27.873341292293464
0.257	73.63618506506242	32.72938484170944	28.762273724177227
0.259	14.745293186457786	36.62361822342452	28.383847618437656
0.261	24.36066951960747	28.576268245325398	27.271566442016873
0.263	18.86324034150455	32.70277919245643	28.817661286714152
0.265	41.30212572128755	38.34027618498129	30.128777695791282
0.267	11.725574641241465	34.61918389467403	28.604083417135488
0.269	-26.82253109898003	32.49172353916266	26.970743194841482
0.271	79.48161048743074	33.36532409714023	28.14230054120731
0.273	-33.85237662367757	36.82287349706069	29.374840046686327
0.275	9.080802127803267	36.85060688887339	29.199001766523807
0.277	28.236572096496104	31.848618908659034	26.90222044117802
0.279	0.9947945391886037	34.796424129018135	28.090245129894775
0.281	27.69115728828986	35.53731342597377	29.595395493484315
0.28300000000000003	77.12964824757584	35.14423099922272	28.16667201342601
0.28500000000000003	42.72050680431683	34.28534430806552	26.512138603421857
0.28700000000000003	31.907515601670156	33.43222110980246	28.250923091026003
0.28900000000000003	-26.407338147405035	37.00586531434799	29.93335478195969
0.29100000000000004	0.4132859030558933	32.89109592591988	28.794317673931303
0.29300000000000004	16.1723338356623	31.223459543114828	26.194831637425438
0.29500000000000004	47.3071420050708	37.83816662945057	28.19704236299087
0.29700000000000004	-29.96729736015613	36.433926628630665	29.61523012453789
0.29900000000000004	-14.844054161078368	38.181800862016075	29.425580396009316
0.30100000000000005	18.612986118160535	36.97594414889259	26.80975559909371
0.30300000000000005	-31.510135635182124	32.29026940783614	27.73765601538869
0.30500000000000005	62.113879434555486	34.37116984122993	30.110050845419543
0.30700000000000005	-33.39079964170821	38.516580177077316	28.910875960299464
0.30900000000000005	-12.52527608985865	32.61620627662613	26.142501906200234
0.31100000000000005	34.30787486613518	36.55571153743351	27.670406165793057
0.31300000000000006	14.217456480336566	34.09669075058466	29.05957434650071
0.31500000000000006	-27.084493020468337	32.764064268263496	28.177302408747924
0.31700000000000006	24.733265321819076	30.96382538466208	27.343186767827792
0.31900000000000006	-7.027904119438766	31.775404005924525	27.75569051653098
0.32100000000000006	-17.676693914392416	33.08281482499231	29.326858441466747
0.32300000000000006	-14.86502363556852	33.45314514828798	29.376386527968677
0.32500000000000007	50.493669403017805	32.70619274272201	26.73955375096309
0.32700000000000007	24.189298959198524	31.984920012847727	27.893543392385713
0.32900000000000007	-53.296582859241326	32.97005263937283	30.00189917196887
0.33100000000000007	24.99951878087714	32.8194606842816	28.414340981949557
0.333	-10.994152698340365	32.35557138926511	27.977810142172338
0.33499999999999996	8.115398182795275	36.43149189805441	27.96928486796748
0.33699999999999997	23.848731111941746	31.03447160113147	29.318329856780366
0.33899999999999997	15.885299357254468	33.437664368446306	28.278987656173165
0.34099999999999997	7.92697762697081	30.068904594882802	26.82170353534192
0.34299999999999997	-22.31642747219098	30.437780830537385	27.502052716480094
0.345	-19.509058601041573	35.854991078959934	29.82637920274464
0.347	-17.90005546553619	33.84148165586972	29.063323232150008
0.349	16.117724610520412	31.269455393129117	26.56041383847267
0.351	17.61429538493786	34.87674004658575	27.38687435294294
0.353	45.873649052063925	36.65988635250989	29.33556583818445
0.355	32.40692561612413	33.88309983229969	29.35127088544055
0.357	-31.819088967877107	38.45490439167156	27.862142323507257
0.359	74.28275785281713	34.7095453290478	27.6849052572625
0.361	13.28644787723654	34.139856453804384	28.772937421536007
0.363	1.844479337931304	36.99238175885603	29.25985533978557
0.365	61.84149498156266	32.14223310454511	26.46303537872472
0.367	38.09414928590549	37.50558117993985	27.484341448606244
0.369	-8.219719448865348	36.46414924254338	28.73364334854883
0.371	9.585228303965465	35.24792568972749	28.48277112035262
0.373	14.615787037763894	34.80509623292572	26.66949740647644
0.375	42.26324142808657	34.27491168788195	27.84538008339782
0.377	54.301547559143515	36.13874381410181	28.00896207690356
0.379	47.583568997477954	35.85895203227096	28.841492456959852
0.381	24.94557790155838	32.11591153381889	26.92768542760123
0.383	-22.16799400278635	34.09411478102725	26.856250138795975
0.385	52.77862280794743	34.36728731002635	28.92816904048815
0.387	-7.168175029548252	32.21235672598461	28.839090487123634
0.389	-23.2194092006921	34.31723326831142	26.733518583223265
0.391	69.85007552229305	37.96685732473224	27.70467154675354
0.393	18.909254460908187	31.970496085557677	28.043244593444157
0.395	33.922356038385004	27.144545410649805	28.244886692715692
0.397	30.772180823479545	33.69983902864681	27.257444716611673
0.399	-27.732435212146633	33.66618380997435	27.755118523324
0.401	52.73739684819034	35.648935831718326	27.832858614523328
0.403	42.113838704116446	36.97303525418003	29.498480476654102
0.405	50.6889537528199	35.93913492539506	27.831998862711288
0.40700000000000003	38.317753808136956	31.056025145770402	27.011560666544366
0.40900000000000003	11.9850047552994	36.74314419285586	29.18753713175102
0.41100000000000003	14.467138326867968	30.373050106749428	28.39305494129562
0.41300000000000003	20.890996451639054	32.593116262859496	27.013884364483324
0.41500000000000004	-9.568198429343866	28.539052695998482	26.73113983195172
0.41700000000000004	58.31333040462461	35.447108477518476	28.44573181194894
0.41900000000000004	15.66453573498272	32.10158812479573	28.546874273937824
0.42100000000000004	27.69951763137435	34.25060955412563	27.077089604333217
0.42300000000000004	-4.075790355106967	32.76424291073672	26.73089410676637
0.42500000000000004	9.50548314815336	37.218559813583404	28.430933970241405
0.42700000000000005	-9.77626202980364	30.2022033563084	28.884281941272484
0.42900000000000005	-25.85340081850962	37.32629804161026	28.996683358492117
0.43100000000000005	-23.458640729501212	33.521172830452336	26.2863393739966
0.43300000000000005	33.05113482876543	32.03724750514131	28.30746899718129
0.43500000000000005	-8.354545308120187	31.689040411303665	29.323932140528758
0.43700000000000006	-8.567449127139248	34.28292527829275	27.47201444037474
0.43900000000000006	30.03980589721955	37.39046682271672	27.07239662573524
0.44100000000000006	24.067253784787468	33.10501928651201	28.615601956693414
0.44300000000000006	-37.16167666778514	34.99239735770093	29.610216680954174
0.44500000000000006	30.741617772722662	38.69045347603735	28.2757823800792
0.44700000000000006	59.399964234208014	28.737396203904176	27.337652942619677
0.44900000000000007	-26.58872187555339	34.59475562794516	28.55062907873853
0.45100000000000007	73.12053584884737	35.54740401020852	29.59806095381203
0.45300000000000007	-5.1516153943831355	37.577784215734205	28.697375322588684
0.45500000000000007	30.756301896417426	32.283977097106124	26.85478128345847
0.4570000000000001	34.74010082338275	34.864964237598755	27.709247594707705
0.459	39.30127116857918	33.67947436910124	29.09760801604079
0.46099999999999997	32.22170549577186	31.64333045425254	28.01506869862927
0.46299999999999997	27.00403090827308	32.56682371871145	26.971723850780116
0.46499999999999997	49.47388276299591	32.40867821400288	27.814342106728574
0.46699999999999997	28.467721638003596	30.48072553743811	28.549731402373755
0.469	9.152886543351002	33.43060660401166	28.025793282478286
0.471	42.7054412348582	34.359508647073646	27.737905889068884
0.473	24.01305700372447	33.98147434049698	28.446973930901184
0.475	12.392551729023538	28.494869544854314	28.499030551143896
0.477	-39.42562526193516	31.9994871274725	27.96293638232501
0.479	-8.404691042240842	28.920213471851095	27.06499170116777
0.481	33.783887659621925	34.744208227212205	27.574820939195583
0.483	-4.381606679926264	30.202045953244454	28.6521773401656
0.485	-15.094946022142786	32.53629594138367	27.875889142280627
0.487	1.3447819380285608	32.66725644103595	27.260717177130054
0.489	12.412032881714552	37.55900190679814	27.704204674612562
0.491	-55.712350181535975	36.115566229808884	29.350689760992797
0.493	-12.48535483122648	30.090908640785937	27.35809151160158
0.495	42.541732686363076	31.139464328027906	25.956318742345584
0.497	13.090104070911934	32.80397168731094	27.479630102235067
0.499	25.56175297097063	34.05221610700589	28.848428570715413