-0.499	1229.2245091756192	627.6988613618204	10.662955669543964
-0.497	-723.6155264442879	556.1128631436418	9.985904140428293
-0.495	794.3441156454955	572.3249307707241	10.204291351076527
-0.493	-125.66966701477168	653.4384171963209	10.267118094141821
-0.491	-51.26456510651245	649.3366688276021	10.30931755890039
-0.489	179.19873390792594	572.1193471768214	10.447196281906598
-0.487	-756.2215788848858	538.1442680609528	10.084947275074182
-0.485	813.3601836346483	581.8992255248759	10.110292503390959
-0.483	-1191.4395519823095	593.9275799056518	10.360650402600655
-0.481	665.7472250339857	639.869687067185	10.618617824159182
-0.479	-636.7030061520395	519.986180216333	9.815888845565528
-0.477	1499.2384638017331	605.7556759157623	10.432630488459568
-0.475	-837.93752348027	600.15366024013	10.327738399704835
-0.473	-103.80505143503527	599.0565763285828	9.992554694175332
-0.471	281.91627749629686	604.0970278213995	10.36161861777501
-0.469	-209.13572115099922	558.9595737136907	10.351214862969425
-0.46699999999999997	472.9861205232666	613.8131191097488	9.796027953966856
-0.46499999999999997	-587.8752608953208	629.5833488386764	10.408731071127818
-0.46299999999999997	849.5505564585226	592.6989490281958	10.290875603230857
-0.461	-677.5965704211018	546.3842040332279	9.841589241384753
-0.459	965.0113118302439	579.8278026743055	10.157363948080585
-0.457	-608.5871403281873	604.182193632688	10.020867728250376
-0.455	188.55319692234752	618.831611253992	10.468853046135727
-0.453	-61.91014874368239	608.3818099877326	10.178581648120652
-0.451	303.26469960617607	562.4267832781841	10.455587482053808
-0.449	420.9560897849851	642.8199676156655	10.021914712595068
-0.447	-827.2436348888413	594.0631707739535	10.219355161276498
-0.445	929.0152283008002	564.6225256933537	10.30357024693592
-0.443	-483.4924193349854	566.6276909039669	9.91260384146139
-0.441	801.0412115351251	594.4621997460141	10.497954670218721
-0.439	-659.9419592738798	595.5784384664297	9.721994167430939
-0.437	463.2043919370332	544.0094580295884	10.162347746279938
-0.435	-546.6585107944954	626.6105622792145	10.606352649434834
-0.433	347.5069396143837	542.6793934641339	10.031878429163868
-0.431	679.5826090189028	634.9336296592758	10.103746620685163
-0.429	-653.9638009850357	594.0863735078218	9.983530048245251
-0.427	645.5335721236022	628.0961665708593	10.460134601757288
-0.425	-677.9110093366736	562.3025217129712	10.121473736622303
-0.423	902.3100343283908	552.4140453333958	9.909971432760877
-0.421	-1470.3473021059344	646.4820341889945	10.44779170126142
-0.419	1339.0190325639485	570.4629531489433	10.694189839411823
-0.417	-726.2014237064963	578.840798844997	9.923856216187431
-0.415	432.30028358465233	557.8110675826059	10.021304216021592
-0.41300000000000003	169.05809069722721	621.6322576574684	10.368393938957563
-0.41100000000000003	-757.6937356514879	575.5762186586448	10.395026812217429
-0.40900000000000003	639.4466986894276	595.4100684974511	10.284984032220207
-0.40700000000000003	-615.9316233373956	536.7259911046001	9.840235780143594
-0.405	1211.4677870704859	587.2797379032897	10.1291141230385
-0.403	-1074.670634866104	641.1507796937912	10.359704837479997
-0.401	937.5777450573164	628.7218110251417	10.30253470984596
-0.399	-695.2183460077199	538.7582891856733	9.989381650630598
-0.397	701.166295461464	551.441578724707	10.10872214059155
-0.395	-359.83299091235654	647.4879399819425	10.171223130864528
-0.393	-28.176726528661433	618.9672775548543	10.155555649739874
-0.391	416.46603162370786	587.6332606058592	10.608861990826908
-0.389	-597.8458587617697	557.21062761151	10.083573925015791
-0.387	813.6649841836708	596.0587008983099	10.069547497518053
-0.385	-781.2000120887009	638.533605774436	10.373609535210226
-0.383	770.1371773636279	607.8456912079533	10.36174916284156
-0.381	-699.9649806535002	534.6101404202572	10.206160319757286
-0.379	1359.2538805242693	570.305528734156	10.05573084592599
-0.377	-550.6421390480964	645.4993024758702	10.137277541855845
-0.375	-128.8954051217317	606.6326633947856	10.267556730840196
-0.373	-3.7291229735281206	605.9676344617862	10.573928154745696
-0.371	116.16551739113135	533.8727604498142	9.798587438774874
-0.369	380.7020832928831	606.3941533539661	9.939773000616283
-0.367	-701.6367491973208	645.2442697600526	10.796629581190958
-0.365	974.0764032590832	597.3389325737345	10.350534851609783
-0.363	-860.6967409622301	564.9354726023167	10.074368452771852
-0.361	1007.7883871151272	585.5106037175663	10.270999274115638
-0.359	-1521.6613532578194	641.0589881266721	10.396510725909753
-0.357	625.9009655242842	589.9643355613073	10.603864964128224
-0.355	-774.1995511248989	593.6083349425559	9.877383562467095
-0.353	664.8422411368315	568.6033731288835	10.360305372044548
-0.351	405.001347877576	655.9440638141152	10.25901221537203
-0.349	-633.7635577609025	574.0093455950039	9.946482598042051
-0.347	724.9652789298456	634.910690711219	10.605946015674734
-0.345	-449.2046378324899	580.8206575848978	9.99408929462106
-0.34299999999999997	1136.6304927253877	559.068669184255	10.20602320573561
-0.34099999999999997	-1114.488364801658	617.2429581198033	10.009012426062425
-0.33899999999999997	911.7309458857026	558.2085491898436	10.204833684506786
-0.33699999999999997	-1224.14662969883	664.8564504933458	10.722730829049615
-0.33499999999999996	650.5031532724192	536.5887757078704	9.955272782646132
-0.33299999999999996	140.9357195880645	660.8503416512016	10.19256617256748
-0.33099999999999996	-80.23432208692505	585.8824247897154	10.338426090296496
-0.32899999999999996	711.8435866351192	627.2423812652324	10.355797347106506
-0.32699999999999996	-847.6901931266933	538.4202434108261	9.9288879294596
-0.32499999999999996	711.1688830117035	588.096830830061	10.12692650530541
-0.323	-1219.7514014491428	635.4764527956764	10.49618836253029
-0.321	667.999251165785	565.3062502493236	10.225292772534209
-0.319	-472.1116783620305	610.0321467504065	10.085055694546243
-0.317	733.9310965011059	551.9088569197025	10.213877328366832
-0.315	-84.46379562976335	670.4316005222976	10.419450809166586
-0.313	91.6605836922546	581.0449414275471	10.045039277321013
-0.311	-57.36960543245573	593.2329839451794	10.118511748718468
-0.309	-76.12653535649105	551.5529240187651	9.941747079598054
-0.307	621.2982007880452	613.8498906261883	10.196253886795503
-0.305	-493.21987164319125	599.2041368034749	10.414325316626428
-0.303	956.1789559571209	611.5394023371312	10.138571541040031
-0.301	-995.6747141737221	552.9385985886894	10.077870106647662
-0.299	962.3759195664938	580.5788885194261	10.284263823541558
-0.297	-364.1197990618128	658.502495510127	10.44148032600263
-0.295	510.57458879477656	591.4391199777541	9.94675021843023
-0.293	-127.56167869676372	599.1760532955132	10.497535761167322
-0.29100000000000004	-141.08281308833347	561.1148247502456	10.57668931727961
-0.28900000000000003	645.8353620764079	626.5631158247185	10.166939086885357
-0.28700000000000003	-285.5539782455896	603.6593540062674	10.416092363349977
-0.28500000000000003	587.6331046130723	557.0743865673004	10.081202616797121
-0.28300000000000003	-825.3541222768001	591.2421530587542	10.534486894886586
-0.281	1013.06692373071	582.8540426899352	10.16128267802153
-0.279	-1081.2476395236636	643.1359546103525	10.45220263303748
-0.277	767.8662923604751	591.7095113696281	10.24536186106243
-0.275	-854.7209293694458	631.4951099592494	10.421853912060683
-0.273	479.21952324569975	558.4295024794976	10.281989764572947
-0.271	350.0143031704983	603.1132934562678	9.947355672081303
-0.269	-345.2910576406953	623.2616002147635	10.5027107428244
-0.267	713.3499520897146	576.0306450045234	10.012864613523927
-0.265	-1037.9962450770552	597.6174505149047	9.888804130703976
-0.263	1267.5230898369084	574.6353670666472	10.404442542301915
-0.261	-1041.9789549811487	633.2070723869008	10.511021517308274
-0.259	724.5959353729959	516.0688835649215	10.19337354291257
-0.257	-1504.8126596628463	618.0885145504222	10.458072953964454
-0.255	959.2044973167901	528.872040022438	10.232084523800761
-0.253	3.8677551437160673	615.8721313870724	10.391233989389608
-0.251	248.04545502288278	572.5514996880345	10.298903455590095
-0.249	-424.2946836832129	641.2375658767606	10.492717888828718
-0.247	-892.5203562151207	595.8369681248599	10.749927506525058
-0.245	817.6297247488584	555.5304418458401	9.887525416693148
-0.243	-1126.4449305620205	652.6287787506838	10.653187365256194
-0.241	1161.2759434338482	595.4429039214274	10.285420658917172
-0.239	-1225.6115773461306	642.5951910443849	10.64649102187413
-0.237	1127.830371879579	497.26251256665836	9.95483182064287
-0.235	-578.4978585182677	610.0770402196232	10.244452852249896
-0.23299999999999998	154.7258192944323	616.0396563817358	10.398953968038217
-0.23099999999999998	-296.3850677040192	593.2087380877953	10.13913584532428
-0.22899999999999998	-327.557261773026	551.566385936025	9.881012791916474
-0.22699999999999998	1043.4494351032608	547.889273099259	9.98859411234513
-0.22499999999999998	-1213.5054449771144	614.3590632066482	10.180642848574616
-0.22299999999999998	833.8366786742047	579.9850643234877	9.980980280389142
-0.22099999999999997	-1062.1220076147963	553.4737137503395	10.156516315233544
-0.21899999999999997	870.1308405749675	540.2229592700575	10.061780073315157
-0.21699999999999997	-1222.624880070633	627.6945583063876	10.257835783586387
-0.21499999999999997	122.08681179370906	643.9869023778132	10.453729908840257
-0.21299999999999997	-516.0561942284536	554.9190665776621	10.455302372610547
-0.211	-358.74381454559233	571.4313378189382	10.09198374823548
-0.20900000000000002	807.8813817320452	606.2664367925324	10.245411457868705
-0.20700000000000002	-884.5950146844084	643.6246653181864	10.363043001664188
-0.20500000000000002	494.517681329798	636.3435534153083	10.3380252107188
-0.203	-1151.2610012802681	533.5517651528274	10.40309113571485
-0.201	922.3095629036227	597.3299837063739	10.276369331057673
-0.199	-395.6694906944724	667.1170223118359	10.52566725230695
-0.197	649.4626378021895	588.460393421163	10.032159427453795
-0.195	-796.5708057567911	596.8771880314316	10.345181429327358
-0.193	-15.75404964904159	516.8632419999894	10.32028315208985
-0.191	374.5852614203127	613.9513368471078	10.017668757468373
-0.189	-80.18397870157568	657.2719427450959	10.556647479160693
-0.187	657.2171388197212	565.1420814189904	10.081179109033762
-0.185	-1055.3943278620582	570.3531571358817	10.051150224111135
-0.183	1096.0842565674866	559.2048190287763	10.383229455102533
-0.181	-990.6085937902986	668.9815463163652	10.608136021812713
-0.179	1013.0299526245334	634.41006416398	10.751420964232505
-0.177	-886.5744339543457	567.1765998034844	10.102880568245443
-0.175	649.4308908762125	536.8445237989959	10.363542574468573
-0.173	168.75603101373926	587.0346411659766	10.119954780021379
-0.17099999999999999	20.900731454442933	626.6886705353309	10.36120593799815
-0.16899999999999998	-316.32017277349877	524.5270413713433	9.915813201857276
-0.16699999999999998	-677.3000846902466	599.3122415121206	10.28071203879045
-0.16499999999999998	747.1244379417818	604.9273043841962	10.620968622511972
-0.16299999999999998	-872.3691744070284	601.3562834380758	9.8337439562731
-0.16099999999999998	673.9360542376005	567.9319814246595	10.218635766791664
-0.15899999999999997	-1540.460560844892	600.5950363270194	10.702996864789739
-0.15699999999999997	606.1484505679449	505.23515748737594	10.189943651096307
-0.15499999999999997	-317.0079922711899	634.8360128310445	10.095864394334674
-0.15299999999999997	485.85947549684147	612.076798093613	10.116880928696355
-0.15099999999999997	-362.97067833679364	612.7781616384782	10.155670418815857
-0.149	-684.6172989343202	573.5528043066739	10.269747376695301
-0.14700000000000002	429.375564134471	550.921123046648	9.808874829519633
-0.14500000000000002	-876.6129316195581	630.3081205808965	10.320798742001779
-0.14300000000000002	832.0310380462992	579.9246605559749	10.284469269501525
-0.14100000000000001	-734.1208272612088	562.1874821691608	10.24664279862917
-0.139	816.0866670630096	547.0776427802858	9.892496327104059
-0.137	-176.45391003462407	641.8069374417536	10.578349998457565
-0.135	-63.24525875822662	628.8115767864057	10.103323064771562
-0.133	-346.8866731634046	606.4543423656519	10.334025841254682
-0.131	-291.06191611460997	572.018392006161	10.152727667126912
-0.129	709.6874389707075	594.534702530794	10.163959092160004
-0.127	-718.8100567294687	581.8808588678161	10.24688771875397
-0.125	1027.6311751458156	601.6473362921378	10.154967602256635
-0.123	-690.1605432592106	537.201926282329	10.213932785829707
-0.121	703.8825373826274	563.1670354015847	10.27028593732728
-0.119	-807.2478939874505	647.2568391603322	10.156633023228263
-0.11699999999999999	566.7250853533811	617.3416355937333	10.160044287023178
-0.11499999999999999	-452.60176273531624	593.2292951356836	10.335527917114314
-0.11299999999999999	-253.93090717396038	540.6981663926153	10.083576496627023
-0.11099999999999999	427.10473507501234	575.2905843779996	10.449182990891188
-0.10899999999999999	-637.8253405352474	587.2585380240935	10.164774326081183
-0.10699999999999998	385.47341433892154	604.2197137848649	10.262292797874943
-0.10499999999999998	-773.6042409440813	533.345229616158	10.339442710003434
-0.10299999999999998	834.8698987337144	589.2643305104452	10.13380580534134
-0.10099999999999998	-922.5714771139426	634.155485939934	10.239344022612558
-0.09899999999999998	612.9585963674522	587.33929613269	9.863028494214605
-0.09699999999999998	-1277.428122234414	616.1232041429059	10.724958034920922
-0.09499999999999997	336.30584582411416	542.0488660033221	10.033370210646893
-0.09299999999999997	-223.33794953033336	582.7342456598963	9.74157949675462
-0.09099999999999997	-64.26960290273342	629.5006349144985	10.405805330230496
-0.08899999999999997	170.7425238925975	545.4612577507995	10.173688441588217
-0.08699999999999997	-1115.257261578795	541.8327158188425	9.970699058414473
-0.08499999999999996	865.4206545983811	637.5943643702794	10.578223860571981
-0.08299999999999999	-854.5582081628256	623.7997354350314	10.308670721616622
-0.08100000000000002	1227.2938008721646	595.4705614428768	10.521358551151314
-0.07900000000000001	-1310.6661791100205	581.5995470456271	10.06584475321275
-0.07700000000000001	618.9749077634143	574.1522366075503	10.75441011278889
-0.07500000000000001	0.039790041705956014	608.3442258831166	10.21696104203201
-0.07300000000000001	76.77834094144131	608.6769969427531	10.168459853390422
-0.07100000000000001	-570.9907068461862	583.406810143061	10.050556806921737
-0.069	-447.1277241308025	590.2997257151414	10.079679167044613
-0.067	597.9408443057555	577.8226435779336	10.40306385517054
-0.065	-1028.206913045948	568.9624254172434	9.709899501410097
-0.063	1211.6828015227288	569.847916144739	9.988634730171116
-0.061	-1457.3706314375822	599.8505268905429	10.554094647574031
-0.059	791.8280736440853	538.5009706725306	9.867050678869358
-0.056999999999999995	-582.3686070944856	571.5484250604277	10.100078035127387
-0.05499999999999999	493.08356352950614	596.5842721967086	10.072243650651629
-0.05299999999999999	-119.8059794971229	574.8724866539753	10.109132773538354
-0.05099999999999999	-306.36558370933375	577.303052882011	10.124863067390804
-0.04899999999999999	248.54629733539468	572.6015124554267	9.952868953007819
-0.046999999999999986	-497.15845380171595	615.8088710756901	10.186261862273563
-0.044999999999999984	761.8969198153192	574.0470427437697	9.816665924991787
-0.04299999999999998	-836.3099859809431	544.9309248822717	10.067316845078087
-0.04099999999999998	496.06172558935845	625.2964067935613	10.738700488169485
-0.03899999999999998	-526.8184104867402	578.2282350644657	10.135732129406943
-0.03699999999999998	192.86340565738413	631.558220388957	10.097126098056213
-0.034999999999999976	-663.7355509249154	604.1909797804111	10.06416279703773
-0.032999999999999974	149.65392922827726	591.8485244898104	10.216793546006667
-0.030999999999999972	473.7217200776467	612.7211840796165	10.113726805699757
-0.02899999999999997	-192.63259085600114	584.9199230365393	10.351110269346183
-0.02699999999999997	605.1164423270804	584.99127928218	9.954076747016899
-0.024999999999999967	-863.041057984959	535.1460938489437	10.031401559618853
-0.022999999999999965	909.5865976944673	589.9087060594645	10.591067185419702
-0.02099999999999999	-681.556626614177	605.424680698038	10.246486156328269
-0.019000000000000017	501.28662979842534	584.5827502585639	10.262067674807588
-0.017000000000000015	-704.1321294934954	594.093429220339	10.497093179748129
-0.015000000000000013	244.28468601422892	565.1469659081794	10.046672508272177
-0.013000000000000012	-635.4085058233317	577.7593657971012	10.40723874848587
-0.01100000000000001	121.71251464510036	599.3708420135504	10.186614690384014
-0.009000000000000008	487.2206426596026	552.1359429945367	9.951832346235918
-0.007000000000000006	-1335.823375349654	576.2803916536017	10.360963318476568
-0.0050000000000000044	289.62640333407563	608.3610411135637	10.092845347807513
-0.0030000000000000027	-1353.2217263046987	598.1395142752816	10.191787307592902
-0.0010000000000000009	826.908321955866	566.701723093429	9.922374088007489
0.0010000000000000009	-1342.4443282060715	610.4001673246148	10.468080431838821
0.0030000000000000027	946.2897216265809	561.056366443356	10.260186886136182
0.0050000000000000044	-631.4641706077762	576.1336561570181	9.891980926064537
0.007000000000000006	224.26087867932765	635.4039445826736	10.447613141020875
0.009000000000000008	-226.659733560175	584.1311724583915	10.199004504462632
0.01100000000000001	-504.26641071177335	546.5395061435879	10.09360548240854
0.013000000000000012	434.60856186006146	623.7264539456154	10.738653902191565
0.015000000000000013	-730.4454472998323	530.0642580844834	9.839897679296442
0.017000000000000015	1182.2410363375725	584.7477598720814	9.86763844217258
0.019000000000000017	-1193.7875837569889	537.5941268147149	10.158258609525896
0.02100000000000002	903.9745883094863	575.4808544331523	10.337713286952
0.02300000000000002	-273.46029020303143	601.3724134391664	10.286018647992483
0.025000000000000022	180.39916685208544	559.4031391690825	9.894889616463802
0.027000000000000024	-833.7145466892348	601.2665811365498	10.447725181321122
0.029000000000000026	-223.39198731113896	572.8073882195735	10.253926598868885
0.031000000000000028	326.3457444331319	602.26919776025	10.269293157991486
0.03300000000000003	-641.0298236683154	580.0831392385228	10.097746159777452
0.03500000000000003	1117.4142943335407	586.8301162497943	10.071692460727578
0.03700000000000003	-1225.2458342799644	536.0616233110388	10.09792025957991
0.039000000000000035	791.6264340994683	552.758715639994	10.150941311550836
0.041000000000000036	-556.0499331346281	573.0469724500767	10.299849792568107
0.04300000000000004	362.52291991289985	607.1814127725127	10.613304428075278
0.04500000000000004	-1159.7090715332881	610.5663425221262	10.111673408537314
0.04700000000000004	45.10226102150128	568.628761251359	10.250015835141351
0.049000000000000044	356.8971467051707	555.736022618307	10.055002999385183
0.051000000000000045	-360.04028255443023	579.3905509351551	10.144126084245974
0.05300000000000005	1007.2505340286142	600.0986449565218	10.038590010353142
0.05500000000000005	-599.3755050019978	553.5370961309582	10.065797841238943
0.05700000000000005	865.7324989720383	600.7675613960214	10.423507240948156
0.05900000000000005	-997.0229997710023	608.8045242883242	10.076535343367208
0.061000000000000054	852.0007686709796	593.6544008619059	10.158997344127485
0.06300000000000006	-694.5398469523357	579.0720147847777	10.402779935614438
0.06500000000000006	-59.132779338777475	582.1946914312696	10.533116397705335
0.06700000000000006	116.91605732400134	624.7967524010568	10.512637229806291
0.06900000000000006	200.80973811964498	592.5674872319868	9.983162154334623
0.07100000000000006	410.0576467225281	577.6970929193611	10.216139162802985
0.07300000000000006	-686.6010947382816	512.2868232968835	9.933036312469927
0.07500000000000007	858.0026582738487	606.4513683012473	10.543192603147807
0.07700000000000001	-473.08132788581594	584.1714447639449	9.962505309251153
0.07899999999999996	911.7248612318108	584.152210135665	9.770154444668785
0.08099999999999996	-993.089218370935	594.3889958958524	10.617941956261088
0.08299999999999996	691.3037138527311	568.0482647285598	10.07468770225316
0.08499999999999996	-1076.0432026947208	580.5060469101617	10.208024384405256
0.08699999999999997	555.0742738513748	631.8605244771594	10.49552986960122
0.08899999999999997	15.59103093673464	551.4457393654899	9.925759086748366
0.09099999999999997	-419.09635635173356	573.7666497198318	10.112800798936455
0.09299999999999997	271.6705034215838	631.3232445548291	10.51782827044983
0.09499999999999997	-744.3282507793025	574.2372698094865	10.252466923365512
0.09699999999999998	949.4545441350865	626.3673204613327	10.386884911679722
0.09899999999999998	-1125.618254701144	523.132233989526	10.082530762861937
0.10099999999999998	1088.783358594192	605.8860340735256	10.357252893694843
0.10299999999999998	-662.0250018319896	571.8761140231165	9.94640609397442
0.10499999999999998	1302.5316640544738	575.4141222018499	10.203278907845062
0.10699999999999998	-787.1115163287091	562.5092594598407	9.97971338043187
0.10899999999999999	675.0097890619866	514.5061849960957	10.539924233734883
0.11099999999999999	640.1836229845692	651.4375990850883	11.01704056712518
0.11299999999999999	-786.8599356932738	550.6389023065365	9.8005666943167
0.11499999999999999	998.5895237556441	584.8248331629767	9.81111487734975
0.11699999999999999	-1189.8598454672672	542.1763922677393	10.360382426775253
0.119	1145.3080462351384	567.0116303136961	10.47783028041364
0.121	-883.1649814109444	575.1835866248008	10.119470745954457
0.123	751.4492063940281	533.9041877672	10.194894623446956
0.125	-482.35461308654413	612.9953487482499	10.382770452480612
0.127	354.89492941320754	571.0227469814001	10.390798305472426
0.129	-170.9499024746819	586.742232718927	10.084057358711172
0.131	-173.74612911802421	588.7988740082346	10.582374122881095
0.133	1129.8161554105236	597.5869505922574	10.096745803234066
0.135	-1283.2948770777896	600.8452879061638	10.265725404921264
0.137	1103.1388796289843	551.3349007881106	10.136314874124345
0.139	-855.4702060530328	584.2903314330899	10.312756578566228
0.14100000000000001	638.1018560783768	576.0083038783418	10.135200050553294
0.14300000000000002	-648.0576509093617	565.2946668863253	9.88443863233387
0.14500000000000002	299.7472219319342	581.5356961183244	10.105424966775969
0.14700000000000002	12.27512778645412	579.7101263292303	10.168553779259721
0.14900000000000002	-235.22920408358684	586.3663495455453	10.253939231399421
0.15100000000000002	739.4409986696271	544.1538848205925	9.895258577623691
0.15300000000000002	-991.8047023321774	559.9505176967264	9.951625092704266
0.15500000000000003	422.0411716553407	619.4894532523164	10.59026637608223
0.15700000000000003	-542.7420894899004	563.8918474560995	10.424011436399454
0.15900000000000003	943.4041688534123	580.5903229363413	9.664754168661547
0.16100000000000003	-576.8590554042773	612.3868267547354	10.509480899192177
0.16300000000000003	318.852427278582	577.3972002051536	10.060368170279855
0.16500000000000004	-515.5893141286505	575.1544881341891	10.639807031357634
0.16700000000000004	504.6357404034918	582.9438059804623	10.064694577512933
0.16900000000000004	52.59268516799587	593.9769831442667	10.085290144417163
0.17100000000000004	-1184.2891584318284	523.1555826956401	10.237065828796236
0.17300000000000004	753.3547570581778	585.360994133814	10.293646370537616
0.17500000000000004	-679.1024628166608	588.8963726481535	10.318679057553911
0.17700000000000005	891.1994240887733	617.337483780167	9.793692278193706
0.17900000000000005	-1177.811184292943	578.9020340939529	10.524432169897954
0.18100000000000005	835.9468254068859	542.6406634887527	9.84760423710008
0.18300000000000005	-661.253429948383	562.2408960261396	9.851528059991594
0.18500000000000005	921.7375622121438	621.9592437207482	10.649349991690784
0.18700000000000006	-47.850191040033074	548.5651435647865	9.955500805702904
0.18900000000000006	-64.82004112129403	565.2513575206823	10.18725752693951
0.19100000000000006	51.21310546973845	613.1834539024676	10.27474528554063
0.19300000000000006	-496.74775409158656	553.7861127996352	10.015652813239049
0.19500000000000006	1433.6678129631687	617.4515393554351	10.316835040335416
0.19700000000000006	-1185.1030798358809	550.3566096958863	9.995087028425125
0.19900000000000007	1336.0779738145202	630.6647875633477	10.434918204274219
0.20100000000000007	-735.465104893196	558.9197026765818	10.158848190315325
0.203	886.8233398657832	549.0730328842523	9.9307955752829
0.20499999999999996	-950.7779093523849	585.5652782730424	10.200746107623285
0.20699999999999996	329.9791281818898	583.9781439295011	10.133333811797678
0.20899999999999996	216.73898978402661	604.4251309420667	10.361932569390174
0.21099999999999997	-529.4307353855831	539.8382210950178	10.066013385629008
0.21299999999999997	757.9861585260694	600.9850471049054	9.819970966274877
0.21499999999999997	-1484.0690175266236	533.1732809802226	10.391967788027792
0.21699999999999997	939.4222468217528	589.9031646428954	10.234843640045668
0.21899999999999997	-907.5932684082799	539.6510054651714	10.326135936952237
0.22099999999999997	1576.7681258793687	564.707198111752	10.286994900671647
0.22299999999999998	-763.6948547384836	597.1545975152111	10.116812244396169
0.22499999999999998	198.41191611469355	548.7063787877511	9.858743878192954
0.22699999999999998	-140.48300914371038	556.6557832486327	9.858530430498204
0.22899999999999998	-155.00917548860738	602.3772488653397	10.483936947278295
0.23099999999999998	819.1458012913877	594.492990382394	9.9924261245059
0.23299999999999998	-470.7027604780034	558.2915369787039	10.034934075757649
0.235	908.0472483775636	559.0845396125532	10.122277121828613
0.237	-1017.6798126705355	558.719045468952	10.309546462942782
0.239	616.6365666466778	584.6843583762573	10.193268085041696
0.241	-857.8691703682306	583.2682649560521	10.158536439805106
0.243	605.5929392980719	570.776667075413	9.901336625174809
0.245	-437.8864618388434	534.5489138994732	9.814876263980558
0.247	356.75419313085933	601.8685242219024	10.307709844528928
0.249	-133.8945858693208	577.4204856156632	9.839124380105519
0.251	-727.9061189748859	568.4758915359403	10.572582050579333
0.253	433.2426219195718	587.8600302264496	10.381421669306764
0.255	-875.4174741433252	553.6923540193286	10.258668694405786
0.257	805.1501056580701	578.8391401435881	9.804550081807939
0.259	-616.260945476399	592.6354389387124	10.518739614685522
0.261	902.6654233468267	602.1866510809773	10.057170106610652
0.263	-857.2666431545529	537.39106362911	10.120435504007391
0.265	707.7520812506233	615.9625380313774	10.095908183518711
0.267	-330.83656011145825	559.6771634975978	9.906124395550716
0.269	-302.1664313834771	586.4443170878179	10.305466404328216
0.271	317.0037586890384	580.4336463160942	10.18061520210748
0.273	-261.0339465920486	538.8000095835458	10.137299126420604
0.275	740.596213949063	592.1900883895945	9.974333332408653
0.277	-988.0405583891916	568.1854065427679	10.131585300872343
0.279	1405.5105995973704	578.8859805756833	10.12684721537705
0.281	-1133.0955129724707	579.9957856784637	10.384320963085962
0.28300000000000003	933.3080800206783	603.4237142019391	10.396783240347883
0.28500000000000003	-534.523972642531	544.2036655648596	9.704516596795054
0.28700000000000003	153.94612663843787	577.9360085484452	9.864299251154565
0.28900000000000003	-254.74625630894644	624.0208037362266	10.652871199561659
0.29100000000000004	-6.971275053446746	536.5182452724756	10.028753249900216
0.29300000000000004	651.407985934549	607.9566378062698	9.86276943412741
0.29500000000000004	-1068.8502796668554	538.8411425402325	10.198944725032245
0.29700000000000004	1185.344661019716	624.112170440675	10.096877575479374
0.29900000000000004	-948.9550159993421	556.1342902707249	10.127962648637034
0.30100000000000005	972.5171164474134	521.5128853737662	9.78095103221016
0.30300000000000005	-1153.8315149295374	610.7772207019531	10.28678299170288
0.30500000000000005	402.4333859615758	566.3110174430511	9.963670343024615
0.30700000000000005	-369.8325384157153	575.029671721626	10.031131896162623
0.30900000000000005	-151.48895136729567	549.407685877545	10.062264509566033
0.31100000000000005	697.896334906467	606.919965317016	9.862194885200088
0.31300000000000006	-1616.6905817623922	544.0999974574327	10.245501254681837
0.31500000000000006	1418.4068527458571	574.928936127964	9.885322183284305
0.31700000000000006	-1355.0588075417202	522.443773671552	10.051126170186526
0.31900000000000006	1163.1633163318168	549.3620216727081	9.984244392206891
0.32100000000000006	-1252.0717822109839	585.5999619129556	10.074018788940288
0.32300000000000006	853.173302933774	607.8396542300285	10.416338373983248
0.32500000000000007	-461.5350178651667	542.8278155698399	10.031811622326995
0.32700000000000007	796.8257698356407	577.1936416143113	10.308667377406755
0.32900000000000007	197.1724073426273	595.1935740162378	9.852241005399469
0.33100000000000007	-420.7794500007411	543.4227173368139	9.930741218367956
0.333	1079.990036251477	589.5094273584621	10.167607372266891
0.33499999999999996	-1063.2215293019387	516.2955840453116	9.948235440982703
0.33699999999999997	880.186032055752	590.973125906543	10.070651914519456
0.33899999999999997	-602.7498888333538	591.2215124772913	10.200861785348808
0.34099999999999997	696.8393752924129	627.9830623445442	10.22331932916209
0.34299999999999997	-491.5266578412458	534.6564299556148	10.02893668825247
0.345	884.9673712416628	585.9889112218079	10.12640115476572
0.347	-416.27628601137445	586.1071717552171	9.84633032645875
0.349	-523.2623723967489	540.7556540016117	10.170142740765709
0.351	477.9092195177359	616.8641184503218	10.330993087802163
0.353	-327.6327418464398	564.5908694881832	10.324460686463787
0.355	708.809020228518	576.9289985208195	9.522313049837768
0.357	-1184.0958330926464	582.5586251590776	10.954977079641353
0.359	1057.5922450124508	595.7144356474079	10.03464705026059
0.361	-1270.01302703178	530.7432035955393	10.067133581237554
0.363	1261.272141791947	592.0991229608369	10.315464251136548
0.365	-707.8515851264289	546.7006842876817	10.016557233164887
0.367	-500.4427285579816	618.6371650589946	10.666863738687994
0.369	-206.25791914807846	566.2809380157274	9.607542526744506
0.371	-364.93307638207904	548.7871079414247	10.508356403629334
0.373	934.736559978111	599.780557732777	9.896130909091978
0.375	-988.9271305923986	563.4810161907305	10.324131129915743
0.377	1154.253966646035	630.2067602272633	10.267165115313857
0.379	-875.9756781886451	539.1683122398852	10.027060071417514
0.381	948.0313397678408	565.4499142350901	10.359310812468305
0.383	-1098.4532693485428	552.818691854366	9.677495559081756
0.385	555.7036565835283	554.8579457171834	9.903992427522686
0.387	-544.1871289332267	586.1432446615959	10.35181305494832
0.389	399.02923548007504	529.0463090439802	9.965831348801085
0.391	637.0318118749108	583.1058071627324	9.588934062655033
0.393	-591.4918667445645	593.9801333369913	10.898087011628185
0.395	956.6979524984198	644.5739159766841	10.273592108872686
0.397	-919.080679112727	547.155876735164	10.041857072634178
0.399	1471.7856877746183	514.9347508302807	9.728648967955445
0.401	-1397.5761052844593	591.1430684087472	10.454831213300038
0.403	563.3575818080327	574.3542263576487	10.279785457982296
0.405	-427.6744995820314	581.69956381462	9.983814180779499
0.40700000000000003	271.87345566148656	552.3159102388285	10.402934008611652
0.40900000000000003	662.701853643144	641.6555473818777	10.05586558037754
0.41100000000000003	-698.7515877366901	590.1864591704599	10.14658796803022
0.41300000000000003	480.5800733189702	600.2832578041028	10.5277991919593
0.41500000000000004	-862.8339157583653	521.8098891466889	10.05901503131972
0.41700000000000004	953.970195060716	555.7285855963188	10.027849620555095
0.41900000000000004	-1227.5503340484217	590.2989696622179	9.84868217540535
0.42100000000000004	690.6114502702732	607.8275007534212	10.227664431630368
0.42300000000000004	-346.7976748385837	516.1510307327983	9.982842266848012
0.42500000000000004	518.8999465384203	552.9092892598727	10.208081159774277
0.42700000000000005	-138.87838767312476	604.4200444331202	9.881461695510277
0.42900000000000005	-666.2820028098259	574.5329045790488	10.196252573422115
0.43100000000000005	184.68720519848603	569.8807760887203	9.878185918755756
0.43300000000000005	-250.00377868733548	517.5553708939401	10.218202433048706
0.43500000000000005	738.7447885993658	582.2184397498274	9.71327803465898
0.43700000000000006	-1362.162389238253	606.2291830047634	10.335979214180593
0.43900000000000006	1147.888738601832	586.1021304083405	10.096792536264239
0.44100000000000006	-814.0289648365107	531.6108673461907	10.340418725915892
0.44300000000000006	974.0650114284932	593.6864824082774	10.138416706630341
0.44500000000000006	-545.3621927200559	583.9912475214933	9.881824508569979
0.44700000000000006	8.186576814450675	589.120709082897	10.311298184865343
0.44900000000000007	87.18947483377093	584.7878764030816	9.9069617478074
0.45100000000000007	-40.55546385040021	546.5763456220822	10.055090534702446
0.45300000000000007	631.037420504521	604.2916403667622	9.905297359713105
0.45500000000000007	-1483.6135741036483	598.0346206272999	10.454986880579305
0.4570000000000001	517.492243556017	603.3626996570688	10.25703056008266
0.459	-789.3847204692994	559.7863412750693	9.717455241028158
0.46099999999999997	1309.222737050586	604.0629181300184	10.780978779004013
0.46299999999999997	-795.0925468285242	608.7539250990607	10.172502304090917
0.46499999999999997	213.71231685840542	575.8951054990454	9.965262896276302
0.46699999999999997	-553.3979024791025	604.5958660158133	10.411489634657148
0.469	317.3741318440726	574.3489784202554	10.469771944666704
0.471	849.5503455374642	620.4730572900742	10.208077967049215
0.473	-850.0209039943308	559.4929836525375	9.727894560034551
0.475	693.7692749797719	633.737434690369	10.466025194065795
0.477	-957.5040891908193	550.8226716900847	10.271991059450698
0.479	1191.5771024766375	532.119307758429	9.81422645318135
0.481	-1050.955502479467	627.3173870856864	10.271346957411831
0.483	1212.2300675625474	578.3209232507321	10.393193759045483
0.485	-409.1704683527597	627.2854679127805	10.408712854371709
0.487	422.3462751820062	519.6818058870465	10.072311167896848
0.489	143.32850406928443	608.3715930634281	10.101074679434696
0.491	-767.2495924263555	620.6702938708354	10.48876764586412
0.493	678.9173129648773	602.6713124363049	9.955068465049521
0.495	-917.1021979257343	528.5463531399072	9.999046209177251
0.497	1340.599590427427	542.3200905092222	10.25299572241172
0.499	-1470.729919616498	660.9045431138535	10.585388446989725