-0.499	33.03808228150018	42.16991936027653	20.876178528678587
-0.497	19.29415407642132	33.99282257926198	19.194033805331287
-0.495	-19.79837282428676	36.25150324086548	20.00830177029642
-0.493	-3.0050840982287497	39.08434442224899	19.871543788446704
-0.491	25.151670403289472	34.26334500049904	19.92077592077205
-0.489	-8.437639220759685	38.087753299908435	19.949653621512066
-0.487	9.634904943656153	42.69771427543035	19.242354441708148
-0.485	-16.310165605437632	36.908529812793496	20.548488659284853
-0.483	-44.246671017766914	34.95093467094573	19.63983240917502
-0.481	50.84819043221778	36.02480555432243	19.600838906661377
-0.479	-50.874085372520916	34.65092252898507	20.515390485400836
-0.477	-49.17021407091493	37.69965932361409	19.53527944925738
-0.475	0.8463027978411475	38.19820494620374	20.2618607730873
-0.473	-39.563112999907446	33.6438295247917	19.745540350713664
-0.471	-1.1984601600012468	38.08546104112704	19.380721839055845
-0.469	-11.183993668617553	32.68875838690439	19.708126265634302
-0.46699999999999997	-13.113640604744958	33.94448449222904	21.065388110350536
-0.46499999999999997	-32.91256184978497	37.35076425338117	19.409939773757912
-0.46299999999999997	2.8915352405789463	37.822453646154166	20.101167337569045
-0.461	-42.19842311548039	38.82722918146171	19.964690687503722
-0.459	-21.789407806727112	39.10932766775528	19.87944948790342
-0.457	-32.34658701467552	38.28350940250342	19.94995977305877
-0.455	-87.8939751512986	35.66855059383898	19.6587761146362
-0.453	70.01679963258844	37.22875181134907	19.88976328443713
-0.451	-4.7692292897139055	34.04959455245988	20.05183770224541
-0.449	-3.4273930571426803	38.58446889736199	19.848861647309366
-0.447	22.312048255868078	33.107752743109735	20.228082248068084
-0.445	-48.27762992898332	33.238368412276365	19.758394002187064
-0.443	-78.68932571408749	41.82392306503842	19.783556386840772
-0.441	29.86329164089696	36.909042930521	20.255422694317083
-0.439	-21.462981008579796	35.4579699082367	20.01978756186519
-0.437	-6.657141411126055	39.85439045731987	19.559062818996143
-0.435	-15.934025041741684	38.655223742432504	20.405374605656945
-0.433	-2.0860252857302086	32.53530612700584	19.86732055036789
-0.431	-39.4307405681138	39.02865998475873	20.02140867670084
-0.429	-35.10232482828446	38.289021061688246	20.548892968699292
-0.427	-37.10421361580174	33.30624816163199	19.256866283761195
-0.425	14.952429948422719	41.09495324426704	20.15522220557122
-0.423	-43.27219096367241	31.686928049140906	19.818075746814696
-0.421	-71.00968883066994	38.76813147155905	19.552798085410892
-0.419	34.97476020375423	35.52296916625782	20.58511499428072
-0.417	-21.953198189872403	37.29389226910637	20.519067036907977
-0.415	-89.69888584020592	39.01090670840221	19.344039710230092
-0.41300000000000003	18.162209707073274	32.656075680958786	19.222548504476745
-0.41100000000000003	-16.64711380577888	33.45889171435956	20.071159808045252
-0.40900000000000003	-12.468554702049772	39.01842109476216	19.47634344926323
-0.40700000000000003	-18.48651588975958	35.41282701778323	19.97086270490801
-0.405	-24.156744523162743	37.637430346319604	19.582977797211253
-0.403	59.423169645134166	38.75957983020796	19.589998965979625
-0.401	-18.895895578574518	33.460426543368996	20.50103072800692
-0.399	-58.95477790562875	41.268025918154905	19.41524054209356
-0.397	43.47163647921981	37.44796943512628	20.23006134064275
-0.395	-30.39647235525411	30.490125615344766	19.79974949443794
-0.393	-40.581738854128524	41.783896011027586	19.40373412953144
-0.391	43.8875101806957	36.87917965022628	19.92396930341581
-0.389	-40.431533782858686	34.98386665088607	20.02188464153954
-0.387	-33.62800988193637	36.98583145891741	19.355014640138233
-0.385	42.51884912842563	30.71327999826881	19.692875677128878
-0.383	-29.194893337747274	38.284583294456525	20.34697229253339
-0.381	-22.67928692401	39.450387708574304	19.55467658715884
-0.379	47.17453713265485	36.864171188285475	20.764105161775287
-0.377	9.317110244655424	35.48648428926929	19.78339883095211
-0.375	53.87746122864634	42.74318422555712	19.997001099707806
-0.373	8.166200276216173	32.325348894591926	20.354068431293584
-0.371	-71.81946919809778	39.59424137379286	19.24717862032883
-0.369	51.44939406287463	37.59313180281944	20.652347710864237
-0.367	-13.172216200230125	33.48339104135795	19.739177242348593
-0.365	-8.21604474765536	44.956501616513485	19.577873736143363
-0.363	48.53453681752384	29.793441074161183	19.718689881875992
-0.361	24.921212197215326	38.492445762416736	20.201055589320113
-0.359	-9.210733491249457	42.60496979514978	19.470618457019985
-0.357	34.94778437018731	34.34551190125446	19.80854821526617
-0.355	-39.10294170661466	35.32519201324447	19.67710087903863
-0.353	-2.4178628950100034	35.50672079878474	19.293359629030956
-0.351	-0.3060154254441727	33.33424946668865	20.07891267479463
-0.349	-72.66151670937137	40.90350575029161	19.463149139148417
-0.347	46.02679049448	37.69736705484633	20.30186162664968
-0.345	-12.180947771667228	30.848680993925612	20.302023038015438
-0.34299999999999997	-67.56911958361033	40.175193369236375	19.73061541849369
-0.34099999999999997	42.282537446869384	37.28710858635478	20.213348562773433
-0.33899999999999997	-25.08107453846886	30.88250359722651	19.71226991473072
-0.33699999999999997	-51.04207167738739	43.088987558692175	19.725110169486594
-0.33499999999999996	43.17048086832642	31.269653237807475	19.818048698662555
-0.33299999999999996	-31.536898002393343	36.573739526711464	20.18025311450185
-0.33099999999999996	-14.21807173829226	40.859717030246266	19.196110818102117
-0.32899999999999996	-37.762508998340216	36.19994903669158	19.806121233865174
-0.32699999999999996	13.730113947563183	36.79376693076625	20.030258138277595
-0.32499999999999996	-10.134670204497986	41.53342911604007	19.787718890702166
-0.323	14.724433938129167	35.12332015509441	20.13386679996819
-0.321	-23.41826947904746	38.568738330310964	19.75237412410281
-0.319	46.52618963718602	34.48706806774991	19.899469077091045
-0.317	-25.862486786487615	36.16981332601068	20.02418374508699
-0.315	-62.21998681898988	40.90268838631933	19.80867332946669
-0.313	1.6594802212388515	35.00648968190824	19.84061477702567
-0.311	-31.799884311345394	33.74968498334211	20.024481871081758
-0.309	-61.835127796561196	44.84364544666359	20.12392337792917
-0.307	35.220980389549794	32.92853968417068	19.919861955511067
-0.305	-4.228369635983498	33.72525621568411	21.037935951761217
-0.303	4.086669678438071	42.883625542841145	19.835664826432655
-0.301	33.09421161201698	35.62084648548217	19.72983167367098
-0.299	-31.35473950399703	41.41177013490742	20.18768904613854
-0.297	1.140392282161784	41.200876025694186	19.531772913364854
-0.295	16.92052821611334	32.195512651074765	20.112763692425645
-0.293	-86.72093464445751	41.41362778530791	19.93087697515165
-0.29100000000000004	55.88801482914185	33.13150844594018	20.20294658392577
-0.28900000000000003	-1.1676662504678248	34.15191811510859	20.099597418427493
-0.28700000000000003	-39.60345827158651	41.38327456092708	19.785659034330887
-0.28500000000000003	48.9566760133453	33.79612820524595	20.105365046193242
-0.28300000000000003	-38.65060773411422	33.42743964692583	20.046020380695985
-0.281	-78.4386529322223	44.01779724967902	20.495860860169547
-0.279	65.11044049428705	35.114894439790966	19.529514429056967
-0.277	-21.86407185222894	36.770738088182895	20.49655580340593
-0.275	-11.995190963176583	43.059142593164275	19.502546324753748
-0.273	20.25147678197392	34.29667785061885	20.502668043310663
-0.271	-34.94277560622816	41.048997455928195	20.27772686520612
-0.269	46.97382008300721	35.05245337154345	20.170411915445886
-0.267	-35.82374301103197	34.744489521712474	20.53670392410854
-0.265	-40.21225499684089	37.65224459995842	19.548121352191952
-0.263	-18.741712364045426	35.92333776824423	20.109529088254508
-0.261	21.47145393149863	36.04296587122643	19.819206392517675
-0.259	-48.50319697879968	42.09442152399501	20.382354935972998
-0.257	62.73679772861307	35.01081753726615	20.04477434897753
-0.255	-9.111683884510668	35.807006740044216	20.164040129969205
-0.253	-1.8513337127767926	43.859881520829894	20.398905083173226
-0.251	35.167392592461155	30.330041006280684	19.789704518339796
-0.249	-35.163283382599886	34.16301226027565	21.109080076270327
-0.247	35.55844921065976	38.91666145600724	19.418685778266596
-0.245	-4.966572617282061	36.60485347991215	20.358353605252717
-0.243	-6.227371898370748	38.16818510443595	20.451224327597835
-0.241	19.344967188583695	40.89829299770258	20.442174388513063
-0.239	-3.9385921658530165	38.022673183059204	20.364316928781463
-0.237	-72.24510421632857	43.016525553722914	20.115641163872024
-0.235	62.1197606820445	33.98435240319186	19.779713415506357
-0.23299999999999998	-26.367205852917408	34.3401989889958	19.761087686656737
-0.23099999999999998	-106.67376971706943	42.70636693132517	20.18534114647103
-0.22899999999999998	29.53261355886916	35.32713771803748	19.789650269127215
-0.22699999999999998	-12.594486919814685	34.44911692914582	21.38872133551533
-0.22499999999999998	-85.1290594894305	38.20721691860629	20.337613568354595
-0.22299999999999998	42.154776769054436	34.54463166237035	19.56373988072309
-0.22099999999999997	-56.68716632512005	41.509122772735324	20.54007585523028
-0.21899999999999997	24.216912579255734	37.136999569368115	19.96581964313896
-0.21699999999999997	-25.13910635548733	32.60602978694315	20.01039745325854
-0.21499999999999997	-32.0989162105878	41.09963770681095	19.70743907460305
-0.21299999999999997	43.86581768067721	34.65223524662493	19.88788560926453
-0.211	40.72981583735924	35.3476340475531	20.428660231106207
-0.20900000000000002	-47.64313727323444	39.27620647444549	20.064532556989583
-0.20700000000000002	-48.45396619557185	35.6962549721797	20.10398848688684
-0.20500000000000002	-10.731197971014517	33.204849802422174	20.424273687040284
-0.203	-4.820353246670628	42.44477657038603	20.52837155516147
-0.201	24.199360580734464	31.320464741379723	19.424806488689804
-0.199	10.044448595980526	35.22188977153057	21.368055815305453
-0.197	16.706790826992446	39.666473545777585	19.277025911975635
-0.195	29.869489876155342	30.089335108373724	19.545696107134003
-0.193	-70.23213936385719	38.13259739525025	20.832261909544243
-0.191	37.697271733305726	36.24987576252297	19.458406003662937
-0.189	22.7288322274255	31.12124632671747	20.090830216863743
-0.187	-2.49450363787318	38.47815733130889	19.729556557532735
-0.185	14.97243959547312	39.59676025873188	20.445494833152765
-0.183	37.694785485653526	32.12116497746361	20.39033705629071
-0.181	-56.13116747804625	39.96426412167744	19.87443396782806
-0.179	29.24671893689279	31.443583035226947	20.179123893619142
-0.177	25.612877074587814	35.33744563763396	20.48047288961796
-0.175	-35.69973350947553	41.37425603041842	19.867060291743357
-0.173	77.17586697530976	33.73908497348176	19.71835683612662
-0.17099999999999999	-57.155581406842515	34.200196248813334	20.571930936817306
-0.16899999999999998	-42.819210185562895	39.97552403005103	19.442207351785115
-0.16699999999999998	15.591333050624101	34.273141494690606	20.18345093216186
-0.16499999999999998	-41.31254246031446	37.60544336778208	20.587883721003184
-0.16299999999999998	25.162727451011335	35.392046934862655	19.450278219847977
-0.16099999999999998	37.98817725031434	33.856131539792074	20.097193567107862
-0.15899999999999997	-2.5902569563696076	40.2124449235279	19.54701514608863
-0.15699999999999997	51.997673373049835	32.06449134257046	20.06815035874496
-0.15499999999999997	36.34181438449957	33.94528106183742	20.277623926877958
-0.15299999999999997	-81.96543854577243	40.75399173931907	20.35069863042038
-0.15099999999999997	35.53122491473104	30.59294438529982	20.049189783521093
-0.149	18.065982420933935	32.12926417318659	20.11316855107837
-0.14700000000000002	-47.77277415712877	38.568548297584044	20.006011215365902
-0.14500000000000002	39.47655845726317	35.5138052022427	19.909567270485994
-0.14300000000000002	33.707501608581936	29.083546650449158	20.30560344610814
-0.14100000000000001	40.64118860114263	40.42251474853147	20.13284461534487
-0.139	73.80982122251467	29.6355115303494	19.584896496260114
-0.137	17.39074553319675	38.831726424188155	20.16091032028947
-0.135	22.120335817721326	36.04698622205105	19.894453178075892
-0.133	11.356020327646377	32.8235734299109	20.660667358559156
-0.131	-28.063764479502318	39.96395212385061	19.19594086296145
-0.129	-25.20609519618411	28.46213054964218	20.198854307563945
-0.127	51.362915002739484	32.67788948634117	20.212869557445963
-0.125	-4.2613326420859465	40.40536045883952	20.23596366640702
-0.123	54.5550353316937	33.12599169334502	19.43581470675855
-0.121	-3.502687967449347	34.96893590906007	20.409965112429443
-0.119	39.61103678240541	42.385555879734355	19.948693069564108
-0.11699999999999999	44.45095983096614	30.36884103712768	20.248190094448255
-0.11499999999999999	-6.388734032025667	33.19419291177005	20.224869959601417
-0.11299999999999999	-30.332277935030127	36.2919595306784	19.932097534295814
-0.11099999999999999	16.192152979543906	35.089749016676826	20.414174866049123
-0.10899999999999999	37.478488848385894	34.9121388634661	19.393377713781913
-0.10699999999999998	33.993171287827195	36.40842484982977	20.054016874443324
-0.10499999999999998	56.39493073861246	33.992088519577564	20.740941836760808
-0.10299999999999998	-14.530999821626978	35.0319444078484	19.913264131210326
-0.10099999999999998	41.20439741006621	35.828617351779016	20.221478091781197
-0.09899999999999998	39.041913167059406	32.13765182823022	20.01463738667663
-0.09699999999999998	16.493232121828072	35.99674325998892	19.57237592219773
-0.09499999999999997	37.85353921603729	35.49177323976328	20.50240390390128
-0.09299999999999997	-9.013007770786174	29.40683478875024	19.885000697455634
-0.09099999999999997	2.8636375524193625	34.80573080153584	19.576035552659
-0.08899999999999997	36.561856346484234	33.6258268396034	19.622203615578574
-0.08699999999999997	4.521756034492341	37.70096903559623	20.26137538976086
-0.08499999999999996	11.203203811316342	40.169229171605444	20.213236981673884
-0.08299999999999999	48.06670231438659	31.054505179371777	20.75850093877935
-0.08100000000000002	11.213670098708661	35.88665422300769	19.508409025357306
-0.07900000000000001	41.37425599060052	38.21775422760729	20.071600364991255
-0.07700000000000001	11.95989608504533	28.574993678011904	20.120709563307287
-0.07500000000000001	-69.33128909891728	31.860804560605338	19.54931666122402
-0.07300000000000001	19.708741154644827	30.5086398953475	20.308396813292845
-0.07100000000000001	9.867704818367073	31.93570629510698	20.090821721018173
-0.069	20.461886636180537	33.02139406189114	19.82849351286913
-0.067	16.485244600072946	34.637455089035775	20.870495797853874
-0.065	17.084834143421546	32.75148643897525	20.327264348162092
-0.063	24.133206188770018	38.23376186564913	19.71589779049297
-0.061	22.657169072237693	32.17672546542647	19.669560554784383
-0.059	-4.603480176168517	32.52748445453524	20.213483658344867
-0.056999999999999995	31.689950806379485	37.922621311089756	19.582864894502066
-0.05499999999999999	2.516844051170253	31.20547744697146	19.81521196573676
-0.05299999999999999	26.81137453142135	30.484171199356368	19.605443267702242
-0.05099999999999999	11.897059239318608	32.517429393755016	20.341905352536962
-0.04899999999999999	55.287448470942024	30.93496539348553	19.795385214873576
-0.046999999999999986	-14.601060009056255	33.766007977993645	20.12820938377604
-0.044999999999999984	15.11531273301614	33.28417604207756	19.810512858460385
-0.04299999999999998	50.18701244097201	36.11262265817476	20.16747298697029
-0.04099999999999998	42.32017864325144	38.690993928857104	19.56348349012956
-0.03899999999999998	36.06246071652386	33.1401683989784	19.963861323056545
-0.03699999999999998	23.98185292662447	27.890893905241004	19.6818315793951
-0.034999999999999976	34.007083606457655	39.900647159585745	19.891949503970736
-0.032999999999999974	42.7108498493034	30.79299012781297	19.92524298305885
-0.030999999999999972	-18.09960756493645	33.055811011780094	19.83503125206497
-0.02899999999999997	5.017084262926019	34.8327791671858	20.14847967708763
-0.02699999999999997	35.489610571648456	36.80585048281653	20.366210684593568
-0.024999999999999967	37.27694255650782	35.55370715870481	19.56640436485968
-0.022999999999999965	0.9505301783452325	32.29652489187586	20.281620376747735
-0.02099999999999999	16.178109077280567	33.10631601130507	20.21824285736277
-0.019000000000000017	15.008629228541182	34.764870984520094	19.759621385921637
-0.017000000000000015	-0.706165915853596	32.226036522517916	20.12056917408785
-0.015000000000000013	45.6269162594225	33.89568102636937	19.89376703657184
-0.013000000000000012	-6.730575412894346	41.277110066954855	19.605324907932253
-0.01100000000000001	-30.960253554201955	33.171879372248206	20.088094483686223
-0.009000000000000008	-97.81626115112907	27.84600703158253	19.97866964216322
-0.007000000000000006	-117.05609839496312	39.77845986789332	19.936122889107132
-0.0050000000000000044	-100.73822141365429	30.667764202955436	20.300979294697353
-0.0030000000000000027	-102.85255304254281	32.46181585362614	19.551117511972294
-0.0010000000000000009	-119.69193103644749	33.38800979614709	20.250442718508584
0.0010000000000000009	-86.64387561252428	37.41128668527633	20.40373363308948
0.0030000000000000027	-39.274595889482455	30.881430009471156	19.534199850654524
0.0050000000000000044	-82.36994383259422	38.17956207011794	20.401582462218208
0.007000000000000006	-38.78509710142364	30.33386083487248	20.0595081841824
0.009000000000000008	-79.50819085411621	37.495165347229836	19.70515107388371
0.01100000000000001	-48.96929527831162	32.463203986072315	20.060804236541966
0.013000000000000012	-2.5546121540376276	34.346874799337265	19.951232503826493
0.015000000000000013	-7.193881004008418	35.214210775345066	19.64051207125912
0.017000000000000015	-3.0668986782389496	31.08251696211162	20.13558099745961
0.019000000000000017	16.121824125692186	29.286267228536307	20.602447779328735
0.02100000000000002	2.120429186680539	36.40602121741092	19.139405275578724
0.02300000000000002	3.19437013995838	30.885819517071873	20.487994179547798
0.025000000000000022	51.801073879254034	33.92405708055231	19.737168413274706
0.027000000000000024	-13.79701614112605	33.31615011435913	19.81564975908921
0.029000000000000026	30.07032647661667	35.30462966208192	20.0162779960148
0.031000000000000028	41.7867388096127	31.682867925961563	19.541507481100027
0.03300000000000003	-33.8698890207656	39.75343966440906	20.303261492782255
0.03500000000000003	-3.4261937583712765	31.884718870433492	20.032694418802453
0.03700000000000003	56.748549962959416	33.85047124588172	19.54847611367714
0.039000000000000035	-13.65020088628377	33.63336306321815	19.757804172372424
0.041000000000000036	33.71929905005011	31.09463157536994	20.264952237425216
0.04300000000000004	30.609065791331602	36.55599883951365	19.633557948186144
0.04500000000000004	28.96458839951599	28.972348718109473	19.282162529348685
0.04700000000000004	-0.24410208021574675	34.4894714205621	20.27996263881532
0.049000000000000044	1.942300922541662	36.50436667054264	20.114319685138558
0.051000000000000045	43.869266464380274	29.413699349913422	19.824396903649312
0.05300000000000005	56.5451032197295	33.17993278670617	19.139216745742146
0.05500000000000005	-18.53845499988349	34.15658324913976	20.04945056122638
0.05700000000000005	53.46378133119778	36.1932648512681	20.479670134192304
0.05900000000000005	23.700013208616255	31.04748886626709	18.84282478210994
0.061000000000000054	-49.21786156453223	36.578804490558525	19.784582199410437
0.06300000000000006	45.403209465444405	32.32563140046844	20.109386991076118
0.06500000000000006	5.718253970998788	36.28402044990998	19.707041680618126
0.06700000000000006	-32.08708513224856	32.48945369677067	19.56772927797571
0.06900000000000006	8.513362621531684	32.09952342783092	19.861297641216158
0.07100000000000006	18.546090653881464	38.74307567361771	20.03249578750411
0.07300000000000006	-32.2896078946977	32.22890162336785	19.208713263914984
0.07500000000000007	35.47848008000898	33.95389666750277	20.33523812883316
0.07700000000000001	10.140814506787166	34.58268934402968	19.920187237124928
0.07899999999999996	-45.5367110249183	35.48905209582278	20.36763992257968
0.08099999999999996	-14.950626691545565	32.77440310160972	19.998648755124425
0.08299999999999996	-44.09764248702874	32.21806728770369	19.349332807920735
0.08499999999999996	10.408510812354166	32.34698589395013	20.116748514819914
0.08699999999999997	44.92788262666636	30.75885156811408	19.790333335994184
0.08899999999999997	-7.949491684144938	34.693030558667104	19.68156411133871
0.09099999999999997	23.063482555985004	33.08643574509232	19.432863780651264
0.09299999999999997	-6.953936247611203	34.01041134158126	19.533278989189384
0.09499999999999997	-22.563374734940744	34.554131013814676	19.51856949745344
0.09699999999999998	-10.799474274403309	31.999484943176352	19.867410948852456
0.09899999999999998	-23.854395098998893	38.42347801967771	19.992432508075872
0.10099999999999998	-23.501813312676312	29.990777234221405	19.55034713246531
0.10299999999999998	12.568533061196874	32.81807959005631	19.98793387391213
0.10499999999999998	-19.218710310853204	32.057192427666486	19.281353510687126
0.10699999999999998	-23.965264127401298	35.5555569241775	20.102126135155274
0.10899999999999999	48.80769725090772	30.476862433879912	19.346796748657248
0.11099999999999999	-18.94806570912344	35.91978264369323	19.490131361516166
0.11299999999999999	16.57443729996544	30.75886287120249	20.075407861030147
0.11499999999999999	12.98918292191864	30.57146646083091	19.426683330979447
0.11699999999999999	-60.996259616530324	31.434501112482902	19.9456990802828
0.119	0.46793033847691845	33.898225220119	19.493560279287863
0.121	41.702393341225275	34.77822458899144	20.00116427715645
0.123	-62.98457005260438	33.68506320215512	19.59088460112006
0.125	14.29131640784398	32.07023507228456	20.027778067885635
0.127	40.573479045624694	35.644862298456445	19.33624931832861
0.129	-17.661419084102903	32.252302006493025	19.207316851713646
0.131	-20.47873382104992	34.7500196423347	20.733572061761365
0.133	-25.875433626088018	33.80696158299445	19.202830664153183
0.135	-43.431063173837714	33.55729419485547	19.853915459767766
0.137	36.873425569128315	29.80195482995771	19.540763781411854
0.139	-16.419725090255355	30.67476658412971	19.39986030891157
0.14100000000000001	23.968651546413255	33.30393436068976	19.892985052893142
0.14300000000000002	71.18112588733183	35.68800619006032	20.118417820579502
0.14500000000000002	-45.200073147011466	33.8911333601245	19.715091697600315
0.14700000000000002	-5.881295638165973	31.215866308358198	19.67081078176809
0.14900000000000002	70.89775661572872	34.74707336951981	20.12890514197109
0.15100000000000002	-26.334075960532388	32.56936097905736	19.431041454338335
0.15300000000000002	17.593317834574407	35.5870361554638	20.640102721423364
0.15500000000000003	26.278157975845318	34.22701550323631	19.03870019194249
0.15700000000000003	-18.3762136249932	33.03352710908212	20.328565787479384
0.15900000000000003	-21.13555153471225	36.40764573260877	20.231301790072006
0.16100000000000003	-16.855028214468604	36.089528235559555	19.254761339421645
0.16300000000000003	-0.13094383843892388	34.07293462160063	20.111536184406233
0.16500000000000004	85.92806772789174	35.341585429489726	19.88186126646512
0.16700000000000004	-35.758599042590156	31.999020042695257	19.897993742825403
0.16900000000000004	0.28460021672671587	35.50881981899054	20.497534275188148
0.17100000000000004	49.8742017236431	33.748763963076556	20.254822332593214
0.17300000000000004	-44.24815693682138	34.423385577947364	19.331697845227126
0.17500000000000004	41.43707259474105	35.84344015234665	20.18051287015722
0.17700000000000005	27.709370250317278	32.58251802067813	19.6974834745552
0.17900000000000005	5.715745838852371	33.57769685610984	19.599642019066845
0.18100000000000005	14.993538339780343	36.27452557109475	21.398035412067095
0.18300000000000005	49.68254297454955	30.691578852769485	19.933419639366893
0.18500000000000005	-51.36363611468742	31.419365092158454	20.128017791022696
0.18700000000000006	65.93977843327714	37.58378650828447	20.330713729642614
0.18900000000000006	-42.45929934354464	34.81248937606911	19.515691677718465
0.19100000000000006	-1.8699849714254313	31.68918732676521	20.244601750712643
0.19300000000000006	82.63688204612762	35.318852068382995	19.45924390807127
0.19500000000000006	-26.16909048447358	27.842799748642154	19.50967728520732
0.19700000000000006	1.3940831131709075	34.153475222973256	19.946421182154356
0.19900000000000007	31.702459417637385	31.21016950608154	19.86325728485997
0.20100000000000007	-46.78143276093394	32.001287415868994	19.36568832068151
0.203	-3.968676108745406	42.33708435853027	20.197452808931946
0.20499999999999996	32.40059866538303	33.653375217657796	19.59920921730983
0.20699999999999996	-33.47761262506577	31.85629558017355	19.355982014178196
0.20899999999999996	57.59416091954961	37.38248911750287	20.326601375027945
0.21099999999999997	-3.605968590503217	36.98963648588297	19.50714469903845
0.21299999999999997	11.741356480854392	33.60435807821167	20.139087897354845
0.21499999999999997	43.59478322801813	35.580306516351456	20.3116899118155
0.21699999999999997	-11.135975200970982	34.72654718540031	19.434131521502174
0.21899999999999997	-53.39926953740193	34.92173098699897	20.061629827363102
0.22099999999999997	68.59977606388235	34.24949410133437	20.04932731987352
0.22299999999999998	-50.01143961969046	33.67449458387704	19.844417352822067
0.22499999999999998	-13.443096199994287	33.53486857456421	20.515701602262002
0.22699999999999998	16.077717882145848	32.9878108571575	20.249428174781233
0.22899999999999998	-34.58047839788314	33.92265347109029	19.957454948203093
0.23099999999999998	-1.6544510218485797	34.080589666467205	20.592550860477523
0.23299999999999998	15.585882132018725	33.717394807403686	19.199003472521554
0.235	-54.73572490488632	31.15386928712937	19.86423691090474
0.237	-10.942509455436067	34.68919619849037	20.80376433134541
0.239	-9.856468163871313	28.84582736800118	19.159320941275148
0.241	4.301281530061374	32.244964889992325	19.84957338975098
0.243	21.197416160356752	33.827825518854965	19.636915024705825
0.245	-36.70648657716491	34.101047405390375	19.440508875079292
0.247	-4.666228604177647	32.423891479871095	20.456084285337894
0.249	41.28951708270989	36.10337873798903	19.714584072252993
0.251	-12.936829265952632	33.20789989424077	19.959913045174506
0.253	-18.674929362250126	33.27111364446056	20.199207550114487
0.255	44.854714914777105	36.48926573510889	19.73290750472614
0.257	-55.02398485091042	31.35621243234815	19.235820501435615
0.259	-22.34508941834079	35.500561181069685	20.9180501564843
0.261	9.211920509510918	32.69007311494185	19.407682982467882
0.263	-20.327659678187615	32.88919859041023	19.273731014534825
0.265	-21.909077879800343	36.59564836226131	20.721067428301236
0.267	-15.585169768850271	31.512220821814726	19.156854707783577
0.269	-37.415654585926106	35.7728434521808	20.57099931266239
0.271	15.226656356226442	34.12524584314718	20.118248061003637
0.273	2.616308908187648	34.083867082159244	19.608320345279527
0.275	-13.406955604255977	31.365085883002163	19.974361770887157
0.277	23.123518804624155	34.3930004857678	19.659800791028356
0.279	-42.762349502845076	33.208666415063064	19.91530651414237
0.281	-12.215944847793203	34.154282619658545	20.05667877302589
0.28300000000000003	25.22051998776753	34.058508945807944	19.66902080431482
0.28500000000000003	-55.4544718388561	33.1311061200173	19.603265187659392
0.28700000000000003	-17.06753388130977	36.45700947652736	20.78604031426325
0.28900000000000003	19.32219280331715	33.54900632025226	18.953942713900126
0.29100000000000004	-70.65957464336137	33.3734836261967	19.300074515993504
0.29300000000000004	24.472206995529433	38.032119917510535	20.534876793846053
0.29500000000000004	-16.10595969625539	35.87799555750711	19.468578919372266
0.29700000000000004	-44.45204166181327	33.56921054226455	20.266033102721565
0.29900000000000004	-1.4838104658299045	36.828345717875074	19.471112768840637
0.30100000000000005	-39.08733204105452	32.101969222399966	19.345604735237274
0.30300000000000005	-82.8235856733528	31.749886129807184	20.981961956316823
0.30500000000000005	23.214243788372002	35.13629075313301	19.26717131252761
0.30700000000000005	-67.71872593280825	30.11027859763475	19.490768661345378
0.30900000000000005	-64.65239590902615	34.750505746678456	20.797338335029764
0.31100000000000005	4.217272685735907	34.36193255978136	19.752741287864726
0.31300000000000006	-33.901331115138156	34.966218231092235	19.948162755374526
0.31500000000000006	-19.58690503733873	36.13741377170068	20.606409809706832
0.31700000000000006	6.589213493501944	32.81418550488737	19.577048564437113
0.31900000000000006	-8.927243359990733	30.871594643471287	19.33673669888386
0.32100000000000006	-13.639064951775914	32.74977510251765	20.331718069797194
0.32300000000000006	-8.587208462307316	34.29811163211493	19.19406827389934
0.32500000000000007	-36.0552327467456	34.35211439811867	20.751303742247053
0.32700000000000007	-16.272994112553896	37.334387354172556	19.73178327565093
0.32900000000000007	-38.52098709522522	30.91113088852139	19.688062379012667
0.33100000000000007	-2.0965132043748724	32.30145026052963	20.824710918789524
0.333	81.66345027382782	34.49530501619265	19.438643517997246
0.33499999999999996	-83.43320428527701	31.594072258032114	20.036321420921404
0.33699999999999997	10.701097380882985	34.63986921221601	20.002015109019492
0.33899999999999997	15.579407563581782	34.52853109050146	20.37762333182759
0.34099999999999997	-18.51131647323534	30.994372698561854	19.633859639385488
0.34299999999999997	9.63158455791202	38.27253409928615	20.691098547114787
0.345	48.177422217632326	33.3008227635502	19.36561997402387
0.347	-36.16983495591253	32.64354020409306	20.142953984962226
0.349	-8.15634827522338	37.608016415495946	20.437988404519693
0.351	-2.4521837341806574	35.324923103547476	19.134451613963122
0.353	-40.93520744097301	31.833295971703347	19.98519077668637
0.355	16.801655746689903	36.961925248239965	19.40053271699951
0.357	-44.07368339720552	30.131672056599335	19.76907628853799
0.359	-39.93533747514988	34.13332378438402	20.367962271145004
0.361	70.33999069427921	35.65364186821425	19.781771777585018
0.363	-53.106438246963705	34.85620496877587	20.064517988444244
0.365	-43.69967853956602	37.63864123372311	20.015924815775055
0.367	-4.386129137556871	36.83112455932254	19.75231292022515
0.369	-36.07354521373285	28.40403210561829	19.567724855054912
0.371	4.603463012564646	39.10067618877005	20.597389847372092
0.373	31.65810255967294	32.09255091392319	19.16366778577051
0.375	-64.98750420480536	32.07213959945492	20.148260610784984
0.377	-12.258827792877014	35.595491322559646	19.690660171710157
0.379	11.381773487029179	34.678808137359994	19.9954014984897
0.381	22.061110722670918	33.651222618768735	20.763157924757543
0.383	-7.269223492589738	39.04899912120501	19.038808799765278
0.385	-68.6939803583586	33.82231591340752	19.6561921871697
0.387	-24.48006851785145	37.566968936625265	20.195188925329827
0.389	55.54882736835687	37.03564022796858	19.550429624108826
0.391	-33.127418860079416	38.59884985516818	20.064460935713686
0.393	-43.631655457732066	34.11599509946714	20.17945150830569
0.395	5.976434902743577	31.641182739959635	19.055739751653828
0.397	3.5992790432537447	33.51390568651645	19.481314976047944
0.399	-39.65616913648162	34.84154464768528	20.297979580607876
0.401	46.167214845072024	36.97589949928068	19.929386259061765
0.403	-14.819744450944583	32.384755507849256	20.18047366409709
0.405	-3.590126877894839	42.02968955271526	19.755079092428723
0.40700000000000003	25.4622710909036	35.83866338714795	19.333542253452766
0.40900000000000003	-20.195762912567083	33.71649120651156	20.55534950309585
0.41100000000000003	12.034483856782074	38.771446818666135	19.08571514361874
0.41300000000000003	-1.5154110318826852	35.49802820114263	20.381611125727435
0.41500000000000004	-8.620178123641686	38.705869628063965	20.35429551130399
0.41700000000000004	53.26954318229937	35.26403291230644	19.671830175596384
0.41900000000000004	-38.2376252746619	32.962015346360126	19.844033671394573
0.42100000000000004	-25.5568058171729	43.88846192664536	20.949705805374503
0.42300000000000004	-3.7357450687336424	36.51704914010277	19.060753340439582
0.42500000000000004	-21.5158542069549	34.01980046895156	19.40616463900963
0.42700000000000005	-27.78043721085588	34.51675489371409	20.21546701506067
0.42900000000000005	22.72349974941079	34.215271566590566	19.416076603597507
0.43100000000000005	-15.914031772368276	31.807315696322743	20.491796280913704
0.43300000000000005	23.46037211342633	34.73582996603319	19.356411965940993
0.43500000000000005	-46.99027377030873	36.19741105724271	19.637045481393052
0.43700000000000006	-50.326796926958295	37.97074433136832	20.591306111765682
0.43900000000000006	-20.260192798882137	35.42625986966261	19.014555614832364
0.44100000000000006	37.95836571551803	34.664977721323616	19.77434047541006
0.44300000000000006	-76.91293237277463	35.27427952033934	20.08841982166531
0.44500000000000006	1.835093262902987	38.214816998243165	19.438491895696515
0.44700000000000006	-28.41791507013358	32.63580561237619	19.450993645247923
0.44900000000000007	-52.47066851343796	36.43933527571645	20.123458085724828
0.45100000000000007	9.761978777111935	37.60060703472748	19.364860881244375
0.45300000000000007	-59.05114127802147	33.08055093124134	19.621528952369275
0.45500000000000007	-25.02692415984331	38.1797602495781	20.832808589806852
0.4570000000000001	3.032127412039287	36.45061658014948	19.430171141078272
0.459	-4.182704708255436	37.385229549215836	20.306626838238028
0.46099999999999997	3.7503474286104677	37.12960356252725	19.352600788213753
0.46299999999999997	-15.929229755462515	34.101011473171134	19.615498677721398
0.46499999999999997	-29.825831031060623	36.017110674729715	20.835341438806967
0.46699999999999997	52.41575591408143	32.65414741264218	19.502752949559945
0.469	23.57070364555902	32.417158753095094	19.801247817446402
0.471	-10.441862753118869	33.960394406288486	19.913605878912442
0.473	51.47725718246399	35.772876598721716	19.64236361164294
0.475	-21.01339391558099	34.104112831108274	19.838499552875042
0.477	-27.892821656050337	34.38758531397631	20.777438211808267
0.479	3.242691980043233	37.645121918508494	19.59031724757757
0.481	-22.620317625787756	34.95106949223166	19.809914415100465
0.483	-4.553867964940395	40.504181561952365	20.43612210091066
0.485	7.906722133022015	39.32983944099009	19.358078938697034
0.487	23.91321633488097	34.57358854458809	20.391939409134807
0.489	7.095032467985263	35.21280156962804	19.07591017413152
0.491	39.073041530279795	33.281538263707155	19.320135182218003
0.493	-18.690661110820628	34.97029180525741	20.009136350944562
0.495	-27.984603369057837	35.58445041027731	19.782009088938043
0.497	6.4420036480772325	35.61987155645318	19.320801579607213
0.499	-30.375318528452766	40.95888007286364	21.13442178586146