-0.499	-289.7501037651962	285.2651397679213	35.16712873394859
-0.497	363.87813253146993	271.29696448741635	35.23487451272233
-0.495	-318.6261479618535	293.4154276444298	35.58205637857906
-0.493	173.00296855027318	256.8998175446023	36.26385048525317
-0.491	-362.131106832253	291.46328389907245	35.8047571845095
-0.489	248.65051718347962	252.880800097791	35.42017008705594
-0.487	-367.51026692560805	279.76404109523367	35.22983822214968
-0.485	233.019025634551	263.757208696055	35.10901116432416
-0.483	-335.4580498824422	292.2232508777045	35.314461590821374
-0.481	255.16495651389803	262.50505186760546	35.50246486786143
-0.479	-350.8094826871755	286.93263137749443	34.71414673731395
-0.477	140.453501960236	253.7459095872904	35.14985096125619
-0.475	-351.23127248082307	284.43694902179925	34.906152495338574
-0.473	77.65655350255862	264.9574416850392	35.62361234579547
-0.471	-179.4311513606539	272.7961828176423	34.31515053345069
-0.469	173.39874094757235	280.91517219576036	36.29505102314113
-0.46699999999999997	-271.31561474347257	282.4534730649468	34.654661671164874
-0.46499999999999997	119.40227100604162	274.38084256956415	35.798314667351896
-0.46299999999999997	-202.63567011591377	271.3456241612714	34.9266516206156
-0.461	36.279955557994015	263.14397875716946	35.14140285327636
-0.459	-266.6784801916844	279.56069360351114	34.4783321358258
-0.457	192.94180819362515	266.8537464721579	35.42436738127734
-0.455	-243.51148935775058	283.90747492313596	35.91527802387745
-0.453	115.05275544432259	286.50942875422834	36.49817871026297
-0.451	-257.9392811167258	288.29864854297415	35.43084880034589
-0.449	283.9609687437239	273.3181754925428	35.84626970980404
-0.447	-354.4102950819861	288.29480147497344	35.05346100215027
-0.445	232.1261551125886	282.04516762761506	35.75818490438637
-0.443	-201.78543518101222	269.9751074308792	34.355349423281794
-0.441	231.6549681851132	289.00996119684123	36.258831299269794
-0.439	-353.67106698402927	280.9368996790385	34.51990590504916
-0.437	291.5829253171687	272.3606589213435	35.363622154102295
-0.435	-232.14690178452457	294.28318703174267	34.49117672200043
-0.433	114.05642679629402	264.283339764541	36.37073156205278
-0.431	-167.68790942212064	279.1701595870052	34.230105292937935
-0.429	127.01706335604968	258.681565603141	35.76140030236399
-0.427	-373.6532622596878	283.98629118425714	35.73086434721357
-0.425	107.9314706091683	258.6280498386789	35.26414840199443
-0.423	-176.39987078865715	296.72141392892905	35.45201914663222
-0.421	73.58984074534725	263.7771815414963	35.76257853576873
-0.419	-400.30560966097806	292.05714809055826	35.749163985217876
-0.417	-1.929259179855869	270.0309973680825	35.52889257803968
-0.415	-305.4639631784317	300.5297908429529	36.114219687992396
-0.41300000000000003	-187.01505347573644	276.9430737303563	35.14233677783899
-0.41100000000000003	-46.961255285249415	289.5366738918348	35.604746472706296
-0.40900000000000003	25.477844524779414	276.02922678724747	35.450919709284356
-0.40700000000000003	-61.7314224444776	285.17613170378877	34.63663130958895
-0.405	-82.94790912366511	278.53651328226323	34.92216287965109
-0.403	-77.79794660478512	290.85767959952665	35.55459046188265
-0.401	68.05217712391176	270.9839803507229	35.02162544848241
-0.399	-270.03429148275694	289.71157070996406	35.29378469778971
-0.397	-76.19188624508055	274.2026584981459	34.75007872605541
-0.395	-79.90270792701537	276.49446808279373	35.164310572758936
-0.393	33.43280175016616	265.37536512151144	34.33754651610901
-0.391	-133.12849803959193	281.2654658418254	35.29196632050041
-0.389	-68.82671800612084	278.1840597365651	34.740100240384606
-0.387	-265.0507039763106	278.616881124461	34.971348790935636
-0.385	-14.827353631674534	281.74132155380516	35.00913879652826
-0.383	-232.18783274880917	286.4490758425042	35.117185524214605
-0.381	-107.17414791427959	279.02312398229003	34.64275560357134
-0.379	-337.86985575146036	275.7944981182369	35.187238691936656
-0.377	8.255261563894223	273.8256367631873	35.78913401293449
-0.375	-195.26416725990092	289.2734550160698	35.45901735285375
-0.373	-22.743695111238083	276.6848537073879	35.15370762268216
-0.371	-333.4733739801532	282.4510459567177	35.82622954096628
-0.369	-154.1508215939791	279.39624963914383	35.55002710436675
-0.367	-37.49633365368599	265.6126452720718	34.94827694113187
-0.365	-7.686290341868407	277.18132725088606	35.30229866510981
-0.363	-379.2136071463226	280.80052587642933	35.04260545768174
-0.361	28.248446506173863	282.9828769906874	36.03550560874839
-0.359	-244.6586735184164	298.13702266097124	35.692322962607136
-0.357	72.78758347628589	287.41595986072076	36.26059904209574
-0.355	-407.62585175568853	286.9877305102785	35.70233947150655
-0.353	15.781023170235997	284.85584218944666	35.68195855564884
-0.351	-180.7188581901542	277.96777925219527	36.00457139369606
-0.349	1.2346434621335334	280.25719285914136	35.00801836290588
-0.347	-141.65123694453996	287.5543860196574	35.971328964762215
-0.345	-24.74265399665665	278.83275983103454	35.067380007091856
-0.34299999999999997	-185.91636940890055	271.7197071423111	35.165183018661274
-0.34099999999999997	197.8906919337664	264.83996089733307	35.854661607720956
-0.33899999999999997	-234.44277072270924	284.69205584678974	35.682386326224126
-0.33699999999999997	-137.09490243185573	283.88524880276486	35.07031161917157
-0.33499999999999996	-215.13505542247736	275.9271060500294	34.72797455207327
-0.33299999999999996	-82.17252881270731	301.83219127633623	35.32456576391477
-0.33099999999999996	-95.18879710401774	264.54745919145927	35.650429337603185
-0.32899999999999996	-68.14050285497419	279.981008833675	34.87566706162173
-0.32699999999999996	-296.30140677927574	285.99247676611	35.81879297379517
-0.32499999999999996	102.06947736213223	261.7340951767092	36.54504117866462
-0.323	-261.33797355432085	269.6231103258924	36.394138776268996
-0.321	-10.900511710820737	276.27327765453714	35.9879343505033
-0.319	-42.228214955697396	263.5814032870587	34.563705101452975
-0.317	-131.17395006934095	284.5386160785978	36.32476176201824
-0.315	-50.941769464740716	283.8458832936675	36.19020871790945
-0.313	-93.21649417581845	291.27921662531406	35.57672669807879
-0.311	-63.412270797647	285.3982331683464	35.684202844586586
-0.309	-31.51983305405004	262.49855633495326	35.07228993919
-0.307	-55.56153912888995	279.4174435638476	36.934178232487845
-0.305	-43.65386581917097	301.63042071800396	35.263540057307736
-0.303	-144.96607238756454	273.1362841236056	36.04187297211902
-0.301	149.56497860652007	263.44322304259794	35.020047702959744
-0.299	-35.3648078091906	254.51669041916037	37.19386016610438
-0.297	-147.28580572720418	285.5081499784242	34.458547526096616
-0.295	-107.37335654897873	279.1263379040877	36.74239718271162
-0.293	-174.40333273943676	285.86033233040183	35.03751363486052
-0.29100000000000004	-164.1817716528937	276.2334139709675	35.88444093448207
-0.28900000000000003	-48.5552805852274	273.9112522980082	34.940336405732495
-0.28700000000000003	-277.88311368748265	277.0399827389775	35.59904115060507
-0.28500000000000003	30.632421848864055	279.2380191566383	35.68489591796101
-0.28300000000000003	-144.00049930396452	266.2394767936747	36.26112804170436
-0.281	-108.05586154394308	268.80131487144513	34.38805498888546
-0.279	-13.760347621460944	281.8266956264037	36.195481666191434
-0.277	-123.8304729662687	273.7395189913527	34.186893936372265
-0.275	17.261489809072827	278.7692735560911	36.470140550467804
-0.273	-294.0564629309028	267.5188538364246	34.14629072851733
-0.271	59.78355628477594	280.1759654905345	36.67019045417291
-0.269	-544.9414125039409	288.69124537459913	35.86206064313863
-0.267	93.83339778823441	270.5085643088085	35.41614561068758
-0.265	-208.47979597871102	265.551162248087	35.37973092740574
-0.263	121.99779055332982	266.5388440200287	36.03263504229472
-0.261	-280.19270491475015	262.7431557287082	34.509833027044245
-0.259	195.67290824573647	297.65056308935914	36.176815947672466
-0.257	-357.82327374933584	282.22750488182703	34.2759249275098
-0.255	191.63189051818463	284.22623757521706	36.50849769849399
-0.253	-263.6627378778122	278.04220601233266	35.22513849897572
-0.251	135.63823572981804	278.5201825528404	35.07339627984134
-0.249	-230.85490927121643	265.01379667316877	34.879569535556065
-0.247	164.879002463314	296.49338671551925	35.418413466822095
-0.245	-214.64448707564367	263.44203896443753	34.46255338752918
-0.243	-3.3922644250283795	285.0901238989603	35.61774488769325
-0.241	-489.26469671584096	277.2038837465826	35.7447635950692
-0.239	25.444440609589947	294.284889844331	35.80479174733454
-0.237	-219.55851772836877	268.7184923815575	34.694428341185855
-0.235	48.74427281542637	312.32561036796665	36.83607901501615
-0.23299999999999998	-294.8535119398077	278.5642662142515	34.6335380707788
-0.23099999999999998	187.1263015364999	286.0518563677109	35.37659354712126
-0.22899999999999998	-202.97150367531992	275.3154879397905	35.17983875449543
-0.22699999999999998	25.53451191933398	292.3456943593729	35.32584920821832
-0.22499999999999998	-251.8139618571391	269.6454440739094	35.47691997120392
-0.22299999999999998	65.88159209708344	292.8457989467091	35.710147748943584
-0.22099999999999997	-100.27520135502677	272.2617085881103	35.95229030209705
-0.21899999999999997	24.397014383614746	285.32843173366535	34.573998760097055
-0.21699999999999997	-122.91501222705392	251.0809947555145	35.38341603807624
-0.21499999999999997	74.13972261338664	303.251672252586	35.06390574697503
-0.21299999999999997	151.29370080280148	268.3113718796138	34.92795468793755
-0.211	-179.65629586669252	305.6601499857103	35.42368246389592
-0.20900000000000002	41.20915591609986	264.9998770168973	35.44542079381709
-0.20700000000000002	-136.1191354636304	305.04160922758643	36.12931826607788
-0.20500000000000002	119.19898959833475	258.7584068064013	35.60146413336287
-0.203	-24.747504005606658	286.91164010736753	35.39591910159864
-0.201	137.87305546664186	292.0647893280036	35.04053330137652
-0.199	-201.50628725290608	289.7978056056667	35.415271607294194
-0.197	128.95588359063126	284.40370305791106	35.68572641595485
-0.195	-224.02783098507405	288.52146588354714	36.77127374405558
-0.193	28.18953513106237	275.20607287980704	34.86772182907283
-0.191	-207.96503238351693	294.04298606057364	35.674047762634835
-0.189	24.94163832733598	280.2550310114838	35.065946734903996
-0.187	-196.4470464416168	282.98238497900417	35.55024018764628
-0.185	-253.1223204200739	320.6373870696752	36.49486138462108
-0.183	-223.1208499403614	287.99351693895505	36.7514599966394
-0.181	-82.28227792062003	276.81666514519833	34.65788780486433
-0.179	-195.99352005328365	288.65545191295695	35.262619406610476
-0.177	-258.67661048151194	270.64713175758123	35.02758082278456
-0.175	-66.22193517058506	288.13691577837767	35.46423602365576
-0.173	-162.46791239005188	262.5702669626321	34.689215855483596
-0.17099999999999999	-27.254111646946022	301.323204287378	35.73193655782663
-0.16899999999999998	-258.87529569679214	289.66578399399293	34.60323091583512
-0.16699999999999998	-90.70989844384147	281.54953448643613	35.40802220927166
-0.16499999999999998	-169.22466434077245	256.3040884291219	34.87512450798752
-0.16299999999999998	76.18038691714624	294.53283321008155	35.6745300378372
-0.16099999999999998	-381.6552575753862	248.80906764845787	35.522383543268504
-0.15899999999999997	-75.8072013115063	293.17044884480816	36.74052533913262
-0.15699999999999997	-306.7112755705814	278.54131809027325	34.820528986026225
-0.15499999999999997	-56.35222862510059	283.8898891594007	36.28463310783196
-0.15299999999999997	-255.21432682495958	270.0911534565427	35.50149774329272
-0.15099999999999997	168.37296333638284	300.8234334945335	36.780446660874276
-0.149	-317.27893977584466	267.4600951586963	34.40955066443561
-0.14700000000000002	38.529378584506446	285.26106249247226	36.23188152585413
-0.14500000000000002	-477.26860188834763	271.0295861826022	35.26129464524824
-0.14300000000000002	-38.785844274968895	298.7024427844096	37.444317971547996
-0.14100000000000001	-350.89705448054787	275.151413357823	35.14839039668694
-0.139	134.12968801840287	292.0935172456526	35.9729026775987
-0.137	-505.0683486604868	276.0232262563424	34.824075397782835
-0.135	174.79606402082126	284.83056193532366	35.65462594660074
-0.133	-359.10041583109285	270.31552807967284	35.226439196561124
-0.131	371.5877549981261	286.9620216190392	36.56968910549172
-0.129	-276.31330917021745	265.1505547174689	35.26535617350789
-0.127	158.93222583640565	295.28102615697264	36.4818459730481
-0.125	-288.794973555051	257.4343612496036	34.51919112090581
-0.123	126.63877738683382	287.28983033248875	36.156547941663696
-0.121	-512.1599487138973	257.7432046564984	34.247019350061755
-0.119	185.89426331683256	273.9650345057834	36.24015112723999
-0.11699999999999999	-211.21118224953773	268.757982597908	34.94529815977694
-0.11499999999999999	56.14452521407465	276.06904393977203	35.5379191710313
-0.11299999999999999	-328.3104630258382	273.83464969369584	33.87364501405675
-0.11099999999999999	126.74396577594393	300.38787616492357	35.89806121103133
-0.10899999999999999	-220.8645392713926	259.99272692788566	34.29697772575833
-0.10699999999999998	86.23201205937292	290.02725171535553	35.73721250681992
-0.10499999999999998	-280.7263670269178	247.51262957635197	34.97352307611101
-0.10299999999999998	-105.78400762550899	291.8302245201173	36.090170393842335
-0.10099999999999998	-333.21359018489983	253.2673544639163	35.00149174274093
-0.09899999999999998	-21.907491728589967	293.6549894243522	36.33916172462382
-0.09699999999999998	-271.84440668792666	255.51316551828714	34.935968259840145
-0.09499999999999997	-216.45820549542893	295.29463386413454	35.479191307090254
-0.09299999999999997	-221.40988334640178	254.4551249869778	34.474854467352735
-0.09099999999999997	-211.25569497615348	299.9378516700431	35.92623545101303
-0.08899999999999997	-231.24987037814736	248.26262833091565	33.934194697961395
-0.08699999999999997	-21.86974305018463	276.16853217459436	34.90457637292957
-0.08499999999999996	-123.79725919353658	231.25098320233147	34.605234665995
-0.08299999999999999	145.42174203002745	273.09965856714086	36.23136066434988
-0.08100000000000002	-343.9374763701819	247.1538880491298	34.437153010767496
-0.07900000000000001	-116.69995691943046	296.7226505778049	35.91537120286499
-0.07700000000000001	-277.3328324553459	256.12034658138623	34.66045099414513
-0.07500000000000001	-92.85766856781396	288.1027006310799	35.457745188695604
-0.07300000000000001	-220.87471456677665	255.74571689004043	35.50965056300561
-0.07100000000000001	-284.90654006307904	291.0376447188515	35.90676494072684
-0.069	-297.6392514350001	251.78580405743006	35.134244877295934
-0.067	-62.678076827915596	279.1437545071328	36.331387594026026
-0.065	-238.90641274182389	253.28649461474876	34.51454346061765
-0.063	-153.37926393121927	278.8844856366333	36.13266085697594
-0.061	-171.55347033914748	257.5914008241244	35.23436053896024
-0.059	-222.68881613307644	279.081151244922	35.04212745597413
-0.056999999999999995	-177.5138019562972	257.38776413275133	34.6017309483795
-0.05499999999999999	-289.862545648778	281.47563271684226	35.06366688083087
-0.05299999999999999	-150.08186538656432	260.94915354086356	36.155841596767715
-0.05099999999999999	-444.7492269895603	276.821073839362	35.327091181208175
-0.04899999999999999	-96.40326890447693	270.2002946078955	35.90500332831429
-0.046999999999999986	-105.21775975369519	269.8927244048558	34.770597147835566
-0.044999999999999984	-247.4941097870831	283.7855377901656	36.53265843601049
-0.04299999999999998	-187.14481401760352	267.5526044610355	33.964585502510914
-0.04099999999999998	-172.97133592786284	259.64296330894524	36.23327142574098
-0.03899999999999998	-277.8499199757034	269.41535976742983	35.214171789661414
-0.03699999999999998	-116.0570695941665	275.8652475901066	36.60939026296231
-0.034999999999999976	-299.60072851897837	262.5347996193377	35.0578963140037
-0.032999999999999974	-164.15083354204273	264.0131018393896	34.82283477770524
-0.030999999999999972	-210.70698148073495	273.0903628701239	35.302234159407654
-0.02899999999999997	-77.67682249593122	282.0141618234181	36.68004598548206
-0.02699999999999997	-295.10813101674137	265.2262248329045	34.699598531238124
-0.024999999999999967	16.749138219696036	255.3030550619367	36.13213217573361
-0.022999999999999965	-312.5610104082188	259.98318018689287	34.83298958844744
-0.02099999999999999	160.7825094054327	289.70853811593526	36.32130743141657
-0.019000000000000017	-386.12342292310143	255.44611064203107	34.51349194172763
-0.017000000000000015	43.38205931042616	260.05115200680507	35.63487584215533
-0.015000000000000013	-406.23760366209626	242.76196718435165	34.614485545775956
-0.013000000000000012	-37.18947290987096	270.231293360171	35.93458711698145
-0.01100000000000001	-622.8066509412766	261.93062150906354	34.93070393728292
-0.009000000000000008	-500.74777136421835	253.211927339892	35.54351534588632
-0.007000000000000006	-997.728654294372	269.36049316676264	34.9028667341649
-0.0050000000000000044	-414.14234222059144	278.3998551059202	36.83324058956316
-0.0030000000000000027	-1033.125451903927	263.1631144244055	35.203747189030416
-0.0010000000000000009	-689.2671553262453	265.9039637274465	36.29117744379312
0.0010000000000000009	-1023.1730727068289	272.0611634054923	35.0837357920208
0.0030000000000000027	-643.2200152203249	246.56489620687478	35.30697090993009
0.0050000000000000044	-1069.5116341178368	271.8461556736032	34.831698444277016
0.007000000000000006	-489.95819237207525	265.1208962194384	35.67930077280745
0.009000000000000008	-751.4027834631953	268.3746090728787	35.351773090597824
0.01100000000000001	-332.3615829901039	260.9383965887854	36.14791670450985
0.013000000000000012	-254.3453599997969	269.5149525098073	34.895346850060214
0.015000000000000013	-209.8867663153925	257.0612795673386	36.00601032353153
0.017000000000000015	-157.09984340583904	259.91021530907744	34.88842650317095
0.019000000000000017	-144.95178291651368	245.44667955457572	35.919102102051504
0.02100000000000002	-338.0298976174423	263.044833847355	35.557865661281205
0.02300000000000002	-137.27890086856488	249.00839312821222	34.933288081234096
0.025000000000000022	-218.5130988822115	270.5408232418986	35.48723030696018
0.027000000000000024	-214.20373408564953	273.4723974508444	36.59644993800227
0.029000000000000026	-86.85594835400323	255.9716685829676	34.663331716038016
0.031000000000000028	-24.006909370211105	283.5531813635199	36.67075520834429
0.03300000000000003	-254.97294566678707	237.20791959127226	34.91676653738594
0.03500000000000003	-173.93156711997815	262.56775144560766	35.62229002474767
0.03700000000000003	-119.94727235964397	263.7384494843908	34.92015692647842
0.039000000000000035	-352.0533405723114	265.1473142145913	36.132516714801945
0.041000000000000036	-132.8883838016548	258.86833219653334	34.92792087764728
0.04300000000000004	-567.1434711459477	242.17355894967787	36.74694690413447
0.04500000000000004	-161.7619785122537	255.8845665581044	34.9532892976479
0.04700000000000004	-138.4945736595533	268.5900621262097	35.57693724847124
0.049000000000000044	-108.92034759057978	256.7696609347501	35.08078419421498
0.051000000000000045	-170.10806845074723	266.482710523449	35.21513244246469
0.05300000000000005	-200.16413776646758	235.08501831253975	34.37572933911755
0.05500000000000005	-68.32120378230667	261.5137742971788	36.062184247290354
0.05700000000000005	-48.39965401470803	261.7803534618764	35.44492801585633
0.05900000000000005	47.71562504490845	261.0345392032419	35.36729312483132
0.061000000000000054	-174.00139566092764	270.43715692237345	35.438755791600435
0.06300000000000006	-59.96399246566142	257.50792534523606	35.883536381056366
0.06500000000000006	-295.48192910222593	266.7718482761981	34.790015501516955
0.06700000000000006	-108.68241994577144	267.68321782281464	37.00722323809241
0.06900000000000006	-239.30320397036465	260.48074984068876	34.7953684161669
0.07100000000000006	63.695821685527676	262.9931657938328	35.58270308385298
0.07300000000000006	-379.30209762249143	257.61722852172596	34.372247893497544
0.07500000000000007	9.173653692684525	261.4000519988096	36.21152080950577
0.07700000000000001	-463.44426359112845	246.95987079108414	34.873124084811806
0.07899999999999996	168.99307663820196	252.06740368556297	36.293747625193824
0.08099999999999996	-282.89317784591094	272.5224487237915	35.57394611544246
0.08299999999999996	136.8757609736537	259.13142344102073	35.8367469271119
0.08499999999999996	-289.1282248644877	253.0781554406843	34.616786177758804
0.08699999999999997	170.1251324153219	259.2929234176801	36.32365325225924
0.08899999999999997	-289.4666054320538	264.484322105078	35.22291896832161
0.09099999999999997	99.18135975173215	268.24941733085876	36.623446952607
0.09299999999999997	-449.65439248834116	263.7944598204076	35.700408359755976
0.09499999999999997	238.90914418722707	258.68596990823704	36.69342071653119
0.09699999999999998	-246.9661811488333	256.41895599609774	35.6165178235755
0.09899999999999998	356.23468794288016	281.06442518695644	37.14039878260338
0.10099999999999998	-412.5892103871154	258.9623724844394	35.638208458268714
0.10299999999999998	93.45923296399938	263.70074287138857	36.71595357604232
0.10499999999999998	-249.3699067848132	259.13363991323695	35.16338386153191
0.10699999999999998	224.81515984296152	270.8042267872912	36.356868409520054
0.10899999999999999	-374.6401435485991	262.8619631137774	34.88528039798636
0.11099999999999999	223.75177427735872	255.59583106633966	35.818481459185435
0.11299999999999999	-219.50049100449843	254.28058957420765	35.01378978569813
0.11499999999999999	126.2985421817131	265.82591484452837	35.93445689598708
0.11699999999999999	-197.31233951947314	261.4845101386207	35.011736917776055
0.119	145.13539731297874	263.5207224095444	36.04247597891661
0.121	-337.552922751172	264.97310167515434	35.42047698263656
0.123	78.656431190538	267.30091269202893	35.955617777260954
0.125	-103.72535248892589	260.39124477256263	35.25973574131106
0.127	286.96421897245193	256.8941413021744	35.961059155702074
0.129	-196.31694029564883	263.92778436596586	35.374327521310235
0.131	-78.92442919721354	257.9908874773082	36.38630041506037
0.133	-341.2315886216488	251.76050269539638	36.145093457098795
0.135	-18.51195744240197	256.8929657000625	35.45393708354176
0.137	-234.78112226538173	249.86454509543685	35.036614046262216
0.139	-131.19779144010747	264.0398691542432	35.44161210963628
0.14100000000000001	-79.42479866951402	256.6834214085596	35.340787759085316
0.14300000000000002	36.47685419805313	258.6463340898095	35.28373097589965
0.14500000000000002	-119.28023301033264	253.25852397954807	35.141640260921875
0.14700000000000002	-164.10619010576167	263.89670647434684	35.16009639332845
0.14900000000000002	-4.901116134492511	251.79708871649115	35.92707898053009
0.15100000000000002	74.25323365950476	260.3072899372968	35.333349411716135
0.15300000000000002	-28.220842213100283	256.1963552468054	35.748820526435175
0.15500000000000003	-107.63249885392679	267.9898802260343	35.22480007859448
0.15700000000000003	-121.50157209511735	261.1710135307239	35.68999438990693
0.15900000000000003	26.96039743010914	253.4426204598479	34.92961939167118
0.16100000000000003	-192.622883893101	259.6094792735701	36.445015787267735
0.16300000000000003	38.68933212314296	242.43845108976524	34.99793029873565
0.16500000000000004	-24.648138762239924	254.0454452904822	34.99518739350534
0.16700000000000004	5.237287040937844	266.96690269553926	36.30266304037274
0.16900000000000004	59.94807289377846	268.17079653914925	35.90652401339056
0.17100000000000004	-46.24000873088008	247.09334660364763	35.19495538721017
0.17300000000000004	57.284586244321645	271.09150461140706	36.25244380089845
0.17500000000000004	-3.4453959150138047	238.0240565645764	34.4390643212221
0.17700000000000005	32.710722433826334	264.90512912326534	35.80416020925038
0.17900000000000005	151.62887276010116	252.4438592839285	34.96200511866428
0.18100000000000005	-191.13385464786248	271.7160930616455	36.708975649808025
0.18300000000000005	73.77294606691898	248.67084209524887	35.30776486783953
0.18500000000000005	-145.3828914619315	261.5684658409922	35.9698975134211
0.18700000000000006	123.72880304667433	235.38369907312745	35.01037555517115
0.18900000000000006	-94.95332733788774	240.67743143090146	35.48124655349631
0.19100000000000006	41.01649486454306	247.5047927664305	34.65390513200816
0.19300000000000006	-103.87545432732904	260.22557695502275	36.408438894669374
0.19500000000000006	217.068069558346	244.99399509906178	34.341141353494194
0.19700000000000006	-102.79257709089329	261.37547711996075	35.994909531411814
0.19900000000000007	51.031075169349904	253.32350970956227	34.800297719203456
0.20100000000000007	-63.23577008870984	265.4460441453565	35.52378180853823
0.203	180.66469211786006	245.93894730770023	35.07492013207142
0.20499999999999996	-20.3561209802805	260.8870173655655	35.389620222764044
0.20699999999999996	114.01590486848079	247.5539653208735	34.37208659110383
0.20899999999999996	-104.4831905995247	258.5161599360834	36.4615339711316
0.21099999999999997	36.33610632913786	241.92800116381989	35.23130473652279
0.21299999999999997	-228.8696240355659	266.09958737059077	36.20801723517103
0.21499999999999997	160.94759206120023	238.77840216916834	35.3712877327774
0.21699999999999997	-4.68761754013336	264.6296625871578	35.51430512436385
0.21899999999999997	51.19292348587656	245.222727230604	34.41799951907594
0.22099999999999997	-68.02457267318651	258.4520699307163	35.65387085254948
0.22299999999999998	54.64053136261526	247.67188062873387	34.7020903896767
0.22499999999999998	-38.047566008114764	257.2239421637642	34.992820140029536
0.22699999999999998	99.26780419822201	257.9089101489578	34.67219134620132
0.22899999999999998	-45.10638563270941	257.0944207707889	35.448499238434955
0.23099999999999998	-3.206997386540067	243.9630150050181	34.31314042323268
0.23299999999999998	87.2412392836086	265.76405137027956	36.27809513225944
0.235	-140.527737298779	242.30303065808965	35.07042649499656
0.237	-16.276962740646717	262.3458846444136	36.60956485920744
0.239	-102.9384337557504	244.81114852922494	35.23262685410379
0.241	-51.50878242377033	257.6429540967289	35.76594949759358
0.243	87.71591990863747	238.17771842790629	35.51124973299272
0.245	-42.300816236462424	257.78430186034666	35.328044411427086
0.247	92.41362337575332	250.59943354563754	35.336690288602945
0.249	-72.54218927388311	272.81930368136443	36.040865170237595
0.251	-5.11375809753023	245.82455518258953	35.57287259989376
0.253	-173.8826429553697	277.21064557070895	36.68625021137656
0.255	-0.5845482478061825	250.3416968037859	34.05024760590106
0.257	-89.9757320101946	283.2058156087877	36.3461321821179
0.259	224.08751720770505	255.44828496406066	35.24862668925846
0.261	-155.23317772758728	267.32417372263114	35.386185493972754
0.263	106.87716178026108	255.71838010999605	34.87494244451234
0.265	117.71516743008803	259.5052048977626	36.21576010349491
0.267	-33.58566950029118	262.76499470249354	35.054528843678405
0.269	126.29624628712754	267.04015765183976	35.851200779128966
0.271	32.20933459635589	254.95042963913474	34.52340024277729
0.273	31.738313509110938	271.7785125737187	37.311463201533414
0.275	82.05575290043399	249.95661363011072	34.92700139580605
0.277	120.2799865676063	260.2668572758847	35.4324632135451
0.279	-144.2009177885506	257.84178285054475	34.67079104389499
0.281	158.73771411301084	254.7093849552291	35.4009027629425
0.28300000000000003	-131.3101040556486	258.56482800566073	35.78138429067722
0.28500000000000003	206.96426638711074	253.80362956029288	35.72851172369257
0.28700000000000003	-164.65013056299327	254.1776238065707	34.566353986007286
0.28900000000000003	478.7949520563828	262.5177687267074	36.04320540865738
0.29100000000000004	-236.6641580262563	257.56803331261887	35.43021444523004
0.29300000000000004	480.66501181809326	259.659536416615	35.99710682656096
0.29500000000000004	-278.6073869535111	255.66110844561155	34.834591753158264
0.29700000000000004	483.52561614217746	247.42757808689376	35.697157030363044
0.29900000000000004	-201.8020706134882	262.35786678611447	34.95706764386328
0.30100000000000005	556.1763871879677	249.9531218108126	36.0887326980065
0.30300000000000005	-213.9583350965202	260.4894277748045	34.64741573443501
0.30500000000000005	441.7806233609767	259.28435086139274	36.54996161981207
0.30700000000000005	-343.63259972458593	250.79255697328347	34.52190569793324
0.30900000000000005	422.67433706810743	271.446001496376	36.526175983775154
0.31100000000000005	-141.17283567738338	257.5025821035568	34.297313222945824
0.31300000000000006	428.5128945622496	270.93136303903697	36.882492371135605
0.31500000000000006	-216.15038659850148	260.5671317072413	35.07592309229454
0.31700000000000006	529.7151605734296	263.71181273740405	36.3588453769703
0.31900000000000006	-237.1884711087624	258.17357082582447	34.63723375029937
0.32100000000000006	418.27731007959557	272.43107209364234	36.5752517568228
0.32300000000000006	-277.5400712244913	260.17436712213777	34.8178999501143
0.32500000000000007	674.8400469593907	264.0927823003483	36.38984680334196
0.32700000000000007	-365.0664825035621	260.4704526552082	34.6661193785276
0.32900000000000007	591.848699279085	273.30358050215597	36.2318235285725
0.33100000000000007	-330.76971421475145	252.92214255626664	34.18223266044051
0.333	540.793094414127	284.72062599858157	36.8027817982479
0.33499999999999996	-324.3636035618058	251.14108307094423	35.277672886362225
0.33699999999999997	576.5598708642461	268.5376844668197	35.77341161397481
0.33899999999999997	-343.65221265220123	262.6480024145144	34.99832521984527
0.34099999999999997	428.9446177301315	265.4556903723153	35.908694706193856
0.34299999999999997	-403.1560320650884	256.5506346010935	34.95011477777914
0.345	222.3310105602394	273.08524746901696	36.10941420646067
0.347	-280.07299522003757	269.67799384559174	34.672425080735806
0.349	269.16456737735575	261.6525719657007	35.23456300737501
0.351	-197.99759362371105	257.64709430892714	35.16480478434955
0.353	172.66639792357097	260.26208514150034	35.813773756272
0.355	-270.3213864263532	269.7452755128614	34.93130249778563
0.357	239.76059896391178	272.433145676501	35.64718584030191
0.359	-293.9974647587773	267.6043013146608	34.92455115352275
0.361	238.28814875503923	267.8346699926147	35.69846193151927
0.363	-148.95335689135703	261.04727694768167	34.760917232693494
0.365	119.40902605678261	272.437505792864	35.47743975501765
0.367	-170.23543994554302	266.0409256557323	34.70736471115598
0.369	120.47789487401594	281.7508736689628	35.620401211250076
0.371	-134.1206877802925	264.35904241407496	35.34540995923826
0.373	193.5320485513259	276.51198163284647	35.73301341131238
0.375	-267.7959125201301	261.78726132406064	35.150616918820084
0.377	157.34830837610403	280.6724238394719	35.513297118846666
0.379	-317.13219799567315	252.0736098135805	35.166264213500575
0.381	176.608790117605	286.00178622834795	35.59702800896063
0.383	-190.14039073717015	265.46932385597955	36.142561926849666
0.385	173.9172504320319	287.7926834785572	35.609567024457306
0.387	-12.95496982334221	265.11991767549875	35.47982630838061
0.389	-77.40696819769077	292.488683397822	36.618471943088956
0.391	-30.55187310119223	276.1412700317518	35.82378460614543
0.393	164.05459525059564	281.7494526518957	36.28468421338685
0.395	-104.09447438430863	264.66199620840774	35.98433043864775
0.397	180.3212738786808	281.8553334339867	35.3086178660035
0.399	-151.88399180876556	281.31484199902826	36.28630621164769
0.401	137.94405692624247	279.0378118882441	35.761177405451754
0.403	-45.01340472651272	259.4767888103015	35.229707802907264
0.405	318.6381363715629	268.0115401198953	35.06353974344665
0.40700000000000003	-107.50280172033833	265.6375056678888	34.73989651425126
0.40900000000000003	330.08012643742643	270.5480187810859	35.35943725464664
0.41100000000000003	-144.33934559554552	263.0028310942435	34.78936230449406
0.41300000000000003	116.63744839718326	279.5669955003948	35.645971699962104
0.41500000000000004	-175.90580218251884	272.5635032092898	35.11875022850991
0.41700000000000004	63.139823659685845	269.2516689301645	35.23994300375593
0.41900000000000004	-51.123922470308614	280.4861975016007	36.07453609210918
0.42100000000000004	69.10574290563964	272.48717234942956	35.94485073711512
0.42300000000000004	-143.2018949176772	294.44069897318695	36.09746149764132
0.42500000000000004	137.51841341203	272.9210013894198	34.949878154040164
0.42700000000000005	-41.84299534659708	275.850192136148	35.14354051523866
0.42900000000000005	311.8725108222087	259.71371172417724	34.770127897826434
0.43100000000000005	-136.116666145214	274.3182420441291	35.83955524265355
0.43300000000000005	112.9930099124099	259.1773810558059	34.59606410772599
0.43500000000000005	-108.36883193132695	283.1818094256564	35.530614092786415
0.43700000000000006	117.99213609120507	280.4563931580836	35.35042753090498
0.43900000000000006	-171.7575522625081	280.4946262028355	35.321866322184874
0.44100000000000006	120.43269419725888	270.9232894833761	34.535468585813746
0.44300000000000006	-1.7906676607060135	282.4239444337196	35.65244652899876
0.44500000000000006	168.23702036039555	283.1720219600911	35.19584630500662
0.44700000000000006	-82.50419820410303	270.72980691656477	35.11732292743112
0.44900000000000007	119.43644853107394	277.611086083648	35.26414427156892
0.45100000000000007	9.480736077316365	268.17161599163836	34.67789154956243
0.45300000000000007	84.48326160737096	277.47426761999424	35.36406998074139
0.45500000000000007	100.4529816537314	266.21824957195514	35.6881553986314
0.4570000000000001	65.79776267479076	264.3083018866553	35.55931284871728
0.459	-103.17555289229841	275.38293953923034	35.08086033092113
0.46099999999999997	23.081601352892278	272.82646967099737	34.70389115432345
0.46299999999999997	-96.23403616643157	281.59935799429667	35.44562028597109
0.46499999999999997	88.37982393772315	272.1347636019592	36.56608500870838
0.46699999999999997	-63.99552551850096	268.596217975897	34.74076891213354
0.469	277.5781187551729	272.60254295114567	35.00151748181193
0.471	23.0350880574548	277.6871648270135	34.77263584645988
0.473	118.18213894643215	275.30035432177243	35.04659688077956
0.475	-190.04061799243743	279.30368963388275	34.68615449058357
0.477	145.65926350140757	285.73477715611324	34.77356997756919
0.479	-79.23646980056986	291.8099770254441	34.71555097778801
0.481	38.88819334951776	281.3992811812184	34.90459256010964
0.483	-146.37016291574324	293.1302128861151	35.760044730662
0.485	119.40854301850656	262.62991948304716	34.35347663148929
0.487	141.80261217222602	279.23495664789135	35.69568835632491
0.489	88.36663606381912	280.1022555560622	35.185624052321245
0.491	101.32072255397695	279.4084776641348	34.76142702480788
0.493	-100.1879433786268	293.38525794568864	34.925891377229895
0.495	-42.206170172254254	259.87867547596915	35.73972466990049
0.497	-144.49357217549698	292.5328332124077	35.39003241324626
0.499	0.2933005196492644	287.87171991811533	37.02277787627239