-0.499	5.217076441077495	19.526898937072353	13.748393847516965
-0.497	-0.19974342779782717	19.1462276206926	12.909511641250432
-0.495	-17.554831957644623	20.606444618517205	13.932232071654113
-0.493	-2.933886884881609	23.098830406295352	14.014996414863859
-0.491	-13.351046079912443	19.016075775466565	12.266653210059875
-0.489	-9.787382197812278	20.56334602909616	13.14114344558114
-0.487	2.395563478252427	23.318464170347944	13.566459565529442
-0.485	-23.434392692589512	20.844229157475525	12.878467973491555
-0.483	-2.4700728818993767	22.012766316714423	13.370529222209742
-0.481	7.872600241931593	21.010102915564584	13.610175962741629
-0.479	14.186245864911129	18.95646153829666	12.603106391533114
-0.477	-21.202814802334657	23.376822874114488	14.225849770879117
-0.475	-19.81783670190751	21.641723784599783	13.705426180834543
-0.473	1.4503385823427806	19.085334955917734	12.629307873521178
-0.471	-30.10736468478381	21.057364346487034	13.842238734556007
-0.469	12.899049956605069	22.172268822650913	13.227426759767607
-0.46699999999999997	-16.36968045337639	20.771883738832013	12.549500166490335
-0.46499999999999997	-7.423526228844679	21.901842054478188	13.598438062995433
-0.46299999999999997	20.83211842074384	18.482005628074397	13.489714042662863
-0.461	-6.38261667651463	21.179154720353488	12.704255125458634
-0.459	21.234844074013992	23.112417190447825	13.957654877277
-0.457	-31.456615236180596	20.820810222541333	13.864346388852004
-0.455	15.526287354905577	19.515019841153837	12.92335165330205
-0.453	-28.792978006841885	21.25458013845727	13.9517579037803
-0.451	-6.148214869550195	21.255895757696337	13.06655760181344
-0.449	10.209932588489679	19.60080153531262	12.452929083492538
-0.447	-10.959679926703103	23.32964858373763	13.87563334679342
-0.445	-0.796851815865196	20.946127103055357	12.88367044456676
-0.443	-16.016201931923213	23.053072196952602	12.395381614292184
-0.441	-27.231809247685312	20.211618105847254	14.43791133837997
-0.439	34.68106310178243	21.134083292521666	13.107407554714449
-0.437	-10.067003950675613	18.99588965684458	12.471622935575095
-0.435	-4.7246503140918605	23.16535612316154	13.279231096970637
-0.433	8.105539062830402	21.873801986507402	12.781115743690345
-0.431	0.9102051183873527	19.921751284966646	12.31906217854143
-0.429	-0.4550235486178167	20.39892668685965	13.720486409192995
-0.427	31.959694710481656	20.73843914432298	12.32800119308232
-0.425	20.2934988544623	18.2151232493782	12.342336911890555
-0.423	-0.7399708428224017	22.378881162144914	14.880863959302731
-0.421	-8.461524591329983	19.228432676644292	12.601879635045778
-0.419	7.985427204149076	22.67934579527835	12.33318738360713
-0.417	13.556111804202686	22.789123819353968	14.493925973502149
-0.415	8.821277770465485	19.461229463238865	12.813401749266655
-0.41300000000000003	-6.703353977233206	21.799960970658674	12.611821966274988
-0.41100000000000003	-27.544616487240603	26.227215387575434	15.399151858998144
-0.40900000000000003	0.35546279164577754	21.939340556172148	13.045586354465541
-0.40700000000000003	-3.4907422645780173	20.120941194079418	12.73217033189784
-0.405	10.857113296847132	21.806353573346883	14.337314838409341
-0.403	-12.614933080357105	22.681932822111115	12.899734265868073
-0.401	-7.454426044994911	19.392506870518638	12.896042524884447
-0.399	28.913224178639396	22.15511105750658	13.537771739754858
-0.397	1.0934611456292487	20.675815331816565	12.935201074617458
-0.395	18.753378738356474	19.351237390018674	13.180715020303126
-0.393	2.312408181603942	21.329231145071205	13.63520946043707
-0.391	-16.575894839276906	20.85037415588318	13.071680319949035
-0.389	29.402317858862048	22.79377445951272	13.310558888165101
-0.387	16.31738206975264	19.780605329539664	13.982990433200733
-0.385	-16.673319917726026	23.611570101863556	13.674690471377847
-0.383	0.2360076543084233	20.04029050000566	13.3721889028859
-0.381	-30.788054074415427	20.49567344004776	15.01362106328373
-0.379	-2.1067591398082897	19.07585241637227	12.999368565446725
-0.377	-10.610024087975845	24.959700397126763	13.658327949505304
-0.375	-3.016147116619017	22.001801065276656	13.922048565290462
-0.373	-4.275411291221332	18.62906755807025	13.511990647612576
-0.371	-11.926985012844504	20.59368332983878	12.953558651280979
-0.369	16.341384901474854	21.68331924391424	13.925806837990898
-0.367	-32.136771617619075	19.49128065649788	12.49401644199862
-0.365	-22.55174825371853	19.915293060420463	13.392932972122194
-0.363	0.16617478815206255	18.40584012576491	13.778996101280386
-0.361	6.952437556773106	23.087443182583947	12.768854167137594
-0.359	-27.064411317390125	20.220453272368736	14.4656515679475
-0.357	3.0051389396934525	19.007528581612945	14.14924935321003
-0.355	-2.9124675402503186	22.478842614361607	12.875920669290082
-0.353	-1.7074299558661465	22.30113493198547	13.251257049794313
-0.351	-0.9963751562702683	21.667422303987806	14.418379891768327
-0.349	-18.774976611624083	19.97506593610428	12.71683796070864
-0.347	-11.864595410027157	21.74427640067474	13.1831969815863
-0.345	-3.5892512784130304	21.076219310283335	13.486629123284178
-0.34299999999999997	15.670514357690735	17.27451476122232	12.576229959952084
-0.34099999999999997	-6.015269663151024	24.211805815695623	13.813337830891896
-0.33899999999999997	-25.11324778098345	19.361084726443437	13.872398370930782
-0.33699999999999997	8.733468087607221	19.323251570495053	12.625300677183857
-0.33499999999999996	-16.947710442805075	24.192265661327394	13.608732028202258
-0.33299999999999996	-1.5598408403816322	21.033525868328528	13.369182172854783
-0.33099999999999996	-26.063437389423072	19.549921865988807	13.00977039785597
-0.32899999999999996	2.6109905704174707	22.845219279337666	13.921189709204628
-0.32699999999999996	-25.236039038478708	19.198656422274937	13.901916337003719
-0.32499999999999996	-21.582539710407467	19.165182293576375	12.321430929941169
-0.323	20.516272243531475	19.461396476633634	13.73009466718385
-0.321	-11.040761092817597	20.270955288254093	13.368423851428682
-0.319	15.513366229180647	17.772288196616422	12.551585905650061
-0.317	-10.248184560301965	23.817416788137567	13.992070434575215
-0.315	-10.7298808611489	21.161174776428037	13.61859464092595
-0.313	15.642472981802769	19.530830113086715	12.464056478983538
-0.311	-12.34978756370353	23.179152538178794	13.920110224996222
-0.309	-11.717578923930994	18.819741334437005	13.139513953601869
-0.307	-16.059803981005594	20.542352153421646	12.803971318855739
-0.305	-30.8757130484949	20.50702462924179	13.514294975735767
-0.303	-21.59885503782988	20.63231945012351	12.722066171431544
-0.301	-2.3096234718078534	18.882929573686162	12.66581073662475
-0.299	-23.263816540497473	22.16602247589631	13.610298940269834
-0.297	-18.150331192900993	20.046922249779787	13.03348565753442
-0.295	-8.772866328721207	18.734135561443924	12.144260253450328
-0.293	-21.41073931127835	22.440963400843728	13.999544630874244
-0.29100000000000004	-27.65325322040546	20.892693969559254	12.816805007766545
-0.28900000000000003	-18.36549358646966	19.513874060765346	12.544279280581188
-0.28700000000000003	-67.85730610736618	25.210188817865188	14.70921612565614
-0.28500000000000003	-4.3776397216088725	20.88128213232897	12.922984021498186
-0.28300000000000003	1.4209717762447838	19.200577953510297	12.220796446741357
-0.281	-26.528832148597914	18.354112293899984	13.351011085631217
-0.279	25.435092273262683	21.115705195466937	12.708821650914139
-0.277	-21.342135675062046	16.242660383630668	12.12572475612229
-0.275	8.485879557484921	21.98115954441272	13.735611640954561
-0.273	-32.847198340069106	17.41745161577563	12.534828941620505
-0.271	-2.576994101555208	20.234738445031756	12.312051713262385
-0.269	-13.300645476999051	25.274801667977684	14.055311111681707
-0.267	6.904317160660867	20.152485418269414	12.792214594871947
-0.265	12.043696842933826	18.866752474564517	12.160037493294404
-0.263	-42.84911422536286	19.42607427923802	13.500110407988844
-0.261	-9.042447830620581	19.64033442839161	12.67181704316272
-0.259	-32.044614154069784	17.7145561331915	12.476370826095293
-0.257	-32.38323542964494	21.652827012773045	13.836888020185999
-0.255	-22.07701939715978	19.1240483010775	12.584486498072877
-0.253	-2.9687122022892254	18.787881939240407	13.089687133953767
-0.251	-25.076462223494467	21.189018584730828	14.28138389244122
-0.249	-21.058022785735986	21.089548412560017	13.119631033663422
-0.247	-24.26124756027548	19.74109028934034	13.157153779490338
-0.245	-21.669202602936366	22.54708840940287	13.829534026047188
-0.243	-12.050585140754855	20.193394706569553	12.358286264176845
-0.241	-14.567912086538293	19.853852192399867	13.057243177202793
-0.239	-14.035234699449894	22.07693853343047	14.381553714094865
-0.237	-14.02339477518666	21.004559928501624	12.733925971134461
-0.235	4.753957623115923	21.77179985432421	13.15889972680168
-0.23299999999999998	-21.85198765070062	18.77879260474851	13.342136971613415
-0.23099999999999998	-16.136492743346054	18.514659715029893	12.451315672611617
-0.22899999999999998	3.952198262213713	24.368375448807043	14.03770596842037
-0.22699999999999998	-37.32475320350481	23.443169101157743	14.165950521251975
-0.22499999999999998	-23.60348885388497	21.620957889785007	12.39009455976721
-0.22299999999999998	-56.39378521715699	19.181909899008996	13.22831420860475
-0.22099999999999997	1.9978310239476826	19.449022741217092	12.921216107802724
-0.21899999999999997	-18.972701535835412	20.910864147458987	12.138821414297595
-0.21699999999999997	-18.37746217114855	19.058684850376302	13.520992183069342
-0.21499999999999997	28.050177856009384	22.038066067023063	13.268091511812985
-0.21299999999999997	7.264511336924073	21.821802921186883	12.921714740016997
-0.211	-68.87791758269924	22.678232061093983	13.414370794218977
-0.20900000000000002	-6.458212061577484	21.315152846725073	13.560252493708845
-0.20700000000000002	12.855084291718555	20.27119273338069	12.199448614872672
-0.20500000000000002	1.9376136930482346	19.305545177471735	13.447632183820886
-0.203	-30.584212173057068	20.324792117964925	13.147570244168985
-0.201	3.0892261397852394	17.64255731722002	12.756130468884958
-0.199	-11.870222976106959	21.456011093143573	13.145334036390159
-0.197	6.181912955760538	22.401261210092343	13.399127503324108
-0.195	-11.972546812177853	18.384494038113903	12.43047163082857
-0.193	-1.365144091103332	19.518499266027103	13.308299078907206
-0.191	-39.75120254728903	19.810512447809494	13.584602850803076
-0.189	-13.688123072785885	20.349573122112826	12.17943677908184
-0.187	4.270666276173785	19.185456100238884	14.19649991319627
-0.185	-18.202320886562262	22.01970525847123	13.54648488194554
-0.183	-8.50629097570721	20.87364330871629	12.698417581022223
-0.181	-0.89310278450494	24.48574114901775	13.468416730837529
-0.179	-35.33816715028948	23.605158019690993	13.60512912176075
-0.177	20.850026949847944	17.69653643692564	12.273141049924675
-0.175	-17.94858501191765	21.292759287431586	13.766229499955829
-0.173	-23.866315613352285	19.784696901447106	13.375788499574721
-0.17099999999999999	-15.865829450456559	18.807728106669558	12.58071208827585
-0.16899999999999998	-14.538198396141233	22.367821403334652	14.247530025099415
-0.16699999999999998	14.444503437127665	26.670287729189745	13.343933930418796
-0.16499999999999998	-1.587763965527067	18.67633005637124	12.256766259252267
-0.16299999999999998	-3.8711762025966934	24.6185140279473	14.253517419364794
-0.16099999999999998	-26.029408291439182	19.631203656912167	12.802334898169747
-0.15899999999999997	-28.04222596675121	20.601078934771976	12.672574610750173
-0.15699999999999997	-40.337819179780965	21.24268360118662	13.643833425040945
-0.15499999999999997	1.5037523035665856	20.242472113634488	13.071494226932804
-0.15299999999999997	-9.12569128708185	18.68308485504228	12.745491925657147
-0.15099999999999997	10.398244521647726	18.311770930469386	14.115333750907022
-0.149	8.783325629702077	22.56561676440104	13.34542704615817
-0.14700000000000002	-3.0383420552837492	21.91193332835281	12.412741920349966
-0.14500000000000002	-0.7394834542484574	17.32817575820256	13.669070836913518
-0.14300000000000002	-0.44681677158209254	19.76101698136294	12.954469621849412
-0.14100000000000001	15.960881284415862	21.861048798365033	12.65106465693241
-0.139	-15.909790779922162	20.79372295513624	14.53227504158728
-0.137	2.833890074160905	20.696746474768098	12.872755901730027
-0.135	-35.300015179817734	19.382329044572664	12.581649452385854
-0.133	-17.200436805531183	21.62519807571326	13.734582309339146
-0.131	3.072844590112922	18.44055474691055	12.94775237994943
-0.129	10.77680364014455	21.34470639832416	12.553992061251396
-0.127	3.515939993592454	21.955937701409617	14.021325208990714
-0.125	-24.366131098907395	20.842113642540124	12.874393218110416
-0.123	14.924631923429743	21.98009792733067	12.923467842263978
-0.121	61.46154507713497	19.51551598734863	14.289893949699904
-0.119	9.330024848930307	19.713122073416418	12.592541677810328
-0.11699999999999999	19.534256197273336	19.852452366859858	12.786063421194088
-0.11499999999999999	-24.289190644344316	18.782354150170466	13.765948806121214
-0.11299999999999999	23.50265037942556	20.005293515376614	12.852028308283261
-0.11099999999999999	-32.85432397959198	21.35789405354521	12.654043966160126
-0.10899999999999999	16.424824330396604	20.49829384789086	13.666982565164492
-0.10699999999999998	-20.74153643982779	17.71850401396857	12.657109718861893
-0.10499999999999998	-14.510665823364022	17.582303300176587	12.732321162298419
-0.10299999999999998	37.5423623715232	20.922133108120278	13.875852463687995
-0.10099999999999998	13.141292797058668	18.795137130362047	12.881792209465926
-0.09899999999999998	-1.2019394557416518	19.67826354608883	13.020579075910002
-0.09699999999999998	-11.548329169275284	20.713230684204824	13.681232061773555
-0.09499999999999997	47.87036321163285	21.571521636633058	12.953462539812039
-0.09299999999999997	4.41265727157969	22.670398245332965	12.896935179699609
-0.09099999999999997	-21.229695886915145	20.834353790385972	13.78825731233343
-0.08899999999999997	37.10826214109453	20.823708807222346	12.66930101909378
-0.08699999999999997	-35.09363455889147	24.2817600251003	13.528875385034514
-0.08499999999999996	1.9690604589062133	20.76136650068515	13.691334812603108
-0.08299999999999999	-7.599151087722689	20.382093309753774	12.504843880109828
-0.08100000000000002	14.256246106958415	25.44482097400342	13.490703725277086
-0.07900000000000001	23.965432724315505	19.060160926342846	13.6338630304941
-0.07700000000000001	4.505880173866217	20.388660161581488	12.577946167451634
-0.07500000000000001	6.46616474320183	19.700391340673903	13.473098465295081
-0.07300000000000001	26.214529182277957	21.36268919841828	13.386130531388527
-0.07100000000000001	-6.153320161850218	19.825716492840534	12.469103343697522
-0.069	-2.430889579518869	22.18211028136798	13.495206227252854
-0.067	28.486237376723622	22.56896244853087	13.057153277601445
-0.065	20.310546088087023	20.1112123782399	12.820519941187431
-0.063	35.7522460037174	22.840261206564776	13.047647709118655
-0.061	35.522690339018226	18.66951455734662	13.844183635485024
-0.059	30.08505417168017	21.01769316747329	13.006365577407852
-0.056999999999999995	26.169171235101985	21.703708545933907	13.926470080417632
-0.05499999999999999	26.714127351112893	20.303333803926623	13.049599968216462
-0.05299999999999999	26.86807890528442	17.641677178344484	12.600928619576253
-0.05099999999999999	33.033042896590814	17.590104819556732	13.661647104751962
-0.04899999999999999	5.2851537231113355	22.93928419748797	13.06512444042946
-0.046999999999999986	-18.26146082928304	17.827927612792724	12.447901742478352
-0.044999999999999984	39.414315509800346	19.781502115421635	13.854678355735713
-0.04299999999999998	23.718299148933752	23.308362157159475	13.860251751445489
-0.04099999999999998	17.4579976846001	19.47514471411762	12.420193685873041
-0.03899999999999998	-5.775259695917079	23.18927065777384	14.175796543961054
-0.03699999999999998	22.57023807406	21.71959184786902	13.12271735761518
-0.034999999999999976	30.31209891579678	20.325157200019014	12.618271529172297
-0.032999999999999974	18.31872836000059	24.437883948470397	13.764746252104409
-0.030999999999999972	4.588550156725546	21.029351659443876	13.233429903053883
-0.02899999999999997	-12.17460941183024	18.791552208626214	12.400458029838989
-0.02699999999999997	-20.323332615701517	21.447157128803884	13.938457468394368
-0.024999999999999967	16.449497224568788	19.139454635632752	13.23820605640808
-0.022999999999999965	12.363999828846062	20.09808445780989	12.665868060271617
-0.02099999999999999	-3.6016502807934003	22.948295259535183	14.631256625893277
-0.019000000000000017	15.538734444042746	22.147814365997913	13.112942740650436
-0.017000000000000015	-54.32244332048697	20.203810231808824	12.824899361610283
-0.015000000000000013	-48.436958771769234	22.404471004596086	14.386402664996092
-0.013000000000000012	-37.71712009970063	22.906929069357254	13.695449795215014
-0.01100000000000001	-35.07020382864656	20.332880536760978	12.611304345208644
-0.009000000000000008	-62.45007211092002	26.80479357355683	14.94126786689813
-0.007000000000000006	-47.09307188166534	21.889951006599137	13.181676570250506
-0.0050000000000000044	-61.064287774081905	19.76952810487451	12.625653199124736
-0.0030000000000000027	-32.950703609313514	20.156349629137384	13.5553154184388
-0.0010000000000000009	-12.474166581677437	22.96818289984867	12.699149609011664
0.0010000000000000009	-45.330582971403466	21.276686097544083	12.84217785683207
0.0030000000000000027	-34.12645656375446	20.938324762595098	14.207335718900833
0.0050000000000000044	-42.42437582069325	20.128790952568036	13.177480376853262
0.007000000000000006	-39.52230657799927	18.0716420974913	12.563764162981636
0.009000000000000008	-32.872462818689385	20.311375059600483	13.50422269566964
0.01100000000000001	-60.980527100018556	21.422593605833153	13.080646837874754
0.013000000000000012	-56.55489247580192	20.382083861643633	12.432229174629084
0.015000000000000013	-45.70301964434975	19.086836718499413	14.445762363904514
0.017000000000000015	-34.83229781053865	21.44375990183484	12.700085979990437
0.019000000000000017	-4.310420838260498	19.687172727991154	12.604744832491514
0.02100000000000002	4.445941786279661	18.67605912846965	13.878297446262078
0.02300000000000002	19.58831616355461	25.579783697564345	13.215759535890975
0.025000000000000022	22.812698287522082	21.477026298384626	12.581908714011478
0.027000000000000024	19.91190200700821	22.17083148676738	13.628761352397397
0.029000000000000026	25.03814199528165	23.649635034244046	13.460117182093079
0.031000000000000028	13.28296423386277	20.195877043233708	12.602200614862832
0.03300000000000003	18.648413613098214	19.476445327004374	13.530281747823633
0.03500000000000003	47.09284579962336	20.411884849134058	13.220664870527136
0.03700000000000003	1.8861743158460342	21.962178397152616	12.996334899650305
0.039000000000000035	19.714922315561267	23.51913770203626	14.155693852342186
0.041000000000000036	4.360534790359694	21.25896533360597	12.913089250240299
0.04300000000000004	26.27334964877548	23.078635359879595	13.362302976569342
0.04500000000000004	9.132218414587001	21.98339696312441	13.84113331866277
0.04700000000000004	37.471748728368226	21.824524132922217	13.392334672609762
0.049000000000000044	-3.931153246594654	18.948447649056032	13.113569945222636
0.051000000000000045	3.179226919947098	22.081978224495682	14.03151981860273
0.05300000000000005	-21.39424273872592	21.597267683237718	13.063939254863579
0.05500000000000005	-14.319612352320377	19.118087359134027	13.508069322805591
0.05700000000000005	21.333508209986363	20.48489773723874	13.635464985418977
0.05900000000000005	7.141285145895182	21.392563480444668	13.096014745430008
0.061000000000000054	21.833174554508616	22.120342636452495	13.669836978755361
0.06300000000000006	2.0854434383821285	20.880500957568486	13.650747155372262
0.06500000000000006	3.0309171314968353	20.58804141874807	12.886906682029807
0.06700000000000006	-8.76951198214293	20.89179628641841	13.557718850490195
0.06900000000000006	8.926724641034056	22.78739103430146	13.831812255496637
0.07100000000000006	0.7735759968152678	24.85897226742043	13.070784053525344
0.07300000000000006	7.490237731833105	21.67065783386473	13.507251684514658
0.07500000000000007	7.598316745571765	20.435481686910897	13.779873069811133
0.07700000000000001	-1.6234345340260248	21.64913789688885	12.69463643463278
0.07899999999999996	-13.224602051442602	22.98880883454786	13.374715940641982
0.08099999999999996	10.273533312510352	20.904969663352844	14.264187435468767
0.08299999999999996	-3.754176126524733	21.115007578807614	12.828387431596967
0.08499999999999996	7.566280124216007	19.964924354418102	13.766382637072597
0.08699999999999997	-17.101889952519933	22.03534915049003	14.50996003358303
0.08899999999999997	4.666508245820822	19.88440013299497	12.369609871850395
0.09099999999999997	-28.28505375696011	20.227484487006343	13.329620470871074
0.09299999999999997	9.884713899177555	22.74124868468724	14.330253716435845
0.09499999999999997	7.48520492166449	20.618253076082233	12.64888746362155
0.09699999999999998	-8.780446168477063	20.73725295834523	13.96913395569687
0.09899999999999998	1.9850782140284906	23.100528677615525	13.318043085724335
0.10099999999999998	35.52954539798314	17.821838600388944	11.86771619648513
0.10299999999999998	-14.987857219983525	23.344865619524242	13.642407410361345
0.10499999999999998	6.179331276445765	21.50022704924393	13.701787594456837
0.10699999999999998	3.375998935295499	20.34737471191152	12.659816368205947
0.10899999999999999	3.98158335390697	20.513374205635593	13.426729721160816
0.11099999999999999	33.94143812962547	20.856665893269852	12.961137799910393
0.11299999999999999	10.428246763449778	21.267290958217135	12.466732709653874
0.11499999999999999	-28.070173731409298	19.735579755899497	13.920831145383369
0.11699999999999999	-14.317806689478907	21.822913225778642	13.519097894303886
0.119	-3.0687122234418496	21.798080817177546	12.676648895756292
0.121	0.04079783266774939	26.60287783937662	13.69426087757877
0.123	17.199473607343307	18.455903293746246	12.596169476271077
0.125	-6.093010780472419	18.4128979005471	11.977492310356492
0.127	9.147870448256157	25.189175222475917	14.148295148360623
0.129	38.669489303311266	18.71309525630221	13.251067356971
0.131	-24.52253490281553	19.785136678006538	12.465283414906413
0.133	-4.531841890975663	22.29837481459729	13.985834575175653
0.135	-13.787570453449582	18.10457030916948	12.391844122698592
0.137	15.554568837394811	20.810774627412876	12.339217796262782
0.139	-31.257955012353733	18.29802138145947	13.6760269688079
0.14100000000000001	6.7092084092834625	19.615674925772293	13.151581762104138
0.14300000000000002	16.117164338913526	18.716260616062186	12.02736073769261
0.14500000000000002	29.255434905506306	22.41171232352503	13.750471707463031
0.14700000000000002	-1.240843706895589	20.022289588868468	12.937368942678164
0.14900000000000002	-5.880548420100773	18.815450747689535	12.532218003478427
0.15100000000000002	1.6788870116357657	22.475928551140683	14.09289838273208
0.15300000000000002	-12.26619256988748	19.897986117975435	12.80641189606092
0.15500000000000003	-27.491230920939635	19.92898421586683	12.527563995764313
0.15700000000000003	11.130805214865092	22.083475734235012	13.804130853145239
0.15900000000000003	2.3161959612494343	22.566434228854384	12.689623703826335
0.16100000000000003	7.2050249009247835	19.018108998027586	12.692061396802552
0.16300000000000003	27.49923556955025	21.807764836041617	13.755234332986634
0.16500000000000004	23.205200540887816	20.382653792521573	12.391072190750982
0.16700000000000004	-11.988238151516839	20.422983971202786	12.760846413999122
0.16900000000000004	29.287064496452686	19.068862182669733	13.274616565033481
0.17100000000000004	18.908266144812558	20.136790800021295	12.771933484868415
0.17300000000000004	20.8213097663279	19.03127225723949	12.834287847379537
0.17500000000000004	55.91429984330709	20.51604235830934	13.991282840145164
0.17700000000000005	13.594598300858962	19.304292539949863	12.779265525562565
0.17900000000000005	18.19387890478197	18.228689199240673	12.572749495189969
0.18100000000000005	29.588693330362403	20.26457002347277	13.716923789116752
0.18300000000000005	3.941789619155145	19.953111553212043	12.435616606430811
0.18500000000000005	-0.9505737708082052	22.63844808732938	13.028678479667956
0.18700000000000006	21.636762857601965	22.144691453925844	13.933862253266593
0.18900000000000006	8.873006961396257	20.481130402500977	13.261950407696684
0.19100000000000006	40.87635102600906	19.972292962583705	12.90828715055508
0.19300000000000006	33.91971869604049	20.015090748918983	13.352994195994526
0.19500000000000006	4.734441977793935	18.68737185676122	12.806722057052182
0.19700000000000006	42.77897496529626	19.87377635054792	12.629102464681496
0.19900000000000007	0.6121928457503145	21.396397940750017	13.707642948230824
0.20100000000000007	-29.04361445599246	19.26174989367856	13.06747132827243
0.203	32.91811216521445	20.079106166189923	12.92533578703971
0.20499999999999996	16.165511937060728	22.588349334972005	14.002119929217425
0.20699999999999996	5.210831153679152	19.895058758116804	13.254265261408442
0.20899999999999996	13.158800775014967	23.037626482345345	13.224051268105715
0.21099999999999997	3.39601183907412	20.194673201637034	13.203931450022772
0.21299999999999997	-13.295572707683334	20.971033885169902	12.636597870687371
0.21499999999999997	20.823759270927056	21.257844174321445	13.563310032384624
0.21699999999999997	-12.474106082627223	21.712317017387004	13.470260112732769
0.21899999999999997	10.93022839770974	21.437850169611536	12.835598146506381
0.22099999999999997	59.68141471979216	21.38916524176102	12.824120824355534
0.22299999999999998	8.255372480281409	22.729278633834454	13.170584910687529
0.22499999999999998	25.468932287164847	19.776375856181236	12.748229095857758
0.22699999999999998	14.5695987796568	18.63316978112077	13.614418903546284
0.22899999999999998	5.5000014920203455	17.45509249730983	13.082272013435444
0.23099999999999998	25.25277633225187	19.846003532270032	12.650034840613774
0.23299999999999998	29.015883320715474	18.51078396415723	13.329880862629263
0.235	6.3626034085828564	20.363617148599527	13.538515827728835
0.237	27.299916491640985	17.611804330097275	12.134608688670323
0.239	22.266964576411752	21.081815738613837	13.045265853821403
0.241	26.584244580352134	21.807927016635638	13.672069265057392
0.243	0.1643453977351328	19.8850161196821	12.536130684840513
0.245	14.400721805696293	21.336332712160853	12.944330950187789
0.247	14.830747418148604	21.30307783655327	13.013103547952555
0.249	19.01611748711396	19.625955058934228	12.498525175676718
0.251	-7.534467843850479	21.391405220701458	13.265348434066741
0.253	15.755975173004089	21.19251370377466	13.283194996733798
0.255	33.01284593759668	16.951076948143513	12.647657110843314
0.257	29.35211760046741	20.46093494902187	13.694285958226155
0.259	4.322903511821963	19.573134725684742	13.053910746174493
0.261	39.56805494098603	20.764777472258043	12.945811374886683
0.263	10.39781791734029	22.993552841209652	13.981401335482278
0.265	27.871415499092222	20.709316667197218	13.21848100954764
0.267	21.837266322988214	19.273325991857103	12.456210944429115
0.269	-11.955491290405185	21.68855002831482	13.70586848553969
0.271	3.4800232735499037	19.764383250295452	12.76328291171759
0.273	22.205892037829855	18.51315838740832	12.907195418286218
0.275	37.87251696740768	23.874257382201293	14.12258226949462
0.277	20.852959617290168	20.28282941815677	12.973613813588036
0.279	4.6540839124809	20.3363768217422	12.736106948551301
0.281	10.82345989567024	24.69809368489627	14.222543175077783
0.28300000000000003	23.804367904611823	23.35614114139846	13.586730480486091
0.28500000000000003	1.3767626978467007	19.60810031725837	12.287796255407724
0.28700000000000003	49.559844274460474	22.441325797321774	14.280325476906972
0.28900000000000003	45.2753196726885	19.584101686015824	13.144804408648179
0.29100000000000004	53.234383168954125	20.112644293529545	12.209643415283598
0.29300000000000004	7.405126334347756	20.445713407954894	13.266045700390556
0.29500000000000004	-2.898876658607996	20.946191872374943	12.88860013078462
0.29700000000000004	18.582334801786615	18.539503411747475	12.223416227346535
0.29900000000000004	35.565468996079375	20.06401556486458	13.824755862924174
0.30100000000000005	2.542637870694975	16.825655047289025	12.864237717857188
0.30300000000000005	14.379916794649006	19.318204011229447	12.381655000326258
0.30500000000000005	12.28878571013503	19.422221528905805	12.903309879632765
0.30700000000000005	5.873911632203743	18.637804319760725	12.986133238918589
0.30900000000000005	27.955404356294622	19.3160331653966	12.453518144564665
0.31100000000000005	28.86561462478454	20.8814117277365	13.79263754030731
0.31300000000000006	8.639309502678216	19.741905574431048	12.51208961476892
0.31500000000000006	7.083512667316327	18.588928144378933	12.443074376456172
0.31700000000000006	46.90422691311369	20.97763205850477	13.271390628805195
0.31900000000000006	4.81365596916028	20.201290425300815	12.695380871411606
0.32100000000000006	33.964310551359844	20.871633383081928	12.75157820347977
0.32300000000000006	10.03269318644584	20.27154371125274	13.981315432179983
0.32500000000000007	8.316245327710803	20.815353099606448	12.270361158179954
0.32700000000000007	15.757239995695116	17.180938141947863	12.518120844968847
0.32900000000000007	1.292123818608104	23.601135483566107	13.691081958018092
0.33100000000000007	-15.791315310487164	20.28149566142307	12.073748593698065
0.333	1.7818626323329312	22.004524422399435	13.334402239998566
0.33499999999999996	15.581793581409542	21.122430941330535	13.143359580614849
0.33699999999999997	-11.780017591056513	20.503266312620788	12.567106206581034
0.33899999999999997	19.560454219247347	23.429506353588934	13.378351829805483
0.34099999999999997	7.491587949104428	22.923010389033546	13.275484915357891
0.34299999999999997	-0.3412021205573268	18.6259253726198	12.241336929048607
0.345	5.146773586428566	20.334955228736042	13.27462265551555
0.347	-16.30235339300512	18.62616063195609	13.24460878690913
0.349	34.36996394645675	22.185248361595356	13.049068314079037
0.351	-9.497225689991673	20.97191171865332	13.345020398635725
0.353	-13.786549404315451	20.233585924787988	13.504872737634564
0.355	-4.493385855508514	20.462749662046384	12.504359029384178
0.357	16.64690786418177	22.700247548086605	13.247801758089862
0.359	3.561024248588396	24.32168193885927	13.650006690083725
0.361	35.34508293490113	19.79759528879461	12.586666265080309
0.363	7.829500061395933	21.822972372163395	13.777830313971961
0.365	-9.18784597991884	19.49068764072896	13.178238198192734
0.367	-1.6835144716065287	17.288358878565493	12.754745525964093
0.369	2.6099511898358685	21.087388358848525	12.975384410646265
0.371	-10.34561698032288	19.849632207765733	13.122898205751039
0.373	-19.75036351109516	17.657474334774946	12.61343234683915
0.375	-12.31343515517569	22.90242650785848	13.325765854318071
0.377	-24.047153486028705	18.64270673637321	12.573395496833045
0.379	8.724886433775225	16.914782319945882	12.351667833180333
0.381	5.50313233405042	18.53763596353624	13.4890317604641
0.383	5.782404183252154	19.504647774333545	13.091568997025734
0.385	-0.9900146714647562	19.84886101147117	12.42166056402174
0.387	-34.1148478588682	20.954686701417693	13.278617552644645
0.389	22.493841524307	19.09861470559832	13.039126694460206
0.391	-25.1441853197365	20.463430847478584	12.367996065983423
0.393	11.39371470082473	22.807399805902413	13.708470486589395
0.395	5.352952200388117	21.09437225571066	13.116871230425255
0.397	-9.543009991563878	19.829891304969593	12.396966978634625
0.399	0.6228874085412173	21.563805712502823	13.826003045938887
0.401	9.562294836840124	19.216487131171526	12.61064114715929
0.403	-12.492980135503373	19.494228471581394	12.929267544752014
0.405	19.43654104064052	18.090509999752893	13.292146956466034
0.40700000000000003	-1.5546212319694774	19.687719344056255	13.163811170524452
0.40900000000000003	0.7508307404702208	19.879086681360306	12.141693461678479
0.41100000000000003	37.177113874076184	22.016736290210417	13.24332861311993
0.41300000000000003	21.087955325516106	20.469959043848775	12.976226372345089
0.41500000000000004	-2.969590356838303	18.027123023699662	12.115503467858364
0.41700000000000004	13.505259266910485	22.021969247650816	14.029038023944517
0.41900000000000004	-2.372237145720213	21.06777094593416	13.333317866218486
0.42100000000000004	-19.518459546619127	18.463243115059914	12.768721844117263
0.42300000000000004	19.195514078473863	18.098746913335848	13.35437184934946
0.42500000000000004	17.607548985498767	21.621001386645396	12.794936500609385
0.42700000000000005	-5.347754259643622	18.70420338202361	12.25749824433092
0.42900000000000005	13.724029644279767	18.749602470966497	14.321364871735613
0.43100000000000005	-5.537117709786266	19.731549681878576	13.14801745730071
0.43300000000000005	12.538014413365772	18.979652497686285	12.814026916969226
0.43500000000000005	1.0807793422440426	25.168530350803557	14.733993194916865
0.43700000000000006	-1.0949497786238993	21.829799830769634	12.923791682570446
0.43900000000000006	-22.343938483104786	20.202794757854342	12.950750972276447
0.44100000000000006	20.837441567778114	22.88942143497044	13.776271830496711
0.44300000000000006	0.12966349305365554	22.704698824369324	12.903370417728175
0.44500000000000006	-6.816904850048822	18.071631799540373	12.375064511840973
0.44700000000000006	-19.461360458161714	20.81685551160849	13.520785039627565
0.44900000000000007	12.793452138559758	20.859891607939538	13.001944865532066
0.45100000000000007	38.0537924242752	18.34760427842004	12.614692539680116
0.45300000000000007	-12.130394838272274	19.75988979184474	14.349559800874378
0.45500000000000007	24.462793926094406	23.069394451458216	12.541461708216955
0.4570000000000001	-10.544406746415547	20.0092583554037	12.833359737047404
0.459	5.1881077465232295	21.799039215830707	13.769849722576403
0.46099999999999997	11.400192580390822	20.08048207417204	12.654518623792956
0.46299999999999997	5.648677956715531	20.461751030726408	12.586685541430747
0.46499999999999997	5.673372281966849	22.613431978283963	13.904345066294265
0.46699999999999997	-17.51584025722064	23.51586111491234	13.278870335129646
0.469	23.14933100255878	22.590217501715106	12.575931793722603
0.471	17.661701788407314	19.715307072267414	13.471570147917568
0.473	5.688882472210111	23.495136349004074	12.818930934884039
0.475	-3.094786665491789	19.06307238321044	13.128430628585916
0.477	-22.832538694950166	20.419977747832803	13.716240942564552
0.479	-6.039899876020272	19.788242985163272	12.984525187137407
0.481	-5.656539689535833	21.079371046688802	13.207580653610831
0.483	-15.461935472305122	19.27104139896162	13.289511148036024
0.485	-1.3413157623487493	21.438239218556678	12.794838242465989
0.487	2.079813004041142	21.345724234351586	12.957676123392066
0.489	-2.819069717219236	24.72935291525598	13.64999855819818
0.491	-1.3886358142256583	17.70416213256538	12.276923739546227
0.493	-9.635458495638183	22.50605216588677	12.980117294291487
0.495	-14.571727780965382	22.914698484492103	13.909703692090304
0.497	-15.21625227685064	18.908303015952264	12.845266229142746
0.499	-12.0092149114015	25.659222284895563	15.196721094965497