-0.499	3.3536345489526553	16.468002101768693	11.512534717536006
-0.497	-22.913477201291776	12.604909943380887	11.296134485984153
-0.495	12.596150810173512	12.868914830850732	11.299668814925356
-0.493	21.99277392689325	19.438342373285654	10.917268553034535
-0.491	-0.5085535796922613	17.580751540713614	10.906446802873548
-0.489	25.05693658494401	15.182260448288847	11.510972353510189
-0.487	-7.128038069792453	16.122315010600882	11.304595769598025
-0.485	22.170984056213427	13.79811091939334	10.566094231723325
-0.483	7.589966605436871	16.346758964079108	11.7177890870239
-0.481	5.785618913067836	15.224369830440795	11.103954181246273
-0.479	29.44081029876422	16.278397931957667	11.293778667039533
-0.477	-17.292161291981856	15.746201539788075	11.288723922586046
-0.475	4.690199199020029	12.033303091395316	10.73936010193134
-0.473	-7.639610872578473	16.453753826283553	10.741788879082668
-0.471	13.081414295124105	16.304549875463557	10.920535268324146
-0.469	-14.484129728487005	15.39117292726839	10.739779567780397
-0.46699999999999997	27.62193910954558	16.846948523764805	10.570534026509245
-0.46499999999999997	45.36702554536198	16.79079248682921	11.09876476428677
-0.46299999999999997	-34.89991193339481	14.228890996340862	11.719066225839708
-0.461	7.773886735451541	12.535976675892446	11.108213008965132
-0.459	-13.226389846021647	15.405800671248116	11.103247643950178
-0.457	6.723875036529492	12.951291840558463	10.729914616354748
-0.455	14.30468371266258	15.828501325868448	10.913158573862324
-0.453	0.7182260961524634	13.486984217903137	10.91886165727707
-0.451	-0.49047278050107224	15.581686494934173	11.102256341388358
-0.449	-36.84949849658281	17.55808476712174	11.494031909045264
-0.447	9.53197825515062	14.997817391373932	10.919916324201006
-0.445	11.227711435024545	14.99616625012788	11.099450692931722
-0.443	2.7989165720665454	14.632278221184052	10.732043933132815
-0.441	26.647824227676864	13.883816965540689	11.29536937513763
-0.439	6.821278804691744	14.245255328027904	11.29826954389515
-0.437	-17.72059415383609	13.568966225755235	10.570302340231938
-0.435	-17.40964983332205	16.547828430872304	11.29237046542571
-0.433	12.668913867308618	15.904337615713532	10.91422243027617
-0.431	10.059699871556305	13.2032863653037	10.73961708344002
-0.429	-22.860451629358458	19.979403119553826	11.29129504896169
-0.427	28.532518393964423	12.295598289716663	10.917134517464225
-0.425	26.35509940018821	17.78087752617614	11.108050586510442
-0.423	6.592978058606036	19.260217436628103	10.730694292761992
-0.421	-14.838668364047791	14.324077508548594	10.738476489151177
-0.419	-3.595683069068656	11.166143037644087	10.916577652705458
-0.417	8.725974424805827	15.950686618776356	11.504295555635583
-0.415	-29.192418894208316	16.400785114924894	10.56647754322174
-0.41300000000000003	21.844214982857935	17.47166175483291	11.102702717285005
-0.41100000000000003	9.015168161763398	15.793163738739539	10.91631179925272
-0.40900000000000003	21.26635715149483	17.792456158058368	11.3065575590899
-0.40700000000000003	21.646847336853625	17.51381957788573	10.908634819695804
-0.405	0.5544648571387256	11.286996027308529	11.10154667976525
-0.403	1.7483516419058986	15.730606251818696	10.569166799039076
-0.401	1.9010524330287382	16.234257487678768	10.736097695616625
-0.399	-3.689108390658724	16.868223092269428	11.299542624560468
-0.397	-25.53221281764717	13.603726112258471	10.576578806719809
-0.395	-4.3311587569760945	16.60419654800852	10.739049284052504
-0.393	2.0388874244492428	14.047353462743969	11.508267683553788
-0.391	14.843341549886091	17.19885968414579	10.255307365165532
-0.389	15.96198430942053	17.56168364631111	11.299490465185789
-0.387	-25.648039592485183	12.479511167735069	10.564531790519991
-0.385	18.887630300001845	15.24709248351993	10.7425788151732
-0.383	0.6906676885964913	15.188604510108517	11.507905426594505
-0.381	-32.30178093038827	15.163727106552146	11.509932556344351
-0.379	20.549223211929757	12.96662589698017	10.921317526800022
-0.377	23.374422752020507	10.393082315735334	10.915706247199179
-0.375	-13.067986521342334	12.729676737297828	11.102847896333927
-0.373	-4.855148844074009	20.24612520217937	11.09979987101949
-0.371	1.2369312061277782	16.675210343636195	11.09917998848949
-0.369	12.020312175620163	14.735856604591504	12.756859459618378
-0.367	2.2996870667757463	15.261573202773226	10.737206763232257
-0.365	19.90769903792433	14.181885634621013	11.093162402577441
-0.363	-3.8668686530574092	14.460765651912302	11.73454539512732
-0.361	-8.04920539221321	15.984047444629976	10.574304946213342
-0.359	2.7194681202491466	14.668485560121834	10.733537263134771
-0.357	7.086506617071109	13.642485518861518	11.50598129578148
-0.355	-12.062016614078352	17.744579591277212	10.916924814960339
-0.353	-12.062943011814653	16.583295831929707	11.293088506529784
-0.351	26.206049119625874	12.24235084262285	10.913119155264054
-0.349	4.886390628344728	16.33491834974178	11.740649099517821
-0.347	-7.634795944788664	22.412758215475012	11.097654345139194
-0.345	31.5059508635418	17.221632030741713	11.294456657211041
-0.34299999999999997	16.618867275886018	15.027047368254928	10.746893563172183
-0.34099999999999997	-18.63956378389542	14.427043697566614	10.570032279542927
-0.33899999999999997	-3.6089337468458993	15.521341184990034	10.915098180221703
-0.33699999999999997	8.998707331508982	14.29340714645733	11.295931346158634
-0.33499999999999996	-14.243657239565444	19.225392404796413	11.30692827418438
-0.33299999999999996	16.49046946239352	15.807333599618293	11.290927066469717
-0.33099999999999996	-11.173993016089234	18.49527202369083	11.108357523117606
-0.32899999999999996	-4.648473737933756	14.076026045633498	11.513096164333684
-0.32699999999999996	-8.638005330130483	16.210147631476648	11.503963163080531
-0.32499999999999996	15.633519170776822	15.046642924638348	10.73962029235234
-0.323	8.912487350798415	11.6900198333233	11.101222793139153
-0.321	23.594988893815838	14.996609616814633	11.505058456238059
-0.319	-13.826059706012472	14.84018864768605	10.739825355127012
-0.317	4.75490195572803	15.159214114706572	11.71324468132093
-0.315	-9.024004412050424	16.17002023561702	12.481736321645517
-0.313	-18.33774383219744	16.600997056297	11.299787290674853
-0.311	-8.402718766120643	14.716671184532627	11.306478413400821
-0.309	8.280195350929276	11.093180643374469	11.513570557997905
-0.307	-17.816233772616208	15.225454500836683	10.913658727558403
-0.305	9.503560160162294	12.645889471675194	10.739387131227401
-0.303	-13.788840714568096	20.089319959712558	12.463027932562515
-0.301	8.38409173442578	15.807631490410023	11.107348733801198
-0.299	-12.96312075727002	20.685686478487447	11.296476567111181
-0.297	14.96854305282902	15.5507354318016	11.720711325321997
-0.295	-1.1934489259068926	15.903465660289934	11.102161356519703
-0.293	-37.0770365791806	14.024500510981483	12.447978646787766
-0.29100000000000004	1.5324373687786164	15.563473097189593	11.103638162392757
-0.28900000000000003	-8.546768094030988	13.143352686175234	11.100507643839359
-0.28700000000000003	-0.10590001631172186	14.641684277124124	11.10655315569329
-0.28500000000000003	-25.881272194272498	15.378855179737982	10.913897317858954
-0.28300000000000003	-22.43724241191014	15.22954347002411	11.1031848603439
-0.281	30.044762548531168	16.587821421173782	12.20255230380478
-0.279	-4.1322043441427425	17.291183194377734	10.909973087879603
-0.277	14.610693924277385	17.439923608012972	11.3031392417477
-0.275	25.290537865707563	12.376959489869694	11.308601553455192
-0.273	-24.140026557595284	17.02215875264252	11.501886923532163
-0.271	-2.4012110668714115	15.484254648152346	11.285022845133458
-0.269	6.2135202760771335	17.612154752523466	11.957796346199244
-0.267	-10.243905269824438	13.741266685215644	11.7373077235593
-0.265	-27.62306274495252	16.585221470164623	11.731095728593944
-0.263	-11.266662461428822	15.813272577762058	11.28731103918491
-0.261	34.19316262998073	13.745005996768413	11.11281366798841
-0.259	-6.973149304645432	17.54431056507449	11.097976825496843
-0.257	-11.19201199606401	13.518234656748596	10.738301668660517
-0.255	-3.849451168158602	13.260586872321246	10.91486234811003
-0.253	17.441018570041322	15.645360374041779	11.305886006724869
-0.251	-11.93120938625114	11.818294559607118	10.738244755211552
-0.249	-0.653680326534456	16.241954936330686	10.56821684492479
-0.247	24.83943120301646	15.411703370370088	11.519662430756693
-0.245	-22.654047818426726	14.704500314240786	10.908029326296637
-0.243	6.514042202754311	15.47448681529583	10.9078584587331
-0.241	5.288148315685248	14.533790790700046	10.743601574730757
-0.239	-3.471393169585113	13.521695982936318	10.403142491896656
-0.237	-10.350064215902677	12.84475182445721	10.735359848763618
-0.235	6.541586451191961	15.832164425598496	11.726432542794845
-0.23299999999999998	-4.598173759640112	12.925292747809522	11.509244330005721
-0.23099999999999998	-4.993924784257864	17.56270145175068	11.50463418395247
-0.22899999999999998	-20.956266285621084	16.10450302331144	11.103585499858994
-0.22699999999999998	13.11112848045859	15.859208257261058	10.923899392717363
-0.22499999999999998	-7.27476659978521	16.371089105363623	11.096136799303244
-0.22299999999999998	-31.091660442905678	11.847010574726413	11.097596168432347
-0.22099999999999997	6.101452433959764	14.36378433382674	11.295164445786652
-0.21899999999999997	17.857138066679212	16.421859727178767	12.204270153078568
-0.21699999999999997	-8.852156283767343	15.258578951198219	10.737611244214513
-0.21499999999999997	20.20956966575227	15.045444114918139	10.917190829456933
-0.21299999999999997	0.7676414153223732	13.815257033199451	11.507580685919995
-0.211	-12.545244807316003	16.750055686516053	11.297348887110156
-0.20900000000000002	-2.953937478400448	14.611062390291927	11.096492890251909
-0.20700000000000002	7.475749711494117	16.631895536508573	10.92093894962957
-0.20500000000000002	14.726869860481884	13.634745204393136	10.91638541960307
-0.203	1.0921110313866222	14.733937385776619	11.492000909648553
-0.201	33.75146483031166	15.995982912188682	10.7409406694963
-0.199	-10.693812425244253	13.953697229582584	11.299942813290363
-0.197	-1.6593209006821041	16.73877033976404	11.099315919128884
-0.195	4.009234100932346	15.759830187928848	10.412424903561652
-0.193	14.41642854960179	16.028194673540938	11.306161083510167
-0.191	-28.271265135937362	11.727193161621605	10.563449452114643
-0.189	27.086828383815487	16.114481262819655	11.313140460644332
-0.187	-8.067025182856291	16.200578302193477	10.567333593055992
-0.185	6.456707626556479	11.236187704112531	10.922344050077
-0.183	-8.022814079744478	15.428145110128362	10.919999001595267
-0.181	11.650892088210796	16.056381593667833	11.106714145560636
-0.179	-15.15535082230457	13.889920861319615	10.575012328225826
-0.177	-6.046903589296271	16.02643331997399	10.916761326861847
-0.175	22.38225980133457	13.496366659153114	10.734355976381673
-0.173	32.01670051211636	16.608933807579106	10.922545003597346
-0.17099999999999999	-8.752354726193623	16.380660185625914	10.731940957744017
-0.16899999999999998	-12.728963624808465	14.439111362680041	10.919679437784005
-0.16699999999999998	5.832336650302139	16.3015116692121	10.738994176685802
-0.16499999999999998	-14.441850608060136	17.392631517807416	11.733239561158914
-0.16299999999999998	-8.205611402356539	16.33257303377213	10.907371541369876
-0.16099999999999998	-12.192694623491818	12.678952446474899	11.102340678031233
-0.15899999999999997	-6.309663434955759	18.295225946148328	10.414375363601843
-0.15699999999999997	9.598533307508816	18.71043317968424	11.288213123187202
-0.15499999999999997	13.294774035887968	13.590750309734473	12.202205442868948
-0.15299999999999997	-0.4937310835728681	19.762577186213214	11.730318538048175
-0.15099999999999997	-35.41818159269461	12.570150942622195	11.104235731980916
-0.149	-11.831903940495714	15.248687694095235	11.296618078367962
-0.14700000000000002	-6.783552667477544	16.33842771193605	10.920544934777938
-0.14500000000000002	8.884980475576398	14.458665508155487	10.736799797188667
-0.14300000000000002	-9.817805381562295	13.065711406541704	10.910637690113475
-0.14100000000000001	-13.425934972222109	15.585257752467154	12.20877322133074
-0.139	20.21595036527657	19.224716987690925	10.738073572771114
-0.137	5.5533481764236114	13.657844608298626	11.511347839445387
-0.135	17.47624563130934	13.283853891458703	11.097834075265519
-0.133	0.6865884629725372	18.58948151488369	10.735943170108476
-0.131	16.576530084355667	13.869288232157901	11.509726885129567
-0.129	-7.522248625546624	19.908870953565113	10.911202040333226
-0.127	10.644251371205726	15.221040216223829	11.29693116256476
-0.125	-1.4776685810513612	17.152481630975274	11.30852513544006
-0.123	-18.250043625545054	16.461832731449398	10.567744621017942
-0.121	-1.6876969500811967	17.849572658974243	10.73685842930333
-0.119	12.550203343453248	16.478910912973472	11.100793278672322
-0.11699999999999999	15.83851955722082	12.48406557187885	10.926330841982153
-0.11499999999999999	-51.66147114776809	12.955549895589579	11.295961102761085
-0.11299999999999999	-1.5431701029244849	15.40654197831319	11.298934231525426
-0.11099999999999999	3.620098884882239	19.148473631987322	11.106763725004285
-0.10899999999999999	-38.87837972249564	11.389272432107457	10.917831108583515
-0.10699999999999998	-20.023041971461986	13.35117875449022	11.506938318094734
-0.10499999999999998	4.699599155610912	15.429868260919864	10.74622002009218
-0.10299999999999998	15.372540870695062	16.14846281315729	10.911333047502268
-0.10099999999999998	-32.00946125381243	12.136519617207183	11.297089959781092
-0.09899999999999998	-20.174993375143835	20.566762959332028	11.108012452206014
-0.09699999999999998	-15.798058351945699	15.525804768703999	10.745665645096066
-0.09499999999999997	-12.417552875065851	15.44149804699278	11.097389647577392
-0.09299999999999997	23.110429324901816	20.160375718083003	11.106074140455009
-0.09099999999999997	-38.5943442874348	17.28817936221402	12.222371849463936
-0.08899999999999997	5.186351783814658	13.343990573523053	10.568645853904247
-0.08699999999999997	-20.38763003919808	17.3985782613589	11.504223673734554
-0.08499999999999996	-1.792440266989992	19.01663498009916	11.732436915844481
-0.08299999999999999	-0.19041552390408611	16.40318952277303	11.302494225308289
-0.08100000000000002	7.126118709566143	13.73496277956185	11.507477528770202
-0.07900000000000001	-11.29495392970803	15.959260294734175	11.73057626109386
-0.07700000000000001	0.9170827939275483	18.062821079374295	11.30005393952014
-0.07500000000000001	-2.246994530663571	14.732042246909835	11.294610212838261
-0.07300000000000001	3.59536368388369	17.453173404734834	11.72800352923203
-0.07100000000000001	21.956447142645885	19.612879509838084	11.112558332863847
-0.069	15.727702777912356	15.104519526198326	10.927334855641597
-0.067	-0.2352532029181731	14.951652663308389	11.292962545614243
-0.065	14.158519904494682	13.114546116586595	10.741622813997797
-0.063	-5.414099189526844	14.576966290842709	10.92151016556335
-0.061	14.741328352885219	17.53947198999244	11.296439247483965
-0.059	-26.649867684080952	17.776350759230414	11.298804415023126
-0.056999999999999995	1.9473220786991874	14.7529944929861	11.50449403146786
-0.05499999999999999	14.0966510202567	16.712252432170683	10.741167334355914
-0.05299999999999999	9.083120792841015	17.429164480785783	11.293901572693105
-0.05099999999999999	18.659886381833246	18.38745301300216	11.10132573990968
-0.04899999999999999	28.487438342716942	16.34146346142776	10.572751863103619
-0.046999999999999986	-4.221360416889475	17.49360104825727	11.952981003522885
-0.044999999999999984	-20.835750234038386	16.147447328725185	11.10896534586891
-0.04299999999999998	18.493322288426484	15.236551436225069	10.920675868673266
-0.04099999999999998	0.37023832533122913	20.144782076112932	11.491478607870707
-0.03899999999999998	-14.7803100698507	16.679525818961736	11.495340046212489
-0.03699999999999998	27.367078537121614	19.142506468891657	11.505814761862096
-0.034999999999999976	-25.25072547232554	15.157632880471292	11.512774811053204
-0.032999999999999974	-8.686521590584029	13.310662233340913	11.293252448620871
-0.030999999999999972	11.236279880311173	15.536815824377744	11.106143069763094
-0.02899999999999997	-19.32927813719232	14.036756996075793	11.09949549596906
-0.02699999999999997	-41.129609269496825	17.118034440832165	11.95760055867268
-0.024999999999999967	-26.58292836410503	19.93724499604244	11.945285563270831
-0.022999999999999965	-32.379463669074404	19.484334489300952	11.100447949163142
-0.02099999999999999	-11.413680853000763	13.297501240069904	10.57474373574192
-0.019000000000000017	-76.92698887273863	14.944385124437105	11.49725375143195
-0.017000000000000015	-39.13993590709541	16.67713389194815	11.101501537992554
-0.015000000000000013	-46.216991949510344	15.968963953701731	10.743977429838376
-0.013000000000000012	-38.60279104350717	18.642905767726543	11.099101532353332
-0.01100000000000001	-54.81038537613614	15.222661926108804	11.098947498044394
-0.009000000000000008	-32.4046698555458	20.245122696688668	11.101526995968364
-0.007000000000000006	-55.404021045202256	17.3691275049743	10.731845495613172
-0.0050000000000000044	-48.36311924938386	15.938848059579172	11.100360813712008
-0.0030000000000000027	-18.72374459699344	15.640165743208057	10.913326916206872
-0.0010000000000000009	-65.53449330282123	18.161059695408316	11.294205695766736
0.0010000000000000009	-36.991244827588865	13.936080208125547	11.297813500469857
0.0030000000000000027	-20.65027191344715	15.888816930040845	10.407964381793217
0.0050000000000000044	-47.06226365169819	14.598473770122265	11.288876627309754
0.007000000000000006	-46.70012037744087	13.560531064591693	11.498814133383705
0.009000000000000008	-33.111579537559166	13.539888113815364	11.95422576675065
0.01100000000000001	-8.116044141526224	19.856139823359815	11.097774048641117
0.013000000000000012	-38.96371664879883	15.549114520394504	10.107415752188615
0.015000000000000013	-65.55263796081957	15.158094389927582	11.297854307096262
0.017000000000000015	-62.265085842616585	16.907710385357056	10.914147845682882
0.019000000000000017	-30.81287396544674	20.838319328621548	11.098543443007056
0.02100000000000002	-32.11595403973533	16.9604628481639	10.909726011818186
0.02300000000000002	-38.6363657900457	17.06551042735127	10.567782375578137
0.025000000000000022	-20.0295590068178	14.089705045310652	10.569423226038241
0.027000000000000024	-11.45774124466925	14.312899447342845	10.56418778012182
0.029000000000000026	5.9647038923582585	16.438669983895334	11.50832642238508
0.031000000000000028	-11.248174914491038	12.190189303659064	11.300056708873887
0.03300000000000003	-0.9315252292863008	16.12594640858521	10.411128969412697
0.03500000000000003	21.67268437425207	15.976823330869632	11.955197776917167
0.03700000000000003	19.663783161538717	14.482671497877696	10.742943097341215
0.039000000000000035	-17.517685109269543	18.31489236552886	10.572016775813607
0.041000000000000036	-2.4164513027225	17.883153126634166	11.092319637728016
0.04300000000000004	-4.565262874955955	12.966666451681451	11.499222017273773
0.04500000000000004	31.22645984410255	16.604240500995132	10.740723106439457
0.04700000000000004	1.1529180641289827	15.27826860753421	10.410554690895585
0.049000000000000044	-0.22825296641659776	17.185517134157788	10.912890615459204
0.051000000000000045	-21.2719777840098	16.558157012047978	11.30220602266904
0.05300000000000005	-14.674172794104656	18.278249957754625	10.56654299796505
0.05500000000000005	8.93935950507796	15.89979797561662	11.091718221826074
0.05700000000000005	35.43531459904159	15.197564102574475	11.099027685863216
0.05900000000000005	6.8603265883648845	18.776999096257185	10.571763186382821
0.061000000000000054	26.469150513630524	14.901917691876207	10.106677888645834
0.06300000000000006	-12.143685187537834	16.137535263347026	10.917288844136706
0.06500000000000006	5.057751337744776	17.071929860604097	11.299110346179376
0.06700000000000006	15.917649476060447	17.264397004189018	11.302051372383424
0.06900000000000006	2.7880046780115464	18.589316407078588	11.717171200450363
0.07100000000000006	29.424920253484643	13.770098741791807	11.95074182982495
0.07300000000000006	-22.87615818585831	18.238297654004906	11.115854906678047
0.07500000000000007	-6.434038963609723	15.954058556503911	11.290194532127037
0.07700000000000001	10.926929926213802	17.059811541061933	11.10014446027058
0.07899999999999996	29.8289613225311	15.215864291021617	11.103253861802898
0.08099999999999996	-10.847501116351133	14.747880896873385	11.103392931563796
0.08299999999999996	-30.39305897933886	14.476409284230504	11.723277465081019
0.08499999999999996	30.62742826864806	14.94051161278402	11.304016113006803
0.08699999999999997	-15.354064892170172	16.66666090076853	10.746581618112183
0.08899999999999997	-7.011177862725759	15.223411607892094	11.505975072917131
0.09099999999999997	8.691186279552454	21.37666333313196	11.501851945466656
0.09299999999999997	-9.706035425049997	17.601823778440814	10.919300204237503
0.09499999999999997	-2.54585608450153	12.340624212104863	11.097457095979456
0.09699999999999998	-8.88986548974735	15.330749976227931	10.736279387598131
0.09899999999999998	45.41693727500018	15.946873814538142	11.099070779128583
0.10099999999999998	1.1482599295842277	18.894395991911843	10.742400259865907
0.10299999999999998	-4.243711548612694	11.986172688387752	10.567269347988464
0.10499999999999998	13.84844771457061	18.82851810169531	11.097073577305482
0.10699999999999998	2.5026302492570096	16.770579052656057	11.731994602845813
0.10899999999999999	0.09618520091514426	14.351737630746397	10.918753126778148
0.11099999999999999	17.974942462251065	15.264495306235673	11.09171155129851
0.11299999999999999	11.699377475027362	19.333644736627253	11.298497480894817
0.11499999999999999	17.711374382667344	14.653505107117569	10.742567457270523
0.11699999999999999	13.044804998862958	18.74124390437073	11.498283805788722
0.119	34.83128433057203	15.43328736739223	11.103848984610796
0.121	6.816415716759394	15.761076809701384	11.509051724880232
0.123	-1.9592636701926125	14.080207442295526	10.909848395243525
0.125	-2.1162409803432425	13.920970097691354	11.496864268664213
0.127	-4.428702530590023	13.007188545707468	10.746064532555323
0.129	9.129133232477216	18.660442738419846	11.313027511946773
0.131	-0.12367831847548416	15.077326654443416	10.905321375950106
0.133	1.7098728544162611	17.861147922317336	10.73970914313994
0.135	28.244154475665084	20.21570443727431	11.510965287434988
0.137	-9.447317916078113	14.822616084519549	11.729935237091322
0.139	26.605874026364162	14.7525958302577	10.736755474226467
0.14100000000000001	8.588143506571555	15.686088926191882	11.105445198337373
0.14300000000000002	5.810251544335898	15.020814185313471	10.916155569839985
0.14500000000000002	19.57666268914693	14.147297324054321	10.565197871017672
0.14700000000000002	-1.086710487929743	16.511425300679257	11.1081929831606
0.14900000000000002	-19.487371686333077	15.016246053572184	11.110246319302476
0.15100000000000002	-5.044927918751441	16.31312682432176	11.521112299308044
0.15300000000000002	22.46566272945394	13.016500226621474	11.511625186869095
0.15500000000000003	9.38663181870858	12.506649407472743	11.297329286791333
0.15700000000000003	15.745310374404298	12.233573895322593	10.748483941776815
0.15900000000000003	-24.11618158992823	15.87337274556463	11.718892151451522
0.16100000000000003	-5.2871900646511705	15.636371179304128	11.30793309303793
0.16300000000000003	-5.182938729864084	16.980671703918233	11.108886825862335
0.16500000000000004	-6.168816936047428	14.944292846438806	11.50919047942812
0.16700000000000004	-23.95196672910771	20.775951631447	11.301005363095019
0.16900000000000004	8.5113746537413	13.7683877865755	10.921572083566486
0.17100000000000004	-1.0203435115707649	18.017736801943187	10.738775674553567
0.17300000000000004	-6.149487252526953	12.361617072220836	10.913322002513404
0.17500000000000004	13.557813244302608	17.92715779495997	10.920909901138224
0.17700000000000005	11.476424780720862	17.289172282123953	11.106152540595279
0.17900000000000005	-14.441287396804725	13.845008194972472	10.917626284530606
0.18100000000000005	21.564896492520802	16.414536861882834	11.301618327613852
0.18300000000000005	-23.74569917917846	16.9248849140196	11.108032739839892
0.18500000000000005	5.350164907769184	17.764677289845697	11.294501000484487
0.18700000000000006	7.263778698751722	17.166854386467428	12.457562236553583
0.18900000000000006	-22.33313103472412	14.201461114382562	10.409620826362104
0.19100000000000006	7.217769779410688	12.772553367312975	10.915746476356302
0.19300000000000006	23.582908911023992	15.840375786749494	11.295315801512986
0.19500000000000006	0.1460553369359019	14.589081774274568	10.91134642588676
0.19700000000000006	-29.559882597451903	14.843325963654312	10.739241735240933
0.19900000000000007	-19.135908532641466	16.213568607015393	11.496309452854126
0.20100000000000007	1.841602292218525	13.105767153177723	10.913607608225227
0.203	0.8024339759327148	20.285967146005856	11.96121195024889
0.20499999999999996	-10.150227068517204	11.413435680604042	11.296940165062182
0.20699999999999996	20.64056531358993	13.542407527316463	11.099868389109647
0.20899999999999996	15.274464931547271	16.109152811215203	11.507714097143436
0.21099999999999997	-4.085438490175619	18.133137774220284	10.914702235777751
0.21299999999999997	1.3046484717005313	16.105145689261356	11.506418023142126
0.21499999999999997	16.477565808470374	18.051773551723024	11.29307597493037
0.21699999999999997	-26.039502486585597	16.20708190252039	10.737814999763847
0.21899999999999997	8.372040435355999	19.866744413887485	11.50590516517768
0.22099999999999997	10.438338234664002	16.707543323292505	10.913979981271261
0.22299999999999998	-18.675804969503496	24.38808450810239	11.731148102541509
0.22499999999999998	-10.138789170777152	12.576809943493743	11.096414818200333
0.22699999999999998	-7.950364393827236	15.699520317763836	11.494075673009213
0.22899999999999998	12.05730012365791	16.142911746600245	11.517144640799735
0.23099999999999998	-17.452290197672582	17.3444740433525	11.111654722264301
0.23299999999999998	19.83231624835824	19.335125828747465	11.727343677583505
0.235	3.585490378599232	16.36524625656809	11.968762808486499
0.237	10.900946548320078	22.440452021470943	11.30566821660249
0.239	-21.140693365118146	15.384323308560653	11.10115709384182
0.241	-18.70664510417175	17.12607507885547	11.722061576526993
0.243	6.14747812632821	19.03617044163427	11.11594367981375
0.245	3.8063417888700712	15.953152801601973	10.570445807578398
0.247	-0.2446804044931028	15.8294931757497	11.95431354830724
0.249	12.62559906245464	17.33966567698825	11.734389348411005
0.251	13.496566852122527	17.262941499624603	11.519058891492797
0.253	23.0369813307707	17.586498881153094	11.102693596961045
0.255	7.577077640874563	16.23224397729448	11.3024204023655
0.257	-18.175392402453028	17.18288838205472	11.306195848936234
0.259	17.814400834925692	13.364750445310023	11.102616947782337
0.261	10.787746326013092	19.507807931778085	12.461450905410578
0.263	4.041156909551091	17.524995331789544	11.104600226331488
0.265	13.092001257319907	19.271622317830072	11.315191366009167
0.267	18.079600419218522	14.706290029055838	11.729194981536669
0.269	15.29051702342521	18.31003132822943	11.30204270778698
0.271	0.08316947197606339	18.71841598264832	11.311756904117479
0.273	-2.36903239281272	12.516488177246163	11.10017651411204
0.275	-7.9107435579928165	18.68699073764921	12.200601858626248
0.277	-0.3432991914076311	16.305884905711544	10.566081432635029
0.279	16.182865187452933	14.72760898071845	11.10542221014011
0.281	25.571646206534737	16.306631206701773	11.731000084681623
0.28300000000000003	33.872458172545805	23.50701758502514	11.940404226994232
0.28500000000000003	-11.923879640218793	15.816090030396667	10.74485875928375
0.28700000000000003	-3.3433571400287576	12.200702148996594	11.102003634560582
0.28900000000000003	21.837029518856355	17.879112592828996	11.73585625411226
0.29100000000000004	-9.809764062063131	16.306672914994994	10.741863088679976
0.29300000000000004	31.833735257835727	14.816807764030939	10.917864461606882
0.29500000000000004	-4.714446385167825	15.96764529265195	12.20646210679521
0.29700000000000004	0.4161871258734351	15.835991102562158	11.096637761415769
0.29900000000000004	-12.994167278845836	15.323941862111475	11.110777071862996
0.30100000000000005	-0.27542644154276985	17.986530084880705	11.106829396872294
0.30300000000000005	13.29896531498953	17.381813660392964	12.210298923802354
0.30500000000000005	-11.581214903189085	16.316189939222912	10.737010334187257
0.30700000000000005	4.012234738670628	11.888521692000177	11.506180269782657
0.30900000000000005	43.9873224902243	16.352580538604478	11.959814823298517
0.31100000000000005	11.293474733831133	15.018408725303301	11.303905800642909
0.31300000000000006	-5.663205740580324	15.074296321038146	11.10553031685644
0.31500000000000006	-15.403502361399646	18.955113133474086	11.721621069065119
0.31700000000000006	6.03264118281821	18.05782853199452	11.299389613985019
0.31900000000000006	8.778789694519062	17.950401660657278	11.104612987248444
0.32100000000000006	18.791163919562592	17.09362140999727	11.509166529186464
0.32300000000000006	11.822812187700649	18.83853584765589	11.513348531391005
0.32500000000000007	6.38665600849464	19.18875525009151	10.912089904302512
0.32700000000000007	-8.7334222766966	12.443535667805245	10.742271828287807
0.32900000000000007	-6.412558881563335	19.0368311394089	12.22185305418809
0.33100000000000007	12.629583190149063	18.16646570109596	10.738538442902
0.333	-20.497084350812322	15.36803047365919	12.476308181637211
0.33499999999999996	18.408861642615904	15.606113375887166	10.914634618134455
0.33699999999999997	5.7595745373006935	23.1595992522614	11.506148391297387
0.33899999999999997	10.555402737200126	16.654643496609648	10.915324714461041
0.34099999999999997	-0.8364252676029693	16.390319043858778	11.099377521845277
0.34299999999999997	-20.88052931092932	13.501805313431472	11.722536071207301
0.345	5.51464677300828	21.02390532280366	11.297537180326925
0.347	8.442750774939611	15.194331751934559	11.95383985275314
0.349	9.801799778053066	15.121913437139188	10.918566842711769
0.351	19.929157334841463	19.078984157074654	11.301231796810399
0.353	-11.468848609474946	19.030596543880154	10.917216003411873
0.355	23.77697095479192	11.362782553647875	10.914162318230066
0.357	-38.27942481027247	14.350951827400477	12.209259267210417
0.359	-4.145617296891224	20.955492988535447	10.406372472116178
0.361	5.6785817099669345	12.413525094993934	10.573466610835448
0.363	4.678829799376061	15.586519237388632	11.724943708993786
0.365	-8.223299420628827	19.538729051304845	11.109180515442349
0.367	-13.84698766571102	17.429400838240547	11.943592060912978
0.369	13.713597138087508	16.54102209541633	11.94988988028341
0.371	55.94460963975756	20.05529284157378	11.95766857973334
0.373	-16.80202033715883	19.067564821105528	10.557259572349485
0.375	15.720321675516402	15.093852017153585	11.293503679342722
0.377	-3.403294012715996	16.7764955116192	11.513644454311212
0.379	14.445426206766143	16.144453309229178	10.911683352251893
0.381	-0.43461710186321056	20.017815223426133	11.965509650995255
0.383	-8.436150898183392	17.49176465626572	10.735116783279452
0.385	26.85124410994888	17.060896149714942	11.496747699680082
0.387	-17.294441415183215	16.842139813304883	11.505179184293153
0.389	30.151279496459793	12.4786499586953	11.099267159026894
0.391	-1.1731107438794908	16.594716166595507	11.956889661259241
0.393	16.07513842638575	17.772528723486857	11.72285838401687
0.395	8.813678813890391	15.675800541118921	10.744041960233119
0.397	-3.4893324334372977	17.572297940340388	11.983157968116899
0.399	54.507715604890095	16.622796039670032	11.292110574703981
0.401	-51.950531122724186	19.590414425482336	10.566559443046533
0.403	19.401894828074973	12.976148163574388	10.912311353683172
0.405	10.03883276284867	14.372076723092789	12.207538487713048
0.40700000000000003	-1.0470889647562487	15.711326368072147	10.402954779590946
0.40900000000000003	8.154269642401957	15.014340229681215	10.404196366688206
0.41100000000000003	2.412593894218773	17.69393640657543	11.729283595200075
0.41300000000000003	14.821334278769527	17.953112661791405	10.925021971185343
0.41500000000000004	6.390040151238452	17.749711832837253	11.095651353189314
0.41700000000000004	12.70655779950225	16.036760916955075	11.500797779289526
0.41900000000000004	20.794495806386593	16.40525620094093	11.109633558162884
0.42100000000000004	4.056273705810298	15.984858253342118	10.904122399659189
0.42300000000000004	28.11890318632493	17.449709267077008	11.300975469331009
0.42500000000000004	54.27632972088148	17.624382292544613	10.916331146238456
0.42700000000000005	-15.988910947339896	15.894987723798998	10.564038595790437
0.42900000000000005	28.05248155612894	17.565903745905395	11.294124648452726
0.43100000000000005	4.523408112078187	15.400476317558462	11.30225221059934
0.43300000000000005	6.810014538727316	16.56274559605252	11.098616748583352
0.43500000000000005	12.527222140290561	18.794866812404486	11.503690689928705
0.43700000000000006	-0.060138556023936474	17.123608435516857	10.911386884201479
0.43900000000000006	3.763159549086126	17.839630572891682	11.723865989846313
0.44100000000000006	-10.481635809189704	17.77407156379539	10.731978654379835
0.44300000000000006	16.784198483499324	15.597902821324396	10.741199719411691
0.44500000000000006	-25.711933792194053	18.19881014380959	11.297014008967427
0.44700000000000006	2.8899856323594264	15.740702000521665	11.29470230547642
0.44900000000000007	5.103950705853677	15.922518353366605	11.10273582313353
0.45100000000000007	24.28711743607259	13.545269949003217	10.402281284048906
0.45300000000000007	39.093056444672314	16.69312560775506	12.469831216724428
0.45500000000000007	-16.51753203157913	16.639889121777955	10.918796529222702
0.4570000000000001	31.357623702765736	15.79749743149218	11.724184618489828
0.459	3.20424776334427	17.339093562587998	11.49793441161445
0.46099999999999997	-7.208950177028939	16.77202803265866	11.104518212529198
0.46299999999999997	-12.059739456726781	15.210508048763216	10.907512068793045
0.46499999999999997	-20.96719523692059	12.189806482450253	11.10698745199402
0.46699999999999997	21.046792620493804	15.171436132208624	11.09898167099913
0.469	-13.155502445627576	17.290934942236913	11.725325676261159
0.471	19.327786171086103	16.086747765950665	11.728396772232367
0.473	16.993656144048686	16.926082084908266	11.513614747313836
0.475	6.784327674980162	15.126034750147653	11.101673341495403
0.477	-3.9728519986015343	14.237672350905758	11.50931885171163
0.479	10.956768793590754	14.384344260893553	11.103108235594672
0.481	-12.63617271030082	16.449404965451702	11.72443433571232
0.483	1.223550038842447	14.19618228531951	10.736946070918107
0.485	6.18960158593751	16.747006184518725	10.73419564117227
0.487	7.469699651929673	16.552043732799962	11.303480895638781
0.489	6.370055540161346	17.59555120777146	11.507848445160125
0.491	7.336079857589439	19.105636184892195	11.101071880837772
0.493	-1.8141510713665099	16.28396289832693	10.73919012085611
0.495	17.576554460552174	17.098289263080655	10.914637333094623
0.497	-26.513291006224904	21.22743887034933	11.103252349017707
0.499	16.361518599516955	14.265962522906367	11.961174148380042