-0.499	-84.40438368750858	48.202924558098324	43.81926584918277
-0.497	62.066531107962675	45.16126212567285	40.74698885370456
-0.495	-46.66309402201474	36.89952092977094	39.66994584891359
-0.493	81.71850527860514	50.78246328198527	42.022216722245794
-0.491	-43.57608203964247	47.04056568080404	41.230153105273345
-0.489	41.74855372163222	48.0490474973255	40.56117366462659
-0.487	-91.60163021293411	46.87666363452389	41.602090093355635
-0.485	2.7311005663666066	45.13312067440027	41.341551362963436
-0.483	-20.37183277325827	47.030753828658995	41.31771825740818
-0.481	-30.075989486233468	47.33497506030604	40.77255523729296
-0.479	-26.343976755938137	49.33554447946153	40.82801827185504
-0.477	41.79876563714657	42.75747599032915	41.81023378427507
-0.475	-28.188025900210967	50.866952545125336	42.31895578403508
-0.473	-20.84018390591247	48.07030305932487	41.7867431723234
-0.471	105.37668052923443	49.561279655975255	41.52417621972195
-0.469	-110.49483915792635	50.19717699713988	42.28811419334799
-0.46699999999999997	33.4747189010276	44.36650540246185	41.16226117053819
-0.46499999999999997	37.35200002430439	47.858426807193766	41.607355563490536
-0.46299999999999997	23.033923436166504	41.06485205657666	42.41115630400779
-0.461	10.482722879956441	44.96151737188911	41.53824759072401
-0.459	-19.847549474927284	41.384074099215646	41.47978161166041
-0.457	-64.1772598570789	49.107735783442756	40.90247639440218
-0.455	-12.01726966593153	49.28168302451973	42.28548431060361
-0.453	-24.372265321370712	52.753714332091484	42.776247431219325
-0.451	-23.05842060468244	47.38320952581214	41.08146294591727
-0.449	-59.67154669772601	46.89373249735477	41.050571029550134
-0.447	66.06082743054742	47.017978090553044	42.457932821807354
-0.445	-16.872470345763446	45.42342180621034	41.365995557487196
-0.443	60.987134243850605	48.208200073784276	40.81515685448451
-0.441	-7.616917294006598	44.755742068973404	41.41134205236047
-0.439	0.3598973057350463	44.80827623513371	41.464011048140144
-0.437	-53.09841152278949	40.20594751018827	41.1012277418178
-0.435	-38.92640602298769	45.45743227310724	40.22297252768614
-0.433	-6.037087596943991	44.493297490888764	42.88847944777408
-0.431	-18.275688270952273	44.61418458252149	41.4824957364353
-0.429	-34.26471659095931	49.12580177182644	41.24610996651497
-0.427	23.87364212763643	46.949343476082255	40.66725484155766
-0.425	6.345469106605606	45.379046936807434	41.36290407577701
-0.423	-11.588427464848117	47.22060186354601	41.21838787317064
-0.421	21.57466105678907	42.208445712017095	39.96798580829247
-0.419	-23.860255298324695	49.050625148647626	40.939627963599484
-0.417	39.182257896674955	42.64742305370534	41.89501240600546
-0.415	50.1087318580673	48.99941587615091	41.59083409720199
-0.41300000000000003	55.359172154156866	51.844133098046576	41.717717376030166
-0.41100000000000003	25.35859321417533	44.06270283938345	41.21723018060108
-0.40900000000000003	31.781974628275478	45.23733947391437	41.500435205049655
-0.40700000000000003	-32.876747121157734	45.646856568108284	41.9943907817982
-0.405	-9.77577130856222	42.567831549006385	40.968110589709546
-0.403	-2.8856207192617944	42.81268340834525	41.820071451570286
-0.401	36.4871893101526	44.835353270990474	41.98257222283223
-0.399	61.65112675815543	53.629472434308695	42.967085301097555
-0.397	59.72004812204723	44.215516251933416	42.29254060588238
-0.395	-27.910485329574186	53.20453864351382	41.84410546221044
-0.393	15.369939546650002	49.576137610086285	42.45611561854017
-0.391	-22.952176951474	43.35897824884579	41.70356640452898
-0.389	17.54933475961451	44.04156885668949	40.98255335268557
-0.387	-35.9276408298248	43.29744973171576	41.79789649622682
-0.385	69.96902983824604	46.56598922960839	42.594821282122204
-0.383	28.31873282493902	49.38230788317177	41.97838622783818
-0.381	35.39135652452785	44.69796547880507	41.62660372922715
-0.379	-40.86810308367994	49.67929436521669	40.99358260540274
-0.377	0.6615756236172388	43.10479984889007	41.37414380789052
-0.375	60.16612665815657	48.78173107242945	41.06806984322023
-0.373	34.74332368358368	44.6760455057543	41.71096323207167
-0.371	-19.560071544022506	44.74353061358355	41.985838983384575
-0.369	-11.255015008870828	49.41985326228301	41.80530974639019
-0.367	22.01835912418737	40.53079823828636	41.18617979106399
-0.365	45.82620907878088	50.17962271398835	41.14231923882453
-0.363	62.141162823659	45.24331721322483	41.26253283099372
-0.361	55.2387730361481	42.541923064221045	41.21348998760635
-0.359	134.09513176787513	53.123825621225684	41.83604339022116
-0.357	-9.779116424413203	42.75219677222397	40.62216281398572
-0.355	92.77677033958653	46.8226807456089	41.18604086092966
-0.353	-15.866427452881915	51.79025350122608	43.08482729892201
-0.351	-51.410615289904094	47.01701950761233	42.18474496094855
-0.349	27.656024053523964	48.296374317783624	41.77753414914165
-0.347	71.68387821887556	47.014617074387395	41.11634250544889
-0.345	11.41205739929596	47.96111863800124	42.65384841825719
-0.34299999999999997	-25.536944915693915	47.31428853768761	42.5755296863914
-0.34099999999999997	-30.543172068631108	44.85456270023485	42.498556804255486
-0.33899999999999997	61.08681999705823	48.41884338535356	41.87469834916617
-0.33699999999999997	-53.63223254395422	37.878474742111564	42.08862590586705
-0.33499999999999996	-6.986460087454738	50.239708977973045	41.76944714449655
-0.33299999999999996	41.063926988549326	44.72099091908606	41.69982870142639
-0.33099999999999996	-23.39920145388863	44.751705758137575	41.05590158744195
-0.32899999999999996	39.08613619341139	47.70855917618365	41.569769231794574
-0.32699999999999996	42.80685748048185	45.51127173858618	41.33684044039623
-0.32499999999999996	-26.403160141241777	44.773966061283204	41.44623505170421
-0.323	103.60772645823246	45.781190399514905	42.59212958617891
-0.321	15.539395123553845	39.58122950047966	41.29554525843906
-0.319	44.126651354003954	47.659680652813115	41.3189994917224
-0.317	3.829092745544216	48.390348733874575	40.79758466317606
-0.315	11.765239867900235	42.312206375190016	41.53335628856732
-0.313	4.19337261425845	49.653988311656605	42.30573797311929
-0.311	31.641264715664974	41.21874233619192	41.56584596263916
-0.309	46.20208914341006	45.162542604997434	40.738261778325864
-0.307	-22.002617665162205	46.94455363241863	42.35556432182374
-0.305	-113.74920926543464	38.68385884576716	42.26974365171395
-0.303	20.087592874640237	55.64837001652223	40.90717858544134
-0.301	54.53643173924938	45.592547293781415	40.76126058542881
-0.299	-25.99192433816455	46.20049159890254	41.120266113781625
-0.297	-22.676762345796853	46.37744424940791	42.26530264752748
-0.295	-39.30269693630528	45.240839050888226	40.769695219463614
-0.293	6.087859765413484	46.40055064410793	41.248033497274676
-0.29100000000000004	-29.82574600740584	43.2880218579997	42.3430175244066
-0.28900000000000003	-20.40989304363805	45.44621093656455	42.169038719687435
-0.28700000000000003	-78.37954706324535	42.75531449406915	40.64220020771105
-0.28500000000000003	1.9481820703326491	42.10931320354798	41.36290184665239
-0.28300000000000003	39.20413344338236	47.15024532819295	40.684429100316905
-0.281	27.574851764855524	42.046242061463246	41.98410189263615
-0.279	82.39172507318315	44.396916402002155	40.79216232907953
-0.277	10.748575453911613	49.38523537564192	41.59492238387378
-0.275	6.862535755436383	40.278202302328985	40.80585122438576
-0.273	31.573376153559707	48.59821503647343	41.96730734669456
-0.271	18.759726321260217	47.764075375486584	41.57252399326862
-0.269	-18.426430963724982	45.07031449338819	41.55802367379433
-0.267	-55.40729287489832	42.25004906232477	42.01316680985176
-0.265	5.8461278509280845	41.46507273798354	42.33352603561139
-0.263	48.61550257362346	44.97572944303736	41.772692017555116
-0.261	13.867635381803467	44.99135873852357	40.59116201232742
-0.259	18.189990492967212	45.45668110027458	41.699936501660204
-0.257	-14.474002856257329	43.438029192617265	41.951790031375495
-0.255	86.14781450577702	40.21455562373474	40.42430745653559
-0.253	-82.51584715412986	48.5483092294237	41.62237237293329
-0.251	-12.241473179130935	48.48140456938348	42.56554330967064
-0.249	13.916210658937445	46.787463100672795	41.19272553390461
-0.247	50.21401768501299	45.28236103830858	41.113835919768334
-0.245	127.26345396529837	43.15106908931392	41.18964921636296
-0.243	-16.43554299712857	43.68535483486569	41.63377531848482
-0.241	-17.757437892784722	49.50833564800007	41.46714854936532
-0.239	-12.823562966723934	46.07174054935291	41.99596427141178
-0.237	-8.041261859603743	44.89986040557736	40.974482635355876
-0.235	64.16498427519457	45.037208021040186	43.072044348455854
-0.23299999999999998	70.0800703037352	45.129375790116605	41.463147081833874
-0.23099999999999998	-15.78951518488303	43.56403368967514	41.71298177604173
-0.22899999999999998	32.04029168912825	47.205244686061924	42.13121931492202
-0.22699999999999998	-46.72584091613974	44.597914053863434	42.76391511024608
-0.22499999999999998	57.366848023043815	49.57824752377302	41.13881267217093
-0.22299999999999998	-18.463208831365208	46.605734975459434	42.64608494810097
-0.22099999999999997	17.65291144262271	48.27991054297279	41.637799701691954
-0.21899999999999997	55.747611885870185	45.607584570538364	41.693815851779384
-0.21699999999999997	78.02383987787209	45.966984018954165	41.23257785164893
-0.21499999999999997	20.824731538748864	41.716753737798065	40.895758154754795
-0.21299999999999997	1.8402760924018935	45.062350074442186	42.248314525650976
-0.211	32.57579933113597	47.84069958381151	42.7595915099841
-0.20900000000000002	-2.416466504562287	47.32892221410321	41.23968185384524
-0.20700000000000002	33.96786318199396	45.31546570951563	41.78664857043358
-0.20500000000000002	-8.300294631946592	47.20691870089468	43.07310152128728
-0.203	9.01536088959709	48.978468263326505	41.80737793597235
-0.201	37.979387906617035	44.20195510159455	42.6187947877972
-0.199	69.75874039127916	49.77627058196148	41.3681134593006
-0.197	-7.521453638026365	43.3312547477978	41.91722426239176
-0.195	-14.340251224598255	43.31355052592301	41.854252242022504
-0.193	31.038215619672016	51.58763152393026	42.09236515905387
-0.191	-9.822858874630747	43.778986248877914	41.35576398889843
-0.189	-30.44002425800496	47.342333465579046	41.65496453033446
-0.187	43.19583368928015	44.32032042949712	41.247203450635155
-0.185	-20.894761870171585	42.24175976418976	41.71971238961208
-0.183	68.12728470806384	50.46669863295086	41.40168241454196
-0.181	62.17487561843704	45.42124368406233	41.546720546548954
-0.179	16.22305935167212	46.60343493345732	41.61221703638517
-0.177	-49.5269123017561	42.07020567184226	41.35108484249381
-0.175	38.25265783485854	46.085685888250154	41.85868784712911
-0.173	-41.77110820002827	52.05074494978196	43.220197199777466
-0.17099999999999999	32.94786078344991	45.476086817140306	40.54182593425485
-0.16899999999999998	3.1127804192010444	44.43616836556122	41.75522310297021
-0.16699999999999998	26.883502643348933	41.7048656077896	41.64703219030311
-0.16499999999999998	-78.40488041599426	44.2736652129464	40.272703130002874
-0.16299999999999998	28.242259273225656	39.5389191687597	40.86689784883365
-0.16099999999999998	99.69811481003177	48.279785232512914	42.228288768165896
-0.15899999999999997	-8.628627801487987	48.37127484526665	42.22331072793318
-0.15699999999999997	-8.898872486562404	46.36085948733267	40.686983702113274
-0.15499999999999997	44.4444771299235	49.507029431381355	42.11404033838017
-0.15299999999999997	-40.34374679517949	45.054771822192514	41.429558549412576
-0.15099999999999997	51.231499603066055	47.401797313827345	41.98385942814589
-0.149	54.80036975580305	42.48783681026085	41.31274531756053
-0.14700000000000002	-8.502493945128364	45.69560580961456	42.065106680405286
-0.14500000000000002	37.65877620187652	42.69591421369866	41.23037760971933
-0.14300000000000002	-37.87223597029321	41.88261550122485	41.182131313835235
-0.14100000000000001	35.399323434548435	48.70105586143236	41.585351368439945
-0.139	-0.09479806639678401	43.819468604901715	41.179486469402065
-0.137	89.13138123833875	48.7602324729742	41.835467780533335
-0.135	-3.583366308346214	41.5338401729656	40.68152671411743
-0.133	17.426805605902373	49.499132998240654	42.56489434740544
-0.131	23.911803026299694	47.30032613489775	41.19532013488441
-0.129	12.494569997079097	45.18301923373473	41.829158195448436
-0.127	2.925155748290109	47.724027106234765	41.945998109904785
-0.125	32.85305676881123	46.04876378191557	40.5483965556255
-0.123	-30.456816339174964	46.48538674572458	42.71798566855028
-0.121	-42.79086490899253	40.93172470043779	40.99621734586967
-0.119	-29.833417611979662	48.147444944606974	41.59642646319121
-0.11699999999999999	111.46167116149464	46.65686381030906	41.594130887629746
-0.11499999999999999	-51.96272813245972	41.940551922604826	42.506760978768874
-0.11299999999999999	-30.214100067427196	47.82292938944046	42.79620599863786
-0.11099999999999999	49.00670023011422	48.243930723410365	40.9877135030128
-0.10899999999999999	47.338069368851876	45.885186175805586	41.012234857231086
-0.10699999999999998	46.21348814137782	46.523047353614565	40.88918728375771
-0.10499999999999998	-32.11699894722919	38.87351929824663	40.36241289785719
-0.10299999999999998	24.333624857764136	46.78102002042914	41.54506230635474
-0.10099999999999998	30.261937953524054	43.088761289980084	41.76674080347177
-0.09899999999999998	16.224826100197376	41.25088736484208	40.69902975838243
-0.09699999999999998	39.057947186504904	47.26407122490516	41.907011915098984
-0.09499999999999997	62.73956687441462	45.76602271079036	41.77451431788997
-0.09299999999999997	9.88858104733481	45.905823550418795	41.64081148098621
-0.09099999999999997	71.53219362909802	47.35080231729432	40.30445685592365
-0.08899999999999997	-15.69949165547424	40.83376012773072	41.594919661038
-0.08699999999999997	-20.35187713012032	48.69978454762256	41.77267626197336
-0.08499999999999996	-27.990321029069953	42.96598168799106	41.324887483228345
-0.08299999999999999	56.92923401268146	47.16511461099719	41.463483489008816
-0.08100000000000002	-7.2265894405232345	47.423266824574036	42.572058348493016
-0.07900000000000001	34.78298739989505	47.130492186429194	41.357898210435415
-0.07700000000000001	55.855593013243166	53.44502328438548	41.18433435769789
-0.07500000000000001	14.598440060131779	45.42021386510408	41.049781080870474
-0.07300000000000001	52.486360781589525	42.866638820316595	40.882608702929225
-0.07100000000000001	-6.808974536198775	47.481515427346665	40.71118383879251
-0.069	12.586867012664982	42.30978165661177	41.67508887458023
-0.067	-11.80663480759847	43.89529963026085	41.37811838358962
-0.065	58.90772567074265	43.780183358729985	40.802659617899785
-0.063	20.93496166044595	48.83321235601077	41.28403397363325
-0.061	49.10290349302571	46.28345353007995	40.63065786672171
-0.059	-72.89293675538656	42.466968777496604	41.13627887640213
-0.056999999999999995	46.09322749460354	51.6926063880073	40.836960648058735
-0.05499999999999999	4.625275841663168	45.84509656626207	42.95745232842223
-0.05299999999999999	43.627856600281234	51.332521415129364	41.25240968875663
-0.05099999999999999	-13.281082632543573	43.54726345312649	42.178033577999
-0.04899999999999999	30.608595508851977	55.95907980272398	41.911940000523835
-0.046999999999999986	47.657577780579885	48.60233081031453	40.9478152128612
-0.044999999999999984	-7.069063546749632	48.22391890845381	40.39979004786917
-0.04299999999999998	35.686007443525014	42.36955816186637	40.791121770326605
-0.04099999999999998	-25.30126256128362	45.17729489238699	42.186049845260946
-0.03899999999999998	7.648036244090051	45.85189739594959	41.04904029717541
-0.03699999999999998	62.27093887090085	47.40089291239276	40.36048064922001
-0.034999999999999976	16.42477489238736	50.18953705307879	42.08660025584089
-0.032999999999999974	63.42344380994014	40.94572439241907	40.47204210683738
-0.030999999999999972	78.94866563451508	48.226895793686246	41.85446856761251
-0.02899999999999997	97.82715997386227	46.020553676141766	41.11638719917948
-0.02699999999999997	-38.07707148606454	48.003858161049514	40.95056741586679
-0.024999999999999967	1.0132842425125688	44.058520037887796	41.24701595078933
-0.022999999999999965	87.2904072857228	44.23500170287542	40.49389068550293
-0.02099999999999999	-36.290180412734685	49.93550480618393	40.92086453520271
-0.019000000000000017	-71.06477303742142	42.16867716343802	40.694471869609245
-0.017000000000000015	-131.71393156352627	49.90140896407742	41.04854478506186
-0.015000000000000013	-167.06123415177743	45.86703527883778	41.09010370082929
-0.013000000000000012	-255.44812676503437	50.33718204895791	41.15296579351464
-0.01100000000000001	-201.23838986507712	45.12047323163474	41.194306718668265
-0.009000000000000008	-239.19866247323895	52.87621270015508	42.05670770909314
-0.007000000000000006	-294.90977336044114	45.02335965362034	41.055261284743295
-0.0050000000000000044	-254.75761947280074	48.57437663078025	41.49487946368393
-0.0030000000000000027	-171.2727706307815	50.66411561642368	42.43762898836401
-0.0010000000000000009	-312.41298008244377	49.83298966129513	41.70951438871646
0.0010000000000000009	-234.6230711760544	44.90501043348304	41.18847760246916
0.0030000000000000027	-293.66653151363664	50.1756434424428	42.53547755293647
0.0050000000000000044	-273.36810406697333	41.24867365962974	42.65483720638832
0.007000000000000006	-238.43429304248875	42.049498135531195	40.77807081801106
0.009000000000000008	-243.35594661639703	47.06186798829109	40.94360907039105
0.01100000000000001	-171.1373068383759	48.848276549160275	42.323348355804036
0.013000000000000012	-194.20046356521948	45.115509855819255	40.78438610796537
0.015000000000000013	-192.34006651602797	45.43141735510345	40.821704585715786
0.017000000000000015	-86.34655901629262	50.065284571499305	41.94372662672261
0.019000000000000017	-21.661400193440095	46.85465406015896	42.47064613943778
0.02100000000000002	-71.52567222024064	42.35930213890324	41.373628864483926
0.02300000000000002	64.98694847389963	45.65584982033312	41.46219537101715
0.025000000000000022	9.39495055751749	47.58109766134759	42.00939262321094
0.027000000000000024	50.709475109211866	47.183937251252	41.88126566372453
0.029000000000000026	49.684605629263245	42.00194785397059	42.01213279075803
0.031000000000000028	-5.57117129984519	43.237389975043506	40.68515334752281
0.03300000000000003	-15.175105837594849	48.082571308276684	41.239063565570795
0.03500000000000003	28.88498537756412	50.61740634338981	42.72956823654867
0.03700000000000003	-45.27149869393288	40.892757747970215	42.22730826574307
0.039000000000000035	33.81754445519469	39.090074853947385	40.20185808054221
0.041000000000000036	-13.656192517474963	43.858466693103544	41.61226256148616
0.04300000000000004	-39.26512463137133	47.59642749095844	41.30816540533104
0.04500000000000004	17.296260219623605	46.56606128778108	41.12860561063965
0.04700000000000004	39.36555520800411	44.22505068247413	41.62885427213334
0.049000000000000044	11.826226329780809	41.97636034437549	41.953177821182706
0.051000000000000045	16.85026576692117	45.423684568627124	40.91887451879078
0.05300000000000005	62.40074637298143	46.7790011287167	41.32618639823075
0.05500000000000005	-15.432866401154932	36.97233765876628	40.69219746921466
0.05700000000000005	59.13911596655552	42.660451297160314	42.292126270578194
0.05900000000000005	-95.1242130606822	45.52654679489152	40.83072552204457
0.061000000000000054	39.71211332642888	39.51580923332232	41.104708969894055
0.06300000000000006	-60.243285057270946	45.940402429808515	42.25429582666372
0.06500000000000006	4.437732656681348	48.77854484232272	42.35252428968875
0.06700000000000006	-31.74545511464011	48.40292274408658	41.04000631589217
0.06900000000000006	-6.611103408049601	47.83678788298787	41.45639732021196
0.07100000000000006	30.04720133237271	43.736240783865455	41.65537169205329
0.07300000000000006	97.73963607240255	44.11182649158011	41.96733414710414
0.07500000000000007	25.73457445298466	48.495823471752615	42.54070038509939
0.07700000000000001	73.11507016027896	47.162537104819776	42.01515332535505
0.07899999999999996	-9.768380409003186	44.419481713174896	41.48867073231947
0.08099999999999996	-7.755877237447528	41.06944321704747	42.2304524682663
0.08299999999999996	-5.5688244920970575	48.582134026227465	41.12392233291895
0.08499999999999996	37.90488620003529	48.81504687109813	40.56301789679799
0.08699999999999997	97.60717867846047	48.214528711414246	41.353330948908265
0.08899999999999997	31.31005055023728	48.26942749766007	41.98812929364888
0.09099999999999997	-93.85310514709033	47.51061272363293	41.58097915482449
0.09299999999999997	-98.36277353891809	49.09974514653525	41.74808895288904
0.09499999999999997	-22.884354115570993	44.51219202799684	41.97465880518944
0.09699999999999998	59.63983071288759	43.383813413563324	40.04916796666018
0.09899999999999998	8.1571371679523	52.181056471274864	42.14370698880603
0.10099999999999998	-10.382740688763548	45.31600942976654	41.733835824254875
0.10299999999999998	31.933009743356777	47.00226338352452	42.458832815339825
0.10499999999999998	-8.017613525646006	48.618368854925166	41.577445964360734
0.10699999999999998	46.99822472176152	45.6364203743417	41.54222611302774
0.10899999999999999	12.530509081454255	45.11519115989432	42.25144306066666
0.11099999999999999	-3.8839744247454178	50.421918307116236	42.238271226175975
0.11299999999999999	14.84667115447813	51.60676325842554	40.73588944265824
0.11499999999999999	33.2796649971101	43.86161090048262	40.87542997439327
0.11699999999999999	-8.8636710418033	47.98178255428693	42.217757894808216
0.119	81.21979710096205	48.467203864834524	42.027604060460284
0.121	18.424878037048842	42.50204861682288	42.880321296062334
0.123	-4.192259158930511	53.1780372714453	41.76569848225441
0.125	-21.661125912064705	45.99691213610476	41.4554830289365
0.127	35.00904515907344	48.90318140413058	42.06059220961106
0.129	14.666973336963096	50.085085031447115	42.007852506990886
0.131	-4.604482656156428	45.84579187295338	41.49164202124758
0.133	-5.900057285956883	44.65593461886214	41.28075942699258
0.135	27.98743710319407	47.04701921812705	41.77817440066438
0.137	22.342971363054076	44.60696504967481	41.74953054776281
0.139	-41.8034333995454	47.23327301092222	42.403742008283544
0.14100000000000001	-43.364045879679125	46.78602593169335	42.517246057671805
0.14300000000000002	-96.49219192098269	39.69477112456464	41.80873657115947
0.14500000000000002	83.28992254158507	46.03939449580649	40.90799214421343
0.14700000000000002	34.70486980905463	42.14686004461615	41.26998451661822
0.14900000000000002	7.3681506265188546	52.53005614134721	42.14108499902466
0.15100000000000002	44.95262641657227	53.075149030908605	42.266654144990014
0.15300000000000002	-55.75696469395375	45.10155160304692	41.22565892369656
0.15500000000000003	30.802068228474866	51.115409508723786	42.801643423395625
0.15700000000000003	-2.6672455476495216	47.067824782585696	41.136395070102786
0.15900000000000003	2.075118928912545	49.24504222270336	42.84627677792623
0.16100000000000003	57.10365056854627	45.70237742351951	41.79484584448181
0.16300000000000003	25.826842235288083	53.26933983138261	42.71514251652492
0.16500000000000004	18.644829264502505	55.87123979944567	42.46654526563865
0.16700000000000004	-51.71148764426814	45.59951522468776	41.45341384052616
0.16900000000000004	33.5118043126581	48.25469748639554	41.85077057538988
0.17100000000000004	-0.15601609648641102	46.316293923437776	42.43808096992425
0.17300000000000004	37.97082721801459	47.95386747147644	42.60941116016691
0.17500000000000004	13.978587672269782	47.847670772551794	41.812317739496926
0.17700000000000005	37.21302378689728	37.52135820328049	41.03196535247595
0.17900000000000005	-27.02636721030327	44.563045426312684	42.0327033645513
0.18100000000000005	54.4945868288238	48.21590767599108	42.37709142133062
0.18300000000000005	17.180368178548733	47.352410707323564	41.47092188359962
0.18500000000000005	55.54614962566262	45.98977904904823	40.98624972523373
0.18700000000000006	17.52621688932976	43.30125244486135	42.31019153707029
0.18900000000000006	59.28134858201872	46.881340473529804	40.795176794609226
0.19100000000000006	-29.470358061667312	44.358429171619356	41.39083627597759
0.19300000000000006	33.97688129114229	48.32084422245696	42.053843772249415
0.19500000000000006	-11.362700014228011	50.67948805311563	41.9799244873682
0.19700000000000006	3.969033749218198	42.90929857503475	41.163936997650225
0.19900000000000007	-4.109903022131434	48.46043253500932	41.2382950115692
0.20100000000000007	49.29174997436725	45.503871585424186	42.98517124353925
0.203	53.828034761504995	48.41161067802372	41.4233616177228
0.20499999999999996	-42.57467373269819	46.8327744699832	40.871596538966486
0.20699999999999996	49.46314522102924	52.372892480457025	42.08391940872466
0.20899999999999996	64.09516327399167	44.77462590321308	41.37885870600409
0.21099999999999997	-18.524507329087392	45.86637668114779	42.66209026739371
0.21299999999999997	58.178270845310465	45.22703109159242	41.65005036143751
0.21499999999999997	71.16408536478325	46.09109508484881	41.01799132611171
0.21699999999999997	40.59163278791189	45.219257084705	41.9739810714779
0.21899999999999997	57.2272454559819	46.89570511353909	41.26928784120865
0.22099999999999997	5.142616985365223	51.51037156183384	42.54072174433583
0.22299999999999998	-1.8823719761806856	43.442207468721904	40.946962177150304
0.22499999999999998	-23.165965341687134	46.925168432295536	42.75184271526156
0.22699999999999998	58.134630958939226	42.98046165366524	41.871803190382906
0.22899999999999998	64.03680264743805	43.99392058593498	40.9434785784631
0.23099999999999998	58.27031109251202	43.767887318019824	41.88942532672086
0.23299999999999998	4.887129312347582	43.1405771498354	43.95244626255812
0.235	84.34656821298958	44.136049260411006	41.48725789005136
0.237	-39.796498932820334	48.455738916965146	42.251959564832106
0.239	7.405518257952437	47.05663350370551	41.98066692693103
0.241	-49.47521867293414	40.7671194393482	42.338129071450865
0.243	47.42091232667889	40.05622268843261	41.85546703052118
0.245	-13.331207402877965	47.65720991159303	41.817777635387685
0.247	39.286192447640644	46.6294966081109	41.00401219347277
0.249	-21.126424692430312	44.240458247127904	42.27405585217715
0.251	-0.6760422118778919	42.34288125255022	40.77624004084528
0.253	28.25843251885729	43.53473029516261	42.62111332509896
0.255	100.13701122146834	49.17804144792711	41.74529942816421
0.257	49.9823396640231	48.06072126067498	42.18691230536435
0.259	32.589948669281554	44.15546444951379	41.870863260453525
0.261	15.832551564454178	42.400865012584	41.5812069591726
0.263	75.70117322219794	44.63284537068247	42.67676398142687
0.265	81.33428854817382	38.27056349201234	41.403523429631505
0.267	-18.153624896322107	43.787098790326446	41.85917673740995
0.269	53.59688701211951	44.92695139691159	41.386184279701965
0.271	6.237479995618855	46.14221578016415	42.35555271804547
0.273	-2.4477901715558303	46.92900976264996	41.59558183535522
0.275	9.774543896501342	47.71569449161065	41.35401465289332
0.277	-27.21176863529351	49.96515000465839	41.6290459553612
0.279	-6.044444889719003	50.8894584064298	41.79640989650706
0.281	0.8526198997937939	46.150695179217564	41.627009356328315
0.28300000000000003	-21.58047095934812	46.2266285319606	42.51771073056262
0.28500000000000003	58.38816379011291	47.787284799181116	42.0747116192887
0.28700000000000003	-6.800283759877956	44.34142934794166	41.4434714938178
0.28900000000000003	54.497379574192095	43.831993980969344	42.150675816571834
0.29100000000000004	13.016512528718494	50.71834145757879	42.5248621516128
0.29300000000000004	27.285195886017632	47.92908097869307	41.63650333837456
0.29500000000000004	-39.96907349590462	41.36565169181657	41.02261500696973
0.29700000000000004	41.30369614419038	49.728453704290146	41.31883772276698
0.29900000000000004	84.25764162534044	43.98496489323425	41.72315617195772
0.30100000000000005	-7.712113847757607	44.75447249494038	41.88283919668268
0.30300000000000005	-60.46118469316131	44.445813337801994	43.27317563543298
0.30500000000000005	-12.23359258728518	45.14288190537767	41.420630578736535
0.30700000000000005	-37.93126261608659	48.683488514086235	41.183871953158906
0.30900000000000005	-27.357347825884837	51.01049030793983	41.92030897558035
0.31100000000000005	59.76206391977712	44.4850532812123	40.34436459854183
0.31300000000000006	19.30894108603809	47.536335436701	41.357521054526444
0.31500000000000006	28.792850703895922	51.28313517671175	41.85872569503478
0.31700000000000006	19.0864160238835	48.999766168158146	42.63139661145665
0.31900000000000006	71.2058552203576	52.53913265426047	41.47513555175151
0.32100000000000006	36.01861442947829	47.18726909280096	41.6085661607991
0.32300000000000006	114.63771786646149	46.104414201098045	42.02709864899442
0.32500000000000007	-5.229686773855491	47.565033236660256	42.06478382181268
0.32700000000000007	18.198545957526235	44.6218746362181	41.19916512028417
0.32900000000000007	-14.015808979639388	43.09567616706234	40.61038473540348
0.33100000000000007	16.859748932285257	40.487862106044496	41.97010236193035
0.333	59.77252993782933	48.00453587571806	42.032325659833916
0.33499999999999996	-12.23207358935774	42.60875873540238	41.36050405403555
0.33699999999999997	21.97106033641205	46.20613604578778	40.74819807998501
0.33899999999999997	45.334477849934274	43.727312595647774	41.43984033149346
0.34099999999999997	9.754648952364775	50.295747845715184	42.35283333432138
0.34299999999999997	-18.584515194763895	43.856728186109756	41.01050903329596
0.345	10.73428370657048	43.15785666826494	40.05350244591067
0.347	1.1372215926730433	49.73533470755579	41.88605639907088
0.349	3.0142452729364777	45.701514873650204	41.07330479621493
0.351	57.58210307482692	48.14814888622043	40.80714127071664
0.353	101.3758737140602	46.67364501682942	40.86836254443617
0.355	25.483627231759343	54.222442235601626	42.397493435799255
0.357	29.090548399279825	47.89975476571374	40.68068583437234
0.359	-22.69048877634461	46.56260845804682	40.45932123366621
0.361	69.16148432067892	47.06188180358719	41.52437814373584
0.363	4.323231981961939	39.95010379421344	41.727392429823404
0.365	26.2804231561109	40.37573651548525	41.84860376565614
0.367	8.294352656035286	41.60082932684697	41.054282372807656
0.369	47.78138728100956	46.26969518985879	41.47073079376178
0.371	0.1453614308921658	51.35132128879327	41.99294915114984
0.373	-6.313039772165574	37.833359282498	40.55969084737355
0.375	5.599340240358686	43.3922663511053	40.552364750372945
0.377	-56.555109543166004	47.37399923076631	42.74634354158651
0.379	65.55669822594368	41.638269644506025	41.82961525029634
0.381	-28.760485341838837	50.91961420540935	41.208600180244936
0.383	110.42508546532659	47.82482490304829	40.38313086818702
0.385	-1.6283659316496113	45.48985541503418	41.31645212640969
0.387	-8.174417629458475	47.19794866074106	41.14357665688258
0.389	35.464581113586746	46.08858948683775	41.64229024320964
0.391	33.94509158538561	47.34500427904819	40.81888235072827
0.393	-3.7425512119382276	45.88499668097951	41.802613225279195
0.395	79.29396998362925	47.246728371970015	41.68916853686317
0.397	-0.06578062372586402	50.12729103289275	41.41728141792727
0.399	39.40444625638584	49.32231797290668	41.34851029621526
0.401	-5.549739879096016	46.599691158833224	42.343430841594305
0.403	-44.43020964961519	53.00245284799284	41.14203197484703
0.405	-35.17575416933649	40.31088947209735	40.35498660469287
0.40700000000000003	-32.54597297930317	47.84729132920959	41.747815930076506
0.40900000000000003	79.18270660045579	50.176888198004164	43.242493557259
0.41100000000000003	79.60618807056896	45.5202536989765	41.20590975106756
0.41300000000000003	-17.883733479218122	43.59610207632312	40.65609214475061
0.41500000000000004	101.0788405650942	48.51341222805944	41.19777326532685
0.41700000000000004	-56.222042578824016	46.94801369945429	41.94992646247366
0.41900000000000004	27.04845947287815	44.12611218262614	41.418549952147046
0.42100000000000004	-17.48090407904801	40.20196145518626	40.23938283518033
0.42300000000000004	59.71097803003644	48.93422022672991	42.32303875207196
0.42500000000000004	-62.94365450443262	46.40628291108709	41.72273096296953
0.42700000000000005	1.0498360369926019	47.829113289283995	41.26207243033894
0.42900000000000005	47.264584439155044	45.08430126053217	39.88132640341921
0.43100000000000005	67.76874975389369	49.47507961975055	41.921408937866246
0.43300000000000005	-28.270191041901427	44.629705558891445	41.43705426669971
0.43500000000000005	-25.41691977497873	45.85099343187049	41.67695349173646
0.43700000000000006	-17.46531535573581	44.16698395740845	41.060939851477045
0.43900000000000006	25.819726318987435	40.552885891235874	41.90679034047381
0.44100000000000006	-7.062471942043125	43.49030135722697	41.57497594294975
0.44300000000000006	25.327225329441205	45.32927483798958	40.35135186191285
0.44500000000000006	50.63791565285136	40.52306226301398	41.31216238511181
0.44700000000000006	-9.262338189541808	42.72370781570281	41.1094732945548
0.44900000000000007	-12.088669071763647	48.452664370259534	41.07180173992044
0.45100000000000007	105.84530749913057	42.255196891185854	40.725904496761
0.45300000000000007	0.9038830386387531	53.354860396083964	42.17205112502926
0.45500000000000007	0.5711636519301067	46.97672735336787	41.49348922053979
0.4570000000000001	41.67838425073178	46.21365205436877	40.954472973435045
0.459	7.967639499506518	45.036714432135604	41.18359483433665
0.46099999999999997	80.01633644738604	45.16965389899446	41.35604440529753
0.46299999999999997	-47.495061509139624	46.96988909943084	41.10758453033643
0.46499999999999997	38.109890239779176	46.324151731615466	40.905896942007224
0.46699999999999997	110.4492965513515	41.782117942946826	39.51253489846599
0.469	-7.770961702902035	47.58309445639716	41.20801054296544
0.471	-40.474410155533214	44.17298186407995	40.76874125395978
0.473	51.06502031515525	48.2348972632533	41.241466044572704
0.475	40.63125906439424	47.427109405178165	40.28638324505912
0.477	32.44888640363541	46.93783456761375	40.98807575290132
0.479	16.61823929510753	47.60977222619304	41.4417850174189
0.481	-35.91493829835368	43.37028791019494	40.760941575439176
0.483	3.723010530309878	47.26344271711654	41.18490468044069
0.485	21.73372271419005	44.62047264582015	40.98307085712475
0.487	65.08332976751241	40.963420524980165	40.48934469309538
0.489	14.334753375644382	46.29980952091887	40.31381312391414
0.491	-17.423264368932045	49.117370070540744	41.560470959592735
0.493	52.718654214301	42.33949480902091	41.10459977810751
0.495	53.14870067874011	44.31773203585351	41.65220384728182
0.497	-85.06433652455402	43.244603911681196	41.2366954076846
0.499	65.25443989091606	52.04430890650698	45.680773438191984