-0.499	-41.49130447195226	154.97964586240556	41.968487768721324
-0.497	28.649412707082433	142.7985721077916	37.363150000760484
-0.495	-156.35532990521116	128.33337697175412	35.334731721677116
-0.493	43.75923147792449	147.21190174703307	37.437811652618755
-0.491	-27.62103950226802	140.29820423081355	38.64645947731761
-0.489	114.68852475138291	156.73874372166847	39.02435633594047
-0.487	209.2354991942713	135.76716814714823	37.08798376108809
-0.485	22.656760598538384	150.5896488520962	38.832964419637165
-0.483	117.66745518415611	148.6264390718301	37.17485924835516
-0.481	-95.51511274374924	146.39086877056593	37.7056548423793
-0.479	-68.86808087824825	153.3713240878572	38.48583945233151
-0.477	-161.4701538619201	127.0263515909968	36.271390483687746
-0.475	-21.60895733305246	144.76553876603393	37.610546539664746
-0.473	114.31750623480674	135.45170062351525	38.942875649689256
-0.471	28.07930547832349	148.62049245116503	38.571948724756176
-0.469	163.47069546318593	136.47609440887544	35.81485239819948
-0.46699999999999997	49.3391947957722	158.98882618248723	38.387342722070095
-0.46499999999999997	6.605266012593702	138.44523927381616	38.30619596146534
-0.46299999999999997	41.84155168207582	151.6065007945515	37.65579302279689
-0.461	-12.023338139877104	138.10730204987937	37.583921915633695
-0.459	48.436749000124735	140.42655772491213	36.22102055175281
-0.457	-20.02353152030789	133.8775329259987	37.672434967576834
-0.455	11.313141637714352	149.13493552367387	37.99258093321128
-0.453	-186.84896062126643	156.28088718832595	39.727154237437844
-0.451	81.61331808764771	130.80626739695631	37.729328475542324
-0.449	9.566328342591746	148.3315821156078	36.633864592149585
-0.447	5.232836400859142	144.60511413860223	38.127485209543615
-0.445	-29.607405073073245	150.25845715532265	37.34302181687135
-0.443	-27.250582121052247	140.0269126100827	37.09369333177019
-0.441	38.69797014943721	140.10412266466338	37.847936259489835
-0.439	-12.985964503275937	136.7279630533553	37.75505519846503
-0.437	142.23057374063154	141.31387984401997	38.186746091504105
-0.435	30.390013588066367	142.78878869541154	39.31400575687948
-0.433	98.42914080793186	149.9643577481123	37.87240837267771
-0.431	96.88333755675238	153.59502449070303	38.50875717765268
-0.429	70.5145905679494	141.19449904518464	38.62367837371534
-0.427	47.27041065044624	158.34646687705526	37.78666113805695
-0.425	-60.08547333358205	143.95692938797077	37.58499062109385
-0.423	-59.996860180877576	144.9640338836374	37.823980489473904
-0.421	9.251793608333614	126.7900159024337	36.180630453125225
-0.419	173.78718916494228	140.79145032286735	39.08567194703904
-0.417	0.6584970511092081	146.53455693885806	38.50969731795137
-0.415	23.909835636715115	145.11487383677937	38.595137040906636
-0.41300000000000003	205.86018937529536	137.59993280075952	37.46337738975605
-0.41100000000000003	-290.2018379484783	157.11949643386046	38.737835515264784
-0.40900000000000003	83.18809324525667	157.05884771850398	38.072670246398175
-0.40700000000000003	-182.48582114632762	143.14038715962022	37.04801684559458
-0.405	-119.91836416336277	151.71554285243042	37.89636266466388
-0.403	-23.99343373371554	128.1773561904487	37.11850767333165
-0.401	16.15024786083552	142.4443953997734	37.12238317790162
-0.399	-50.939380754844166	143.290189988255	38.06362310978218
-0.397	17.436127702330495	148.9537888467886	38.228954535980414
-0.395	163.5520677194524	126.5534793171622	36.35892631510753
-0.393	-101.9531993846634	164.21827043787258	39.13817564813324
-0.391	60.155322029187275	152.06250410284815	38.11981820660705
-0.389	92.38213554985109	148.25355844179927	38.70478851257862
-0.387	-17.98529273655536	137.4553177127166	37.842700662937986
-0.385	115.35851812793929	142.2602913418682	36.22022123165539
-0.383	106.45788222185537	134.1426462054079	37.53769719663685
-0.381	5.066229530115152	142.73367742216024	38.163607504871415
-0.379	-208.19713172737232	154.73704999021479	39.66941261927027
-0.377	189.2367280817986	137.91575813413436	37.917117535109426
-0.375	-50.436420767518975	163.88014327231244	38.33864417912162
-0.373	62.807589234825656	144.90023336831894	38.50859973200843
-0.371	127.44989696455988	155.15848454399864	37.32545959842648
-0.369	-81.21487049428389	145.73192384250655	37.977486499247284
-0.367	-56.42389788385049	139.31905989429453	37.61624957320483
-0.365	-79.62858066934419	132.3840244252749	37.27577529824724
-0.363	115.48192913157784	148.83098485517792	38.043188025706264
-0.361	-62.787280995846295	133.61590482665608	37.79444532181145
-0.359	23.190786132776253	146.6236302645093	37.06359561229051
-0.357	52.89197322033701	152.5218196095042	37.62798570764781
-0.355	0.6068645803658512	152.86024690600323	38.25011982660511
-0.353	58.589836964717534	157.69542497049991	39.24733890664263
-0.351	-48.5978476454374	145.1303093667148	37.38778642895495
-0.349	84.6460738852528	137.17811727040527	36.67881567293376
-0.347	-32.23911386562861	136.49833155891028	36.727477750096185
-0.345	31.02483918393517	134.7551554158602	37.40191992092779
-0.34299999999999997	-123.9741644577519	142.8945919778286	38.45844078234496
-0.34099999999999997	-15.053885155769109	148.6148828790476	38.14609778179222
-0.33899999999999997	125.69696651021367	148.50222236432987	37.33032092450262
-0.33699999999999997	-27.87973518092457	163.9676140136948	38.816801152416915
-0.33499999999999996	15.89910961530272	149.6125909019642	37.44124470084942
-0.33299999999999996	-92.98090592979591	146.96521623660755	37.83831650982132
-0.33099999999999996	62.94518629035295	147.864556899016	37.31904728620575
-0.32899999999999996	42.98618488807193	128.2802942727561	36.89348220481586
-0.32699999999999996	43.45735841493337	136.27062491026126	37.39338143085027
-0.32499999999999996	38.422745396893276	136.13233531690366	38.144695218630524
-0.323	-208.47787574396204	132.81798817726445	38.67293218463064
-0.321	103.1324210258866	139.45504516762114	36.127135957945804
-0.319	-105.91184825348154	155.10609377522303	38.30257726180843
-0.317	-24.05339071087642	137.8886248774586	39.1866860913992
-0.315	102.359177216238	150.7986697909939	38.06772190081817
-0.313	24.27811536676039	137.07044953985056	37.54084425584989
-0.311	-6.584360413564028	135.4267796648342	35.86197932504115
-0.309	90.47283487895186	124.94790600051499	36.04247525467273
-0.307	44.072835076347516	143.7640391266902	37.8982532942171
-0.305	-97.03090048618357	137.02764070924087	39.138896506026
-0.303	-5.786736181456753	140.63620039626082	37.307162605229905
-0.301	-53.324116467634575	150.62280912493236	38.07593225531712
-0.299	-145.30028433135112	137.39840548617252	38.55487785179366
-0.297	67.09718222275285	165.3482262099219	38.52379065913147
-0.295	29.88282498028738	140.18134965346627	37.834587621910075
-0.293	-20.220691918759748	147.17129123731934	37.74900609398065
-0.29100000000000004	-2.6188760253731402	117.33999783041237	36.974755755546354
-0.28900000000000003	115.81210053335234	135.87427921210096	37.487292384642274
-0.28700000000000003	14.806781015064274	137.09192582750998	38.486012917875165
-0.28500000000000003	-24.977921818214455	140.39785093834567	37.52425856241003
-0.28300000000000003	15.12905549505561	149.1035786868725	38.127108970988886
-0.281	-25.11261826099176	145.705722373151	37.93739282961291
-0.279	148.74692173938442	157.9597852225201	37.90611131208428
-0.277	1.8685979681354326	143.09482803201402	38.330914864176734
-0.275	59.09190925268426	137.9563971925886	36.67748611326511
-0.273	-40.41462757276015	124.7958218042426	36.16287350645968
-0.271	65.88898031045787	133.4726692140624	37.73654051657581
-0.269	-108.79030923105492	138.51002227602336	38.59825190994296
-0.267	-118.17394493252031	159.18908479999124	39.1525536132976
-0.265	182.4707438666806	142.87001610295692	37.2651726421218
-0.263	-84.64370959082589	169.1012618095974	38.31771251092776
-0.261	156.08249212761825	143.50090595797107	36.83138840171126
-0.259	-19.776359993062265	139.44961862413453	37.26784106387732
-0.257	74.24766005725836	139.94256831191578	38.011768079133816
-0.255	60.16370262784676	136.04451317573796	37.315455282652636
-0.253	7.557241085365263	124.96234025533543	37.466991388298446
-0.251	128.30881900116609	131.87284309118638	38.73695468070784
-0.249	-73.27350870156567	138.5759604910305	39.04480556658973
-0.247	210.25190335932643	135.97165462368065	36.654406750355456
-0.245	-72.27044150204253	171.23383124472593	38.909882304450505
-0.243	-44.24280134918135	144.3956350989016	38.46296647576304
-0.241	30.51963613631692	142.8326961962435	37.95576434747172
-0.239	43.37079503047292	141.633469946896	37.330298720629564
-0.237	70.52593269096796	143.65127897788514	36.69332522308886
-0.235	-0.23668344928395868	121.77607626191454	36.41731182268205
-0.23299999999999998	22.16833374668603	146.19787629692536	38.25765550933422
-0.23099999999999998	-92.53023721489396	135.66358704982045	39.14656348697565
-0.22899999999999998	46.86815198340355	134.17377687719073	38.68026387552487
-0.22699999999999998	-31.336026340977874	160.99343158055004	38.02356547774912
-0.22499999999999998	-74.66272840028765	152.17884424478	38.022551296745704
-0.22299999999999998	136.01718979328047	153.98845285479058	37.21406578764297
-0.22099999999999997	10.356890293827803	133.33740632054295	37.31574468552412
-0.21899999999999997	69.57285043096562	142.39208068809072	37.52379962139441
-0.21699999999999997	-98.57174190430752	125.10257249506607	36.9172254403625
-0.21499999999999997	-34.18349320094549	135.16983911498713	38.097047646348074
-0.21299999999999997	-46.05453952943872	135.33954873518732	38.140411681127176
-0.211	-8.082080365179323	143.37273065404173	37.73614093886052
-0.20900000000000002	-1.8091091922300961	155.86907515169204	37.3361646904069
-0.20700000000000002	-75.17019352754062	147.92089900879137	38.262857644294535
-0.20500000000000002	6.313747302311157	157.12019660190572	37.77487665505781
-0.203	0.9989543821031788	137.26507042958707	37.2978738233708
-0.201	62.14914723878806	131.9729888716223	36.93066696493411
-0.199	66.85969369568667	137.6824649833833	37.524840750382445
-0.197	108.94875304257035	130.7936351958773	37.31373248924412
-0.195	-46.68122222806215	141.42908844025519	38.067942942939275
-0.193	-22.039192549727638	145.47859494170618	39.74347667323332
-0.191	212.64112679153513	142.92502173542323	37.396015310152976
-0.189	22.619696898873443	167.26351725878465	38.272424526717714
-0.187	65.01050637641725	144.28909473770008	37.08932055507375
-0.185	-106.69846806954375	144.64341436724087	36.92799816765914
-0.183	7.323382012147661	140.653491768372	37.35027017114956
-0.181	-11.807721838175134	131.60818548014777	36.748617231540926
-0.179	-49.97829686503863	129.21655110505202	36.805573649149295
-0.177	64.30585870420558	133.17917957633173	38.123553616576
-0.175	-100.31290776568724	141.64759665126044	38.396259649618734
-0.173	159.04336183791833	138.28259838207293	36.15976860267045
-0.17099999999999999	-113.33231596299953	166.1861638356767	37.866162148620404
-0.16899999999999998	27.835014372090683	139.13838612132676	37.16353451070034
-0.16699999999999998	-51.96055872502825	160.937862721758	38.92468595518154
-0.16499999999999998	-17.861191935697462	136.96719664230224	37.11089440177734
-0.16299999999999998	21.13654780755425	135.00130987221786	36.038236744534004
-0.16099999999999998	-28.744509635414417	130.7828476758047	36.19938611583912
-0.15899999999999997	-77.38827871994758	147.43683964568754	37.64353104238839
-0.15699999999999997	-164.18425178366113	130.89235830607316	38.470020157484385
-0.15499999999999997	90.00936199932141	144.58061137835955	38.63165579829306
-0.15299999999999997	-84.39402671867046	160.5079325579104	37.910737049579495
-0.15099999999999997	-49.80929572906412	137.71857234746048	37.31024226642909
-0.149	17.408293738085945	162.32916051586375	37.380701005896434
-0.14700000000000002	37.175020159541106	138.56919619506678	37.33912317928773
-0.14500000000000002	-29.07139855790053	148.47707598046523	38.24353806097757
-0.14300000000000002	-14.678413791102685	129.19034096428453	36.955070640553416
-0.14100000000000001	117.88844850468827	147.6131141922093	39.27412980640837
-0.139	-93.18840177807708	132.14763403622857	38.42322790170118
-0.137	6.138533081401221	142.80179966049855	38.371638274574565
-0.135	59.26981721526836	146.57644793634444	37.50120534623433
-0.133	-138.90921566395153	162.29371436596284	38.17001849917764
-0.131	-4.050427902746456	151.6557929560012	38.2740908141457
-0.129	-72.14495151430799	146.23855505519188	37.70320809912626
-0.127	-21.83288878943035	138.25823205648257	37.0704903083458
-0.125	74.90159357281811	127.83290397071586	37.322404656190166
-0.123	19.20317244330505	135.49780563634616	37.0278626013712
-0.121	-197.29275443913787	140.27862876842192	38.78201244541745
-0.119	-127.75442671086878	133.32069033655844	38.420369186903486
-0.11699999999999999	158.7918304404301	141.8797689527877	37.69681261662112
-0.11499999999999999	-142.97084325887167	172.79270515325547	38.308389564683445
-0.11299999999999999	39.93171625316094	143.5926032959061	36.51980831898589
-0.11099999999999999	-84.86679065589087	151.77039937943255	38.13764457839688
-0.10899999999999999	-33.495142678585665	148.4766218360876	37.5310631312955
-0.10699999999999998	-54.404274408947906	133.13101948785146	36.8031635029478
-0.10499999999999998	-109.04492285213064	134.17131921159324	37.17713581690003
-0.10299999999999998	-22.692963380421816	142.09265492174043	38.296412231322805
-0.10099999999999998	-239.28232271763773	140.46135783138058	38.123983860765236
-0.09899999999999998	151.6067810460875	139.3066612769016	36.11596415601295
-0.09699999999999998	-192.39163383955037	168.88835626097722	38.897855528486254
-0.09499999999999997	7.4093627784321825	150.4801811650647	38.03037555847183
-0.09299999999999997	-58.3128107083386	151.6802351791773	38.41348384619451
-0.09099999999999997	-44.230563689184876	134.374434930414	37.32292589030894
-0.08899999999999997	91.73257599170981	133.20105126693284	36.97591320582438
-0.08699999999999997	-2.917016513781512	125.46076265288627	35.78348013628061
-0.08499999999999996	-52.2467424245443	139.54252586962377	37.347514998483014
-0.08299999999999999	-57.80051018966503	137.8187388201473	38.751525605130446
-0.08100000000000002	69.9810656037414	134.68519197404035	37.85178812484088
-0.07900000000000001	79.9232260728644	152.17349979527017	37.28771647806059
-0.07700000000000001	-134.19745599729805	149.6206925874963	37.42508538360094
-0.07500000000000001	55.63511953177169	151.58590477891985	37.910834742908555
-0.07300000000000001	-146.18788382769753	130.030218487926	36.72801702379407
-0.07100000000000001	69.54046728568919	156.19684595114055	38.112179775635354
-0.069	-89.91672711766708	120.26999011024965	36.63305130562058
-0.067	38.3766376719219	138.3470954303588	37.42743605293175
-0.065	-100.45283084381128	131.38437238559248	38.768587870563465
-0.063	12.512227299588119	137.0009902916579	37.71615349459687
-0.061	67.56127935392264	138.94035893042295	37.283894129243784
-0.059	-135.8137290753403	156.94792800659513	37.33441986062892
-0.056999999999999995	-89.76568493335168	153.82191691588469	38.08539469383325
-0.05499999999999999	-129.91937263839847	131.60183539321298	37.19857903857736
-0.05299999999999999	-87.36454211366595	131.19410532000995	37.63766695967285
-0.05099999999999999	-13.50825303791936	127.06277330775193	36.14549492345976
-0.04899999999999999	11.57034029120041	125.80533301987897	37.32082110685883
-0.046999999999999986	-113.23426523268677	136.8258068969435	38.25032483629687
-0.044999999999999984	-245.01014101974138	135.53623465580844	39.11982312229571
-0.04299999999999998	69.51472371730105	139.82490487288655	37.47510013503676
-0.04099999999999998	-93.07203447217472	159.15875161099103	38.06578005284526
-0.03899999999999998	131.9180831762523	143.78544054164567	37.54885688712401
-0.03699999999999998	-12.2927560339825	151.91008986810778	38.75176612217557
-0.034999999999999976	-112.9354148211581	128.5546626147648	37.343236526758574
-0.032999999999999974	-51.115251627709135	124.37695351554974	36.77749452316988
-0.030999999999999972	42.15200879142955	128.92990261940568	37.14451990021908
-0.02899999999999997	49.89418987078054	150.51054248361658	39.686985334212174
-0.02699999999999997	-151.2500543184858	137.58966036417777	37.44583943215333
-0.024999999999999967	93.33392895993775	135.7461804660343	38.59353780467784
-0.022999999999999965	-197.07104207533632	171.21555603264096	40.100449888818844
-0.02099999999999999	-159.5856684147856	154.22982940823798	38.53536519388287
-0.019000000000000017	-208.38269947620614	146.99606557469167	37.99798598614095
-0.017000000000000015	-393.20873546233594	141.35702012007283	38.63079670510668
-0.015000000000000013	-148.0265094540023	132.28044954957028	36.82475434194159
-0.013000000000000012	-407.9170563602297	119.84190767119146	35.608841903975424
-0.01100000000000001	-290.9748015538227	152.39198073043207	38.098803267131274
-0.009000000000000008	-632.4943767218593	149.86238622300135	39.88503866254455
-0.007000000000000006	-452.08983743327826	129.56869743199687	37.92305649798945
-0.0050000000000000044	-452.12180077480735	166.73991956262745	37.41655162936999
-0.0030000000000000027	-558.9778546415403	138.6773800877168	38.15768764968016
-0.0010000000000000009	-305.8541321238062	153.75436832013415	37.37259856630092
0.0010000000000000009	-493.8558511931035	138.55835299689372	38.119796164848424
0.0030000000000000027	-466.3336387121797	139.54193781845186	37.09199669413682
0.0050000000000000044	-563.5341028200625	111.85248728208839	37.231954237444256
0.007000000000000006	-390.90167663746735	135.92724269168164	37.42660808061984
0.009000000000000008	-510.4632144345977	141.2729068099424	39.936311333979425
0.01100000000000001	-312.8849991990146	138.79893288490078	37.36907370611018
0.013000000000000012	-325.306659782032	146.63538408965758	37.201748971568314
0.015000000000000013	-391.197453942671	166.20369079232577	38.48749807280808
0.017000000000000015	-172.44366053181804	150.52027797228897	37.67880906670493
0.019000000000000017	-380.11869036935764	143.24567359344493	37.51477988561678
0.02100000000000002	-235.28327198707456	135.2920212607963	36.963869091290114
0.02300000000000002	-118.47359636441013	128.02104545191932	36.150267761888436
0.025000000000000022	23.96200339682686	128.0674546880498	36.182390388863965
0.027000000000000024	-82.24208558516023	135.58889669656276	38.411938031345265
0.029000000000000026	-20.76333567013755	141.95992918772183	38.785374248221345
0.031000000000000028	101.53808045454404	135.30695106286208	37.33177567860246
0.03300000000000003	-61.20263617659383	163.00626722147513	37.77110273213119
0.03500000000000003	74.5438049976066	141.90023912798966	37.32607124202688
0.03700000000000003	28.02168943993877	146.50499101874806	37.77733057140684
0.039000000000000035	-3.1679834772146975	141.35901388275838	37.08922606638468
0.041000000000000036	-144.79614952978005	132.84179142453792	36.93635463263329
0.04300000000000004	-45.9840087144725	123.75781069315993	37.16128569043904
0.04500000000000004	82.38454091680225	134.40264375298048	38.02999391196368
0.04700000000000004	-15.90128909889632	133.27868022867503	37.75693083106964
0.049000000000000044	38.23813010361832	141.92978800487603	36.852506989223016
0.051000000000000045	-128.6113199827632	163.2494068429998	37.643575080752846
0.05300000000000005	51.87617962998381	139.32932008377813	37.80519877543832
0.05500000000000005	7.141591472414888	171.25315731011767	38.10031870642325
0.05700000000000005	-222.9498008219366	124.83318471804061	37.81664806677723
0.05900000000000005	-13.066933761907151	136.05764618944747	36.45333730347478
0.061000000000000054	-51.86708492788128	130.34324590962956	36.770462122658444
0.06300000000000006	60.6016772042306	132.09756021181744	39.11377537946934
0.06500000000000006	-27.582692854077884	131.90894409841925	39.22071057425254
0.06700000000000006	-12.055063168814328	140.3656933026088	38.384477759331
0.06900000000000006	21.60248338922699	160.78829083163237	37.73720731745562
0.07100000000000006	-82.85239822503065	147.3229265369593	37.94737981251862
0.07300000000000006	84.98095246722848	153.7646571411085	37.574097433351
0.07500000000000007	-86.30932099196187	139.01103964175576	38.041104798711494
0.07700000000000001	7.937059222307141	141.78452439697463	36.82560795562285
0.07899999999999996	-186.4225426364552	125.19383633476525	36.56696139001524
0.08099999999999996	91.49289843346509	134.1916108979507	36.98659273808763
0.08299999999999996	-24.57141860190415	141.3236066863751	39.99409624975886
0.08499999999999996	35.68768760819907	143.83914032518163	37.668168625644846
0.08699999999999997	138.0571529929764	142.92767794592638	36.897357652946766
0.08899999999999997	-50.74902075419274	161.95237691898254	38.10113449988738
0.09099999999999997	73.23348717958034	150.35069274118294	37.84898620462616
0.09299999999999997	-182.34762831859098	141.33737024551968	37.93763859599151
0.09499999999999997	22.05073260608259	141.71093315875447	37.78191671368972
0.09699999999999998	-137.16661436635746	124.73734227028206	35.92348794413662
0.09899999999999998	9.097715166550557	138.16569198809583	36.64295509525488
0.10099999999999998	-28.661431452414732	140.09661452767776	40.01826618916434
0.10299999999999998	-120.28813324271859	148.6724996279877	38.70087558357064
0.10499999999999998	123.83255883219313	130.55417218760158	37.63706305489395
0.10699999999999998	-207.49163682431958	163.4879100044557	38.2819059021393
0.10899999999999999	28.796345809878332	146.60912638746257	37.41973360776375
0.11099999999999999	101.10989973566298	158.0041710118656	38.91473907264471
0.11299999999999999	-170.43988576026516	129.67644686398026	37.19945762763036
0.11499999999999999	-61.6272647020466	134.25919403673637	36.598116464289966
0.11699999999999999	-70.06616995353099	134.10097180057747	37.17842073804473
0.119	38.099396790558515	145.0090416107218	37.902243159871745
0.121	-37.515184894587605	135.42363361377545	37.968715964676726
0.123	39.60261766700057	136.42752929740004	37.18441209678181
0.125	-77.29053827276732	168.57442300285734	38.372830601405795
0.127	75.18617830371	143.30698742268714	38.23443167891166
0.129	-57.978376335365844	160.5773978176558	38.36143587053832
0.131	-95.80345205406627	133.52650960823414	37.58979318679332
0.133	111.09272888631949	140.155842624299	36.59308690784837
0.135	-122.3671925167924	137.9299643088719	35.228638838128674
0.137	-16.619076346868766	140.93606810538157	37.839515605968444
0.139	-82.13308716764622	142.93307193192803	38.65572473098568
0.14100000000000001	55.06077075190241	138.99601379017903	38.78675056432966
0.14300000000000002	16.581549902028314	159.2953722287705	37.46904120352691
0.14500000000000002	-121.74084378824278	145.9211827869772	37.976435853498806
0.14700000000000002	144.83850296254099	151.15857398255582	37.96001815443363
0.14900000000000002	-95.07494622051915	134.4587506260575	37.17892266576965
0.15100000000000002	145.93805647189484	145.55573501627413	38.44307027850434
0.15300000000000002	-79.68306657524238	130.5188051254363	36.224692604780444
0.15500000000000003	72.77735711697098	144.83648266691262	37.817804734683186
0.15700000000000003	48.43750275607128	135.40172554190252	40.019659899893234
0.15900000000000003	110.0899829904467	150.61953655232958	37.824766024351646
0.16100000000000003	39.816327244812655	147.40736553466877	37.379645813995644
0.16300000000000003	45.273852799843084	164.983081591972	38.8649916150308
0.16500000000000004	44.55390720625729	149.15927567544395	38.79133465363775
0.16700000000000004	-94.29373018365882	138.3447798568736	37.78533444533113
0.16900000000000004	-1.9895844386441652	141.13282707581487	37.409006002667674
0.17100000000000004	-140.83825377764202	135.894969976602	36.06851365491033
0.17300000000000004	77.22752285577172	132.85259025046287	36.36655745346926
0.17500000000000004	-78.00743855435056	148.92883435126367	39.55141712389989
0.17700000000000005	-133.8563011619165	144.48963774260028	38.63923614831118
0.17900000000000005	-22.88369261616019	128.17395461257823	38.345041880978805
0.18100000000000005	-60.895718116182884	161.53710412509653	38.338743932305526
0.18300000000000005	75.41094383012314	137.47023559144108	37.877390678143904
0.18500000000000005	-2.660865610293328	150.06473530250403	38.26387091057404
0.18700000000000006	-141.69283931653177	146.88635152892465	38.534897340191435
0.18900000000000006	-87.02027186879846	129.60854131592583	36.40901512000578
0.19100000000000006	-40.881758320843176	131.4301445795927	36.4724992251787
0.19300000000000006	68.89105447949184	140.4449112888313	38.009150436491936
0.19500000000000006	-116.2578653068902	139.92427634642186	38.21618904045285
0.19700000000000006	106.57931306501389	134.80954401000537	37.32143074523981
0.19900000000000007	50.48670559348878	157.2814341787709	38.39449953031904
0.20100000000000007	-2.908014249181079	144.1833270759237	38.35472741509288
0.203	-68.46344786237691	158.06916138001577	38.41792088272778
0.20499999999999996	-93.60437625061112	135.98702854108322	38.47366537731712
0.20699999999999996	6.554431495553459	133.79531809225423	36.718202343716975
0.20899999999999996	-35.783015476908986	133.21125646973536	35.982970175902025
0.21099999999999997	64.54018507517922	151.67835801418445	37.779098152433946
0.21299999999999997	-191.54131719334444	144.26487522917716	39.11417861232504
0.21499999999999997	-21.24764595090589	147.62432586833236	38.77119294900547
0.21699999999999997	81.17822075703884	153.26056716047776	37.855909771299906
0.21899999999999997	-31.393830965620317	151.5150422051255	38.206230191695674
0.22099999999999997	107.81763321121574	155.64493642603733	37.93507461755454
0.22299999999999998	-178.27359112232432	133.39612859501312	37.427649598899215
0.22499999999999998	-59.77961225156481	142.80521750177022	38.48852730630787
0.22699999999999998	-128.55222489460692	131.32230691083635	36.58204712003558
0.22899999999999998	56.239275240566045	137.12202275304364	36.84521707104156
0.23099999999999998	15.596935268424872	134.4409660068369	37.99767727961021
0.23299999999999998	28.114179211335966	142.118389321356	37.624892415124435
0.235	85.38590895068587	144.05238099490188	37.141390756937504
0.237	-72.33302966092037	160.13543974746722	38.309200915363185
0.239	46.08578349807324	150.43095327774188	38.574819020452104
0.241	-88.73780065055126	134.84823482812766	37.51587453589156
0.243	-21.7966880763365	146.0398383164779	38.609577597452834
0.245	-80.43988204498032	134.59727947356575	36.31296470735255
0.247	38.88581263611357	134.64486063261415	35.69230271821668
0.249	-42.64933673880922	148.3165268360782	38.85475974059991
0.251	-193.83821948248948	145.52224128834084	38.984374380801086
0.253	220.0710439970166	127.36535407274101	38.35694647462615
0.255	-164.0084262831687	155.24176231342116	37.51118123560363
0.257	-40.93961531914658	141.31296757759756	37.30328718202916
0.259	38.690877300684434	159.28506289818307	38.737722649049026
0.261	-69.55524012453029	134.61959834055094	37.321763535004365
0.263	-67.37130093792399	141.35950324673746	36.83936479914466
0.265	-190.3845084773037	138.82137247907386	37.95459054607586
0.267	95.18499801974833	152.12138602646485	38.6135919967166
0.269	-124.02910933140276	139.54792765286473	37.986338222611245
0.271	109.71945740489986	136.9939103121364	37.360223476979165
0.273	-36.4356360580409	160.43984885998452	37.988339845738
0.275	-35.90576396006462	136.68381485852964	38.0846186070541
0.277	68.92522439505555	168.40160662062323	39.38624822564543
0.279	-91.0841848444921	132.7525796543041	37.69222514964924
0.281	107.7320114448721	138.37482932359833	36.75464637903795
0.28300000000000003	-56.83047792037765	130.59463295064566	35.6361239700107
0.28500000000000003	33.01484369266916	156.71866798042038	37.80571159004754
0.28700000000000003	-159.8475233891561	142.72311039429837	38.87401614364968
0.28900000000000003	-0.15442069922766422	142.89909988919933	39.182735594535664
0.29100000000000004	210.915173928905	139.87027043448023	36.94763858009939
0.29300000000000004	-136.38701290252797	152.42790458136437	38.19976264190758
0.29500000000000004	82.43944251518087	142.08968333744235	37.92992356793468
0.29700000000000004	-87.05945401021876	132.64585627701038	37.44865524457268
0.29900000000000004	13.193998108063099	153.6620349300909	37.810156678648745
0.30100000000000005	-34.483778026173084	119.26144086032212	36.801553925072106
0.30300000000000005	69.42404259135948	143.599660273188	37.21163521975171
0.30500000000000005	-34.99452921651436	134.3988638137876	39.88900882160814
0.30700000000000005	-27.619064568051854	132.19921964619974	37.917969554765925
0.30900000000000005	111.18684737287943	139.75139568797817	36.315929058738064
0.31100000000000005	-202.87413016206733	155.88716737252113	38.966772013578066
0.31300000000000006	29.002540478995087	147.94176584144014	38.47883300219376
0.31500000000000006	-78.48269022070475	139.16416458824926	38.047270953796954
0.31700000000000006	139.71140097734923	139.0253200301051	37.213281006526465
0.31900000000000006	-0.7079350073935231	131.49269623262364	36.3451488885986
0.32100000000000006	27.263569824853562	132.20165710358523	36.0955775377872
0.32300000000000006	-102.02370478396006	143.5800067492452	39.30655894051309
0.32500000000000007	-96.18250605969436	141.68486023454642	38.62752342905636
0.32700000000000007	169.1632869480486	132.11693828096645	37.29911214319502
0.32900000000000007	-115.98191641193355	160.8977585541733	36.565369964421386
0.33100000000000007	120.15979852320058	136.15965132292848	36.664637243591514
0.333	-22.56991491023097	155.88375714421872	38.656337823014105
0.33499999999999996	-120.8850648437565	129.29509513519614	37.55501050126444
0.33699999999999997	90.8144053493043	140.1794737468233	37.7329799447978
0.33899999999999997	8.037967015983583	132.9996057710193	37.100635330780186
0.34099999999999997	14.70665949709904	149.63843205909745	38.215503359981106
0.34299999999999997	-110.73627696256416	128.97567078034126	37.58769110767118
0.345	116.14766067258309	136.24005528793467	37.20249877839758
0.347	-14.880304440856307	163.46862178667934	37.720698351935795
0.349	-77.00096813456625	138.76034938424147	38.87332624125345
0.351	97.11984822935449	153.3995022671048	37.50721142358613
0.353	-73.51241778930095	140.58165146145012	38.604838871225006
0.355	-47.944032859126295	138.70488571716672	37.314923654877376
0.357	30.74988008844315	131.77145011417997	35.39309137642502
0.359	3.4925019829490367	143.60752800182266	38.010791462312156
0.361	-49.709537032649465	139.5211400282655	38.430497741677605
0.363	100.09239389585645	146.29894509987002	39.52680650864122
0.365	165.59947920136153	145.55369482279167	37.185552984065644
0.367	-23.139034841967998	146.69438328122544	37.86931892157191
0.369	153.55905344338618	147.93961797033194	37.48865829688629
0.371	-122.68878095844649	136.79516483122916	37.713232648751884
0.373	151.35640449415177	146.17923037530073	37.690797521329685
0.375	51.70050143132876	129.57590826923095	37.60312541147219
0.377	-18.544943815701487	144.30910395289027	36.88534401642601
0.379	-74.68765558904522	135.20333004001574	39.03574864434078
0.381	-31.727285500382507	141.84817334420123	38.919188786982446
0.383	177.38657924115665	143.80524804823077	36.82061013183326
0.385	-108.62561543378834	157.37980343752577	38.312507066893914
0.387	124.23123739679909	150.59524522925847	38.621760674354725
0.389	-51.877222163265735	141.6125056312933	38.06638156598698
0.391	39.992515416198415	133.62220927547153	36.74774403875124
0.393	-38.49302325298343	135.40869432799994	36.72252474321009
0.395	39.01733877920144	134.50844091060205	35.79164330837268
0.397	-21.76331293035627	137.73115184029757	38.81075085674909
0.399	-206.56626968273972	156.93649692817456	40.29216605995268
0.401	161.17485856370627	135.77811637341256	37.74281574376158
0.403	20.56040869313769	152.01509561317772	36.7053201202791
0.405	1.3848042332842425	126.37624728167282	37.212654775503225
0.40700000000000003	65.13721732859246	148.3330315943477	37.65285879321614
0.40900000000000003	-35.29144231895209	128.89689771619783	37.08869336031334
0.41100000000000003	-57.087869202998576	133.77173987069634	36.93480843426651
0.41300000000000003	-15.23497723099343	128.9356409919417	36.4686480684588
0.41500000000000004	71.56146645037609	144.77524001046083	38.436762649150126
0.41700000000000004	30.868354353730254	138.4374436497348	38.7587830821272
0.41900000000000004	204.64030032485425	139.41862617794172	37.14711390197893
0.42100000000000004	-136.20449668050315	153.04092349944912	37.43073937237045
0.42300000000000004	67.61877500593982	136.63342371191695	38.76649760784835
0.42500000000000004	-2.9963062562199383	167.45461818807868	38.605071263944374
0.42700000000000005	36.56398025042584	135.41728726442855	37.3946038028638
0.42900000000000005	53.31691816512496	136.47636976666243	36.53101502713954
0.43100000000000005	-69.55204200220777	125.06704299687065	35.9449703213486
0.43300000000000005	59.23132171825607	140.23758650954696	37.77066152559964
0.43500000000000005	-72.31196768853198	133.29606237329227	38.59639539196927
0.43700000000000006	115.64621461856994	153.7612204620032	40.28172813333257
0.43900000000000006	76.66935489147875	141.11325357846192	37.885621476488076
0.44100000000000006	-119.19587190178937	153.32956736967148	38.14608231909444
0.44300000000000006	-25.0588111930794	150.16161104011485	37.387382082357
0.44500000000000006	-120.92165018984247	138.39856355364913	37.581833449729544
0.44700000000000006	-42.15479050961868	157.38131093806447	38.24736482444028
0.44900000000000007	-131.56505514355655	127.31191183171681	36.837016749911115
0.45100000000000007	174.5645141961738	148.05921838595086	37.281622832518586
0.45300000000000007	14.500722391064258	133.3462970836356	38.24901228256439
0.45500000000000007	11.809536686779865	144.28203035242146	38.541213996022364
0.4570000000000001	173.64635633532188	139.97811490102367	37.262647987803966
0.459	-29.666678615813957	157.1423132542608	38.8059925773678
0.46099999999999997	-107.95362444204758	135.5730965508928	39.19701732763477
0.46299999999999997	-24.36868409294579	156.11687074109426	38.03499938098691
0.46499999999999997	-91.62583771538112	147.88993160788954	37.46001460927119
0.46699999999999997	29.796393005598887	146.819901132502	36.20580925249913
0.469	-18.402267024320018	140.04597506952516	35.93647268586299
0.471	-3.3935591117195685	151.26848423062052	37.84313020219188
0.473	-104.06086248171408	164.6398253550237	40.042819113248804
0.475	196.32186308338186	136.74462439276417	37.69326425107261
0.477	-9.421712045654118	155.07543374343277	37.44659471860468
0.479	-12.022857866167413	126.27845600548635	37.85541671527687
0.481	127.20619036832304	143.9639948165876	37.99972089196033
0.483	33.67623601890912	152.74198915866427	36.78051106704511
0.485	-60.236042712769056	139.23438389166986	36.39864750895079
0.487	-201.18899933518895	127.70476602535663	37.41778973150347
0.489	83.8629073587338	150.2430690474112	37.19014722963748
0.491	-82.26481874551439	132.81354631143284	39.013418071525244
0.493	123.2939082005391	139.3684459074793	37.33342296920628
0.495	1.7455197267590705	159.05864424447662	37.71780810734103
0.497	63.955537087379	126.01865034346494	38.690836010737186
0.499	36.36126726025424	155.58482964135982	39.88800212214897