-0.499	-47.91874708132138	43.09875914782233	40.68092209215156
-0.497	48.73289929663294	37.91332245239221	40.311821155012765
-0.495	77.78189788454348	43.63668535931538	41.32891848984216
-0.493	116.23221584100563	42.84444128143353	40.030321272416906
-0.491	-10.489804903812683	42.20439168497447	38.2523976449149
-0.489	11.986803989838535	39.338454265487755	39.5848076110344
-0.487	31.944353549473448	41.08695693167362	39.50155187826038
-0.485	-23.98638020917332	46.15610536837	40.79405288487843
-0.483	21.631832470836443	43.06902616073836	38.97883329291261
-0.481	93.55397288923761	46.246931068607545	39.52969678392216
-0.479	5.586517122901924	44.80653578916038	40.74188732859957
-0.477	66.13604596816813	41.93850505756855	40.0353388781816
-0.475	24.63770785676722	40.2269116733247	38.75488504450719
-0.473	-54.02038334512138	42.152467576418154	39.608173506574
-0.471	32.10143809972976	49.16209527255779	40.853978074897924
-0.469	-18.111158522238213	38.245471167998296	40.644862711956556
-0.46699999999999997	-21.051365502677832	44.95261093027881	39.18857123737282
-0.46499999999999997	3.4456355844092457	41.418006758986174	39.43143250467875
-0.46299999999999997	39.88057013004642	46.285336848522995	40.31319131990073
-0.461	59.592817144293875	43.086958193051636	39.78668043068603
-0.459	38.129890164384506	45.104996394103594	39.32797164936948
-0.457	-8.99024292799755	40.7597612359065	39.773491960056205
-0.455	-21.243316176589033	45.23031925746361	40.327668875818134
-0.453	-53.41407704262391	46.37077820617162	40.37876147877249
-0.451	36.06708526104896	43.9975525603598	39.82734846360184
-0.449	-29.299039246977188	34.60382202700101	39.179756017912844
-0.447	-39.19103567651128	38.157632954480036	41.21174621113856
-0.445	-51.43864846957058	39.30564953528604	39.77042872073788
-0.443	56.81562519921357	37.90350369609259	37.90640514990279
-0.441	-19.46644397832209	36.94417492024997	39.16151784051665
-0.439	-1.2495205969909051	45.621549859057296	41.41113546569623
-0.437	64.97090479462564	42.17266724395796	39.79446490703053
-0.435	45.882904271099534	41.392169047440795	38.461104410564566
-0.433	-4.728757251437621	43.72251273749445	39.650575621880364
-0.431	53.57338377609544	52.44624678664799	41.9647022538373
-0.429	30.9821366248908	47.239299515307565	40.38580762628116
-0.427	35.94011830587718	40.0396433040996	38.68205070041073
-0.425	-1.880146592303511	49.69304105900084	40.57852680718604
-0.423	-23.270636769767705	48.387997161949464	41.44535288894486
-0.421	-11.085904502494692	43.144150367350306	39.80248829777577
-0.419	-9.057788317945459	43.744264137673916	39.1085991643028
-0.417	-31.54813008310331	47.67931202501056	40.24597907672984
-0.415	39.66073304684237	39.87769769027455	41.01315520451711
-0.41300000000000003	61.02672098906581	48.974775549149406	41.03562804881696
-0.41100000000000003	6.028911630151512	43.86167184279079	38.86080801896795
-0.40900000000000003	-13.669875945532262	45.363679666218395	39.99629486182539
-0.40700000000000003	71.6213160087964	45.690949012390384	40.52451492390868
-0.405	-10.850138553064603	42.52355731608383	40.76295768929769
-0.403	18.6354864655236	40.891099786039064	38.78694823183608
-0.401	-116.91480856967917	44.0982266074291	39.600460059250075
-0.399	4.273662346010454	37.73467869318723	41.12116767405044
-0.397	-18.283766744398022	40.38571492060775	40.46728951848813
-0.395	20.816614134444578	44.05868819949985	38.81968356486799
-0.393	98.3053769232356	46.106174280004204	39.404647779574546
-0.391	16.20522576706307	46.670668804622316	40.964403569823254
-0.389	88.10960873706364	41.2546007654581	40.07842934449915
-0.387	65.32996686647863	37.06061660062142	38.789984297839226
-0.385	22.14769569297559	39.65444500209979	39.6290069301394
-0.383	79.07742444923649	42.59348893537844	41.483472079251534
-0.381	-9.851228661705846	46.28068935268722	40.74427147972006
-0.379	105.67414845685796	40.45813027856304	39.31653336435297
-0.377	5.65641827843244	44.139132058499676	40.78217628071985
-0.375	-48.69851654465407	50.66093582368785	41.86588216531043
-0.373	-55.93550967797345	40.050933026015656	39.850994634519616
-0.371	18.945364399947096	45.8994679850805	39.418939379585076
-0.369	37.545670141136966	43.72012689796348	40.24775847889596
-0.367	-9.992337930753159	42.8869332071468	40.45695515107785
-0.365	58.556399083586896	48.91283926772295	40.04512233205322
-0.363	17.277498202128427	39.62873291146968	38.80814008325384
-0.361	1.1386312430694545	43.70818290633404	40.63824763008665
-0.359	24.77481335505516	42.686712531186146	41.79939770627481
-0.357	-71.61672995659174	43.48055793952558	40.32292404267999
-0.355	10.433397095832575	42.173553544767024	37.98642341919154
-0.353	-19.200635355653972	45.67925423443525	39.897243486844246
-0.351	29.934439990331185	38.54515726059979	41.63038860273293
-0.349	38.486747762300766	46.39412399562077	40.32953836047376
-0.347	-57.66502670601081	42.56095121386539	38.687182194154765
-0.345	64.44877503852808	44.46521416105781	40.02840990621023
-0.34299999999999997	-43.809171352493514	40.789579302325045	40.83474297296226
-0.34099999999999997	-74.52198502788664	43.41053053005259	40.698462454761916
-0.33899999999999997	64.51354051950631	39.393829073155956	38.649924059949484
-0.33699999999999997	2.8396824442999957	41.280782874395165	39.98465714155502
-0.33499999999999996	11.44383453288711	39.951106888453815	41.01957890338904
-0.33299999999999996	-25.528101327609853	42.79703284450656	40.19883304118989
-0.33099999999999996	48.433654210144894	36.581824062802255	39.12645980317205
-0.32899999999999996	-29.269584765012624	40.45003936243865	40.159678314015814
-0.32699999999999996	-70.76609248313216	42.717655804645375	40.16246901390591
-0.32499999999999996	0.0039196386136808314	39.21621956320417	39.429983857548855
-0.323	43.344704374614906	41.378193838099484	38.33981073012349
-0.321	9.095083564725215	43.14018134935481	39.42981835537239
-0.319	43.642348811934184	42.36317973722329	40.80086647085596
-0.317	17.890743942761134	38.73624662798669	39.379910066655114
-0.315	-79.94013271628297	43.167563020472954	38.52128161562944
-0.313	6.001983559267288	46.987891204266035	39.65936806351264
-0.311	-4.944898617020854	43.43061646349746	40.81204893646228
-0.309	-14.972408315272467	39.117676280182664	39.73921316106283
-0.307	104.87915193291286	40.56804505563366	38.34678629926172
-0.305	9.738539591852557	41.37857344158506	39.60880101792803
-0.303	101.57078907413464	45.84017406948598	40.49478296406408
-0.301	-19.85303372920022	39.95307570457019	40.17792441243277
-0.299	-58.17687349674028	37.761494389903575	38.46380045838867
-0.297	-24.87190872357825	44.47389549485513	39.91863633042368
-0.295	-30.849537520860615	42.373327298285936	40.39547984605513
-0.293	41.83414456959689	45.15824087071421	39.55729511206779
-0.29100000000000004	18.739475674101058	40.757819420276185	38.656960902203146
-0.28900000000000003	62.329731304489044	47.51246794757693	39.681175929871095
-0.28700000000000003	3.052019945215534	41.57677319152361	40.821336989137194
-0.28500000000000003	-38.89264711209872	44.78384573166007	39.44035593904323
-0.28300000000000003	1.7156227447578942	45.76392136116653	39.262337612906954
-0.281	-6.23162928947707	43.795927871063014	39.41422247737952
-0.279	12.322698449640512	40.85117782580592	40.15288118761439
-0.277	14.446947048218917	39.276581905476924	40.014890003417236
-0.275	-31.168252200286517	41.63247243908143	39.024053409072664
-0.273	-64.11066550626731	47.4361902037449	39.500794908601826
-0.271	46.47477017738488	43.09724181167558	39.88887119556141
-0.269	-88.57914162951897	45.37165706851702	40.055442634726916
-0.267	37.65206369243934	41.97358723501556	39.775587414132595
-0.265	48.67557975352099	36.94523328752568	38.74719443166605
-0.263	-25.01462499815421	46.66440735118301	39.61972852305915
-0.261	10.564332421081346	44.913043032009575	39.294822790522836
-0.259	7.754620653166455	38.67968638272689	39.25962971442476
-0.257	-12.395454615954371	40.09714313543759	39.4926005181596
-0.255	50.83891368751203	42.10953914587825	39.679994728386745
-0.253	-18.141365759061223	40.45688608196773	41.11076859670082
-0.251	-47.20530467650086	46.21697562381351	40.09418503274544
-0.249	33.47617005378112	41.88796473043465	38.87975992111629
-0.247	67.92685585099711	43.91619693152444	40.14659964659539
-0.245	61.009545797796605	39.02634929554288	40.3641476949137
-0.243	-73.80002263779329	47.86662731505817	40.1879503575278
-0.241	-74.04422133683309	41.74390616156623	38.80250292322267
-0.239	78.82438127726488	42.02087659325491	40.15953786269277
-0.237	-29.967430339450374	38.920999782922394	40.20807984392541
-0.235	15.0270401861885	38.9098303178974	38.97764990524684
-0.23299999999999998	19.98414593695763	46.787144158954995	38.45069538869686
-0.23099999999999998	5.567963016428479	42.206192315000514	39.8850208451727
-0.22899999999999998	18.881681401072825	39.841833944678356	39.73681795030936
-0.22699999999999998	12.136183925148814	41.254231400695424	37.81819171391905
-0.22499999999999998	-39.18678706904544	37.370511960968756	39.5635949704153
-0.22299999999999998	-48.03504366346356	41.39174128104088	40.09607442496198
-0.22099999999999997	24.18160944883674	38.84701129058518	39.979283412931586
-0.21899999999999997	34.00845926271323	39.937909772018344	38.89347417252445
-0.21699999999999997	-31.45435451934464	42.75381682191223	38.771676429818825
-0.21499999999999997	-12.45669335758759	32.83975997720905	41.069980155197314
-0.21299999999999997	-37.82733795421045	46.57492109008319	40.24061003074775
-0.211	59.12968188370726	35.96232955175433	38.65230555675518
-0.20900000000000002	-30.39773727542272	44.546109754302805	39.92363339340265
-0.20700000000000002	61.48247740300761	34.18179586817686	39.95024436593074
-0.20500000000000002	-15.489587157579976	40.575620315619965	40.631796662190354
-0.203	11.255840953294793	42.09507237435088	38.90254718019432
-0.201	-26.64730069523724	40.610195720917396	39.793089490055635
-0.199	98.75863474229085	37.818747033963355	39.6513465228279
-0.197	19.90861159528734	45.49924330324545	40.448428306624976
-0.195	-82.5571944730319	40.44186915557573	38.655100976346034
-0.193	-6.359217477380774	35.200772245697245	39.311405865939584
-0.191	53.096161409804665	41.637017615963465	40.95704176287173
-0.189	-62.26872386450033	46.26301591843376	40.78401100390813
-0.187	45.139304647445755	42.852554218114136	38.470495952722935
-0.185	-30.849822356904255	39.81778734803156	39.64858075793902
-0.183	62.92688398334967	46.27527910582419	40.123788566451005
-0.181	70.49784552992655	42.10091705068777	40.19201041629811
-0.179	70.0152988377667	37.731719554188345	38.69875759087635
-0.177	-0.1432357129571571	42.93989774050264	39.15274050915533
-0.175	27.45418659300114	34.10937541906339	39.73512652552327
-0.173	-17.771423583945456	39.88255590404079	39.24038313713223
-0.17099999999999999	-28.738049423160383	35.048004164590225	39.019123236658885
-0.16899999999999998	21.502072367729497	38.916851450608405	39.51156655226825
-0.16699999999999998	-34.230302158766435	43.408408423056095	40.691622552413406
-0.16499999999999998	-10.850358629577173	45.84779058292813	39.41234906567626
-0.16299999999999998	98.41808811694719	37.272553209820465	38.304909353250025
-0.16099999999999998	-70.63137957141751	36.963419274484984	39.72260306610168
-0.15899999999999997	4.1362875802253285	41.171394641894835	39.83362390711468
-0.15699999999999997	-18.155745346914998	46.93703437415782	40.22876414809593
-0.15499999999999997	-37.185389765048704	36.92964838088763	38.11666976030792
-0.15299999999999997	56.34464544868045	38.33809729208758	38.74724911617932
-0.15099999999999997	-26.212149784932137	36.03200908038781	39.716220053302195
-0.149	11.546129735640065	48.394662863319105	39.60948575442947
-0.14700000000000002	18.92574791151347	39.007916430449406	37.924545914061525
-0.14500000000000002	24.655057666134184	42.53093837535335	38.586097373173224
-0.14300000000000002	-58.605180813575686	45.518895109262665	39.71621560512015
-0.14100000000000001	67.78902191673097	41.591405269171034	39.436291683541995
-0.139	68.69843190404623	38.48231439972299	37.560992027793176
-0.137	8.324601731724002	41.40233074207951	39.30818273288806
-0.135	40.66547087822059	41.63723604665811	39.99752913470401
-0.133	3.7364174463316857	40.483063832117224	39.59058792046253
-0.131	-0.9881241829212684	38.249564822762466	38.043102336928335
-0.129	-1.7489414945170978	43.075744678342225	39.13132288622406
-0.127	-23.90261339579869	43.08986416152782	39.38964360622661
-0.125	30.486243368210708	43.59677234254649	39.81653711979923
-0.123	14.333610155903287	34.44289215318771	38.3040421597642
-0.121	-67.4218623198941	37.61554245482594	38.99211387426926
-0.119	5.791467673210704	43.16961865431611	39.58513116839788
-0.11699999999999999	-80.16705395974543	40.623752674090035	39.88048672361799
-0.11499999999999999	-9.037186260107966	41.150871104513	38.41794597323698
-0.11299999999999999	-39.58389830316378	39.214117008864555	39.48442490751736
-0.11099999999999999	27.957914269904904	43.18839474315885	39.54966243370789
-0.10899999999999999	-33.64965156205102	38.331192737001906	39.01026847535569
-0.10699999999999998	57.64637195659894	36.94426059309197	37.56294652767968
-0.10499999999999998	-39.26535335940784	43.68885452440878	39.50124244467677
-0.10299999999999998	69.42254864661379	41.247070864430064	40.00845650798219
-0.10099999999999998	27.985028397292666	44.47112916727986	40.11481203134284
-0.09899999999999998	-54.204861548834415	37.63089335087419	38.48541439296667
-0.09699999999999998	30.72922735070094	40.18133046135687	39.11725037652492
-0.09499999999999997	-28.42619743492758	37.87051279135648	39.199240983454104
-0.09299999999999997	-12.940393294358365	44.95374920509194	40.668388499178334
-0.09099999999999997	2.739130532170009	38.88349898772737	38.267445937446105
-0.08899999999999997	5.078966049953948	43.4803842280937	40.84643206628139
-0.08699999999999997	-12.365767303790243	41.383098349390814	40.41168129459057
-0.08499999999999996	-23.863230437459748	40.71371095032069	39.798731489388324
-0.08299999999999999	19.012658818873263	39.35600160161715	38.07698042918683
-0.08100000000000002	54.18897727649252	39.263938966893434	38.89407675101326
-0.07900000000000001	62.03078981781296	40.19097408662371	40.43214035789949
-0.07700000000000001	9.753893203567898	41.209988157378355	39.64095899765845
-0.07500000000000001	31.198813118527013	36.686804660639396	37.93514233220078
-0.07300000000000001	2.0902843664849513	46.01157666552541	39.31853202746453
-0.07100000000000001	41.37450204466653	47.379320244141496	40.43514037542718
-0.069	77.66749618487445	41.78413218116083	39.0621837704474
-0.067	7.731578395064886	40.306781374394134	37.88391117472293
-0.065	14.652102797718669	41.383850135645694	38.95907797230875
-0.063	-17.131250989343982	43.1312105745159	40.61352343179518
-0.061	36.294729226060696	44.00554993653076	38.60718513795254
-0.059	-5.7212168574904965	45.273569476021876	37.34491395472121
-0.056999999999999995	48.54761781936112	42.94168711452702	38.92323587082209
-0.05499999999999999	-60.67035629309103	47.47613186194934	41.30146305942429
-0.05299999999999999	23.829701079947085	40.984937548182835	38.8536307814665
-0.05099999999999999	-35.317186632632946	40.19832314297668	37.52384652918224
-0.04899999999999999	-23.737531166911907	38.30367181246202	38.9144366864373
-0.046999999999999986	-7.61473335753049	39.491558151527734	40.90531731909934
-0.044999999999999984	70.47618443523085	46.227666135990496	40.18698549183639
-0.04299999999999998	62.80616515330628	38.06766917553898	38.241810404090366
-0.04099999999999998	-2.9961783659659957	46.47745401248683	39.39383096534035
-0.03899999999999998	-44.758373080600045	44.915414209286276	40.77250168765386
-0.03699999999999998	6.569283782731361	39.94739994974224	38.9892316322234
-0.034999999999999976	-10.725386574428342	42.14932782479629	38.78430358496442
-0.032999999999999974	33.937300238484625	41.913067463657974	40.387066376145235
-0.030999999999999972	111.45880688179233	43.12124197183035	39.956921614992325
-0.02899999999999997	-2.3206576005296853	38.51720629887812	38.84661951424303
-0.02699999999999997	15.991974510187745	44.39159317808011	38.71451303213541
-0.024999999999999967	-11.577607554991154	38.147155382934166	38.73077637131177
-0.022999999999999965	23.76323000863323	44.357520952580835	41.44056377599315
-0.02099999999999999	11.353570051442219	42.93227662997285	38.79203054766177
-0.019000000000000017	-30.016032948165794	42.63451571294648	38.855737303419154
-0.017000000000000015	11.868512258539354	42.72079535764014	39.15634002995467
-0.015000000000000013	-101.28999396608052	41.367226358056136	40.8253507730938
-0.013000000000000012	-81.46889253035638	39.404584248956475	38.77126512703264
-0.01100000000000001	-136.72373537387816	40.55885317585525	38.43966603748852
-0.009000000000000008	-159.73831062499056	39.65770825046848	38.937247730076145
-0.007000000000000006	-160.14983364065483	44.59778656222762	40.66362509843368
-0.0050000000000000044	-150.4881208165276	42.619482943559206	39.06216363014842
-0.0030000000000000027	-173.78683915947323	37.39396978913931	38.788535621309904
-0.0010000000000000009	-160.9550825667494	39.11837107783479	38.80717120750712
0.0010000000000000009	-160.09109748826856	44.691962591186	40.8667849856027
0.0030000000000000027	-166.09631746344888	40.980230501249785	39.238490203110196
0.0050000000000000044	-182.36868531695816	45.05505056775574	38.80668877344466
0.007000000000000006	-164.89987460943655	41.56241692279505	38.826114375749206
0.009000000000000008	-226.59027751914527	41.17622265649964	40.32605277164538
0.01100000000000001	-207.7482451247059	45.15741722946565	39.66850861650839
0.013000000000000012	11.470433948890246	41.922359141331235	37.892757851308644
0.015000000000000013	-66.41519862937706	40.3302638751134	39.43631554282857
0.017000000000000015	22.402360290607604	48.29819546386452	40.54543629229051
0.019000000000000017	-34.008867124679654	41.74793044205639	38.82807981702522
0.02100000000000002	24.780197145135574	42.90961412701485	38.38934561180532
0.02300000000000002	55.69793389170741	45.34365666868742	39.77896503484362
0.025000000000000022	19.96794991954154	42.61277473258561	41.171388328562536
0.027000000000000024	43.186608106760005	41.47648008752887	38.99453662907833
0.029000000000000026	-16.305959385398694	38.673194846847885	38.37772754276524
0.031000000000000028	7.820359696708579	42.324013718146794	39.68829170214492
0.03300000000000003	4.526094991241791	42.825074531979595	40.37477872469601
0.03500000000000003	-30.88050013655419	45.9395356883132	38.60410017698136
0.03700000000000003	35.40793595457892	38.94449261786286	37.86014617471214
0.039000000000000035	43.7058218263342	42.08491260140394	39.20079874930189
0.041000000000000036	3.6093627704403275	40.17013493160964	40.355920570210984
0.04300000000000004	-20.155926019671533	40.923461169883375	38.64010287736939
0.04500000000000004	-42.88331339263873	41.303594403634094	37.6984241571308
0.04700000000000004	26.26768046165573	39.944860503894255	38.39921007255498
0.049000000000000044	13.285859771228203	42.52902931065978	40.76255022138456
0.051000000000000045	-50.26212423564491	37.877524749115885	38.685038069404825
0.05300000000000005	46.116996311740266	37.063336723780566	37.86746539230258
0.05500000000000005	26.841435881941322	37.834097832069496	39.54473681577042
0.05700000000000005	35.580137772939224	38.52503863715885	41.19579049071349
0.05900000000000005	-71.20586000475271	40.25017865285362	38.81082024343368
0.061000000000000054	-11.143996436868697	41.9828278048837	39.44817703883776
0.06300000000000006	49.786344659574766	40.73327951414998	39.252082046627955
0.06500000000000006	25.16636258942384	41.30794247885759	41.42885316387136
0.06700000000000006	-2.035159315183499	40.59122025836267	39.176978937266966
0.06900000000000006	20.232830982402916	39.45666585132586	38.76800582779153
0.07100000000000006	13.886954346231661	41.09187873391609	40.272598278464855
0.07300000000000006	-69.76582328144244	41.87601581100367	40.74987648282652
0.07500000000000007	-58.40691260949882	43.22875302175556	39.24048663752735
0.07700000000000001	27.680923019746118	41.91450164118388	39.67208278639394
0.07899999999999996	40.2136105559503	40.87825337637161	39.504939403018604
0.08099999999999996	17.992926416132704	42.49969597848811	39.91388720594937
0.08299999999999996	83.64281819250863	44.812333682707965	39.35861921959671
0.08499999999999996	16.035617875997943	41.41704213302278	39.01309790094542
0.08699999999999997	52.14839494338541	40.08723857558201	39.3637997955126
0.08899999999999997	-8.430705880413392	49.534415837333725	41.366065248811196
0.09099999999999997	43.536979654978936	38.648297326450056	39.60671912377501
0.09299999999999997	-7.553211405331162	41.46015535161881	38.51409976897378
0.09499999999999997	1.6994759053368114	37.00746058823553	38.56395986454346
0.09699999999999998	-46.59460394451642	38.34577366279994	40.49846464913831
0.09899999999999998	8.637093133812002	42.69241555600266	39.00293290121662
0.10099999999999998	-4.674895102141363	39.45197939515048	38.81936512637573
0.10299999999999998	-46.70942268347744	36.33700840854066	39.01730126182395
0.10499999999999998	-21.83643904296595	44.71501894748177	41.454461741466446
0.10699999999999998	22.691513335670876	42.44936779288745	38.47819895049131
0.10899999999999999	-4.177451903175644	37.400750618769514	39.2839366413275
0.11099999999999999	12.763666589199474	42.904225707929385	39.99078705933528
0.11299999999999999	-33.95999378297265	46.239914652245666	40.9426108843185
0.11499999999999999	3.0636565910846514	41.51056060617217	38.280246558522634
0.11699999999999999	52.16187085022028	51.51635240314433	40.248454679992605
0.119	32.51977335771983	43.81336399591973	39.108027655518086
0.121	29.815885850492663	41.743810239636595	41.40168720877322
0.123	-18.102083985449546	39.681564596934884	38.8657238584877
0.125	37.79013870786052	40.38769921332563	39.265328750026875
0.127	100.64457068348354	39.93645528951441	38.85938742945963
0.129	-30.14242281307311	38.5776053187581	40.528189067211294
0.131	-20.471919704778685	34.88358914694875	38.131110090491774
0.133	47.36013016715113	42.200942385261676	39.3102543209189
0.135	-41.072829418009604	42.516785798147616	39.111952423662665
0.137	26.290708849519007	40.81519184309726	40.740454986059895
0.139	-17.239656381229373	45.39653731899758	37.59940107170449
0.14100000000000001	-20.39967854916558	43.4539986354199	38.28119525367722
0.14300000000000002	-32.44101831345603	37.79107685844859	39.21610498392367
0.14500000000000002	47.93321383411708	45.105949383823734	42.31447689768567
0.14700000000000002	-32.31345303378319	40.42093168320979	37.94949797677652
0.14900000000000002	53.64754917480674	41.84907051802603	38.60305604729722
0.15100000000000002	12.939209170115262	40.76799411060133	38.911928821769166
0.15300000000000002	36.614268944967776	42.184377372463416	42.649902570001615
0.15500000000000003	-22.759350573720027	42.83523344775112	38.243175585658825
0.15700000000000003	13.057071422517552	37.165769837828286	38.26778567284455
0.15900000000000003	21.305037829710827	41.554930846871315	39.347669798761515
0.16100000000000003	18.278724432718718	39.72274794116422	41.90347971498418
0.16300000000000003	-61.402373603525184	36.24825341250484	39.05223221674775
0.16500000000000004	41.598647708696035	39.10063693836489	38.96257244239118
0.16700000000000004	16.112133840451293	36.82938154183486	39.82930035189513
0.16900000000000004	7.098539589911468	48.071466471259285	41.96444901967107
0.17100000000000004	45.331112888291614	37.80965264725896	38.34233055053691
0.17300000000000004	9.434943486263947	41.566545158729106	38.082058469964934
0.17500000000000004	30.354467508653116	41.38593332176644	40.1367589317012
0.17700000000000005	27.113373176179678	45.431660862073315	41.164590262584746
0.17900000000000005	-10.395478258984348	33.843081537489475	38.97227470526972
0.18100000000000005	51.76898277614583	48.13095624633133	39.582523879894495
0.18300000000000005	-32.59985155790179	42.628171524360205	39.68528710631087
0.18500000000000005	21.685911356872367	48.3535503625591	42.191855602587594
0.18700000000000006	0.0025392115077238486	42.63768127446062	38.532788763076816
0.18900000000000006	-13.439680780602536	38.54867394727015	39.97175422258724
0.19100000000000006	87.19798931866585	34.54810052128693	39.36319527773245
0.19300000000000006	-17.86443310902719	46.475435364468275	42.74161526997737
0.19500000000000006	-21.70945258661572	43.12435075234283	38.80988837041465
0.19700000000000006	100.12712127016599	45.38170944414478	39.61964332015865
0.19900000000000007	-23.863769248677613	41.762811265260765	38.827813401407305
0.20100000000000007	7.583026533808379	46.67246909845526	41.6120118064909
0.203	31.293678852462037	37.909634801792016	37.29623949670399
0.20499999999999996	70.93058093321503	41.8921377137009	39.67270249621388
0.20699999999999996	15.049445359238689	45.324880145664544	39.55421526845622
0.20899999999999996	-37.18988886214358	46.23434880128459	41.89150939479179
0.21099999999999997	41.638739829208404	38.37494345410611	38.6780426498618
0.21299999999999997	57.18687950229118	39.987696885535456	40.5850534668756
0.21499999999999997	3.7817562927866533	44.8558038194006	40.63355504482883
0.21699999999999997	62.03700134177481	42.30300115784347	41.46959042282849
0.21899999999999997	-20.86490550690101	41.55320821871117	38.17837314995476
0.22099999999999997	15.402740448422492	40.077476915339105	39.46704606394828
0.22299999999999998	-94.88677677182977	40.58632147294168	38.80851479204651
0.22499999999999998	67.63492259098669	46.881396168306935	41.132838680076716
0.22699999999999998	-28.105160483349323	37.94744845992837	37.62022621301917
0.22899999999999998	28.147727556326885	40.95597404457904	39.28431128620276
0.23099999999999998	51.28060383108313	46.34904332101841	40.109925549138275
0.23299999999999998	9.671302620084532	45.27573925650025	41.23156386195658
0.235	25.33921321301591	35.157656112226974	37.617319786386304
0.237	80.68389435478274	39.83899755535476	41.28210925775026
0.239	19.79120708095472	40.5036223413038	39.24627496445054
0.241	-37.26709639206849	44.175310816769525	41.03002475676076
0.243	-4.047093603465335	38.089214838036305	38.114245430655494
0.245	54.80801203749941	37.024405931743345	40.22125694196333
0.247	-27.361708499484827	38.28442691435216	39.39336585292045
0.249	38.48634021519359	42.538364808553894	41.54834563493056
0.251	-17.002289410039673	42.208095319430015	38.03023285987242
0.253	-5.957513831034156	46.60054747586652	39.79505526745228
0.255	-49.561381888274525	38.64833947751818	39.70092951985337
0.257	-14.586774815139592	46.58899757379804	42.317085650170704
0.259	18.910592019416583	47.21778120527481	37.44775271360633
0.261	46.859485709704884	49.979942871101436	39.43539316335
0.263	-10.170377344742576	40.58430665111175	39.847221802461156
0.265	-44.011864135384826	45.08653439251641	40.97038497561341
0.267	34.4639615441622	38.221998629395245	38.34100237035874
0.269	29.718900390163228	48.57883953249091	40.492304147499816
0.271	34.518792890070316	40.37624916191876	41.141213429210204
0.273	31.530471510832214	48.98068012222708	41.45101856752518
0.275	-27.433858359460217	39.079535606505544	38.21311376016291
0.277	-19.87585782359247	44.58962984470543	39.28063814007162
0.279	-14.353182513526797	41.70067517034884	39.09474970780193
0.281	21.36296069821242	45.45485908115096	40.96573667911236
0.28300000000000003	9.6519241072901	38.133496486902146	39.11527298414659
0.28500000000000003	40.80864700140019	43.70855690842682	39.51265031851409
0.28700000000000003	-35.1370342592805	39.84328094751606	39.998883677468584
0.28900000000000003	-14.042736847241777	46.64761419623793	41.401001303799724
0.29100000000000004	43.66334103766967	42.174578587868616	39.5263876860092
0.29300000000000004	27.012213615451586	43.40851664832661	39.831079956282856
0.29500000000000004	-21.48016238923134	49.07285471739026	38.729264394998516
0.29700000000000004	57.83293953753876	38.9725008168572	40.49440733326076
0.29900000000000004	39.10437949228296	38.91468193047609	38.77003853498538
0.30100000000000005	3.62113043705925	39.032868776934336	39.61288674690781
0.30300000000000005	36.27571369890781	38.790512513490896	40.98364136701716
0.30500000000000005	44.941675920506796	39.286726303933094	42.60423827062793
0.30700000000000005	-48.98044192391815	40.65416101626107	38.12538203443584
0.30900000000000005	-60.08379456212687	38.942482521196816	39.40202801097903
0.31100000000000005	-7.030316612866017	40.617438418710314	39.779434168907876
0.31300000000000006	-4.131096438486637	40.55406976223828	40.775002839078276
0.31500000000000006	30.017777483459795	44.05453800134964	38.4279045520035
0.31700000000000006	-6.55545554728576	42.07911092126107	40.239853976685865
0.31900000000000006	10.450991642763086	41.2947500623643	40.01047219622974
0.32100000000000006	-46.350374564907426	47.76108677510503	40.49741312322064
0.32300000000000006	30.39238355539986	44.28950823762817	38.67608632421093
0.32500000000000007	49.07990890923308	44.51522100871337	39.696779767728714
0.32700000000000007	93.21688055341504	37.7451705058246	39.528110257055985
0.32900000000000007	41.23137394729248	50.142862215934656	40.28777849472876
0.33100000000000007	19.098395090511033	43.39119509203222	38.887708300209695
0.333	-17.82957888907255	39.27788448588099	39.89495575915008
0.33499999999999996	62.39651296935378	42.75311963516088	39.327968041681544
0.33699999999999997	-8.047288888590742	45.8286216930799	41.677537152228865
0.33899999999999997	-19.523169014323827	41.46879835727326	38.34327528522863
0.34099999999999997	-40.372562682855495	41.40554508035203	41.63760399790857
0.34299999999999997	87.86655512649233	40.86937971156703	38.83034500478448
0.345	-12.475182260440754	42.96894301602961	40.75566232046522
0.347	121.07181524845245	41.74803528810242	38.515786457985016
0.349	1.6072831672264698	40.511335385271224	39.447224933716015
0.351	76.17573935680966	39.69802532275216	39.016576316253705
0.353	-16.767669396844376	43.75922727363566	41.25315049555389
0.355	-56.133707835304136	43.623802884488505	38.723866244218186
0.357	20.90971406665254	43.68319755831069	39.43166332970805
0.359	-18.040994422596768	41.83940382480317	39.94822491041853
0.361	2.8079734546437862	48.92068100465272	40.39839511270451
0.363	-18.382381673065495	46.504959176605404	38.65231229511038
0.365	-26.330798888696272	44.92853815459831	39.153766268016746
0.367	-5.861804052487152	45.02360403788845	39.33208124752666
0.369	61.53357001625892	44.2733703186315	40.52892642395649
0.371	-8.21974134468384	36.80327464656353	39.011139840027944
0.373	33.80199358793412	44.738103390454945	39.032672402110165
0.375	-14.34414981249521	46.24911605542538	39.247468802620666
0.377	5.377318051280611	44.85054292993028	39.92012318005452
0.379	-23.261081386283244	36.87401754558554	38.1108551599782
0.381	-29.63927650012632	36.58779253903152	39.31121362923085
0.383	-36.46784341060361	39.26485119300536	39.02648198595737
0.385	-38.357834286628645	44.83632339676734	40.77015393404535
0.387	-32.30179057578386	37.19309094041214	38.58588812034037
0.389	-30.17531271598539	42.49293377839221	40.02869739100488
0.391	59.618292986396426	38.27659583043909	38.6597232961513
0.393	44.511404127201004	41.385778455897835	40.73526521074844
0.395	68.89122239983614	43.49924838213731	39.27856193686939
0.397	-46.2822360387527	43.8600095047651	39.28818878869883
0.399	15.969076982980113	46.34181097617799	38.84687441620509
0.401	6.320940545423426	46.042180654979695	39.59052589790004
0.403	18.44330457556609	46.78575964042031	39.41445531426282
0.405	-4.767336295063984	38.13884766471902	39.093160716246224
0.40700000000000003	44.02936869518648	43.37019665415894	39.80302286771543
0.40900000000000003	14.038726383391875	35.677964111682776	39.77148333815959
0.41100000000000003	38.44908553429782	41.7989354952538	39.24697717016654
0.41300000000000003	43.87851950249377	39.348991084735324	40.5261397186217
0.41500000000000004	8.429823558309124	37.913356138484126	40.00982480070363
0.41700000000000004	35.3373701067472	43.45142701962119	40.111018980177725
0.41900000000000004	119.77300503551724	44.22304732010845	39.62261659179239
0.42100000000000004	-36.30881716654155	42.715117320517805	40.20334680059824
0.42300000000000004	-2.9183621766959433	42.42268066898116	39.570753851397704
0.42500000000000004	49.62170921118947	41.02958380850678	40.73315547611121
0.42700000000000005	-53.03595648131765	44.30966525272927	39.06460028248959
0.42900000000000005	2.363659942883345	41.941588238041795	39.26481496935391
0.43100000000000005	48.16950350994276	48.31399285634216	38.98790536716097
0.43300000000000005	10.094316021280747	42.77015162950714	41.22723094920417
0.43500000000000005	9.71082585876637	39.43814714979357	37.97759485419019
0.43700000000000006	-42.0355313810461	41.032769407616	39.48411905513699
0.43900000000000006	6.686063118932495	38.201628935066715	39.20385650056203
0.44100000000000006	62.2075052654214	46.164183741839054	41.087689631497
0.44300000000000006	39.02592768501023	35.95583321579215	39.111591797446714
0.44500000000000006	15.31314121949734	47.9428797272873	39.84982892968273
0.44700000000000006	-73.16582494243384	40.3461435590869	39.659614762134716
0.44900000000000007	30.874474358455473	44.1055761330397	41.208048010422864
0.45100000000000007	58.14524822000955	41.71908947809882	38.98353863539512
0.45300000000000007	21.31380411318773	36.417196368345635	39.20197278567302
0.45500000000000007	-13.269839383767135	42.566414894653136	39.9510526204774
0.4570000000000001	-38.15383270899808	34.640509304336696	40.773158039990136
0.459	-16.0438466511037	37.08317744950539	39.525882752050904
0.46099999999999997	105.37597069970595	41.276693286682814	40.482247658857375
0.46299999999999997	-63.05758700431152	40.305075604300576	39.09034021234023
0.46499999999999997	48.14314358725369	38.27418484310104	39.73387018892924
0.46699999999999997	64.97957790241315	45.71492266045301	39.295332504958296
0.469	9.554722605775723	35.38221537163006	39.22067235228577
0.471	-45.87442030257183	37.12849508708068	39.965914992118535
0.473	-59.60011462691206	41.49966646529672	40.28777496681628
0.475	27.554759148618047	48.82694740302049	39.99837934956117
0.477	120.48358046401475	42.638551780971525	39.061239165176595
0.479	-6.072185418481979	35.830097431269834	40.386345606764884
0.481	-0.3276357455339607	41.674467437700045	40.965244918553935
0.483	27.353740598590193	39.545160285137705	40.00378316255523
0.485	25.91921141115172	35.791422474534315	38.27352058672884
0.487	-27.828335936175286	38.765511164148634	38.977835731087
0.489	-15.737668693671658	34.9669720792349	40.96180166546493
0.491	15.106632301309375	48.21163029870767	40.178223482193594
0.493	5.17671521760299	43.497175858478634	38.65407177576862
0.495	6.422335828037973	36.849665257853694	39.58888041048524
0.497	-21.698268203751425	43.06039835056678	40.79901787623816
0.499	-30.094083184328824	50.042548378687925	43.24837919384589