-0.499	22.513799070811302	35.39859483464652	30.719858148687
-0.497	13.515651601681	25.114278221824808	26.11150111383425
-0.495	3.8589881805606296	25.57241099887857	26.262640248187907
-0.493	-8.697718595906956	32.15537236669719	25.72341551552445
-0.491	1.1014939156339665	28.736023497665418	25.527152267227816
-0.489	3.8946415132912193	28.844618069181085	25.40243651743193
-0.487	30.939607938540448	30.36428464887716	25.920696490408798
-0.485	-20.45521370108716	27.090252894605772	26.83187315173949
-0.483	62.63729281297259	29.075824083014584	26.624903986363762
-0.481	34.95344561765812	30.402791348012414	26.034798457314828
-0.479	5.1982005475625925	27.833783023044838	26.79596843049948
-0.477	6.0664627756779055	30.481683644509218	26.756703092321832
-0.475	-13.808826645367311	26.020803069725112	25.591245565689796
-0.473	28.286423949586137	22.88597763634937	26.235712503263976
-0.471	-43.59350565497078	24.93652221123239	24.634346125918015
-0.469	13.470691089034759	23.145138315497572	24.72260106553375
-0.46699999999999997	-50.01052469000289	31.980488065301337	26.866626921409736
-0.46499999999999997	53.86833441511918	26.77279041502352	25.836211860324664
-0.46299999999999997	24.491102058821212	26.754059451166473	26.905440571764643
-0.461	35.89062531106357	24.18330833724965	26.08116280109058
-0.459	11.392835782997324	28.077254896107725	26.522206400439412
-0.457	93.0549187523333	28.931238610401664	26.478819993856778
-0.455	9.449731106947468	31.414893581970883	26.536573419209617
-0.453	-13.671701904027778	29.304493577690817	27.15304735588503
-0.451	40.24398542745722	25.98944448053119	25.6091405782662
-0.449	26.747659893855413	28.661871185862456	25.244751426793208
-0.447	37.478655917411174	23.997471424115314	25.69640562108873
-0.445	-0.6079554022431211	28.487263543492098	26.161119533942458
-0.443	0.27852432449293474	24.46997574355433	25.644660241623097
-0.441	52.732725327464536	26.289518172118385	27.400745889288554
-0.439	-0.6075824348084069	23.942304320165693	25.636596241224087
-0.437	-8.382092416048259	30.289190512797337	27.401853222777177
-0.435	39.82491736476135	30.25584190196472	26.403578343060467
-0.433	33.29987727762607	28.598645017281694	26.190463332134414
-0.431	28.039659936140993	29.743991766215046	26.973331493369567
-0.429	-6.555514225015102	27.92838805369214	25.11426723339801
-0.427	43.7209465087296	30.565212893652053	26.67077540810653
-0.425	19.08682708640086	24.583161961750395	25.434212638143098
-0.423	-25.083002600401194	30.327684689300774	25.676239834743924
-0.421	-43.6500878070456	25.623423560058303	26.569263930705706
-0.419	-12.534409546738345	28.18593287057278	26.612083067036984
-0.417	15.5518806435051	28.538492399805204	26.59406124924062
-0.415	8.684451017426653	31.633273989535358	26.16650173074179
-0.41300000000000003	20.310533333844916	29.611866409545687	27.307893216400913
-0.41100000000000003	7.230478951791852	31.48243947990371	26.24482014680035
-0.40900000000000003	49.199497390128855	29.107997797386865	26.487906763567423
-0.40700000000000003	-24.069799150483462	28.07592146680091	25.228252609538856
-0.405	4.878636870264685	28.869490330331995	24.833511190365584
-0.403	53.51320328905729	25.150139925474985	25.822427169531615
-0.401	7.167757316794976	27.361105586423346	26.284781595075394
-0.399	60.70253411105675	26.644604946548775	26.14307290361372
-0.397	19.138382026939738	26.729513468883415	25.6187581247171
-0.395	2.1167542558764296	32.32515586837086	27.1811590932352
-0.393	20.175900746766118	28.436419166250676	26.461059170815997
-0.391	8.304575879414244	27.062034037108784	27.363265525479367
-0.389	33.946363144021774	30.338016380439846	26.122941267430086
-0.387	-12.339338411937462	26.790416816550884	26.409455103310187
-0.385	15.382249353601551	25.73452809970929	25.258777079434783
-0.383	-8.011346963598953	28.656174770097543	25.65314505364807
-0.381	44.965963168941414	28.199922398618725	25.99986147382078
-0.379	24.207427093969613	27.060362206331888	25.64643248769523
-0.377	-16.761383027419363	25.779536712453904	26.64418323253128
-0.375	50.6797978037099	26.59826944070007	25.496398757756044
-0.373	21.839342178919807	25.128548960978993	26.82642459368688
-0.371	-10.471134157530315	27.495115650278862	26.539757038254375
-0.369	9.491271791173261	30.98079817637154	27.03806813972925
-0.367	-20.41411956532624	26.413784566380585	26.205616723138444
-0.365	27.45779310120433	24.582842471597704	26.022484400574648
-0.363	-26.997395152106307	28.538463200454075	26.025655563033162
-0.361	10.120493945997566	29.7238176609643	25.149390395779733
-0.359	22.7112882618119	27.737193971405432	25.67457366528471
-0.357	38.07070150041447	25.25014668120888	25.21611791116006
-0.355	9.798671430472083	32.63024210509224	26.831646005925005
-0.353	40.680922855917956	27.660810898879316	25.99043198783353
-0.351	33.81840515603862	30.704919800298065	26.983024745071194
-0.349	59.99872699335995	33.18235534915523	27.50545441418522
-0.347	47.600057777597016	29.531878301154936	26.678759838571025
-0.345	43.78750705869017	26.987590424692087	27.04847853008235
-0.34299999999999997	64.45602949511908	30.244810430876633	26.108959246194686
-0.34099999999999997	-22.997978662342433	29.304998460841972	25.059212034321938
-0.33899999999999997	-42.361612016428296	24.11704164861267	25.35213185435547
-0.33699999999999997	14.017270020705297	28.03960533638341	25.82316587561946
-0.33499999999999996	63.554636540175125	29.46359953796131	25.760805250735707
-0.33299999999999996	66.38702317318668	27.490067699262685	26.34131779190988
-0.33099999999999996	20.630542819866093	27.425885295661654	26.925658394988798
-0.32899999999999996	-19.3645491463057	28.66847471850319	26.558896690267915
-0.32699999999999996	35.099862051968245	26.346237683447477	26.288613085882144
-0.32499999999999996	1.046042195085306	30.782603049869017	26.39610283976233
-0.323	12.120513720681458	26.667292148113237	26.689238092253337
-0.321	0.5925106105753031	28.522311341977623	25.620428652639177
-0.319	32.74598697311504	29.2217139750086	26.229206093634723
-0.317	-10.705452301529306	27.063475945133675	25.003202642816778
-0.315	21.41033812685933	27.789055236344513	25.79977395280601
-0.313	6.085571586211813	29.46530606786238	26.370188177852153
-0.311	34.772914720537784	25.26142996861211	25.675904868208676
-0.309	18.808336866626973	26.17607244047205	26.09248072834342
-0.307	55.5577075398439	30.286832528844535	26.678863455040382
-0.305	10.411675538168907	26.868445377780844	27.161900914018872
-0.303	7.018597510288771	30.575143259104895	27.133753578059466
-0.301	18.391511571458352	30.836271141927313	26.429955735101498
-0.299	35.093128466057166	26.571098954789328	26.07497673307497
-0.297	1.9706896252635886	27.717780588339142	25.093547370936587
-0.295	41.42407095031331	28.501420516048952	25.82300193957991
-0.293	-10.410662550253136	29.914899264615688	26.109208373805327
-0.29100000000000004	10.057815758468536	31.243022013985957	25.374842195069263
-0.28900000000000003	42.32474292664712	27.884167979279894	26.091610177211287
-0.28700000000000003	9.903138497247	26.669243309629266	26.22006269180295
-0.28500000000000003	28.221705899111882	25.68152220484355	26.734034882432145
-0.28300000000000003	23.09995487270733	27.055868744264682	26.26741998191543
-0.281	-6.16573540546117	29.061086292136626	27.254326239908323
-0.279	7.403076326406577	30.676076870144197	25.92966270413224
-0.277	-14.436670099260418	25.062758104432294	25.703190811889407
-0.275	43.226855785949425	30.71027594298741	25.15120173910163
-0.273	39.9047479089365	24.689927944559756	25.178855457796107
-0.271	-13.96783097218357	27.346263785984835	25.674633975019923
-0.269	-3.0982804131163277	25.5727732262067	25.391623114500884
-0.267	34.06193054988904	32.3220116694155	27.44110606229985
-0.265	-11.01957201354864	26.932623670320183	25.36296996842221
-0.263	5.863167597430774	29.37916289261212	26.639501514901177
-0.261	-12.772889863232884	29.088741672572997	26.791994585089192
-0.259	-4.439810915024545	26.437637046970373	26.454873459518183
-0.257	33.976823167192194	28.037732306874513	26.432616236916406
-0.255	46.57742510882912	28.736239643358207	26.19922177121723
-0.253	-1.7027670364822	25.819530778906955	25.37647324930185
-0.251	20.91131078385544	27.6756022503907	26.152643573092725
-0.249	-22.842337706441285	31.118529037437618	26.027351758784487
-0.247	74.44930581090858	27.224027311994387	26.232923667021392
-0.245	-8.450765095258106	26.47254220745658	26.3006719252369
-0.243	-3.4009314624494635	30.524849610442505	25.6243977364142
-0.241	3.90867293176278	24.062195233784106	26.236883467846248
-0.239	-9.64273167647356	26.67173859622203	27.45768201471991
-0.237	-25.130758430580435	29.356764783219607	25.950625912099927
-0.235	64.9700125101571	29.54263124844495	26.244088500647397
-0.23299999999999998	45.5133750301151	24.565447536355734	25.134253806866464
-0.23099999999999998	-6.760254459003967	25.1679670049603	26.163720510284247
-0.22899999999999998	7.719083561230633	26.59073845119367	24.951369611972247
-0.22699999999999998	29.351172379676882	29.12807443126218	26.41620383092245
-0.22499999999999998	-32.85555417664732	27.757085632833046	25.706685973038446
-0.22299999999999998	4.656391044743913	29.503542635727047	26.37007356526519
-0.22099999999999997	-36.62187418718155	27.701377373740275	26.71906505847979
-0.21899999999999997	61.59428594809668	26.24383822158632	26.16733975632333
-0.21699999999999997	7.7808484615360385	29.746033044394526	27.51307677256928
-0.21499999999999997	0.5494992818544375	29.06369154165154	25.490266632967934
-0.21299999999999997	12.896540608986484	31.169193429209713	25.867742825161283
-0.211	29.03813091470475	26.473219997831794	25.154701283330617
-0.20900000000000002	-11.941770422518871	26.201463519492805	25.503413452397353
-0.20700000000000002	29.47373085104843	28.062960078436255	26.199975154587943
-0.20500000000000002	33.50849973138281	24.672737591114274	25.437854615738292
-0.203	-29.90490697407644	28.89655349933606	26.574587250741743
-0.201	20.37695887913138	27.541053458658027	26.021374684991944
-0.199	15.656963617383113	28.551803313701516	27.16551191865106
-0.197	23.46285606624754	28.47693643362163	26.248516123356257
-0.195	11.821498081543425	31.0128299312064	27.219632955111845
-0.193	28.337132306655022	28.211933193252765	25.73921172044555
-0.191	16.300551761050386	27.415675442035322	26.33149973631312
-0.189	23.26082891168646	25.776137737468808	25.507720716636765
-0.187	36.55038052108317	27.6920882962467	25.069553339640784
-0.185	5.331336970781919	28.541976053052863	26.67106565694662
-0.183	22.08720287222299	30.414951680003217	25.53247955793418
-0.181	26.31004605180287	24.98539411223705	27.030052071891678
-0.179	47.80172719498488	27.398105807820553	26.03203726968512
-0.177	77.98740500275514	31.94046630647117	26.47231775205623
-0.175	43.72942622810072	29.218669025153446	27.704383146541165
-0.173	11.81266159888672	30.809916321301372	26.722723898172404
-0.17099999999999999	-27.336182188419933	28.424316571580356	26.58850842289965
-0.16899999999999998	-0.7352706153929134	26.754671862922347	25.670669575719526
-0.16699999999999998	25.01484157146905	28.582732491064522	25.601577076600922
-0.16499999999999998	37.5927745359661	25.48238997370192	24.29588199311144
-0.16299999999999998	82.12200619328591	26.268728122117665	26.52853682115842
-0.16099999999999998	8.410483797849366	29.667946580374213	26.00829823015504
-0.15899999999999997	19.13811032250301	25.62333561800306	25.83492554739679
-0.15699999999999997	62.820985305078736	27.29750823614124	26.24641047308792
-0.15499999999999997	-1.6430500885400434	25.02485747978338	26.3387320893753
-0.15299999999999997	-12.356135774549415	26.733514772468194	27.20873870342238
-0.15099999999999997	11.569791104726335	25.073828943967705	25.82681950046443
-0.149	28.88680483481565	27.381344600706882	25.87297603641239
-0.14700000000000002	-3.066644852944833	27.70867277927533	26.17634042836507
-0.14500000000000002	33.37166429706606	29.512494827885746	25.364101167113223
-0.14300000000000002	63.191087891212305	26.746552810376652	24.71620524170966
-0.14100000000000001	-23.821348193897585	29.83665948317837	26.26241336881011
-0.139	-12.497098286878838	27.898890854240417	27.08181497476143
-0.137	-22.648782518563948	28.430267986839823	25.0504570454851
-0.135	-26.500319849187548	32.136507315432375	27.651485017509305
-0.133	22.13691279817631	32.68902816352343	26.435231963092022
-0.131	-12.135824954406793	24.646299124676393	27.521018757106145
-0.129	8.336282855125887	29.245947970726263	26.748026842794385
-0.127	54.202152680593585	24.9823975416091	26.150278126105857
-0.125	0.19304315101997815	28.330971484181923	26.06347722654657
-0.123	14.81922691448645	27.217372024753573	25.37771116694788
-0.121	5.11857561713569	27.179717699271077	25.70588639052645
-0.119	39.00561860947782	24.747344121206577	25.52064767249921
-0.11699999999999999	56.52897681818203	31.049850864207006	26.815652333008583
-0.11499999999999999	11.881005925307164	29.688020708250836	26.213670157003364
-0.11299999999999999	-14.920851212574249	28.901926328642276	26.038625799558773
-0.11099999999999999	-37.40939517560271	27.386965478772964	27.113663660742557
-0.10899999999999999	34.23587088002833	29.049314830391758	26.758051735575133
-0.10699999999999998	-57.48466926702722	27.643687647342194	27.135439408205663
-0.10499999999999998	-10.257374643329875	24.04186670541921	25.343348916794874
-0.10299999999999998	-2.4511121357040366	27.014628211167373	26.116771863051955
-0.10099999999999998	8.68313457313974	26.689967790097153	24.882073554225542
-0.09899999999999998	-42.98919982970162	28.910930359631358	25.68835656590445
-0.09699999999999998	113.83173191492624	31.821958798927575	25.810928801106186
-0.09499999999999997	14.088571841375241	30.068676353096215	25.04895452098639
-0.09299999999999997	26.107431927657743	30.475583753045647	26.583242093392098
-0.09099999999999997	49.441334260880154	30.280191687478467	26.281602740154288
-0.08899999999999997	-5.0907993430771015	26.26441270764818	26.71199979199161
-0.08699999999999997	4.969709896496255	31.40403108000646	27.18589688657768
-0.08499999999999996	3.8610237225178423	27.107373737179437	26.37858177678937
-0.08299999999999999	-2.69662617191635	26.99487448055697	25.986657214032643
-0.08100000000000002	-2.486215151975557	29.80356059697923	25.825481848723893
-0.07900000000000001	21.127920067032235	24.027845577503967	25.380076952741753
-0.07700000000000001	27.183827010057726	24.21847007474668	25.682875496483963
-0.07500000000000001	-11.977494698944824	28.08811589585367	25.78741340780012
-0.07300000000000001	44.05922937111839	26.31318938852572	25.84043114010375
-0.07100000000000001	7.232004731738684	26.034822506711205	26.473516950104155
-0.069	-34.89796318401073	26.43436286940399	25.742281316832376
-0.067	18.26783389913267	28.33244743974935	26.793705914330616
-0.065	8.303201500137192	30.295063537469765	27.14636415286498
-0.063	23.540436145719212	27.04180848034871	26.675671552174226
-0.061	4.59564254873257	28.522723570974552	26.66560723539494
-0.059	28.436954835786565	25.663197129510408	24.95119405427712
-0.056999999999999995	52.680339391208975	31.284589046224667	26.020871244626157
-0.05499999999999999	56.837686582600355	30.27623828798277	25.570858414547672
-0.05299999999999999	47.034597456363514	30.581695647224453	26.763137508828592
-0.05099999999999999	55.300600908303466	27.5816455711258	25.318165507653347
-0.04899999999999999	43.68313782388	28.133148582571618	26.29513377813785
-0.046999999999999986	42.623156068843926	25.94534312618806	25.779681676662673
-0.044999999999999984	24.031499989307648	28.96994036875921	26.56918403376594
-0.04299999999999998	31.223227405119403	32.240028471790524	27.037423998436086
-0.04099999999999998	-7.060638838485289	27.212964919567266	26.004082466970207
-0.03899999999999998	18.889375557495924	22.244529073221802	26.00315873721119
-0.03699999999999998	-17.310698166572713	27.91654001957253	24.981064518869225
-0.034999999999999976	-17.45296203115032	31.45225591949104	25.541088059329862
-0.032999999999999974	-59.00379456791338	26.55138152160201	25.49333782138605
-0.030999999999999972	-49.597800309442164	30.81253584169594	25.97953804806268
-0.02899999999999997	-68.33124159244531	28.006594133398984	26.26811576585383
-0.02699999999999997	-100.68548522035314	31.997978224515467	26.380758104525746
-0.024999999999999967	-114.77349390354163	29.670573995908885	26.209940192398445
-0.022999999999999965	-203.36194968528787	24.60355743226079	26.4610725540329
-0.02099999999999999	-219.94605638375742	30.075490779742047	27.653114214110275
-0.019000000000000017	-204.6382217266718	30.824410119666425	25.853790176729866
-0.017000000000000015	-255.13694068957093	25.564554102996954	25.44537705427113
-0.015000000000000013	-228.63246372406553	29.565806225183405	25.520618857678567
-0.013000000000000012	-224.78600237962888	26.19778195950282	25.86888565589569
-0.01100000000000001	-234.41206228991263	26.35844154399757	26.05848823369082
-0.009000000000000008	-240.6903129887894	26.887537332661815	25.703305689407244
-0.007000000000000006	-214.33866696951577	27.929897283410423	26.566783261786046
-0.0050000000000000044	-215.9069797073032	28.896079901303114	25.548453071961514
-0.0030000000000000027	-265.5649917269187	28.280966287357046	26.564946679470097
-0.0010000000000000009	-247.9542670071888	27.49196609301611	25.951324172920003
0.0010000000000000009	-286.4169873242339	26.676273683312026	27.453388255993634
0.0030000000000000027	-286.097043479705	28.678383688630166	25.386568795775464
0.0050000000000000044	-308.3988082763778	27.75823628383786	25.744696676416996
0.007000000000000006	-242.5325910273557	28.51010558804652	26.006506661149007
0.009000000000000008	-218.44500864287573	28.294662478583586	25.4563319167331
0.01100000000000001	-187.47633751980965	25.144382384262247	26.573178073185158
0.013000000000000012	-202.464059570584	29.975213570873493	25.6136407205494
0.015000000000000013	-259.31364017617307	26.592413362387447	26.29441094687077
0.017000000000000015	-266.6664960602194	27.964895330950096	25.971296909014157
0.019000000000000017	-218.62866604915877	23.474675478319263	26.25462525839718
0.02100000000000002	-175.84640582535283	30.348723558415887	26.52380928760127
0.02300000000000002	-195.6243875308461	32.330563881013475	26.96881134360264
0.025000000000000022	-130.26613155764366	28.962719052453455	25.852795876347336
0.027000000000000024	-107.15358400337216	28.708346004007407	26.16339572634958
0.029000000000000026	-92.7431573140014	28.340089253699762	25.478416299546854
0.031000000000000028	-122.65727267113391	25.679249134909693	25.56842987856797
0.03300000000000003	-9.787620867340863	29.103060962958665	26.044928197823598
0.03500000000000003	-30.452999155716753	25.321798259854056	26.258306000640133
0.03700000000000003	32.790272570304424	34.35096850892903	26.277060968668874
0.039000000000000035	-19.88162577803987	28.969830476983642	26.786201229193324
0.041000000000000036	4.965799539569105	29.460010279782946	26.091327588883747
0.04300000000000004	59.514597571919126	28.9074206453432	27.557651619181573
0.04500000000000004	21.7960481327939	27.745704533548395	26.567951801039765
0.04700000000000004	22.476911499147434	28.983346322377553	26.093212913198762
0.049000000000000044	55.23440029064908	28.37730918001418	25.8188741179491
0.051000000000000045	-4.422255305724931	24.644900883229408	25.804448878501884
0.05300000000000005	9.153255468019594	25.99627641494946	25.484544376004624
0.05500000000000005	7.299989248421568	24.688151420801574	26.155345885473224
0.05700000000000005	24.38981482688618	31.891636027933156	26.590788462586804
0.05900000000000005	18.86551370589018	28.02100288166696	25.294230225937977
0.061000000000000054	6.719033304847244	28.166006129297447	27.0314545500824
0.06300000000000006	4.144572933073576	27.90217298507241	27.21384416455595
0.06500000000000006	-27.41356202495826	28.080354741391183	27.1377916456227
0.06700000000000006	29.336539558277863	28.941905624396355	26.723033955641306
0.06900000000000006	22.09898660820997	30.73941305328242	26.10069596215114
0.07100000000000006	26.92668884285432	26.64164310226962	25.942042105410422
0.07300000000000006	68.13478806932949	26.037064889081297	24.56560772189336
0.07500000000000007	-14.70641493550584	30.743937936710545	26.560559213244865
0.07700000000000001	16.57287346579217	27.961024300879746	25.90023148849866
0.07899999999999996	5.415390819329957	28.323436437659062	26.596513433796478
0.08099999999999996	48.523633628949625	29.216425746422207	26.02331392930525
0.08299999999999996	3.773001880702509	29.77859780506582	25.942992253049464
0.08499999999999996	30.091659301234586	31.99431146717941	26.903541183266654
0.08699999999999997	3.7473714906699485	30.582633613703376	26.58315314173606
0.08899999999999997	-39.374360778499096	27.54866423123482	26.622739111835777
0.09099999999999997	51.47166986252394	28.92997445969344	25.556849050882395
0.09299999999999997	-10.226391885859165	28.673884007795184	26.2666900662128
0.09499999999999997	35.4815249556939	28.634108684268053	25.11858976563901
0.09699999999999998	92.23054669593722	28.424761066802397	25.808956050202585
0.09899999999999998	26.970359378042374	28.763115444402253	26.710807406603973
0.10099999999999998	12.448367024964213	24.618659735086865	26.308200935802887
0.10299999999999998	3.5036156424972376	28.78055993719966	26.386460310920633
0.10499999999999998	12.544598861685685	29.423852160524934	26.313697507217334
0.10699999999999998	10.21078069562975	30.61296465124116	26.735065983581883
0.10899999999999999	42.93008248912322	35.115807883697606	27.116743134655422
0.11099999999999999	22.958879759560347	28.435195212903295	26.070211978096424
0.11299999999999999	-1.458736541226635	30.526480292544612	26.448104573927907
0.11499999999999999	-11.394233243589014	27.80819431785738	26.326977417612945
0.11699999999999999	48.13832068606416	27.547289889470825	25.322599198426907
0.119	28.796727445934422	28.00757359291589	26.35441995391705
0.121	-12.940655397586376	27.7005894744306	26.617035971548304
0.123	-18.82857251855885	29.001385102069637	25.834986980748038
0.125	39.372569002216196	26.105529782519525	26.611882242185466
0.127	11.989448947868908	32.44120767955693	26.085863160870638
0.129	15.839188961086492	30.02584500575085	26.924152910179227
0.131	20.141170648857454	26.990272128319727	26.313653095231317
0.133	18.134293014782088	27.23565159165787	26.080041179820903
0.135	-4.720892608722771	30.94188001763378	26.44446910588798
0.137	18.735758430921123	25.05665722111741	25.156450468495073
0.139	29.66350609412416	30.278995996117978	25.494281894156643
0.14100000000000001	58.39797739892738	30.233586451344827	26.084788846288987
0.14300000000000002	-26.28194551779206	28.103484368506106	25.97370730844126
0.14500000000000002	-2.7509191896646357	30.703938921037125	26.247015860469304
0.14700000000000002	59.80758511392459	28.090963966763436	26.521918486331664
0.14900000000000002	19.5144029582206	29.95974849246112	26.768444959113953
0.15100000000000002	21.918252261832194	26.413460529835593	25.43888897930753
0.15300000000000002	4.1973881870216445	27.233330539515503	27.625240300226665
0.15500000000000003	10.685326441439713	27.19441685143364	26.338917350944694
0.15700000000000003	-0.34401974036146754	29.18066269201134	26.320968920352463
0.15900000000000003	26.273113702179884	27.637159540814537	25.43153306281493
0.16100000000000003	16.187296455250078	29.24452259150696	25.60794160063747
0.16300000000000003	24.924592773034604	27.69989801026239	27.025569427432362
0.16500000000000004	-32.90061938920896	27.918977555624394	26.218105318121157
0.16700000000000004	24.766711509638384	26.98740386306792	26.722143169372266
0.16900000000000004	19.18777450105047	28.004974183892617	26.343638106589438
0.17100000000000004	16.995018464083245	27.765316986829532	26.531871762602893
0.17300000000000004	18.287160370888955	25.750861147859567	26.149231763707
0.17500000000000004	-6.507451796866626	29.993749952468978	27.08174986003225
0.17700000000000005	-6.932718160546081	26.89128546461206	25.743268778305552
0.17900000000000005	-20.820382382158442	24.51309027652412	27.012065620236047
0.18100000000000005	2.015574099178963	26.87625186247898	25.10134408629932
0.18300000000000005	58.7629811112933	27.35384701724626	25.695526975879183
0.18500000000000005	26.964359697956297	24.004742746042417	26.242153773220384
0.18700000000000006	29.762158661128524	26.64131344131778	25.361968513534176
0.18900000000000006	-22.23745878904282	28.623102402316015	26.82321018654452
0.19100000000000006	1.0049106242693284	26.400249630724826	25.524024208916696
0.19300000000000006	-36.743098983493816	30.74919205601044	26.073168948965908
0.19500000000000006	-27.242424506579432	31.288332001605905	26.011257322750083
0.19700000000000006	-3.342616373691598	25.923078039029903	26.165980836582996
0.19900000000000007	-36.95679368354021	28.19593519433286	26.793390818384697
0.20100000000000007	42.08678986405978	24.800516864867824	25.20992930257792
0.203	8.750299891113755	26.259953466565662	25.923663617260537
0.20499999999999996	-34.15634182390992	26.916091229449	25.249152461693622
0.20699999999999996	4.222009959642392	28.84431469330649	26.155496891001576
0.20899999999999996	-0.0193139436666101	28.700914017733787	25.83534086112594
0.21099999999999997	44.7610515441621	27.42115342302323	26.84694849446859
0.21299999999999997	32.62374040402527	28.32946458362447	25.92490644436549
0.21499999999999997	-3.548562863775473	28.1721137628442	26.12953130637291
0.21699999999999997	-5.151859535534875	28.295936077807276	27.377616809178146
0.21899999999999997	13.171098290243322	28.70330324315017	25.863163438894897
0.22099999999999997	0.40229931652646655	28.176759032640973	26.801787026907917
0.22299999999999998	3.757259898096166	22.720042305961194	25.836652322781724
0.22499999999999998	-20.886432135935884	32.80664736236161	25.33397925219772
0.22699999999999998	12.983379370501424	32.64940820177087	25.28478309303898
0.22899999999999998	19.284112884099258	30.276692155091613	26.212846894038695
0.23099999999999998	-19.0007877081122	27.99795367537364	26.507789055221984
0.23299999999999998	59.56040040899779	28.272151514983047	25.66186083646201
0.235	5.25088257252726	25.929754304965268	26.743232232871026
0.237	-23.89909685840408	28.082086088286975	25.906756179539855
0.239	38.106000105342375	28.833272990502977	27.10383000551645
0.241	-13.085009946789405	27.529811368395666	26.377764608551086
0.243	20.722706499887167	30.25699321187401	26.421622903123453
0.245	-2.2591772053104364	29.339185022069522	25.416019650271377
0.247	84.87566300519056	28.91591534793988	25.46797185643559
0.249	6.237853631629875	26.3321622624611	25.762676601318656
0.251	25.660107231484375	27.110196751464716	25.428056421151066
0.253	-24.290155959616477	32.48535324574501	27.2383394217496
0.255	28.03629973691102	30.368757538314117	25.937910266244554
0.257	29.84724776777803	31.263448942618346	26.08313185867667
0.259	44.938280320927504	29.77647926381534	26.24431131448099
0.261	14.19142555270092	27.00161494280568	26.419844372355403
0.263	56.38105995675602	26.9267768886872	26.303582762940334
0.265	29.271526279517346	29.487949808602156	26.250542615260912
0.267	2.9403374028902363	24.30240923171977	25.59070904504002
0.269	30.634732504308815	23.72380048696015	24.61486339825596
0.271	58.06940589381249	26.875627100694143	26.40382223840459
0.273	0.09848967308379031	27.719286174593368	25.496194770081047
0.275	17.94914904329481	29.671263367812763	25.97441841164954
0.277	-29.61086273778335	25.903196852924125	27.24677289040609
0.279	19.010121798279656	26.111077018571027	26.09204939625707
0.281	31.053557360660733	30.814509617828506	27.232860621333593
0.28300000000000003	-48.98062163727346	25.068596128956646	26.26128663571507
0.28500000000000003	-5.336803520772371	29.264589976748784	26.59712055892384
0.28700000000000003	31.360741530095382	28.42195324816885	25.768062866606588
0.28900000000000003	3.0094121190593626	29.673297100376995	25.53481618051007
0.29100000000000004	26.747272545923906	26.64350333949904	24.97695102589164
0.29300000000000004	43.24090508434075	28.957397780802157	26.159881493932428
0.29500000000000004	-22.487566137985304	29.652589640833078	26.432868595654764
0.29700000000000004	50.96501181589552	28.02008752476329	26.472714666571722
0.29900000000000004	-15.38602481310214	28.694071145607506	26.24658377528745
0.30100000000000005	42.76903456568171	32.07056168867418	26.825969743419115
0.30300000000000005	13.031654482409394	31.842063193100138	26.572291163772533
0.30500000000000005	-8.242547319570193	31.73199434089113	26.345961084280436
0.30700000000000005	19.730420986574515	24.58415884403203	26.626758363418865
0.30900000000000005	41.383846329345886	29.277883705877898	25.544205497293238
0.31100000000000005	8.967719070662739	27.88740659846747	25.681619175515777
0.31300000000000006	7.731649127373785	28.131915445343388	25.63242056750122
0.31500000000000006	31.205427367009264	30.883982783635062	25.844469820400835
0.31700000000000006	29.03777437213151	27.58330871892873	27.05073420777461
0.31900000000000006	6.9578009420645515	25.66961151831899	25.57852884521172
0.32100000000000006	0.3965952799500627	22.549832245283596	25.691748178306607
0.32300000000000006	3.971753796072619	30.775285746341407	26.186432135947562
0.32500000000000007	11.763279713195018	27.62257436275761	26.552312264769125
0.32700000000000007	3.6974813886203606	30.786301706462183	26.088326509302664
0.32900000000000007	47.213682759172926	29.616250119040483	26.4358090273297
0.33100000000000007	30.679642604614088	25.248846069649883	25.713843425235133
0.333	-17.19810941946953	24.917933564445825	25.237929528925676
0.33499999999999996	0.06869248658780691	27.587404535613803	25.05694149843696
0.33699999999999997	-13.2317775465296	27.97273247001121	25.558670932050457
0.33899999999999997	41.477482475738015	27.083478697633716	26.404171762310256
0.34099999999999997	49.83217373899507	26.40790126896827	26.318175097238615
0.34299999999999997	-2.377080900228812	27.975110206511722	26.719753735110118
0.345	62.069076099735554	29.618196038702795	27.369239217273947
0.347	-11.341905293615895	28.338483877679035	26.54173823987141
0.349	57.09176181567521	29.139963173233856	27.072008273129732
0.351	46.57237778404877	31.81410155722388	26.58555744458923
0.353	-5.330889826016261	27.276928444710286	25.615416189234473
0.355	-35.44280531653232	23.927694276322764	25.174661633468574
0.357	47.960165716842695	25.62361281639416	25.07294332155528
0.359	44.16995798650625	28.065637219675338	25.83659705829497
0.361	16.547123637744576	27.214063242074754	25.912401562593914
0.363	-28.97638963650362	28.634567591787302	27.293036991442627
0.365	26.33669254503701	29.055934447038204	25.969332457718952
0.367	79.10651567000215	28.26505353049804	26.642917955209846
0.369	26.356598139321008	30.51261989526934	26.320891485285635
0.371	-22.946934100986915	25.872539403670153	26.79573775289222
0.373	-19.39107549586705	23.48571878937736	25.684738493408904
0.375	25.15269185776603	29.101800705340608	25.977202893014415
0.377	62.8413283265683	23.947701986878812	25.803070699429615
0.379	72.02079629742286	30.01290123265505	25.380728177649043
0.381	16.509757037264094	30.781825637299388	26.83300260680017
0.383	-5.146645027376273	31.210355044511946	25.670409472788467
0.385	26.63069799591078	29.914252647270082	26.223373317767606
0.387	40.16080739766004	27.618643456860653	26.59303015396998
0.389	13.535694045163638	29.796163431615696	26.620433734293492
0.391	67.80362466574097	29.279178626314874	27.749587333169895
0.393	28.899563446760368	29.352577948410605	26.451828289862455
0.395	-15.271326907706495	30.523080356883757	25.893511270669382
0.397	19.3975338120822	27.439415348548824	25.217181493774145
0.399	21.441653055287446	28.17573979062354	25.41338083388361
0.401	32.7679844056572	28.463414935907217	24.98654577109056
0.403	48.642825732247985	29.768630850511965	26.46769470554175
0.405	50.35917855766847	26.912142421600098	26.066300455196764
0.40700000000000003	33.18724075640489	29.318934966889714	25.537940985174536
0.40900000000000003	35.13198212901081	30.134617488321364	26.747584488288066
0.41100000000000003	51.690220772560025	26.218025740955802	25.845154009380796
0.41300000000000003	44.33047555774117	33.18103828250126	28.19888424142985
0.41500000000000004	8.554370757307694	28.289498939995607	25.543554238028946
0.41700000000000004	31.61587675193367	25.9824945883074	26.008961601784815
0.41900000000000004	50.47869069962907	26.675525205785608	25.250834667215972
0.42100000000000004	-45.92413870407874	26.308670094900894	25.469315301376575
0.42300000000000004	-2.8361911089680447	28.257666469010026	25.828630216808737
0.42500000000000004	53.78763506036499	28.144681886623715	25.753925435007552
0.42700000000000005	3.909103465815633	30.47774843501659	26.867367257182096
0.42900000000000005	10.740757834470926	25.516164867815036	25.61013713961606
0.43100000000000005	27.01815834171839	29.389812512743287	26.635510954645227
0.43300000000000005	48.91085782743332	30.47408022795345	26.323557104992307
0.43500000000000005	-58.76050084585582	29.484793079090323	28.207934312770472
0.43700000000000006	1.5729247155871207	26.90196843572859	25.91784460982464
0.43900000000000006	-42.95611669014043	28.71966283120948	26.222069450110013
0.44100000000000006	7.790610009994481	28.8284239998605	25.645745160887223
0.44300000000000006	-31.163781566312387	28.832199599858825	25.017922731926603
0.44500000000000006	-20.537023744271465	23.481470177497986	25.981706925119276
0.44700000000000006	18.514524711132907	27.795331465637883	25.570120897459784
0.44900000000000007	15.414944144476195	24.44900203832893	25.726281314624046
0.45100000000000007	-31.50808429908114	29.965059812630876	26.680499013079224
0.45300000000000007	44.05958588549197	26.08295881640953	26.629139154882825
0.45500000000000007	15.387138912359433	25.99726359764951	27.31348622486379
0.4570000000000001	23.98388441426924	26.354137531420964	26.167670159585434
0.459	-31.23337819455063	29.423411634210943	27.330280581153463
0.46099999999999997	11.199192898825316	28.357959651784366	25.289370803855757
0.46299999999999997	57.01362035237523	26.192211622739954	26.322480841057402
0.46499999999999997	-22.39656112723587	27.00947279199068	24.273759925660475
0.46699999999999997	-38.82493688900368	24.878783374338806	25.76688106093613
0.469	-8.681483988581817	29.060548463950187	25.6350467087031
0.471	11.109495300809513	25.738133185692032	26.02014540859711
0.473	-1.9461434476175654	28.95069692078548	26.860890164379004
0.475	10.71268514518664	28.936359452244574	26.62033398452421
0.477	22.152089625526727	30.97912340900951	26.783080269530828
0.479	7.692750949583882	30.46682404339817	26.883014248116435
0.481	-19.026871886929086	27.677313689866168	26.349021625574363
0.483	38.506971156593295	25.63514852221735	25.85287945847652
0.485	12.028272706299248	26.61207594468169	25.702365227405522
0.487	15.075120317398216	25.58984167571169	24.66144225229432
0.489	68.88115114089821	29.098731462154962	25.932219051832323
0.491	23.54124454284623	29.089638884990535	26.28848273876896
0.493	14.078191205246782	28.08705770326544	26.460844358757864
0.495	34.77663450923707	27.60518322769463	26.38194118831706
0.497	61.69353689600143	25.143237265548446	26.449928174219263
0.499	31.351931097489683	31.665705241209665	30.77043469920477