-0.499	73.08486889878729	52.41929342687109	23.54697794420444
-0.497	82.71261008196973	49.33711274977254	23.430711968912924
-0.495	94.920518763697	55.66732566953312	23.93194224843502
-0.493	33.73616198198981	53.11055019189936	23.68966632218103
-0.491	64.07030856792062	52.43206108754673	24.169608769285695
-0.489	-5.715765383995652	45.83602846132682	22.516946928016058
-0.487	-24.21296249555116	56.3262260844367	23.5263544733951
-0.485	22.496815938133352	56.5888878348372	22.83585949112707
-0.483	33.96027437596594	53.69841761544509	23.52067838566696
-0.481	53.061670655996096	51.70555329993629	23.08787694828297
-0.479	6.8028356068339235	49.23636803447126	23.482987779753742
-0.477	110.7989383761776	52.76420717103672	22.74887722333439
-0.475	15.659375780963103	56.95141969413381	23.0510639576579
-0.473	29.706973361465216	56.445581984931295	23.33701803983938
-0.471	-19.71637229203349	59.205418125127835	24.018381722324843
-0.469	37.453625090000386	50.59883492109306	23.04767604359438
-0.46699999999999997	66.63482552737854	50.62516211174508	22.738678039549328
-0.46499999999999997	-65.58433257009	54.73495098771077	23.570512063586627
-0.46299999999999997	12.080707990191897	54.23386546349946	24.453006085540157
-0.461	-11.851330213419331	50.12341258012238	23.660931385719522
-0.459	14.854136780817484	57.94698185691627	23.65885637540835
-0.457	18.478525288356806	50.52048016764616	23.80289447454892
-0.455	52.09528547522879	52.356391221920234	24.174932924164274
-0.453	45.402310878017715	52.356922882803765	23.75375872657498
-0.451	26.187778043196275	51.64073335336083	23.749844379506687
-0.449	-3.5285483537261797	55.34722130394692	23.031144120301438
-0.447	12.95983735705164	52.75766936866048	22.845817960525416
-0.445	3.5486112250904256	50.671426848727535	24.043875894526632
-0.443	-7.3861575090594656	60.60940507256327	23.78080106843588
-0.441	5.989516575377607	54.679537914932475	23.524340140626556
-0.439	-28.31781214995832	54.33454085356712	23.49538994426654
-0.437	54.35781728113653	48.29773563545104	22.531909695831107
-0.435	87.64678652339875	50.227689043813676	22.83913217953349
-0.433	37.10317852045897	52.23801393285623	23.659843287390697
-0.431	6.11131984773472	53.426900634746865	23.52450927281227
-0.429	36.435178021321235	55.05637871923169	23.178236403565275
-0.427	-8.49047355044874	57.875170075934584	23.417328199871896
-0.425	-23.303764521309667	58.9131505839382	22.949732487779336
-0.423	19.455366210952008	51.67396316004382	22.430750005806562
-0.421	59.27420942408723	51.71636497174756	23.68810449078207
-0.419	41.684632721139536	54.518989096897315	22.864538442195524
-0.417	29.37958654936068	54.15918693189382	22.73066560687295
-0.415	23.319913440067452	56.00862925782029	22.415088211416684
-0.41300000000000003	88.19632855949777	49.412342346733496	23.319820236929406
-0.41100000000000003	13.22810656678719	54.68272650458004	23.336115366629862
-0.40900000000000003	31.52772089487499	52.904363214232816	22.514944510719776
-0.40700000000000003	16.906918448356123	55.05717178436134	22.5094735412816
-0.405	-13.773254612048369	57.75408585664158	22.838226422910314
-0.403	-1.1259127871143804	58.563396051991845	22.97526808528783
-0.401	-30.136422622062398	55.49299317845642	23.313314195246488
-0.399	3.254264128615958	55.946869153420636	23.436423673662546
-0.397	3.3240797754352513	53.43574466483425	22.495822966724734
-0.395	19.875515627543194	53.75827810208377	23.798805233092907
-0.393	21.00266265347983	56.59941807405375	23.422726957509944
-0.391	80.15802145533435	58.12279041949361	24.033287727360936
-0.389	73.0210542623233	49.947566367380304	23.45647761383521
-0.387	79.94432145763675	59.478564914157964	22.807899850800002
-0.385	34.93008256727492	54.22705103300199	23.198663241900302
-0.383	37.39373162470194	51.12117491110391	22.530842202906104
-0.381	29.317913867732415	49.636546483042125	23.195391121252726
-0.379	-1.5321880650898123	52.41434339878748	23.16379635425196
-0.377	54.8385889311831	50.06693657857796	22.60641086749795
-0.375	30.083619949161644	53.49524338123182	22.619857491947943
-0.373	42.463166588957435	54.47616188725854	23.0588759490661
-0.371	23.227331516828542	61.41930432836203	24.72543551821912
-0.369	94.09564786566627	51.923106203903416	23.14966406380808
-0.367	38.60716954795507	59.617268840759984	22.944913402146373
-0.365	47.93164824268281	52.77509813915073	22.61000693412631
-0.363	2.976164684254101	49.780531865497274	22.966300108843324
-0.361	29.171948270123593	45.79955646864618	23.187449839623707
-0.359	-41.772824239449946	49.671550884288386	23.553682965178183
-0.357	4.371677078562897	48.89951718501486	22.610409293160366
-0.355	23.20050521409378	57.62158281329345	22.954016648878646
-0.353	-13.209795739266283	48.94339239536085	22.83786149955033
-0.351	11.050326367278984	50.468599328125066	23.658199135500602
-0.349	-26.616474346652375	49.50336632254689	22.96101962830061
-0.347	-3.1785140117701616	59.09402176134001	23.38405331245252
-0.345	-35.082120045326626	57.677192468981694	22.637221657941662
-0.34299999999999997	6.323706267741258	55.393005029435606	22.97012946020244
-0.34099999999999997	-42.325384939423394	54.8554548748459	23.19435828722616
-0.33899999999999997	-80.75580018218619	51.94883024844756	23.780207526677692
-0.33699999999999997	7.558067464996654	49.10278631527854	23.39967855785854
-0.33499999999999996	-16.866659724779076	60.17531786719776	24.279737930741078
-0.33299999999999996	18.202562132252353	55.36853275557493	22.7267296064289
-0.33099999999999996	21.54654964514613	53.14484404166238	23.92575585628768
-0.32899999999999996	1.0131605556740197	54.61039013375222	23.535772080752654
-0.32699999999999996	13.533076784533193	51.848056456854685	23.73471152123881
-0.32499999999999996	-49.607553942232485	55.65683216881922	23.861082826630465
-0.323	-8.653402615910188	53.551489152594826	23.170651224328452
-0.321	13.457342383782489	50.565943790839505	23.9292331527759
-0.319	-27.004300582000873	52.959359911873605	23.527162042229186
-0.317	-45.847182991609614	55.5516672977613	23.169455602833697
-0.315	20.065365928800816	53.81787562564617	23.27889337505939
-0.313	21.5611877056876	58.33848053205395	23.05593147504153
-0.311	-21.178924909603936	55.01099443488766	23.400713605863984
-0.309	-61.29483899719457	49.24457069300572	24.163046087349485
-0.307	-56.51091923197793	58.83881581057266	23.5293094685025
-0.305	3.4417015135623785	52.994875934381476	23.272358251049095
-0.303	61.0684656738858	57.16461880931825	23.15779399926725
-0.301	-42.2442573955184	51.330289429298915	23.296349035460473
-0.299	-0.6040409863405927	51.8981958644874	23.30729478899833
-0.297	-12.056858126330283	49.828504715884115	23.781099097009562
-0.295	-6.78784629870588	49.11318629553898	22.929264700951148
-0.293	-13.169300973281395	51.397657412633805	23.52922778913956
-0.29100000000000004	112.02012883360091	46.59535497397555	23.62903296509569
-0.28900000000000003	-56.83980635062813	55.54414401868081	23.896442070532867
-0.28700000000000003	58.577154519401375	52.75483994682009	23.664000558213214
-0.28500000000000003	38.159531214887465	52.115283367115055	23.13810449338557
-0.28300000000000003	60.55048208164493	60.23902160996643	23.92378471657235
-0.281	12.569109905324893	56.77793957025015	23.538415116228695
-0.279	-5.317503665946965	54.864932590427564	23.909420117807343
-0.277	-8.261529383046806	58.24556126038335	23.901096464929214
-0.275	9.374643744841649	55.128177578591036	23.76911841757441
-0.273	10.841772328351595	63.083372421976065	23.89475148188889
-0.271	27.16983187989186	51.863015187827244	24.019615614618633
-0.269	13.628256911646375	51.139448269039704	23.659944386859223
-0.267	27.439039625321016	63.88813404811268	23.643652568293266
-0.265	9.08451593240045	57.47564861424679	23.273600073007188
-0.263	-42.42786956176747	51.89830221056466	23.525306456176903
-0.261	85.7164899712437	55.24459439020944	23.304470653056722
-0.259	11.918751865902522	57.2474713908559	24.134723060661326
-0.257	31.715168473445132	56.35688619198616	23.6218166552398
-0.255	-57.9412886744235	63.01251448939977	23.60151499658398
-0.253	57.28917187064475	54.18703580114235	24.0297738591931
-0.251	35.95223878694043	51.640571337624756	23.526939065835382
-0.249	54.20370122388718	58.20966662320866	24.99360776450958
-0.247	13.644493410680525	55.20387450973617	24.847134701649182
-0.245	57.16392080290511	54.75538959312035	24.267743110945037
-0.243	28.42154086479809	57.72544700677523	23.790592347559315
-0.241	-9.801817219656783	53.96884137573049	23.549781515150805
-0.239	-29.27026237153907	53.39456191054528	24.05980704642101
-0.237	8.778059553238293	55.57052650336158	23.552149331883253
-0.235	7.395867900106268	60.766313351437134	24.134048008510593
-0.23299999999999998	-14.832482519433476	53.86318698486419	23.412030120498276
-0.23099999999999998	-22.99893516244378	59.83855135156764	23.282030982511976
-0.22899999999999998	69.94234196278093	56.67906431498936	23.757971509345733
-0.22699999999999998	6.551113820751908	59.4783578082389	23.756934863792896
-0.22499999999999998	77.21719753095435	56.3477009858859	23.915332505845413
-0.22299999999999998	24.030131752228456	50.221426136520805	23.294211083766967
-0.22099999999999997	44.337127008464705	52.73460042279919	23.287161908719515
-0.21899999999999997	35.25219651545619	53.04916594376577	23.190277954581138
-0.21699999999999997	14.99177447294997	56.68782115550821	24.53961989809439
-0.21499999999999997	51.9727516030688	53.8265208479118	23.894540165525918
-0.21299999999999997	33.77401467696828	53.17674522447092	23.89973329020755
-0.211	17.31895204937217	50.83664741060568	23.0944785596613
-0.20900000000000002	21.072543247457887	53.74523896977028	23.89280695887882
-0.20700000000000002	12.24616416428681	60.64248269653892	23.897531045024497
-0.20500000000000002	66.60410648962056	54.98820174465265	23.382439553351155
-0.203	16.373451516615845	54.26131277844021	23.16503044953013
-0.201	62.34728791243427	53.742407674756414	23.418088572369967
-0.199	27.30233549574912	50.15749771479516	23.173866790952083
-0.197	26.541707118798996	51.999225788268255	23.509596374323703
-0.195	-25.04618988452556	59.26604199579484	23.065489199754236
-0.193	34.81851849129747	54.27619549136395	23.1701566828536
-0.191	67.2475217615709	53.49457346916931	22.85729140679331
-0.189	47.42700566984226	52.29028477631618	23.524143573399474
-0.187	20.093644941709954	56.16165325036952	24.150486514545037
-0.185	43.797110964804986	56.00714772443774	23.772298104058418
-0.183	6.056801069576068	55.363451798822865	23.273038607173767
-0.181	42.09739174654281	53.49274562173369	23.436765907340803
-0.179	36.9256264896034	59.837532553755295	24.184114697217947
-0.177	-4.094624664330304	52.560518858135616	23.784193505962886
-0.175	20.632937618447755	54.462810330657646	23.68413093409397
-0.173	37.75706720565708	59.40326275826142	22.93266909462809
-0.17099999999999999	41.96275508228098	51.74194033853328	22.73825124797372
-0.16899999999999998	46.12788287761127	53.50936163759439	23.078437114133894
-0.16699999999999998	25.265445978917	53.95113988967563	23.28942402307453
-0.16499999999999998	-15.576862604560482	57.9907138014688	23.51875315814302
-0.16299999999999998	-3.299261182032609	51.144499997536066	22.485153597778705
-0.16099999999999998	46.254663860656464	56.23326332185576	22.734403838775545
-0.15899999999999997	8.49255432644469	52.325394122611684	22.715897048141414
-0.15699999999999997	21.518622325134018	55.17741849002487	24.280701858186752
-0.15499999999999997	5.309232741446124	52.67348391765716	23.270631197976897
-0.15299999999999997	76.71413595611298	53.27642869383875	22.81602447574513
-0.15099999999999997	-9.649540008038748	51.99097515714734	23.79058791862845
-0.149	-4.800506326452236	58.181022715206986	23.925014363204713
-0.14700000000000002	-25.4275836545359	53.951079282725566	23.52835516466539
-0.14500000000000002	-30.283325895941182	54.69002795319838	23.187388461631265
-0.14300000000000002	-13.321337806515565	57.26739615692873	23.145582024640348
-0.14100000000000001	52.75749802136076	57.727283025043825	22.94879244785025
-0.139	-0.6771751583922736	58.58628904554036	22.623863985253788
-0.137	42.49045611803837	54.29426631999709	23.64319273617354
-0.135	-36.74470734227331	52.962518473738406	23.0682400869471
-0.133	17.016807236647224	55.852825772324366	23.033227660770915
-0.131	45.52872254559581	50.24260149948883	23.52275921397923
-0.129	38.35733895840576	50.78409526679611	23.050205858221755
-0.127	15.776263950106895	51.41187450602401	22.94029468655872
-0.125	-38.22474263193154	53.52800172780692	23.519159874112646
-0.123	31.57316153989953	51.75191118042719	23.28721758793991
-0.121	6.942296556955441	50.32471817965529	23.166017251790723
-0.119	-29.968493145626773	53.63621629446979	22.80647810344043
-0.11699999999999999	31.11651297804663	59.23481977211303	24.260678643838304
-0.11499999999999999	1.9442539100911205	56.17317612927919	24.044565287240122
-0.11299999999999999	-3.883860008491169	57.15869085343898	23.646928413336248
-0.11099999999999999	84.2904314404258	49.738874724643175	23.17137188991707
-0.10899999999999999	30.09704705969618	54.70031243005359	22.81377865151023
-0.10699999999999998	84.86469246693495	50.44222925535148	23.400368771548077
-0.10499999999999998	40.35931471046972	55.470944675716495	23.294979215888066
-0.10299999999999998	14.650328380660937	50.71102892888419	23.061952372700095
-0.10099999999999998	25.202996311701753	53.32019698277528	22.99270364929426
-0.09899999999999998	24.144732688968773	46.276748995232126	23.06093130996318
-0.09699999999999998	68.33562824271056	58.132256290487916	23.61804362155821
-0.09499999999999997	22.032626342705086	49.55782086825427	23.538849636261435
-0.09299999999999997	47.462308544687914	54.75368090065626	23.51434365244227
-0.09099999999999997	50.524861238354646	54.65043043789681	23.131143155011415
-0.08899999999999997	-8.32684574225695	53.97585196107685	23.401773116962374
-0.08699999999999997	19.148372067956387	50.418349258563914	23.08798284310021
-0.08499999999999996	90.67344350133233	54.52687592991367	23.413571334601475
-0.08299999999999999	71.32555597366697	50.20750815401925	23.068122903942
-0.08100000000000002	15.904672190591995	49.71120982185956	22.818467673044804
-0.07900000000000001	13.812315444061696	58.626889434996876	23.61273439745593
-0.07700000000000001	55.75485362396826	57.73234476407671	23.637843258701675
-0.07500000000000001	36.8631056890667	53.963983664210524	23.788098650292397
-0.07300000000000001	37.323535580835454	53.528403918315604	23.529297781199396
-0.07100000000000001	14.916342919724102	53.42370181285824	22.794903267344335
-0.069	42.69514211419079	54.87170180868805	22.95511734729949
-0.067	24.910826212032333	53.39599793006769	23.302531487538474
-0.065	-27.30656699090339	56.64817246896268	23.77450708448645
-0.063	7.677293834218446	52.822224172941326	23.29211348509919
-0.061	-34.91137058808658	57.2412331471071	22.90810882021611
-0.059	2.7258532211416053	56.35223989307658	23.053086144347656
-0.056999999999999995	-38.20217122285641	59.72217439724494	23.789980898302137
-0.05499999999999999	-40.97244225997887	49.028291465190975	23.43652472689603
-0.05299999999999999	41.40394682772275	58.20589287181503	23.78123665786471
-0.05099999999999999	-17.382005941701806	58.42592883982111	23.572442966777608
-0.04899999999999999	60.8332372689091	52.58545801785969	23.42994001981076
-0.046999999999999986	51.08243424456482	53.12037517594939	23.66543897396572
-0.044999999999999984	46.55076778559142	53.70494772971313	24.019052295590015
-0.04299999999999998	-3.73183746693595	53.6259652607942	23.66286703078945
-0.04099999999999998	58.652809310943965	56.40733644382319	23.892626314599532
-0.03899999999999998	12.323655306234471	54.43563069456197	23.081754070188733
-0.03699999999999998	32.09039086038423	56.00734940520218	23.42097691796924
-0.034999999999999976	5.04024554959237	55.95689671324209	23.547007657115447
-0.032999999999999974	-15.231980026952918	56.44523979109554	24.98011666133642
-0.030999999999999972	9.830039445768435	54.95696064479107	23.039504158946972
-0.02899999999999997	65.83375078528242	60.97589063555722	23.5366101268922
-0.02699999999999997	45.428406645342534	59.227662228143544	22.92725639243642
-0.024999999999999967	-24.898111301352444	62.23306899891941	23.918615292007033
-0.022999999999999965	11.051556749297475	56.28578991927159	24.167436969303175
-0.02099999999999999	5.371685025679085	53.97292273524968	23.291355623376273
-0.019000000000000017	30.286405448443077	54.77410575187725	23.27431075534703
-0.017000000000000015	15.017505401226927	56.02167202403819	23.059399361520363
-0.015000000000000013	35.53265897293656	57.264151398213684	23.406156458521124
-0.013000000000000012	21.81373665610664	55.84482819821217	24.253955525985333
-0.01100000000000001	-57.398642423933666	51.65467358059838	23.769645067452203
-0.009000000000000008	-7.510869285187738	54.127967601709905	23.386198066873067
-0.007000000000000006	0.4168020477646195	53.44225802179394	23.52255275835136
-0.0050000000000000044	-48.73553486650639	54.16809848296585	23.522697693703016
-0.0030000000000000027	-976.3036755411347	67.36089475113383	23.630234611862157
-0.0010000000000000009	-1748.758442937537	60.123238425735465	23.5364440424609
0.0010000000000000009	-1807.4078019213457	53.53994778493712	22.812030180087056
0.0030000000000000027	-924.5080523754278	75.47761092537296	23.729535394106804
0.0050000000000000044	-14.305058842922769	58.856485729811546	23.202396919180458
0.007000000000000006	71.30505563290868	58.199063824092725	24.038188584073914
0.009000000000000008	73.14960920767888	53.68384159483831	23.41059024192025
0.01100000000000001	1.904567733745921	56.78486548374078	22.815406659366403
0.013000000000000012	-21.308095784711156	56.09332896871681	23.410766245814685
0.015000000000000013	-53.391229227206516	57.541130167322315	23.282820474104568
0.017000000000000015	-14.696613135023462	53.071327008354324	23.799478561077485
0.019000000000000017	-14.082483257960021	54.06412122831967	23.665825203342443
0.02100000000000002	3.6315123390640025	52.63368601923748	22.814833863910813
0.02300000000000002	38.461858318461495	64.37843936437707	24.036735831475834
0.025000000000000022	-2.581122689915283	56.99241885633471	24.420333923246734
0.027000000000000024	-57.3000106133259	54.84132064248692	24.144708628027846
0.029000000000000026	-4.629649848264528	56.32617509696595	24.00112691233547
0.031000000000000028	-69.77482862302597	57.988111147426686	24.027393539849953
0.03300000000000003	-81.76391703995645	57.484238544937696	24.28731295968816
0.03500000000000003	-34.72214151112318	60.176106857413984	23.43653510810604
0.03700000000000003	21.300968054749347	54.71078395116789	24.0448817031185
0.039000000000000035	-12.950924780708029	59.87724013477058	24.160322492586964
0.041000000000000036	2.0192767025140057	54.74849594143112	23.742707765724482
0.04300000000000004	-23.788695114213	51.92484560929048	23.050717487516437
0.04500000000000004	5.741928478686376	53.05030100850521	23.070166970300132
0.04700000000000004	1.0211304803942056	53.923893868765425	24.175824525766217
0.049000000000000044	-0.09605247808242012	51.843933917234985	23.780792731833063
0.051000000000000045	3.2548056525527613	59.22898982173882	23.381942184701305
0.05300000000000005	-47.99903966568042	52.76195636701528	23.404728690973833
0.05500000000000005	-17.304090465519728	61.02745692749555	23.13529238208137
0.05700000000000005	-10.121947717656177	56.44334299607484	24.168785169465487
0.05900000000000005	-60.68477037513009	58.98050855907199	24.282466302635118
0.061000000000000054	-13.055511270732012	52.478602735698644	22.592874712065147
0.06300000000000006	-31.285469399455756	53.45011983018402	23.304951474632844
0.06500000000000006	30.990070124969904	52.95182727111063	23.03120577098487
0.06700000000000006	-17.591708959874275	54.970512195226	23.669591529626437
0.06900000000000006	64.2523976948084	55.66005869958393	23.528157331655304
0.07100000000000006	39.39894853433046	51.82982065834741	22.603971468247323
0.07300000000000006	31.0952809061682	55.88735277692153	22.92249132166556
0.07500000000000007	4.766393594923812	53.404468316311345	22.60736444939507
0.07700000000000001	34.136382133898024	55.55581195178007	22.721504831185282
0.07899999999999996	24.235515808657127	56.98098833511891	23.869394221974627
0.08099999999999996	-49.71971852096857	55.25359956406355	22.606414321661244
0.08299999999999996	-31.6509874846993	51.40758620479688	22.941700667214693
0.08499999999999996	1.8143594502362248	56.5088920875083	22.649833592916153
0.08699999999999997	36.05681058282961	52.89694733485744	22.734604157268816
0.08899999999999997	-61.212943176958134	54.03983458670525	23.42294884223663
0.09099999999999997	8.986495393159544	53.21204443107603	23.392875001901952
0.09299999999999997	-1.0635231921796162	57.05963570317512	22.71204422007467
0.09499999999999997	16.530345185339357	51.57049140347307	22.842458279161658
0.09699999999999998	8.84988463534242	50.94392427746445	22.942158248271202
0.09899999999999998	63.18427353435574	54.50089227644524	24.16274015954847
0.10099999999999998	23.092914309463808	51.56082560910355	23.16601000969283
0.10299999999999998	-50.17588950451124	49.769346191438	23.187861965435214
0.10499999999999998	55.370203988935884	56.721930811910305	23.630559549508902
0.10699999999999998	39.87017563988893	57.59586888544524	22.947993236171904
0.10899999999999999	53.3843522265709	50.34733653748118	23.669372990976377
0.11099999999999999	-8.77014586930791	54.520820336825665	22.8429084974132
0.11299999999999999	-14.658057795102764	54.1241968182696	22.493935437647313
0.11499999999999999	-12.368096240944482	52.64976971493528	22.635693282634115
0.11699999999999999	51.75643015253861	59.25879817213315	23.545509591731953
0.119	-53.096566579147186	53.077979203947315	22.755716494967153
0.121	23.237368390160995	52.46893607248513	22.84257591595179
0.123	47.60774201950646	54.853846459839	21.996396041523
0.125	34.58393547073335	51.10783899675179	22.94599058935017
0.127	-11.361190555558842	53.84620647928696	22.84669785733984
0.129	14.631318070446042	57.702457031261446	22.977567307715482
0.131	52.21591129545011	56.619553958410535	23.90309361608492
0.133	28.998602647822835	53.58182122723026	22.58811241182677
0.135	-1.3995455515614097	55.60183363271314	22.609552729362374
0.137	-2.459996424786226	53.84887801331513	22.735435395866585
0.139	3.999374427854363	51.88382907414916	22.980676188479034
0.14100000000000001	8.720341655443775	61.09537715153496	23.3709457401042
0.14300000000000002	-26.96057772033633	55.794157589327064	22.83508050657807
0.14500000000000002	-25.903362219970028	53.99828392066322	22.756745058137653
0.14700000000000002	-18.652200505342442	51.98167861040527	22.52530630084434
0.14900000000000002	-0.6918310585524168	50.39648532129714	23.3121209488281
0.15100000000000002	10.08943733560308	54.71521607195814	22.837746086400088
0.15300000000000002	-53.51021265997957	50.37187094475209	23.172171527095273
0.15500000000000003	0.525623750524673	54.935716190347755	22.723511854371996
0.15700000000000003	-7.0663044152707855	53.51868240114658	23.433490046828894
0.15900000000000003	11.991837931546456	53.32198744870662	23.7908548467062
0.16100000000000003	112.0016664066803	53.820904980754605	23.308436673331606
0.16300000000000003	-65.43170831152523	49.09971139761399	23.628091330362032
0.16500000000000004	47.2971521185972	58.96400513379239	22.943214947168737
0.16700000000000004	21.965915180777174	54.63060927286429	23.28215139446203
0.16900000000000004	50.818237412819656	55.51792299075476	23.535913124694307
0.17100000000000004	11.504592237976397	51.97514101686368	23.66361131411633
0.17300000000000004	24.244242097237745	49.378850830753315	23.19194086265498
0.17500000000000004	37.16123391828141	52.661575944640525	22.831481099286197
0.17700000000000005	-27.164702090964887	54.30526970911751	22.59266694139417
0.17900000000000005	24.419594863989147	52.876368195256624	22.859927343178242
0.18100000000000005	-37.29602055102532	56.651549110028526	23.66612215335949
0.18300000000000005	61.275005327932064	54.175415550201954	22.65069166250568
0.18500000000000005	13.196609417231997	52.867363744477245	22.495793655725556
0.18700000000000006	32.52284849986076	47.59800433683704	22.327722873822093
0.18900000000000006	-29.695253392580945	49.486808367409765	22.738055775570558
0.19100000000000006	-18.427108164020822	52.65558814948339	23.684297142795455
0.19300000000000006	15.276946656594959	49.102647752633686	22.53045913909077
0.19500000000000006	41.8039620970756	49.647455033060886	22.51840126583091
0.19700000000000006	62.007370155603425	52.67049711055523	22.833096433572216
0.19900000000000007	24.35306900827605	49.0716326177372	23.444741158944524
0.20100000000000007	61.4345714804454	49.80735595693621	23.210847474030995
0.203	14.540436033216864	52.808603121736205	22.845961349327922
0.20499999999999996	-4.307225895505695	50.99849140290844	22.708555497400393
0.20699999999999996	-35.595750494943346	56.501234882627095	23.696141557954135
0.20899999999999996	35.115616575209785	49.94465729007511	23.311507018154312
0.21099999999999997	-20.210695828026815	50.98703723297985	23.313184264854595
0.21299999999999997	-22.483916960913675	48.51938049840182	23.41565662843815
0.21499999999999997	-22.44817908036989	48.80052008778516	22.714553625789357
0.21699999999999997	34.44873347846489	43.737707427794405	23.070393623041543
0.21899999999999997	-0.9483826135525675	52.79970230707561	22.757467911657297
0.22099999999999997	11.075708801211448	53.22783551967563	23.197039441717084
0.22299999999999998	15.013384773610028	49.28088174622559	23.40192117874464
0.22499999999999998	50.9846391327784	49.52108099344198	22.718483615094648
0.22699999999999998	45.97382429327723	46.054357782368804	22.833806320442907
0.22899999999999998	7.134242165252047	50.32944005678595	23.30026261599089
0.23099999999999998	42.18252093823871	51.09838305283765	23.437662405621925
0.23299999999999998	5.245265541464761	52.58070817958387	22.936022521226494
0.235	-15.121976939980186	50.86797825290637	22.81248510329255
0.237	0.4508517199575124	56.842634015237	22.94985848285371
0.239	-6.950491302948336	49.95192966691246	22.867042195949633
0.241	11.170911191848987	53.15400208012499	23.442668253035436
0.243	-9.470750263140815	51.27457351857511	22.972540942101023
0.245	16.169127095677638	52.91737304355271	22.940721803220686
0.247	79.89366405247722	47.59277841519767	22.222836446841203
0.249	-4.343989320698682	48.24127299939707	23.191442460833024
0.251	-7.347344695651792	56.44796435029114	23.547101610545436
0.253	70.82526709245585	51.987920234188806	23.29204570978602
0.255	-8.001033828808346	53.30565239303831	23.511494613279723
0.257	22.309766683603627	50.587974189325976	22.947859638256507
0.259	-7.3956270699726545	52.9278668683211	22.84470838300017
0.261	21.04433635952141	45.19218916119468	23.691167135494936
0.263	9.472706616442395	53.13216871369426	23.440636695741745
0.265	-38.114216479145924	47.98326156946406	23.297910876267384
0.267	22.93026436905876	50.35121758261094	22.975997052443468
0.269	33.48245583500997	47.14605071817819	22.437968817662256
0.271	-3.3536946524304057	49.76863495768518	23.316419135155048
0.273	-29.490127903430974	53.56332046472751	23.68970865861216
0.275	35.10089514269232	50.392368388666334	22.634395207076473
0.277	-31.32196593258474	52.22671684234869	23.175202709470792
0.279	65.19392866488616	52.30255219368672	23.088974598320892
0.281	-16.720307780770938	51.60449997240559	24.06356325753143
0.28300000000000003	53.72950977755586	53.147758879443785	23.471515687056492
0.28500000000000003	27.508284096366964	44.50149586926448	22.86910461441368
0.28700000000000003	21.534099188036393	51.1987118331491	22.613277621439263
0.28900000000000003	25.815924902028442	51.550149373902684	22.97590931789849
0.29100000000000004	28.75595459350677	52.23631531350301	23.18125466274652
0.29300000000000004	36.56629661441535	58.2121639850833	23.922371972657846
0.29500000000000004	-6.298725403253158	49.78426874667409	23.416641868586268
0.29700000000000004	10.171603130881834	52.54115813133716	23.165077546935034
0.29900000000000004	34.516278006657686	51.90670883263697	23.818664595214067
0.30100000000000005	25.426176415876967	49.9590450239699	23.51803148582308
0.30300000000000005	-10.695554333528534	48.076505357931005	23.435079801883425
0.30500000000000005	-3.562400114676123	52.993149093937895	24.41494471152324
0.30700000000000005	12.838629886546826	46.12927611214626	23.172708706021055
0.30900000000000005	-24.05682037898149	42.08954766926621	23.29480446029472
0.31100000000000005	-70.05698753992374	50.460118251246186	23.31727601372782
0.31300000000000006	42.707265100583314	51.854472953400126	24.56834114136448
0.31500000000000006	-9.657198715373738	49.38062855533833	23.53750724155316
0.31700000000000006	-10.417878638202538	50.622032062317075	22.706845202907132
0.31900000000000006	23.783383997777463	50.81799081969956	23.310293737380317
0.32100000000000006	18.747511063343936	54.435256499104845	23.401637425291213
0.32300000000000006	-5.073406430633476	55.2001673743638	24.15580802689232
0.32500000000000007	20.16274876281976	52.60989082034052	23.788313674179193
0.32700000000000007	2.6497337288766687	54.540111942577745	23.392158983212912
0.32900000000000007	6.031050772570268	52.98083188282742	22.9461139069084
0.33100000000000007	11.81851837217529	49.018436517466846	23.327697050135576
0.333	37.52430959691466	53.91476724733709	23.754902832316635
0.33499999999999996	5.427951234926454	49.78834733217776	23.31964637388956
0.33699999999999997	30.995210809070528	52.65441974496613	22.598511915236593
0.33899999999999997	79.95225568713238	51.18112383648344	23.547449218450268
0.34099999999999997	44.963119900653936	52.639700344692166	23.776531611745433
0.34299999999999997	19.346768944661363	58.345961452706256	24.05428798211735
0.345	47.52207992342328	55.85474174954326	23.27571733665059
0.347	-24.54990411071556	55.98032333195368	23.014762626773337
0.349	-86.11921540058188	48.37592946587427	22.957489763486752
0.351	20.877699244303827	53.519710047451234	23.54582998891669
0.353	-12.983624710027897	54.864457483777194	24.153874894458593
0.355	-23.428702538463853	53.01676355000706	23.413587293336118
0.357	25.057774101666652	51.85505945685024	22.820646726326896
0.359	-17.31473444266385	53.27006857561831	23.427853854512897
0.361	-1.573997236326008	53.25629746437564	22.831944083648928
0.363	70.27427721029156	54.76268270168097	24.711618145066893
0.365	16.55449326154468	58.32629443216187	23.84477359188848
0.367	50.59912787230836	54.25499224150069	23.60499893597261
0.369	34.32128532798728	52.34790646597053	23.032109935268046
0.371	-5.369713927061426	49.39822320826526	23.994790050563232
0.373	5.444409839627795	60.094854014305675	24.68797724948525
0.375	51.40499502132023	45.55479752126778	23.73413162877301
0.377	-45.090759130950175	53.53794021134089	23.615620765689222
0.379	-30.355487338207254	49.67743796714232	23.352218017658302
0.381	-54.50792526995318	50.32195429021423	22.83812792599452
0.383	-46.4820793893983	53.91289337631332	23.287177550146517
0.385	14.693666110066061	52.84914778792444	23.920705522133648
0.387	21.379523135856005	54.299437169578404	22.814445958478238
0.389	-37.79207031628928	52.31732986496809	23.54326460361308
0.391	-12.108276374100946	54.81019974963931	22.74957639230099
0.393	9.121661026290084	52.58977041895838	23.289664333923383
0.395	-68.9936819626702	52.0050858405081	23.284149997019053
0.397	45.64497569004011	54.31218346690194	23.877666368489606
0.399	41.97998216803889	53.24856125902466	23.013456036204094
0.401	-48.20521069759387	52.618329917095735	23.06100645455509
0.403	3.934677688555155	50.50453834447443	23.52839988272659
0.405	14.024646709742683	53.6255546854444	24.174298756635014
0.40700000000000003	-36.52764674155762	45.74198942517637	22.83003836718906
0.40900000000000003	-35.64454346749457	47.96647668160055	22.356738398944348
0.41100000000000003	-62.12158584306682	48.474337492792905	23.407994505942657
0.41300000000000003	-34.29357285567036	52.56023387163989	23.02347073947944
0.41500000000000004	-10.59101332889778	51.158725859344905	23.18199521888613
0.41700000000000004	-32.779185052289606	52.423956969718816	22.80771419498459
0.41900000000000004	-46.194269927357645	52.60464525460352	22.71097216194885
0.42100000000000004	1.9818437178020787	55.72784241956701	22.826153515473532
0.42300000000000004	2.7242189697407326	55.66370261288322	23.317965895068482
0.42500000000000004	41.0770779306624	53.4794435921223	23.64566180461896
0.42700000000000005	39.99542225896491	48.56369897298099	23.501534617159276
0.42900000000000005	-6.657191072401147	51.00029877895114	22.88603326287898
0.43100000000000005	-7.9421075791508144	55.09199061417561	22.929375985445105
0.43300000000000005	65.54481240916843	54.783589484424375	23.279477519535998
0.43500000000000005	-10.939190545178334	54.42111615932367	22.848211716188676
0.43700000000000006	7.091625557009706	53.37795543873566	23.281799612587257
0.43900000000000006	1.3379245624722813	55.109868464726006	22.268982690173345
0.44100000000000006	-5.442020351020815	50.51796174573756	22.63492761118604
0.44300000000000006	8.297728258055415	50.39628092390877	22.611612852468692
0.44500000000000006	8.734009232735929	50.16256467651108	23.308296842283273
0.44700000000000006	35.39695793319808	50.90886260072756	23.18822630988933
0.44900000000000007	5.621103970954167	52.23790340551405	22.511288024787437
0.45100000000000007	63.850951661947875	48.175610566801886	23.181220281751873
0.45300000000000007	16.649011761904475	46.98600941438569	23.188857463814557
0.45500000000000007	-14.410378973983562	52.0646825040696	23.52100717923433
0.4570000000000001	64.81607188146832	52.510709404466176	23.51032400789438
0.459	54.683776861130795	51.21114682662896	23.369624477598016
0.46099999999999997	-11.773122618352616	51.01659174465984	22.98172776619407
0.46299999999999997	3.9358845678183485	57.281410368270116	22.747414189015977
0.46499999999999997	36.88706299320721	55.88762428819484	23.29851628683518
0.46699999999999997	34.599135899204825	60.18878888187488	23.81318886744112
0.469	16.078045240508487	51.93564067026273	23.29323928825254
0.471	-4.682443129788716	49.67152569218799	23.055952991849693
0.473	55.488588694974084	54.00697491329285	22.76582529968483
0.475	59.38869281552073	53.07627984558323	23.683426519494855
0.477	17.892868119373517	56.65484564932474	24.056835886158087
0.479	66.54056477306547	51.069059854911465	23.523215655891317
0.481	5.8836076528567816	58.54468754324745	23.674143444187525
0.483	35.5711878707865	51.730340542831	22.98140162209002
0.485	8.790045830098236	57.239070511892656	23.206784742274426
0.487	76.26470236599125	58.50550578216931	23.44442237351252
0.489	61.47290283187168	56.42777000239247	23.208147226141094
0.491	91.02849120656842	50.10616270042882	23.078293644349934
0.493	62.94163175302181	57.3904976957026	23.5385082357532
0.495	39.49387128532322	57.321217542211194	23.438103613635313
0.497	34.04973920417831	55.188150612143495	23.8073600818318
0.499	33.594037492479245	52.3490576978972	23.06888739469093