-0.499	-9.190624719934704	11.474246092819776	8.166677818811719
-0.497	-4.198458493087642	10.545754875703059	7.906333744606802
-0.495	6.852944116175763	10.313720891364559	7.91598282135816
-0.493	-10.756900882369358	9.930273595380658	7.988694860319756
-0.491	-0.11580781167364051	10.687424691840018	7.828069060081316
-0.489	-1.6342179449679861	10.167557237246996	8.110874599454567
-0.487	-2.34605527071885	9.550390404590726	7.826564583005788
-0.485	3.1719423037035455	9.640344397657387	8.030075602205825
-0.483	4.987907246123413	10.323752556588286	8.113444470298697
-0.481	1.6453507452052207	11.478156493048939	8.442890619466656
-0.479	24.628859420117166	12.305374728578473	8.388627846558276
-0.477	10.41976162508007	11.506175368831194	8.24828798295141
-0.475	22.505574322373434	8.559162139053857	8.020511193355052
-0.473	2.699690063945326	9.676532051445854	7.788727936247981
-0.471	5.828850445643852	9.717331539508764	7.830147546584108
-0.469	23.377980465255632	10.30268373840964	7.791105487429288
-0.46699999999999997	-6.942558549383193	9.737745295175193	8.21569417053071
-0.46499999999999997	5.550233577178432	9.605245396346247	7.8644648524796
-0.46299999999999997	7.858602180998986	9.408030946550499	8.265453399877126
-0.461	-9.528861078966777	9.586504627389136	7.90810651523069
-0.459	-0.45315660313072215	10.074683320724942	8.263417161717227
-0.457	6.711435060813287	11.600711273215756	8.213271792211126
-0.455	-3.2928002220433683	10.133015938910233	8.391042949801806
-0.453	19.53131755061399	9.75114307095611	7.911504679119336
-0.451	4.479013622660233	10.94597976272307	7.871076280692175
-0.449	-1.4626955955332477	9.252638545275365	8.120196293993416
-0.447	13.01142882059736	9.46246458832165	8.20886017877122
-0.445	9.888618713427277	10.15848925027481	8.121051450722566
-0.443	29.742935300225426	10.995424770281897	9.102213674921101
-0.441	4.7656372863524865	8.446299444338235	8.12007966265702
-0.439	-7.2337815281153794	10.164062995826283	8.214154887473025
-0.437	19.75108354956845	9.040521643532466	8.170719644919687
-0.435	-10.34473321492868	10.080261607500681	7.993009526779797
-0.433	16.9531131399836	9.329514877838324	8.080023486449173
-0.431	16.33424354263724	8.832738423630532	8.172462340224866
-0.429	12.113561165705278	10.373207793049298	7.943920280036455
-0.427	8.797251991987665	10.236742156871697	7.999636981506054
-0.425	0.6117988307074995	9.013381466163938	7.957056678136202
-0.423	3.6191088537140814	11.125697169401565	8.209760381483775
-0.421	10.361642271750071	9.458603272780692	8.030282166162468
-0.419	18.6517280493792	10.323022304770992	8.080553573584165
-0.417	1.627335963982901	10.073951462742434	8.074212216174825
-0.415	14.1005658715887	12.260891923927968	7.957151131340901
-0.41300000000000003	2.3485048465943237	10.187003989241024	7.987681177061478
-0.41100000000000003	20.185113718707015	8.38726168201889	8.301868520571356
-0.40900000000000003	21.747207461286777	10.409545488827195	8.164520772800344
-0.40700000000000003	21.665627804035026	10.914760438827724	8.442766409016391
-0.405	-5.310879996112128	9.166393965852937	8.482834240922589
-0.403	6.2350720173576235	9.544292049654972	8.164721860786518
-0.401	-2.155673416770476	9.570510909263902	8.161612022160895
-0.399	3.2734947399415404	10.448750627844847	7.825701714903574
-0.397	7.155033758809992	11.1310568765275	7.7875441203692635
-0.395	6.675888094775928	10.043258077571336	8.253812053925136
-0.393	9.369476322573789	9.72712867461149	7.99110795781085
-0.391	-3.1760474401565375	8.986806616304793	7.641581693748833
-0.389	0.6363667144348994	10.015961934025377	8.079402951873384
-0.387	9.86899817889686	10.169686473901942	7.990458430500553
-0.385	8.620271747306063	11.276614135034915	8.13575065950097
-0.383	1.1110532294189568	10.303574642341257	8.159950633684652
-0.381	-0.7813247030474813	11.230664669105805	8.166669602678173
-0.379	7.128539892153896	10.09456862629546	8.16174849566086
-0.377	14.932294732039608	9.953590473089992	8.077284149133831
-0.375	3.1569721898883074	11.071392629104151	8.248836581204037
-0.373	13.71041067099732	9.006595724504816	8.21405803804506
-0.371	0.028011096331326257	10.3183545549307	8.34570810101534
-0.369	-11.675703810665183	12.044704201733394	8.749064612252127
-0.367	3.2172688493314894	9.681487401423995	8.540510274924815
-0.365	8.796378092812418	10.987901366144378	8.074146689058049
-0.363	15.95697842016186	9.820471101470078	7.869140404052512
-0.361	8.731058513955503	10.065646660998478	8.031307649591804
-0.359	-4.341149707709491	10.097198456938942	8.404158602760308
-0.357	2.521760532392392	10.808871917045208	7.871475697621404
-0.355	-3.358975840361822	8.974883362503023	8.391045075088828
-0.353	-9.210115435198674	10.561701922547122	8.173656294496247
-0.351	-4.7376070361204725	10.256499656380269	8.175141739694535
-0.349	-0.29076340091194197	10.582196660913622	8.076961634966615
-0.347	5.107122963643462	11.065060213344585	8.114934485213158
-0.345	-4.273510990748797	10.557966817396055	8.30868340658001
-0.34299999999999997	4.197842057074297	9.875980175520386	8.15988242015753
-0.34099999999999997	10.589764452451078	10.118572180614345	8.30345670356959
-0.33899999999999997	14.291517118847352	10.76712585020355	8.29902676886464
-0.33699999999999997	2.2431111381671087	10.495211851526523	8.173463623767192
-0.33499999999999996	14.20923670436558	10.695178717050934	8.117979098828837
-0.33299999999999996	-3.803312250472146	10.759632667638106	8.986394393743117
-0.33099999999999996	-1.3483830271221464	10.738554430273492	9.30127993274888
-0.32899999999999996	3.114895668510087	10.88606500558364	8.124780233583799
-0.32699999999999996	-1.2783223791723586	10.406340920115278	8.299746034173557
-0.32499999999999996	-10.774738216867696	10.216646008921144	8.259148487050963
-0.323	3.201771478167359	10.146280518974505	8.300882398175542
-0.321	-8.62729353678926	9.818064436552563	8.253663879636544
-0.319	11.789317400756616	11.60570034151547	8.290520751006628
-0.317	-6.633443822456897	10.121967097579589	8.239261830529946
-0.315	5.2408327666508825	9.94402675310917	8.45139010798544
-0.313	3.054504523092305	10.854182734500823	8.077327146743116
-0.311	-9.342016421443056	11.590858520056509	8.58472352583798
-0.309	-0.7746396993857374	11.625279522117618	8.30024750626346
-0.307	-9.358297525685622	9.55762005096565	8.16199709893741
-0.305	1.820795274776188	10.690396177768545	8.397416837566121
-0.303	7.734238403500626	10.699434795457947	8.436312962347882
-0.301	-18.000914637328336	11.05707060029204	8.389094677643463
-0.299	-10.452142144901089	10.84285668802726	8.16503513602597
-0.297	-8.355321100328439	10.646691998101243	8.389380488107166
-0.295	-27.069000958612754	11.723136905779151	8.853353976309135
-0.293	-15.866911985629173	10.489685574161289	8.338951328028704
-0.29100000000000004	-15.664315313301813	10.204698623459082	8.123485168882018
-0.28900000000000003	-0.1011488032220953	10.46900771929536	7.98328940187648
-0.28700000000000003	8.843036324757136	10.470604875116683	8.300757973018237
-0.28500000000000003	-4.4141173715095405	12.601407151838675	8.447033898232597
-0.28300000000000003	-10.130722180701213	9.726447320634664	8.302548284844715
-0.281	-6.899045440822427	12.328524875943357	8.436930302475673
-0.279	0.9511208622914324	11.057292831348494	8.592700720298863
-0.277	9.321252151028858	9.682864192205402	8.164742320567328
-0.275	0.8503551764960093	10.560057861548504	8.025250545509676
-0.273	-3.5899912687042956	10.380864634551639	8.107975454653287
-0.271	5.717309249142488	10.598567592115025	8.341513627984533
-0.269	-9.4116013035217	10.639449847360485	8.191915395138338
-0.267	-9.004550252766919	10.15828171113267	8.151025884400918
-0.265	3.4640594739343555	10.7975313148416	8.2486111375211
-0.263	-7.700524440878986	11.42736051154597	8.434071227659198
-0.261	-10.9001582362378	9.984684262637426	8.0675355663129
-0.259	-23.092009650560463	10.196302786657125	8.594346784083
-0.257	-12.153280696924895	10.349804226870344	8.793688185462115
-0.255	-2.3283383092653764	10.500377251985535	8.245033334676412
-0.253	-1.722135260395774	10.273969015773321	8.108800056493351
-0.251	-8.512070791666382	10.316116682245221	8.205315734683591
-0.249	-6.419522051048787	11.100192331431735	7.903452877394487
-0.247	-2.6001167251488155	10.385247070526814	8.245837029229891
-0.245	-7.784408476707583	11.353759858848397	7.9023944708797735
-0.243	-10.41981169269679	8.274924862524761	7.906174590349824
-0.241	-16.604251801610737	11.110873536192015	7.992415237243992
-0.239	18.054530919187073	10.26891973131756	7.902808343540222
-0.237	-21.807239162341396	10.472784812400525	7.990003808835408
-0.235	-12.747589985262486	12.079714715009127	8.653746684978566
-0.23299999999999998	4.359128292552583	10.869424865614304	7.994248130601788
-0.23099999999999998	-12.837132492227177	9.943421574325706	8.12110325659129
-0.22899999999999998	-10.080583134786103	11.117896037490958	8.254828004571824
-0.22699999999999998	-17.40850949549788	10.87967498607891	7.945164221192325
-0.22499999999999998	-6.945021156057329	12.449967093451917	8.250942555362663
-0.22299999999999998	9.502221065771366	11.070572972894196	8.070029594308277
-0.22099999999999997	-4.67655834057723	10.883008529438415	8.43013774726823
-0.21899999999999997	-11.090454838158514	9.868076820711865	8.43538934696301
-0.21699999999999997	-2.3900645303998047	11.221620249115913	7.985377636137776
-0.21499999999999997	6.509636255147555	10.533248816539341	8.11317945230187
-0.21299999999999997	8.42314263782562	10.730340757717224	8.074587149523445
-0.211	2.263616472042429	11.230578557508236	8.120516264496066
-0.20900000000000002	4.841282306822237	10.42159090839107	8.028362544312408
-0.20700000000000002	-10.471611554541127	10.393835802334081	8.15596097581987
-0.20500000000000002	-14.177972157081165	10.551201220994267	7.947097775073699
-0.203	-5.962147843208143	10.233001807962655	7.952118472058776
-0.201	-4.222474441872848	10.361887326938252	8.20668345857845
-0.199	6.760077078338256	10.998547599340935	7.991613835067425
-0.197	10.764717458311424	10.094759651444276	7.949978119214502
-0.195	8.952914115401	10.408639625914992	8.03211999906491
-0.193	-3.31383594021073	10.109459148973395	7.983262634587578
-0.191	9.478282256836223	11.032325027524166	8.02739763262028
-0.189	11.905433610515104	9.881042517211366	8.068201874750342
-0.187	2.537391085022378	11.372578385222285	7.9903799063632475
-0.185	0.6907173126791122	10.687204622187508	8.498661947663111
-0.183	0.4603536596370361	12.1938707907139	8.445857624672918
-0.181	17.710030932649445	11.775491893899009	8.301406718187119
-0.179	5.711707508071484	11.218080480031748	8.07418964921904
-0.177	9.169006399467605	11.168875326165043	8.170275494950367
-0.175	11.971280755807001	10.151412553987502	8.163552769321903
-0.173	5.009853397019981	11.811381936481153	8.255484194074313
-0.17099999999999999	0.5260232158743605	10.355907216678913	8.552470937482566
-0.16899999999999998	11.900535474618223	10.88165250881736	8.261584976338584
-0.16699999999999998	11.25739184737462	10.508818831162863	8.207453294430934
-0.16499999999999998	3.7125910106183824	10.206746004180719	7.902050589545922
-0.16299999999999998	-1.3709087545166199	10.325745652315147	8.11782437822782
-0.16099999999999998	-15.865339873188944	10.674933651078657	8.388087907365593
-0.15899999999999997	9.401661737573619	10.524490294984465	8.161949258141329
-0.15699999999999997	10.233040171447882	10.248266814225541	8.249380948218596
-0.15499999999999997	3.82508986151997	10.974212693348548	8.06608208521499
-0.15299999999999997	-9.724847959136085	10.620631887272877	8.546136447528658
-0.15099999999999997	-10.677415169801918	9.663480130280975	7.981840117554588
-0.149	-4.570248579582881	10.943300868972853	8.579762035087565
-0.14700000000000002	-3.7359451880991656	11.241410013953551	8.922077733481354
-0.14500000000000002	1.583739091426395	12.308180638389322	8.696901815219274
-0.14300000000000002	-9.475749790266441	10.432272270745278	8.202360651816722
-0.14100000000000001	0.9245604644103622	9.86754048128466	8.07586483808758
-0.139	-1.5767273386924074	9.579943798667038	7.985197545034386
-0.137	5.145162157438321	9.989920568953092	8.033176591067372
-0.135	-11.16811967605269	9.507315216211282	8.11534667263144
-0.133	-12.608888399490148	10.321759811802352	8.335969589497493
-0.131	-19.252523349111428	10.64757378675451	8.29846009343398
-0.129	2.643014647363273	10.124540141692876	8.213049746240209
-0.127	8.106316035982886	9.62277980191119	8.069057316279451
-0.125	15.515955170464224	9.637069629043062	8.021992687677214
-0.123	-10.679737138863388	9.886144504495796	8.117210012897239
-0.121	-15.104995587322811	10.755045676319673	8.07320663809792
-0.119	-3.3228700337950556	10.264575848233443	8.162925403520646
-0.11699999999999999	5.762949931042982	10.00599893596045	8.168589490729328
-0.11499999999999999	-8.173568854075164	10.014466022720796	8.505474444939024
-0.11299999999999999	8.762827012009922	11.072706268348403	8.552093417623608
-0.11099999999999999	0.7347870389917688	11.074524731791017	8.647218791142082
-0.10899999999999999	4.733217715324756	12.360005605763705	8.634707200433208
-0.10699999999999998	-2.8546625663317116	10.000041917757171	8.24898042616754
-0.10499999999999998	32.29217447153765	11.484616057114149	8.388306648033435
-0.10299999999999998	-5.858988422757783	11.591087982820527	8.340591754507356
-0.10099999999999998	12.923458861280324	11.758657557585627	8.111129232641614
-0.09899999999999998	-5.5911023270072135	10.250486852401885	8.352687969556877
-0.09699999999999998	0.4696254600755623	11.000598714189769	7.955632122687218
-0.09499999999999997	-1.1240142213653215	9.386238850446144	8.199197295934244
-0.09299999999999997	14.338215616360728	9.713184618795138	8.078878229781656
-0.09099999999999997	12.070256745211339	9.61447104776548	7.898399075499927
-0.08899999999999997	4.724723632110184	9.500912719792382	8.075870699950062
-0.08699999999999997	7.157765836707242	9.890354813087779	8.029660998456292
-0.08499999999999996	4.585090637831968	11.21992145852385	7.954402348576999
-0.08299999999999999	-1.6447747369641164	10.514275016986597	8.154333975405114
-0.08100000000000002	6.738832263541994	10.953953803529327	7.944741783963739
-0.07900000000000001	11.284278199186204	11.221869996925447	7.982112559561767
-0.07700000000000001	0.8094885390885764	9.4135411752398	7.993030552180631
-0.07500000000000001	6.111336104508425	10.918373959554117	7.863917116843383
-0.07300000000000001	2.411860672291155	12.986197809296936	8.529768828068416
-0.07100000000000001	-12.96448528054217	11.360893945105616	8.243214340034932
-0.069	-0.3563369279646622	10.822478634415603	7.858832296540051
-0.067	5.933380718969872	8.700868293910595	8.11662939986464
-0.065	10.687436869272204	9.47790107357696	7.99351028641066
-0.063	21.87974777712043	9.745549494934707	7.993101252281783
-0.061	4.160288176624505	11.158593108792394	7.873121084055704
-0.059	-3.8529786944296873	10.505305328174698	7.990660302638511
-0.056999999999999995	-3.7266044480288585	10.720289859371274	7.8675510971457125
-0.05499999999999999	16.087713726520292	9.665694261472625	7.988578604038544
-0.05299999999999999	9.7228038162811	10.02238803884803	7.911177646214834
-0.05099999999999999	2.857241093945362	9.490231146836923	7.9631114806592205
-0.04899999999999999	-8.112488282252528	9.175163429682287	8.028566423320767
-0.046999999999999986	11.424395634618278	10.73362440385737	7.787240444516011
-0.044999999999999984	17.766045498746053	10.565256632414252	7.637351541854705
-0.04299999999999998	-0.4176470385086617	10.935826824487624	7.984891457626895
-0.04099999999999998	-8.357792985691503	10.902203962490972	8.21550579775378
-0.03899999999999998	2.7054259392755853	9.372316134117924	7.793425624067086
-0.03699999999999998	16.057954502546323	11.354775067928342	8.245880902677538
-0.034999999999999976	-1.2688734831733939	11.836128433005015	8.346417240363609
-0.032999999999999974	-3.6613634060156386	11.297401443941665	8.074763201101476
-0.030999999999999972	-8.24414191402667	10.391165832968676	7.941696674923245
-0.02899999999999997	3.01008164615979	10.501928466847795	7.950024790987285
-0.02699999999999997	0.7428889001737105	10.055662805339146	7.794022355191441
-0.024999999999999967	6.059292923632498	10.460912510909845	7.836580623834665
-0.022999999999999965	1.9961236736865118	11.119364847898106	7.83222539215591
-0.02099999999999999	11.483263184342007	10.617238216373325	7.678262152843323
-0.019000000000000017	-1.0524332691996818	9.725017754801158	7.788853252061418
-0.017000000000000015	4.14801437109702	11.285783981509098	7.751671081972626
-0.015000000000000013	1.5681910667808552	10.186617248588023	7.685251866005572
-0.013000000000000012	19.576614794125646	9.213294325309894	7.823410013532743
-0.01100000000000001	1.4478172014609214	11.018998469403545	7.917858077295716
-0.009000000000000008	-66.37933731745704	11.839677898359339	8.175657212546337
-0.007000000000000006	-360.8373592850489	13.950473718250118	7.8243548545935155
-0.0050000000000000044	-486.9037822977651	10.295884622213133	7.859571828247936
-0.0030000000000000027	-505.1695020481528	11.267116972794467	7.871367392601408
-0.0010000000000000009	-503.6010956663839	10.794686961567981	7.87210799561271
0.0010000000000000009	-519.6533873271792	11.369966326438247	8.916793849059815
0.0030000000000000027	-518.7806713280452	11.126782013750905	8.026025300890081
0.0050000000000000044	-479.1988740716624	10.30320015251165	7.905032456246581
0.007000000000000006	-376.88970442339985	11.553869142478105	7.674500677434256
0.009000000000000008	-66.16635266498693	13.203129205003908	7.9129334278695
0.01100000000000001	-6.426627490840886	10.064502526409578	7.865364068269482
0.013000000000000012	6.305917043869513	10.36384379831433	7.565574073955385
0.015000000000000013	-6.412853712611799	10.013186915344603	8.082067599517043
0.017000000000000015	-12.073976337623193	9.425528635544513	7.7534418150318
0.019000000000000017	-8.917767662208753	10.489618085117254	7.709320025816953
0.02100000000000002	0.4340264909696856	9.586010020658572	7.79261475844278
0.02300000000000002	29.04138783832444	10.500290416309548	7.987190468056583
0.025000000000000022	3.4806585458291295	10.442101691645933	8.02812207793608
0.027000000000000024	1.0765261897471845	10.573463703526985	7.954470731374616
0.029000000000000026	9.013566653059968	9.846563815984899	7.906727313279854
0.031000000000000028	-8.6815925787187	11.279916577161906	8.213235420574327
0.03300000000000003	7.422980730531492	10.816452668467939	7.789687818399387
0.03500000000000003	1.1876011993816604	11.074868788367395	8.211891945802352
0.03700000000000003	-18.625792731707946	11.197131446962926	8.491628494226672
0.039000000000000035	4.361479620795805	11.77444031542329	8.87371767755044
0.041000000000000036	2.4383006200778823	10.566278401704302	8.033819290315376
0.04300000000000004	2.157085633891498	10.426386783339167	7.787435444492211
0.04500000000000004	-4.734506752979151	11.266394229002861	7.9944365627199
0.04700000000000004	4.67802531889383	10.276671606610194	7.9870977733734225
0.049000000000000044	3.2476333000630575	11.014436224500939	8.440885580441584
0.051000000000000045	2.2988908849885803	9.525802896256765	7.911399019574393
0.05300000000000005	5.321367733346349	10.767488373096972	7.907929339407588
0.05500000000000005	10.777577365672641	10.7550634110547	7.953315002862602
0.05700000000000005	-0.9925781387920551	9.10256594006938	8.082418431271341
0.05900000000000005	-9.43798301267229	9.463446580419342	8.268159912542632
0.061000000000000054	14.26178312047277	10.118130259782806	7.956204338921224
0.06300000000000006	-12.93158317339227	10.10541758363238	7.911119910106949
0.06500000000000006	8.2513138106588	10.798211547332318	8.07381174331332
0.06700000000000006	1.3762529886829356	10.4680970916025	8.118167241058957
0.06900000000000006	2.5395403000505468	11.120709439757723	7.994286281174092
0.07100000000000006	5.596749993674877	9.832328378760195	7.9495018113543
0.07300000000000006	6.587711299799182	9.94922575303338	8.171318618869929
0.07500000000000007	18.752869812121986	11.771394539499282	8.748542530344098
0.07700000000000001	-0.32857149478981995	12.379511707850149	8.164000133615334
0.07899999999999996	6.71267368113071	8.996120705537024	7.98781831505111
0.08099999999999996	5.37528391886255	10.549109443788353	7.987539389058707
0.08299999999999996	-4.597537081596492	10.918156313749568	7.865232929120433
0.08499999999999996	15.250527812593617	11.067920268387805	8.043187475124249
0.08699999999999997	0.6583818796812579	9.588946961611361	7.966203634933268
0.08899999999999997	-17.80602528111963	10.166897143373827	7.718101834672513
0.09099999999999997	3.964937806077984	9.710236087704853	7.872073038450857
0.09299999999999997	15.294285685030218	10.293399361547857	7.765568099485878
0.09499999999999997	9.852625481476807	9.16486218375548	8.047420979425388
0.09699999999999998	16.854440244795654	9.861068015112446	7.924813373870454
0.09899999999999998	7.648286700412399	10.744327773424471	7.9970330404345376
0.10099999999999998	4.63674448525353	10.0624226715085	8.083709314942917
0.10299999999999998	-0.1483841940430608	9.993336381114213	7.805972165982636
0.10499999999999998	1.7932050473401517	10.289989046156595	8.092333887916151
0.10699999999999998	5.655758600120464	9.741019457059211	8.042521151536477
0.10899999999999999	2.569266173813034	10.901571605524135	8.12777062952137
0.11099999999999999	-7.8552034327161735	10.744774352437451	8.551945969437227
0.11299999999999999	17.719190718690214	11.119906394475219	8.452786764220251
0.11499999999999999	6.645638933377995	10.153585138094206	8.043684282201802
0.11699999999999999	-0.2833351261388728	10.711285563083292	8.091117506411722
0.119	4.681669110606634	10.650738104015538	7.831292204030383
0.121	1.9400725914664463	9.64508160670139	7.912163236550187
0.123	5.411515909825582	9.615846471486659	7.886464821369004
0.125	-4.192510923539672	10.945029724900362	8.220224531575926
0.127	-18.70418639882132	10.055026416229	7.875743401470213
0.129	-3.386652701165005	11.27744369911158	7.995732247652318
0.131	10.534473163126279	9.964915655606816	7.795758946219717
0.133	9.815070458829567	9.408190638052417	7.753422584996022
0.135	2.893054886987656	9.90055373437611	8.035514446401278
0.137	-10.396400811685247	9.780909505664038	7.949751893347554
0.139	4.941912240319368	9.980751334050163	7.963941012614144
0.14100000000000001	-4.635845123113214	10.556539157622566	8.200071358105673
0.14300000000000002	3.0265049368871644	11.188780341230288	7.906078502167481
0.14500000000000002	-7.371847764670036	10.452729247808474	8.001676584240194
0.14700000000000002	-8.494386151691735	10.095758960687204	8.123780397119114
0.14900000000000002	7.780609668106564	11.42233904287177	8.858655982098115
0.15100000000000002	8.838337674843544	10.816461720534805	8.07906043367317
0.15300000000000002	1.753622927314069	10.657210761481963	8.126046636742718
0.15500000000000003	-7.467564733354415	8.978044026010055	8.124993049844843
0.15700000000000003	31.13479234295724	10.170462642447328	8.03211730685774
0.15900000000000003	-0.8753077388456987	10.192845044627466	8.000043030221224
0.16100000000000003	-6.002491571233115	8.291349332884035	7.795939499939976
0.16300000000000003	34.75845285816348	9.718175706284416	7.837289284004842
0.16500000000000004	8.16586440843814	10.055632700517748	7.749678222320614
0.16700000000000004	10.765120065814315	10.115470460536299	7.758456373219945
0.16900000000000004	5.811403841260443	10.690502312012516	7.869769478843655
0.17100000000000004	-3.442455089319729	9.351453938274558	7.676784761868259
0.17300000000000004	10.338475616933351	9.898313749449049	7.797589196272072
0.17500000000000004	18.640455244245402	9.681536751041307	7.566912354417171
0.17700000000000005	18.71371373174391	10.302541963179586	7.640895233132899
0.17900000000000005	-4.013778371891874	10.111646647114549	7.678027630329204
0.18100000000000005	-2.1658939339808114	10.239888036438318	7.824333285229027
0.18300000000000005	1.8655892131125285	9.54493812639116	7.830707240368468
0.18500000000000005	-1.704539247637804	11.04664743386233	8.397452505494808
0.18700000000000006	-4.085347250493143	10.333893117862656	8.70282328831714
0.18900000000000006	3.6476801505980205	9.223339907530118	7.872745845807185
0.19100000000000006	9.042374112588902	10.235174158072688	7.990043245598541
0.19300000000000006	16.37650111985245	9.098291357593283	7.7562982867576915
0.19500000000000006	7.7883076732288	10.444242565210425	7.759242863644661
0.19700000000000006	8.100564133473043	11.36757670421736	7.961403133680316
0.19900000000000007	11.019396105815815	10.015456597368996	7.718607969070115
0.20100000000000007	-13.790426876991724	9.703301113078846	7.7882360242563315
0.203	9.33051724927303	9.469150363327241	7.717425404691961
0.20499999999999996	11.20371699570022	9.536122546792539	7.719573200557848
0.20699999999999996	7.616180659697491	10.890349447360695	7.791640300544562
0.20899999999999996	-7.709402048639014	9.726756605846816	7.756430363773516
0.21099999999999997	3.2345958846935474	10.49978381638964	7.987965063155374
0.21299999999999997	-0.7723818444826946	9.980993186118445	7.751841918995424
0.21499999999999997	10.158462406595348	11.184807741025448	7.8263738613209135
0.21699999999999997	13.776843003521222	10.948555570679115	7.826024884338301
0.21899999999999997	9.640982334913062	10.895106266397464	7.679626395020963
0.22099999999999997	16.30955188436367	11.457195321144715	8.125208818007707
0.22299999999999998	11.52963271811025	11.997716880103448	8.488564327902713
0.22499999999999998	5.493457896355025	10.066393379674086	8.203311349668027
0.22699999999999998	-10.289572735411312	9.69545328485494	8.118197969435895
0.22899999999999998	-0.23033024010299386	11.619668543952198	8.125940427208088
0.23099999999999998	-1.2630710189975858	10.163421379025703	7.673719329617597
0.23299999999999998	10.438761411490916	9.359346652415034	7.760250870370881
0.235	4.717227230388588	8.509372284557543	7.7511862762573935
0.237	6.481631665833376	10.923156752836226	7.911829788830722
0.239	0.6110867696307309	10.270573397182758	7.8675341021903495
0.241	-8.177925555519217	10.833872192733374	7.913117693587539
0.243	2.1055183809792766	9.976003814021603	7.908134953717519
0.245	7.726639421168358	9.229331510193013	8.072529133508317
0.247	12.178595611311849	10.947238121308056	8.35406020236848
0.249	10.828272138274642	8.913558082448336	7.751967929516532
0.251	16.676516618963078	11.658527688482673	7.837535997847431
0.253	3.751272631413727	9.18538844725492	7.9031764043423705
0.255	8.561475888901882	10.13544289997466	7.863173297077773
0.257	-1.947403745705678	10.173498189141585	7.861104039796604
0.259	19.202500084469776	11.555517993029506	8.19987855345391
0.261	29.240189201917843	11.232283661028374	8.391484814265322
0.263	20.544501563080075	10.744362591529368	7.994624315655698
0.265	15.345338058692093	11.657552659771955	8.030297153255912
0.267	15.32166789575129	9.769386699653246	7.903486862789742
0.269	16.64519968747058	8.21133307633872	7.428126149173106
0.271	2.6258606400375584	10.235560085579346	7.90850413069644
0.273	-0.4335331409421883	8.56256498168573	7.905536683573801
0.275	11.38470531869551	10.889034051172125	7.868328102820822
0.277	-11.513203469593059	9.83163856759687	7.790501707332834
0.279	2.399002775543835	10.181331913242062	7.786876926861736
0.281	-7.169053462097175	10.856464469807845	7.902654298911201
0.28300000000000003	-8.929232521603936	10.025841989030521	7.788189029661262
0.28500000000000003	6.721979109336473	9.216047553267881	7.682906492660337
0.28700000000000003	2.55633387169496	10.149843973502511	7.831891045024606
0.28900000000000003	10.242470069199427	9.823557698667717	7.568933654534603
0.29100000000000004	-2.61880478380494	9.331206360290052	7.712675594424957
0.29300000000000004	9.024752339437114	11.212883456201368	7.8266363389644695
0.29500000000000004	-14.404945163248861	9.867736979093943	7.867257496514894
0.29700000000000004	15.723778799658916	10.827445346987822	8.644683929025991
0.29900000000000004	20.413786167683412	11.92063429672921	8.430961803541202
0.30100000000000005	22.379019394280775	8.934029701760288	7.788012615547434
0.30300000000000005	18.982780940701716	10.819073618142035	7.742225059645939
0.30500000000000005	-11.319890567129676	10.510443209668455	7.78728000936093
0.30700000000000005	-11.055775559376535	10.056889731595112	8.03863078864935
0.30900000000000005	-12.719034005570506	10.207769032624672	7.677716390094861
0.31100000000000005	8.109184289617488	10.528703267295557	7.950174362871845
0.31300000000000006	-2.2177841273451904	9.70719408647865	8.082330871596087
0.31500000000000006	8.011729486279151	9.48945774829719	7.995542040579545
0.31700000000000006	-13.028977289386567	10.532591540346283	7.947136120468941
0.31900000000000006	15.485968256179206	11.119692738128936	7.670180350744887
0.32100000000000006	4.130612924146959	9.497888979515007	7.682450180454246
0.32300000000000006	2.6385275895268734	9.517465526091549	7.7091963004045105
0.32500000000000007	1.5145338383426576	10.7189261056406	7.9860233252981825
0.32700000000000007	-3.3401156526169373	10.160490385470334	7.710800983292848
0.32900000000000007	0.9878495590420755	8.326077370542981	7.786443465314363
0.33100000000000007	-8.206776882846434	9.076775126890546	7.8741997529823395
0.333	-0.5316523190579403	10.955546798311541	8.257409705214538
0.33499999999999996	-1.4971983086642382	11.312459667782138	8.980595039341003
0.33699999999999997	-14.615451254140766	10.055120159442966	8.077874191373905
0.33899999999999997	-7.6292596147276015	9.587946180482735	7.718081659979607
0.34099999999999997	13.2621608293082	9.938273333888297	7.823021053194223
0.34299999999999997	23.10689652684772	10.906593520294807	7.5309131329029695
0.345	5.29092830259259	10.601882666438753	7.998047395746076
0.347	2.9641930996415766	9.94989092368137	7.780224407370194
0.349	-6.083858980932	10.14797347439387	7.789911690468602
0.351	-1.8197832152289095	11.35159524116349	7.672045300419476
0.353	0.5524862443095913	11.52517833907282	7.90599880619606
0.355	6.563456902863862	10.448461494887754	7.784003842117941
0.357	12.542905536427895	8.968078459763888	7.831094640962125
0.359	11.052646417875067	12.022787522927018	7.910662135850433
0.361	4.348713283031103	11.096942089694926	7.7873982928305985
0.363	1.7032434393993157	10.374789876717713	7.905424793598834
0.365	3.3813744633182097	10.787855349779745	7.708240113087601
0.367	-1.6894676755363491	11.076938777502903	7.859650383111977
0.369	8.384490432833402	9.33962255850907	7.949010712319653
0.371	12.556524954243642	11.13071905137838	8.481902737563932
0.373	3.9000545217771077	8.797115019714328	8.108632945960025
0.375	7.35503290472117	10.344827510251354	7.940315427446424
0.377	8.632665383867533	9.63220766536523	7.906646684259901
0.379	6.504181835786937	9.705893349503866	7.633626958211941
0.381	-1.8939884187663125	9.139394984589464	7.753966362704832
0.383	0.0018146435465382638	11.53797849452817	7.952151807675567
0.385	3.141157965069752	10.28350200038703	7.758407800642135
0.387	5.315692060969823	10.872408305814192	7.87219911789263
0.389	3.2099270366181543	9.426247244576007	7.827753343485251
0.391	1.08651132668669	10.72578849335012	8.067121576071473
0.393	7.211231621173653	9.00515996986799	7.783352867050358
0.395	-0.9899686055359069	9.121589871332278	7.877682747497084
0.397	5.647962279420327	9.798073300898096	8.172441768692924
0.399	14.363536518624542	8.80366703081781	8.066841218523127
0.401	9.757909443353086	10.503480364054996	8.062346826866698
0.403	-5.248123044365727	8.498483235946345	7.706344118166575
0.405	1.4992485857234783	9.464550401508413	7.980441088056935
0.40700000000000003	5.8494366235173345	11.040956350270172	8.159079496782358
0.40900000000000003	6.046970471462743	11.021660325682614	8.743785375063753
0.41100000000000003	5.1624504096015045	9.688941234816875	8.236308691173708
0.41300000000000003	-4.208569691410702	10.440621781906056	7.988448907659609
0.41500000000000004	4.557634785795628	10.82467575962733	8.083419674076174
0.41700000000000004	5.408557186337148	11.371335134695128	7.995951910573095
0.41900000000000004	15.153009219615043	11.468279810411856	8.083265430417365
0.42100000000000004	6.61193809570193	10.429341317595973	7.86628219845273
0.42300000000000004	-8.45226657053555	9.982902824753092	8.081100126699067
0.42500000000000004	-0.6344981676731365	11.579675179366639	8.03001279109997
0.42700000000000005	3.7723833457015132	10.271532072890771	7.980976921321763
0.42900000000000005	6.707413377382565	10.705541762899312	8.07129870681029
0.43100000000000005	6.189863362537906	9.402922150234069	8.234729650759677
0.43300000000000005	8.8186920768063	12.064421472451995	8.202512839013082
0.43500000000000005	13.661024214517425	8.916859412571792	7.86537331253169
0.43700000000000006	9.659604764289398	10.263829907460014	8.078024264381332
0.43900000000000006	-5.898489282896158	9.148966373226717	8.027240243952427
0.44100000000000006	-0.5771705010593209	10.932870273250806	8.120520318611053
0.44300000000000006	5.496087340572942	11.472682808022132	8.342116874512783
0.44500000000000006	4.081752411400075	10.770647617271246	8.69455074665875
0.44700000000000006	5.580400712412725	11.36549333257485	8.587233015749577
0.44900000000000007	8.458632181351788	10.431574452705616	8.388690403462897
0.45100000000000007	17.150041711211372	9.290516033471699	8.19604398819044
0.45300000000000007	-3.172916122839986	9.069308591050296	7.907588776877351
0.45500000000000007	14.678389320899043	11.637898134939473	8.02375433938188
0.4570000000000001	2.5285509155370534	10.80356151718068	8.205705416720681
0.459	3.96140970559955	10.498928987219003	8.03672613867215
0.46099999999999997	2.441003358777394	9.506026663474309	8.01894661259377
0.46299999999999997	0.7241244164291061	10.076658311878445	7.9843498845843115
0.46499999999999997	-1.545379523126833	9.917473233243584	7.825391467534697
0.46699999999999997	-4.9717203640664565	10.918651595991095	8.130893159192432
0.469	11.032651248799041	11.64503107819382	8.033126953659517
0.471	-5.2830010143223305	9.805876051173033	7.788597903609553
0.473	-21.744072501439504	9.63461225616022	7.710572207536297
0.475	-13.834749074681518	11.396853341758312	7.911522652522065
0.477	5.252056042737152	9.129731145189774	7.708922015731506
0.479	-3.9031281536816564	10.253883403922984	7.859984411289591
0.481	6.350825092482637	11.203055306520948	8.157483051648116
0.483	-0.773011213150987	9.95345247347715	8.535030574758677
0.485	0.4110356928155312	8.530507794974767	8.06978732443087
0.487	27.920575261353164	10.288204180553901	7.986710701267767
0.489	9.126820457838747	9.888634201283091	7.8678888522143975
0.491	-5.586331934592792	11.599693509645512	8.026716890849064
0.493	9.208012483830075	10.429292110482875	7.955490896752604
0.495	1.880967706702208	11.012165649753964	7.988487666316785
0.497	7.811394562962093	10.03013419299366	8.114634904724777
0.499	2.0056730369866216	10.975100863577868	8.297755604364886