-0.499	-2.1896955650912986	29.297969949428804	25.95599179483947
-0.497	25.28097719345368	25.359876161806227	23.858119474002095
-0.495	-1.4645665693535648	22.90366989433432	23.79593938876774
-0.493	39.78210334021348	30.197262827377376	24.105314041274294
-0.491	6.5296726758923285	28.146923861145257	23.475380081467797
-0.489	-3.625347680169533	25.593053470112114	24.229643146220365
-0.487	-19.08723279331337	25.804324338669478	24.31092419959553
-0.485	23.074817435908557	29.65138440979118	23.938239817741348
-0.483	34.7083458958064	28.747986835818253	24.42140552653032
-0.481	19.03759080423839	26.26935625037623	23.827651510580246
-0.479	16.713198820905717	28.245819693748988	25.014503144494935
-0.477	23.129259708598582	25.530298310511125	24.159673636023086
-0.475	41.19230622801062	26.11744902588978	24.379576786735623
-0.473	12.61269136709764	28.74161951225921	24.396073628130793
-0.471	11.481995732198769	26.573081550510107	23.821288079691456
-0.469	9.023621615256161	22.005443882713088	24.219535460354727
-0.46699999999999997	-7.318275673462438	25.945909330621472	23.88596862780778
-0.46499999999999997	41.64382191684801	26.48895887983426	24.158921148672242
-0.46299999999999997	6.8189411992491955	23.20720080321158	23.697932482481693
-0.461	19.95979184332697	26.572289513625474	24.665746857760023
-0.459	7.1763451594542005	24.439131959033773	24.669924219585962
-0.457	12.467995494924722	23.834640158899276	24.148289761931427
-0.455	31.262728006797857	23.149713871339742	23.470720437695025
-0.453	20.17595533354566	25.023002969669648	24.25932140652204
-0.451	-2.4347357051590635	23.457674490728465	23.80302379033792
-0.449	-11.165327487239196	30.39488369969701	23.97078025558764
-0.447	15.212373234430032	22.61812038361385	22.958762947768317
-0.445	-10.138885165211775	22.91138969955498	23.670102524892474
-0.443	29.279707131513177	24.693634857019344	24.36168604718742
-0.441	7.740401766431759	26.9655988490953	23.320349507017962
-0.439	-22.304741592593658	26.077517280362592	25.004367674776773
-0.437	17.857316140679202	25.40881683226565	23.732606859857242
-0.435	6.488711835617167	25.586310334525535	24.495324624326866
-0.433	-6.990095503311977	28.929331477182494	24.251240050910603
-0.431	22.975190347773733	26.314371241895728	24.368616220375532
-0.429	16.864020012219427	26.841799693336064	24.333823574084608
-0.427	24.95028171756175	27.36478992286973	23.928464220546562
-0.425	-18.429554134891113	24.61590889431065	24.08405791561525
-0.423	85.36969982242404	25.554425175853716	24.9409879240856
-0.421	-12.685436085568824	23.263411132734685	23.294041830932986
-0.419	1.6535605029677214	26.184600007517854	23.787292011305386
-0.417	29.63343819084585	25.58235961138353	24.49452382300293
-0.415	-16.877353023581065	25.974336922682994	24.41590491604394
-0.41300000000000003	28.845214918193918	26.595749464252613	24.22336125486611
-0.41100000000000003	-45.27704779233588	24.670391521292903	23.38516145416422
-0.40900000000000003	39.360201123717076	25.81807499662638	24.395175035014702
-0.40700000000000003	26.006687383839378	26.064254342630115	24.476436292437835
-0.405	42.96027259553803	27.15378741519556	24.03120566023689
-0.403	12.951525499182992	26.85963469247446	24.358495600201284
-0.401	13.150525167926475	22.455200572114194	24.102024288171204
-0.399	-4.525840888058852	27.111998403303566	24.25132946739498
-0.397	-35.439196522490946	21.759723680307662	23.700403599685178
-0.395	44.61139273903569	24.545832929304847	23.465894777518983
-0.393	25.11903832558282	26.571027883250512	24.364580887348822
-0.391	16.05282097072447	27.053254761760723	24.79085741431345
-0.389	-9.78164794562808	24.214702087928465	24.454160897184632
-0.387	36.8957393390712	22.467061993024416	24.25467395839039
-0.385	-1.803672531885958	26.49710097796541	24.242789675835297
-0.383	41.93704405452969	25.170900787770496	24.318055469254638
-0.381	92.15139201224076	27.78456358055504	24.09028625248815
-0.379	-38.69280028545585	26.424155032433326	24.14529013372308
-0.377	38.37253251171013	24.532573066565213	23.449305015631477
-0.375	18.48875011045692	22.9493128955227	24.139867622339445
-0.373	45.78878931127406	26.63920227559902	24.054517470916473
-0.371	-19.455582611183075	26.29671999793548	24.36167286435771
-0.369	15.558553290606625	25.554789989934513	23.862553398615457
-0.367	25.93023111785442	26.753471178799085	24.094813859852927
-0.365	50.47755682174859	27.550729212399876	24.22401691052629
-0.363	37.95626341918101	22.25194388572258	24.15705798126315
-0.361	16.07468624231778	23.357623099723607	24.272178707642162
-0.359	0.8677928537981217	26.575953726023158	23.836397189605503
-0.357	12.40530389567951	22.336156959109136	23.77054577969751
-0.355	-3.346061470566042	28.012112382796186	24.402947826886585
-0.353	26.560494144511893	26.889294116413332	23.844084397871242
-0.351	9.815905984034146	23.984780943458535	23.947041512141777
-0.349	3.8795441721362067	27.199112831460738	24.115971934950988
-0.347	64.29793676510087	30.21088455767559	23.98022029145114
-0.345	-24.985772563823616	27.936773555098775	24.99900387351651
-0.34299999999999997	-1.6938316101944295	26.91132961087667	24.423907172035026
-0.34099999999999997	43.82193809004953	26.579710632996346	24.15872751755194
-0.33899999999999997	52.074618886788215	29.01461953219938	24.577403667358187
-0.33699999999999997	15.383684093261962	26.60372879894303	24.36650917652886
-0.33499999999999996	-6.098749493865796	27.22280874733838	24.672527559601896
-0.33299999999999996	17.26449029781918	26.854427248497924	24.533477326258748
-0.33099999999999996	2.3044360597523905	22.46851804106464	23.267924844157715
-0.32899999999999996	26.1253938433903	27.789008077569303	23.947657169530604
-0.32699999999999996	6.936802581902768	28.812065882429664	24.253934737435554
-0.32499999999999996	-0.6942246619789927	27.03861709805317	24.644436382770394
-0.323	21.978053596383162	25.108032770754114	23.582999326673598
-0.321	-1.9023896090653025	25.055255137342545	23.35159768555805
-0.319	9.32126831409974	29.25645884575358	25.0479863349789
-0.317	13.565369193946353	25.99931145357664	24.351246764773695
-0.315	40.68875010210249	25.153948111245864	24.182690296792956
-0.313	-31.327933100566696	27.45199462679767	24.982183878643614
-0.311	-0.6130017626837514	26.078066841323142	23.967858816250754
-0.309	18.304235891886123	27.78037540414408	24.65743809544268
-0.307	-42.58541888646494	24.927863481503866	24.259618836959955
-0.305	30.559879907521292	25.553378568603037	24.613700136748193
-0.303	-6.107157072832159	26.988750485972	24.708795272933095
-0.301	-11.54889088550437	21.58617034349681	23.991261321634656
-0.299	8.842570428546637	29.271048303624486	24.73609573358545
-0.297	5.553323049412029	27.509962660691613	24.99284194957089
-0.295	54.17729234191704	26.93840649896662	25.294551581901217
-0.293	34.088346596794494	26.39320344225617	24.860935220794165
-0.29100000000000004	57.204612187167214	27.91257664094048	24.843600808160932
-0.28900000000000003	32.29467535215136	28.06142909235705	24.995899284781128
-0.28700000000000003	8.890421786977853	21.968638855955838	24.218341351286096
-0.28500000000000003	-5.490287149689799	27.66079523675685	25.172511485916633
-0.28300000000000003	26.217430030284206	27.31500461456922	23.85566750148108
-0.281	58.50571942844773	22.755659030694787	24.2757617399674
-0.279	5.268202875718941	26.012314723209293	24.796211468351846
-0.277	-15.417024467057061	27.41500848932906	24.581683618974285
-0.275	-17.566131279012076	25.724995449024807	24.23945814342649
-0.273	4.110643458732355	28.601057268427887	24.849428365926535
-0.271	13.583276814443934	25.407245611128264	24.096977286136003
-0.269	-11.758236544867628	27.45716063370809	24.8020810947145
-0.267	39.811477891005254	28.727012472358467	24.569976871902288
-0.265	17.98966176025374	28.450806809656477	24.358253673169653
-0.263	18.116277796575986	26.496801260068864	24.717624813386102
-0.261	17.543361404248614	25.632680418785405	23.537640908251838
-0.259	13.837588270337875	27.87210510698375	24.108916818256464
-0.257	2.9651671735742013	23.936019368426855	23.395828286967653
-0.255	36.104209808929255	26.101883591266592	24.34816235604476
-0.253	21.30064878369531	28.11581491407454	24.779109692223425
-0.251	43.23794211136267	24.588323939615133	23.43806726875138
-0.249	10.914159831010295	26.423617202938242	24.657377206915665
-0.247	-10.895320258885732	26.776490809778704	23.575117400605283
-0.245	26.78679547396534	25.064604613621842	24.360103760444286
-0.243	36.16113287896461	24.93902774068812	23.972548751915568
-0.241	0.09368901965345344	26.56446329764392	24.35484900358198
-0.239	6.874633024844812	26.894124268173748	24.8508573448146
-0.237	23.538721815929975	25.376980817609997	24.258368953609594
-0.235	-3.8373371590294525	28.10657320544457	24.362454504333428
-0.23299999999999998	15.73905589147273	31.90642858876601	24.408358606974822
-0.23099999999999998	42.78158242243535	25.01873988761133	23.675235759687585
-0.22899999999999998	12.596790344820974	31.097205491164203	25.323090946849145
-0.22699999999999998	23.450679585534928	25.486685669773944	23.935563573512344
-0.22499999999999998	7.417028687228822	26.279141812832588	24.52824944685883
-0.22299999999999998	34.42611770809734	24.083593399501492	23.810193460687042
-0.22099999999999997	29.85434863700398	27.759663111300053	24.25846589930086
-0.21899999999999997	21.52820934075983	26.796616664822263	25.53587729528836
-0.21699999999999997	-16.173259570040344	25.54257841430851	23.950901456759755
-0.21499999999999997	60.5942191422848	26.13153015772669	24.40933869455961
-0.21299999999999997	5.858630605537485	29.08916958380117	24.22356204946197
-0.211	29.646669002847403	28.610327430030775	24.248700067374703
-0.20900000000000002	-12.851943276492861	27.163079759662832	24.496051555464774
-0.20700000000000002	116.1986935240833	27.790130571794535	24.885086793672595
-0.20500000000000002	-7.7962633795447545	27.082062033611436	24.00278511462847
-0.203	-3.087781510258125	27.111941766554583	23.53904425167237
-0.201	72.42037358667908	30.351431909507138	24.993306611120023
-0.199	6.796047330448474	26.997777603274102	23.966662224180222
-0.197	22.480502932520352	28.408325678531664	24.01675611182286
-0.195	82.12429931897525	26.701906463936297	24.398718421833866
-0.193	31.834445437528558	24.717721003764584	23.535338699476053
-0.191	-9.965915026666217	27.12357797181057	24.984876550292867
-0.189	-13.01226981487158	28.03449196891144	24.04903919531426
-0.187	78.43068263091446	26.990396091988547	23.87204289212447
-0.185	60.26166049433179	28.823459680545504	24.878691428766597
-0.183	-42.87274837277977	28.019887071554336	23.40423693290247
-0.181	1.7809774339738738	26.332843932860268	24.589444930637764
-0.179	-0.604039678275825	26.82823733892251	24.118385784601916
-0.177	75.33150794625243	26.903014366863943	23.931760499555242
-0.175	17.46276326897167	32.322274214167095	24.781785362370798
-0.173	11.268018449195338	28.933844151318045	24.127771470596496
-0.17099999999999999	30.230159913324783	25.594323216487403	24.288541032079316
-0.16899999999999998	25.9881140296514	30.28635546920234	24.278735421981064
-0.16699999999999998	16.50204741587835	24.235374074247463	23.76888316101267
-0.16499999999999998	29.049472307196567	29.48775328419426	25.003254085456422
-0.16299999999999998	51.995107339442015	25.225445202365478	23.82281500116817
-0.16099999999999998	40.3610493762141	27.653922692406315	24.559097758654744
-0.15899999999999997	19.12417386984444	25.99360446758334	24.276952046997987
-0.15699999999999997	-8.022090607351373	24.74695523965495	23.654255406772705
-0.15499999999999997	21.82449646714879	25.86177769820597	25.166506326054705
-0.15299999999999997	58.45695023487529	25.58517091652756	23.72768958462747
-0.15099999999999997	19.09754975293332	26.022295370324983	24.30764554652846
-0.149	28.97297296544643	27.547139874573684	24.58271740145965
-0.14700000000000002	40.68714920446581	24.359312984855436	24.095476871446316
-0.14500000000000002	-52.10101774799636	28.2642010396901	25.201380631996887
-0.14300000000000002	32.17044881775877	29.771381679732333	24.270636181135714
-0.14100000000000001	57.05763074081993	25.38800978535565	24.807120814717752
-0.139	33.10102017528571	28.398965720288707	24.72642053718992
-0.137	16.384534990532273	23.748914690679808	23.47943397722672
-0.135	11.956742685059751	28.609278232242154	25.16285961711663
-0.133	49.6392564330872	25.317913023227103	24.312924573063324
-0.131	71.6728939424982	29.50301679204548	24.378554999779805
-0.129	-32.1977762082204	27.55054626433245	24.87975380170624
-0.127	7.978064154423592	25.91525514108427	23.732255117653477
-0.125	55.57303448755491	27.91316568661473	25.261049782226532
-0.123	16.860724648681824	24.09937397233151	24.120377268875657
-0.121	63.20666169989941	28.352353488698014	24.876920772552687
-0.119	16.568668362637595	24.919938298259172	23.738928936135974
-0.11699999999999999	42.35349722159221	24.9232086400542	24.28729882978898
-0.11499999999999999	63.10531953968024	31.003007851998913	25.241003202585624
-0.11299999999999999	20.362250620964417	28.960947835593135	23.895009030831947
-0.11099999999999999	-20.043672942504642	24.37374465433375	24.70018589165023
-0.10899999999999999	-8.519198556045104	25.459553891706808	23.69759675744907
-0.10699999999999998	58.33665468690796	26.042696991093532	24.534272025035214
-0.10499999999999998	32.01838091482223	32.80141554704004	25.77013247288534
-0.10299999999999998	0.5517392933640508	28.299062305913587	24.286184107112746
-0.10099999999999998	2.8748505802589364	29.965960780930956	24.511986907104344
-0.09899999999999998	-4.4513094248355145	25.399550496473612	24.117706135355974
-0.09699999999999998	13.52953968258852	24.06039618111121	23.83826928087704
-0.09499999999999997	15.409777135877434	28.03296482011067	25.629116208327513
-0.09299999999999997	4.207952333912246	26.968182533491472	23.728675317638025
-0.09099999999999997	30.573321504689943	27.363870672157102	25.220159935902853
-0.08899999999999997	4.002219366583404	29.631738426469187	24.675514419330923
-0.08699999999999997	-16.1647215414229	24.02013814332466	23.862226568780635
-0.08499999999999996	28.66132894263629	25.389284923836374	23.933661351522108
-0.08299999999999999	30.120823095947102	26.50459852203435	24.338256733042996
-0.08100000000000002	73.58975729498951	26.494403429806948	25.442318778877535
-0.07900000000000001	-8.672654912778022	27.55863740953619	24.679501510474037
-0.07700000000000001	54.953848692029794	27.910542394966225	24.13506139544805
-0.07500000000000001	28.74694531507238	31.230715261066255	24.832743880098075
-0.07300000000000001	12.16624226318963	26.81512525396726	24.27183473066404
-0.07100000000000001	30.475397399420956	30.063949633395367	25.120675380243892
-0.069	49.76368143472243	29.982526039737685	23.778198372458302
-0.067	-4.99731787373392	27.40652320544081	23.727599743609776
-0.065	1.5976016418672856	26.381892204192184	25.30677423531104
-0.063	88.93549260546862	24.705243591543493	24.22236033838888
-0.061	-32.33041975136963	27.16449188394018	24.518252329245186
-0.059	17.441977399501596	30.33939614502974	24.616578059242308
-0.056999999999999995	11.750637978868994	29.921899155629593	24.702114487907664
-0.05499999999999999	5.681065990303935	26.1242864374133	24.03081528668672
-0.05299999999999999	25.867763620457396	27.07208614214099	24.59897060806067
-0.05099999999999999	43.23002499306838	31.763719343813772	25.154086519501437
-0.04899999999999999	33.89910489071113	25.566496794787696	23.061976560464657
-0.046999999999999986	-3.9564430975858045	26.102478923326537	24.432517444686326
-0.044999999999999984	15.657234527122199	27.164316957856055	24.511100318094385
-0.04299999999999998	19.272072608655932	26.129069990178927	23.86597479100889
-0.04099999999999998	53.996103566822384	29.980724608981408	24.818881648323345
-0.03899999999999998	-4.022774669154572	23.842360827316956	23.964552508960903
-0.03699999999999998	26.028263275801322	23.533588650272044	25.298125134849617
-0.034999999999999976	57.80344221073541	27.056027641489337	24.260944150216844
-0.032999999999999974	16.948432965513405	26.250490942401676	24.01756845421881
-0.030999999999999972	5.344055018507987	27.682545606990203	25.279392354845633
-0.02899999999999997	26.579804280890684	27.89329374482402	23.605222355276695
-0.02699999999999997	57.94980990558862	23.843604026425275	25.631604498974767
-0.024999999999999967	-13.99261677703656	25.063255641014646	24.243785763448706
-0.022999999999999965	53.62715429835241	23.894825777547393	23.76591485372039
-0.02099999999999999	27.813233132834014	25.333222188359176	25.103747543094993
-0.019000000000000017	7.349061868611173	26.5300790840135	23.949965711929938
-0.017000000000000015	-32.14680499186162	27.357648435424995	26.010261161715665
-0.015000000000000013	-680.7465526540435	41.91912068870504	24.956593499203937
-0.013000000000000012	-1486.970500439222	30.261925347242716	23.518647583008306
-0.01100000000000001	-1709.3068026928781	32.192868795095144	25.619154229378296
-0.009000000000000008	-1827.4853823986302	27.891339531318536	24.131527426021147
-0.007000000000000006	-1956.906721507834	30.42855935849805	25.417294983998943
-0.0050000000000000044	-1984.2435192479745	27.56231795613277	23.829777533192274
-0.0030000000000000027	-2079.2484557918824	25.46086470238683	24.527744608679384
-0.0010000000000000009	-2048.839130946334	26.997822792637034	25.313701290804737
0.0010000000000000009	-2047.6772117312692	26.869635586302977	23.609129200510715
0.0030000000000000027	-1994.754541346122	27.87122756813346	24.946148957002208
0.0050000000000000044	-2014.1846183228117	23.66670398167275	24.83850351637885
0.007000000000000006	-1953.954452831974	29.344673482462433	24.622864421690313
0.009000000000000008	-1844.9016822622566	29.96873975183367	25.45731638083191
0.01100000000000001	-1672.2853636611524	27.42736638342736	24.200041898014522
0.013000000000000012	-1431.9314614198443	29.619577178649894	24.62149462391725
0.015000000000000013	-759.738306226998	34.75978619527797	24.691328473061994
0.017000000000000015	-46.024829216451124	25.575903937046736	25.031298392261714
0.019000000000000017	19.64353484007475	25.402278273196433	26.04347981662025
0.02100000000000002	38.66413887987363	24.010510628063642	24.326519137156957
0.02300000000000002	32.406051894140475	33.47926946034683	25.621014899614067
0.025000000000000022	23.41561657326352	25.849402777595245	25.062481865186403
0.027000000000000024	27.115072426919795	25.91394556896883	25.707950746203956
0.029000000000000026	68.86929825355992	31.23668552078571	25.443485748494766
0.031000000000000028	19.0559686021885	29.54285681946025	25.03073444173837
0.03300000000000003	-3.573503556397739	28.929616080106605	25.956326953421613
0.03500000000000003	51.1862621133119	27.296384866616947	24.772510068771858
0.03700000000000003	49.66681950158147	25.546541479247413	24.28101234918218
0.039000000000000035	18.33563824460427	25.54152196115016	25.583085141885395
0.041000000000000036	-32.41146496835157	28.703802614968904	24.580871433823805
0.04300000000000004	19.85451025388052	27.111678421989478	25.644431863012553
0.04500000000000004	22.599784698984493	27.575003460941996	25.052823897074735
0.04700000000000004	13.415239759284603	24.56117145184491	25.0109696166465
0.049000000000000044	-47.94835946397846	30.244724029246672	25.911926434207338
0.051000000000000045	18.874326899176452	25.98318328020621	24.412674386600283
0.05300000000000005	42.012374235289585	26.22428912153697	25.953163591246113
0.05500000000000005	-6.754045659085328	29.535478505816396	24.955425374444694
0.05700000000000005	10.329749507320685	26.03064032675755	25.302367314182174
0.05900000000000005	29.240453757184426	24.253001050112537	25.659411876909996
0.061000000000000054	12.376660488921942	24.645176632907116	24.409839880081282
0.06300000000000006	8.10845917520453	29.30684264638801	25.324703660820184
0.06500000000000006	1.185944471071565	27.968694122714144	24.84101397450827
0.06700000000000006	-0.7848804008947496	25.71674690621137	24.68377002899491
0.06900000000000006	20.435443343735926	28.97246804478885	25.30001212027104
0.07100000000000006	11.923485394360611	24.927782217907293	24.184108014283726
0.07300000000000006	-24.577791691737794	28.017547288763645	25.773696127384895
0.07500000000000007	56.82436391585277	29.099446862865378	25.35819147303977
0.07700000000000001	20.718602539160358	27.12903070765983	24.703119864829986
0.07899999999999996	41.37979365603783	27.0013170667158	25.507060783397595
0.08099999999999996	26.12948938285342	25.377571988204952	24.588961649113948
0.08299999999999996	-4.690397856110806	27.744333741133108	26.67118954567312
0.08499999999999996	10.665176327862014	26.693961543665342	24.96818434478999
0.08699999999999997	55.082093645797414	31.71290066155344	25.50717476762817
0.08899999999999997	18.43522306388401	29.00870423083491	24.917823591762982
0.09099999999999997	3.139458840228926	22.95960812230707	24.56261476824818
0.09299999999999997	1.9285081147568661	28.8755010366127	25.318575185268557
0.09499999999999997	27.36061217301078	29.90597059309589	24.59116602530876
0.09699999999999998	12.374066429066133	26.90048768756764	24.258605541938596
0.09899999999999998	-6.027296850175112	22.778233365123707	24.64669786623155
0.10099999999999998	21.81565318970513	30.558096357259966	24.359546812757703
0.10299999999999998	-5.07870405197508	25.19811358394527	24.853663456503806
0.10499999999999998	6.860842961531333	27.734977314677106	24.863202594154433
0.10699999999999998	28.95014983250732	25.132784452461706	24.93238047818724
0.10899999999999999	-15.034367001898197	27.910147906890327	24.780882539840956
0.11099999999999999	14.5044910533354	26.84134398704977	24.59000927591869
0.11299999999999999	-3.0495542852060353	29.578152052426447	25.070562882478004
0.11499999999999999	29.316028732795374	23.52067924725869	24.392145214229636
0.11699999999999999	31.204455134714593	23.870890189929145	24.87816664265444
0.119	61.18506758512332	24.698662738111093	24.511164590811056
0.121	-8.591609706676273	24.507350857820132	25.523843280620333
0.123	16.55266708988634	26.038890238607284	24.992330193574286
0.125	20.867418180303687	27.025700472197432	24.10173867515478
0.127	20.722650776683338	23.209528743483048	25.494877762195717
0.129	44.522471570829225	24.454054825667455	24.439160491248
0.131	-4.661878550527021	20.5186010013002	24.11472675833076
0.133	-31.649557255652994	28.87718437094557	24.839655195624303
0.135	25.325106537632536	27.265059958624615	24.215086018299694
0.137	3.3517918316405826	26.78168466214223	24.850919919680422
0.139	23.00389762921462	25.560605112217026	23.941132887477917
0.14100000000000001	-3.123024646778383	28.12549120448723	23.840338081076403
0.14300000000000002	-0.6169676326495122	26.209150764858027	25.453314197074604
0.14500000000000002	6.87410893696061	24.87364778356535	24.226377516819614
0.14700000000000002	30.28701863483363	25.125646625165505	25.625784848565154
0.14900000000000002	33.212249868297405	27.62365634052475	24.55930965397801
0.15100000000000002	40.31326130893298	28.08452388370929	24.350174526763478
0.15300000000000002	32.93123479242155	26.860193345303372	25.470108149921305
0.15500000000000003	-9.11204444264957	27.337798560907313	24.396275188971313
0.15700000000000003	6.367491687919724	31.12060627968388	24.394400792564596
0.15900000000000003	12.577815906356093	26.07761884235261	24.266332470239753
0.16100000000000003	14.378244011625796	28.333877332474266	24.097952793487615
0.16300000000000003	62.73615816065892	30.93797921066606	25.013029705799173
0.16500000000000004	81.93333967065897	23.579386156652383	24.222826895177924
0.16700000000000004	-13.105880899200173	27.371917757962965	24.5147725991343
0.16900000000000004	8.601480159686758	29.167292767813574	24.777313165355544
0.17100000000000004	16.048500660170717	28.80551608896937	24.670497971387213
0.17300000000000004	9.637665141504215	28.972386379395104	24.27410763961821
0.17500000000000004	16.93990195517081	26.16201531864281	24.45483354967101
0.17700000000000005	65.05712600413105	29.21000746753723	24.802431875497774
0.17900000000000005	33.03096923890081	27.506559957205813	24.5692450753549
0.18100000000000005	31.840028269725096	28.447915283198487	24.51008883948138
0.18300000000000005	-13.54027593147844	26.958865138462958	24.98325138312773
0.18500000000000005	37.358383700780706	28.50930253506029	24.156468994318455
0.18700000000000006	4.7703390551046	25.602118682508053	24.633867810591074
0.18900000000000006	-17.916786570149057	26.52570437352182	25.001564459182795
0.19100000000000006	42.97845754241969	29.331259470519623	23.85807715707719
0.19300000000000006	-25.008761212141906	28.245421931465703	24.224550510978606
0.19500000000000006	25.03516803042949	26.399086109537812	24.73365034505618
0.19700000000000006	20.929373839573273	27.588290905443788	24.39476648441751
0.19900000000000007	20.49653306457344	27.148439824509715	24.16751788203117
0.20100000000000007	62.71470525431866	28.53146417878085	24.303265740213106
0.203	-30.32804466085448	28.680140969804263	24.663972088607398
0.20499999999999996	24.2477128076235	25.350763380201847	23.77062060479399
0.20699999999999996	22.83129055213884	24.81547140704999	24.467459307126525
0.20899999999999996	5.986565066562477	28.550265819136055	24.134182056828045
0.21099999999999997	19.188162411643006	24.786865315147242	24.000975155830314
0.21299999999999997	-19.48858034583889	26.386179409666287	24.791206476802454
0.21499999999999997	31.933212624402074	30.38732496426176	24.412152367427776
0.21699999999999997	39.2664778625651	23.399589330512452	24.11997215788217
0.21899999999999997	-52.40502831604932	26.260607668473522	23.846574283619507
0.22099999999999997	31.614771955901233	24.52464710259857	23.860596625566693
0.22299999999999998	41.132529062348766	29.74856332755305	25.19073413197059
0.22499999999999998	33.14752081751138	24.715519380691624	23.74981015620267
0.22699999999999998	6.157163740194704	26.016666956255587	24.447548440863383
0.22899999999999998	4.637149205066748	29.65267643851051	24.812728673203573
0.23099999999999998	-15.376635961739105	23.840190334271078	23.747509269590058
0.23299999999999998	55.51440482931547	34.28991936677768	25.46238907505867
0.235	-38.16539366363614	25.461189813441667	23.453844338530033
0.237	70.88963291934647	28.996614160709342	24.848457706593557
0.239	46.717912963289976	25.297663250504502	24.55951994762026
0.241	9.707114047907694	25.38268282060965	23.729977215617193
0.243	20.266669429336304	27.357016255711763	25.353765743549417
0.245	20.72901215455225	29.680541186459234	24.100445504116575
0.247	5.549788149705748	25.92217519430779	24.80694775284623
0.249	10.104693063173187	30.094945567756415	24.594590133291465
0.251	0.9679370664983367	24.877713186482392	23.58861747674015
0.253	-41.202847097743245	25.314837677288992	24.81111152002814
0.255	29.15234397549149	27.10062845338588	24.26393036693118
0.257	69.31402016574495	27.433984142511378	24.61785595236464
0.259	5.326850205156219	24.7747761541144	24.45896136720695
0.261	16.96716482491034	28.62758193601904	23.316956188704495
0.263	-32.75387934142948	26.258874670984266	24.981402369667492
0.265	22.912911629147104	26.72587625591468	24.20452295463612
0.267	57.91946286803906	27.73706701884947	24.421213017800024
0.269	-19.059312894142977	24.52656078942534	24.022125706582813
0.271	-22.075560266343608	23.73732993852062	24.52503873325323
0.273	34.157659400957385	26.59486462997945	24.361845238367078
0.275	29.38466966417863	28.00127644876969	24.409009632170815
0.277	50.612766775870455	28.432543508075856	24.528085161365077
0.279	19.518433365561805	27.989238638080984	24.563170174055898
0.281	35.720342668188465	28.26568755534967	23.72175910571594
0.28300000000000003	39.57419884592639	25.974111158787743	23.939817798957936
0.28500000000000003	-4.270235640757569	26.54312135012883	23.585961996120584
0.28700000000000003	-12.852932360640779	30.397056715669738	24.82315950072558
0.28900000000000003	37.46555042960509	25.677271898123625	24.390277097764777
0.29100000000000004	65.67634090370866	24.923913832755172	24.64715711363672
0.29300000000000004	-9.272508542434998	26.749749249177935	24.83436857018733
0.29500000000000004	-51.47843201591673	23.394679082148272	24.145046584153114
0.29700000000000004	9.7911183181143	32.49613123718479	24.844198878269662
0.29900000000000004	0.18648671851195786	29.632841744394444	24.091886330363025
0.30100000000000005	-6.251791300981857	25.134748872621838	24.717674414199937
0.30300000000000005	-0.1323761189553352	25.765382978987255	24.64869745095065
0.30500000000000005	11.344947355329538	21.92893834386912	24.57646993661786
0.30700000000000005	64.55531798055247	30.23326758037067	25.61610650527614
0.30900000000000005	54.4368671893114	28.4057991454588	24.121763796772157
0.31100000000000005	70.72190174928217	29.330308377450894	24.73130565311265
0.31300000000000006	-13.726023384341701	22.984982169043985	24.91487364140191
0.31500000000000006	-15.985731433687533	26.088825475560448	24.192055851539386
0.31700000000000006	-6.169944204881261	27.991193601166746	25.190806805985158
0.31900000000000006	-12.489057537368176	26.548187151812677	24.73749216899643
0.32100000000000006	26.4737588844266	28.826155737425513	24.40704444548372
0.32300000000000006	-6.376397246876664	30.36227705959525	24.136652705294047
0.32500000000000007	16.751836900308348	21.10864956116906	24.359570444826705
0.32700000000000007	36.920098913428845	25.0104810636683	25.661667724721266
0.32900000000000007	-0.20963889302283434	25.76806982457087	23.86193879026226
0.33100000000000007	68.9063262211409	28.402225152111804	24.253307851322674
0.333	17.781003352590474	29.951545842578273	25.15047544681683
0.33499999999999996	26.176445233838663	28.147458739918154	23.939285124000715
0.33699999999999997	42.140807182233786	28.191713004999176	25.50333840860066
0.33899999999999997	-4.776120366645209	23.90729070444167	24.129451629510267
0.34099999999999997	36.66963663007117	27.392617892284086	24.102154768120638
0.34299999999999997	6.116309974935064	25.43533497413297	24.6645847478821
0.345	4.59210635006535	27.253714283009497	24.38121130064337
0.347	47.80508961910179	25.644187356532335	25.161224333911306
0.349	78.78138017991532	26.50639140577032	24.27013819317325
0.351	55.80445126085465	28.363465975458233	23.78352723488146
0.353	16.701377464123368	27.227963468919267	24.69062107295886
0.355	13.919858878885805	28.888973626034087	23.97485974912417
0.357	15.617260805012023	29.23654789871067	25.21038840131124
0.359	40.07164740338354	27.634217189017175	24.41493319394786
0.361	40.39260058585903	23.79334245718129	23.965303947776103
0.363	33.390385279608026	29.518748267093184	24.376766551050977
0.365	-8.907814808778447	21.93343035511537	24.663177130380653
0.367	70.01708944742724	29.97682355879471	24.63796958419551
0.369	15.957493079588048	26.013528557517937	24.74780611717267
0.371	-28.730219366446264	23.775109692834704	24.243358444643786
0.373	-14.397202218630056	27.570102432010184	24.107258203055512
0.375	36.30781795327387	22.128416983608105	23.706450340796213
0.377	-0.33620888439944707	25.3455234678873	24.60737925836163
0.379	42.27780528731628	26.543019573328817	23.878125170929486
0.381	31.89897018152088	24.80067817692765	23.559305111724115
0.383	3.327801571195721	21.903752545410903	24.38850671522098
0.385	42.38821478463883	28.50452743711534	23.817259451956787
0.387	11.689771641343327	27.59632506247748	24.69546933480697
0.389	76.91380482954813	22.871000933219	23.197481655372826
0.391	-20.525186897657477	24.27650689579096	23.802294492211416
0.393	-2.1261387128657105	25.324694443726198	24.461702766661674
0.395	17.18614499268689	21.22893143228024	23.546317812527494
0.397	36.341602294154285	29.852818140684963	24.944042049166722
0.399	33.60206102986929	26.463270132057172	23.849052593945544
0.401	4.010603121384904	25.16900701860863	23.646191450896815
0.403	10.631565916074948	25.25215105024015	24.227400338508666
0.405	20.267624281977703	25.8553207934317	23.574567254830725
0.40700000000000003	68.44856881538242	26.704265540319035	24.236077579612733
0.40900000000000003	22.57160081176046	21.939438493348593	22.823400652160355
0.41100000000000003	43.287272393222054	21.966434307964086	23.921635662158593
0.41300000000000003	-39.719562541673525	26.098266755072448	24.2299084332424
0.41500000000000004	-4.020336192511742	25.456998649095787	23.575337552441482
0.41700000000000004	42.14922383960484	26.731912436390903	24.81322640482851
0.41900000000000004	-12.389555456904233	27.04261067470563	23.671606719500065
0.42100000000000004	-9.043317744983348	24.52934966896227	23.14267582819534
0.42300000000000004	-20.13372368903088	26.100837718064945	24.827843941049217
0.42500000000000004	-1.4668781144200338	27.321091849484397	23.409650983560482
0.42700000000000005	16.78729882703678	30.669844594749193	23.924834266813253
0.42900000000000005	27.182927606839158	28.961912061868485	24.34084932048428
0.43100000000000005	10.665800217912746	24.701675651837416	23.566549717762644
0.43300000000000005	-23.92815210716659	24.06750081970096	24.093703293780983
0.43500000000000005	39.69676571946579	25.709492580501554	23.722909284470948
0.43700000000000006	40.78071088065016	27.857405767673963	24.33093787418679
0.43900000000000006	17.240703723331308	28.7698828797136	24.083303731829606
0.44100000000000006	48.20803675387175	25.049917350665904	23.26225059695454
0.44300000000000006	6.48085921017838	22.907362485760572	24.069143978462858
0.44500000000000006	15.08701073693608	28.664702538326683	23.525492776800018
0.44700000000000006	-8.092721606178799	24.85660302750836	24.50493081523954
0.44900000000000007	17.489045801566405	23.177086913380926	23.588316872760185
0.45100000000000007	71.09892134193885	27.044125291439453	23.516940323592664
0.45300000000000007	19.64453965719315	28.157720950005082	24.35968309291392
0.45500000000000007	43.329869043651215	26.57265602692783	23.161834179626876
0.4570000000000001	46.146436321503614	25.66956835641537	23.963554389312442
0.459	20.742249797756074	28.756226714567664	23.86144673028251
0.46099999999999997	63.688014036555884	26.229357345268514	23.945536465122288
0.46299999999999997	12.71937337787854	26.60194383794828	24.047381411141878
0.46499999999999997	14.387655561387547	25.33870497750687	24.0978843267269
0.46699999999999997	43.21805773699339	24.012860990173987	23.833077490074366
0.469	9.601988568253006	27.391591866563598	24.225724847054206
0.471	50.45197293584991	29.663140356244288	24.228140975218864
0.473	36.84471270259948	23.106195541144974	23.958163060334634
0.475	-31.926590052910875	25.889115419000156	23.85958458429558
0.477	13.839621061828566	22.40517844058472	23.859976359745378
0.479	26.369645246937523	28.375791934444546	23.82489366186222
0.481	-17.874795114614095	26.01650042283196	24.534917159520074
0.483	23.916683355329482	27.807098529940195	24.83567665245958
0.485	25.92937282464014	25.782002061997893	23.702739877326245
0.487	-26.230760165057987	25.531623544963956	24.248492264885762
0.489	17.709180645697487	28.832352301491383	23.17134638658979
0.491	-8.719420121594545	27.976774848948867	25.046958540237288
0.493	21.68454167494893	25.482572941617043	25.498238692234256
0.495	13.083468890728867	21.357098457596223	23.542617364732553
0.497	-6.411039651155193	29.1271943843522	24.515227570396565
0.499	16.955537065710402	28.380457856986634	25.60603039032148