-0.499	16.930289671535093	66.78650600240415	50.26915293803048
-0.497	12.58540812254516	55.891068699737616	41.040069759747574
-0.495	42.77413681208486	72.62004609021972	50.73867089826261
-0.493	97.99045799718797	57.74182281949791	44.048861152550174
-0.491	8.137926182483213	57.76481349272364	44.52098920051658
-0.489	65.48162060249219	60.30681466069126	47.27462220338256
-0.487	74.98425233420924	59.41673360169679	41.73990488375283
-0.485	-50.24082421734022	68.71040761956056	51.01679442126327
-0.483	18.52027978554993	58.68028384437376	42.93195119290291
-0.481	44.37050767469586	57.924796537808795	46.00080348631187
-0.479	67.84515135338509	64.23434116825673	45.70793741603246
-0.477	93.03145399419677	59.72532217667399	42.439832362281436
-0.475	111.90983990272407	65.2409468982383	50.146558244255004
-0.473	27.86386138287078	55.513293617592694	42.74044377232229
-0.471	33.4262986649847	64.68037452688657	46.72640506155898
-0.469	83.76200622728369	58.08141671771347	45.360381383066205
-0.46699999999999997	57.4660197980581	59.22301265742581	44.51205366733139
-0.46499999999999997	91.60084838377713	64.5493020846942	51.13189080124813
-0.46299999999999997	30.57940142880966	54.082183527529125	40.49717419329754
-0.461	-22.070822604525198	66.0304728667774	50.56761485188617
-0.459	145.98057897452497	58.55252706340903	44.53682303205855
-0.457	-95.66757258772097	51.854768057138955	44.94595350846748
-0.455	14.805939839046545	63.76419708963122	47.53083090322386
-0.453	73.26147364272728	59.49516911226847	42.11425729841416
-0.451	27.142369149579793	60.94126620672843	49.396927289349726
-0.449	137.65446621682997	55.99536538569099	44.198171188097625
-0.447	61.077843368506635	48.960658884022244	45.74376277428376
-0.445	-54.50517477523231	60.66733872406675	46.16691426703969
-0.443	71.14134925090276	61.347991832647	43.14272314727151
-0.441	22.031272422395887	62.21447335311557	49.833090268728355
-0.439	23.539455032306478	58.043937525335515	42.78217426634409
-0.437	44.82448434472985	58.4380157872654	45.51163469235825
-0.435	-22.83050379658924	52.85662978483958	45.47673099925267
-0.433	-9.047577402609974	50.19485760779896	42.447031765831966
-0.431	40.60006126782589	65.6675412991656	51.623991208424
-0.429	-66.98466061039187	53.067233738639054	41.29864601622678
-0.427	0.4235842168132109	67.01113025819187	49.329536312031635
-0.425	86.37895916918659	55.903946235537816	44.55567359816733
-0.423	-70.29654858281553	53.84382107205797	44.3849151221116
-0.421	11.530875893450698	70.55430985922126	49.6666273007382
-0.419	113.21357595273085	51.36567182169419	41.51397240110563
-0.417	-100.00102148033375	60.81523115972337	49.93956720048698
-0.415	107.90743039246209	59.911719414879634	44.20199706406007
-0.41300000000000003	42.168644620588225	56.36890003986951	44.552317100070674
-0.41100000000000003	-30.253586565276436	66.61510181471692	47.71693558539308
-0.40900000000000003	98.05693613595956	53.958509916831936	41.62299432171326
-0.40700000000000003	48.287434390781314	68.56014829725137	51.33057433702781
-0.405	11.453729822585856	58.71648034632991	43.42840492783072
-0.403	113.67588263033745	64.31917489563806	45.730342751036794
-0.401	-26.48028500595867	53.83008543016288	45.727452028981666
-0.399	-75.52596830540104	54.725718692083234	44.27291443037179
-0.397	96.34725007234834	70.28002620435278	50.48636943722382
-0.395	25.490098682912077	54.84670541451315	41.84872511404306
-0.393	-79.24404053749612	59.30806801539932	47.43485907633723
-0.391	99.65541735890149	61.359880300193815	44.616554629954315
-0.389	-54.174813180818404	58.383471358659484	43.428999247727255
-0.387	73.11176717839096	63.94506610574808	50.63746262302943
-0.385	82.9558931869645	57.20274821886514	40.839931192054316
-0.383	40.48366588427221	59.45885069675302	49.205622097400905
-0.381	-53.36671405120619	60.777448444672	45.750791477244434
-0.379	73.99312013700587	56.839874664617675	43.60240090153379
-0.377	-12.599456407302867	64.5709388100754	48.22753308197373
-0.375	68.50778772049537	54.5602045544013	42.240567133995626
-0.373	5.5638691673909335	65.85566596901258	50.45585329050694
-0.371	38.09169826363146	53.2957864788995	44.20326023652513
-0.369	67.36219155500933	62.151700978494	44.807690274812586
-0.367	-40.314274113772974	53.87634152186208	45.91828403613283
-0.365	-109.8146075422246	55.44594634261878	43.31852083636586
-0.363	86.29533788995225	73.1040056339084	50.440557579678845
-0.361	64.75869863398209	53.81504689283277	42.19238361996783
-0.359	10.493350391049816	56.92869105841522	46.57665006456997
-0.357	50.327062510069354	62.2660460897414	46.89454693070316
-0.355	-26.4625312295097	62.54053247843331	43.54745102371021
-0.353	-42.882560658430435	70.90217080913729	52.21796110959501
-0.351	-1.5940704836125974	54.38183676829274	41.50388567528351
-0.349	-14.747463958797447	65.67439045486633	47.98369998780891
-0.347	83.57395014213509	61.262463317824235	45.93246502313788
-0.345	-78.2688047453739	63.29804288996765	44.63589139658944
-0.34299999999999997	-29.057231636819836	63.53837615870619	47.891293431831656
-0.34099999999999997	-64.43978444636844	53.80682790206085	43.013119210515015
-0.33899999999999997	-1.4256751095231834	70.54731316357847	49.38559741234214
-0.33699999999999997	58.65786435399478	55.0381019408263	44.97184355125913
-0.33499999999999996	36.08461020476739	58.515002797879745	44.21201394139906
-0.33299999999999996	-116.7796324974546	65.10099573687503	47.77020970926757
-0.33099999999999996	-50.359707467029224	51.770956071269715	41.979467851304996
-0.32899999999999996	119.99699441544998	74.40879818872746	50.706865951819765
-0.32699999999999996	-51.451989366069206	58.36144596831456	44.452036443490805
-0.32499999999999996	-113.29749594579664	61.60764320780974	45.924131425737954
-0.323	141.6114219434661	65.17623519261187	47.01948987332911
-0.321	-72.04414797767899	60.43721928743143	42.58665892974044
-0.319	-9.828269538769696	77.4652905793095	52.11814878554735
-0.317	126.45737173744287	60.322744500542825	42.950300370967824
-0.315	-44.10391513598455	64.53884059563826	47.10468524755493
-0.313	1.713067806718982	65.69416984297526	47.469886131484785
-0.311	66.2059519451752	52.88173146979975	42.64284632026127
-0.309	48.80069204848958	63.77155980420059	49.254524598765705
-0.307	81.28415959851587	52.55822089346115	42.87054924501103
-0.305	-0.7266340412703798	59.440731326418764	47.671129131674334
-0.303	12.494080869451807	62.67193814177555	45.52687905260089
-0.301	51.75722594130683	63.095779740848585	44.88874167358858
-0.299	41.85041746351814	60.36312840735686	47.94161824359042
-0.297	81.30801359951256	50.54812483384361	41.73029375854914
-0.295	125.90595911610158	70.01011382997005	51.49718151532975
-0.293	22.693746565938255	58.0005470384336	43.3566597147464
-0.29100000000000004	-49.62502577843253	54.24043446869524	45.706630386213575
-0.28900000000000003	90.6560492841546	59.7216735654278	46.10097902685545
-0.28700000000000003	-47.606116754472794	51.03953780775913	43.134124379124934
-0.28500000000000003	-73.3211563451741	73.68749817186365	51.20802171319145
-0.28300000000000003	85.22027080770656	56.18424400378031	44.18040079221903
-0.281	-55.52076039005982	60.42716061650409	46.02905211395151
-0.279	53.22939607244059	57.588416363898425	46.107186729493186
-0.277	112.10293406360705	55.49824937357747	43.36492392242523
-0.275	-117.50048167424865	65.36454367709696	51.04475857713562
-0.273	-4.28372733596305	58.59205142799455	43.45530333688828
-0.271	-21.151503989624842	53.78035782697974	45.956004079010846
-0.269	-61.35406467744353	61.670053246393216	46.59002185012356
-0.267	22.549084881973158	53.162564821051696	43.47236467190964
-0.265	-8.03456800635427	64.13806002337428	50.32798442613118
-0.263	-85.34371324331325	53.3127456744964	41.43484864826122
-0.261	132.80931915371497	64.60407395502324	48.64263846452097
-0.259	65.10352838162703	61.91712298688016	44.05794318996701
-0.257	-62.66779689378943	61.264569528144456	43.97008233097628
-0.255	119.31293043132563	56.39736170031076	47.234319579977
-0.253	-36.964852092702394	60.16142015081931	42.41618840506092
-0.251	58.91215579789666	64.35355700196641	50.37037954807187
-0.249	115.68680123308361	55.65959479655613	44.46439616441539
-0.247	-163.1707925576764	61.27968004122116	45.91867695840801
-0.245	11.048157873450037	55.53839445605311	47.448980424310435
-0.243	59.534352203849394	54.10774782553012	41.68285179748283
-0.241	-49.026949037966894	74.19935137997162	51.55299302768043
-0.239	15.413366263095085	58.623478273439524	43.00200028995252
-0.237	42.905504072043854	54.69076500265515	45.95869304346702
-0.235	-43.939893373035055	63.68954234611599	46.17393031595593
-0.23299999999999998	69.56547048986295	54.87538543322728	43.48247675608478
-0.23099999999999998	-54.04152985044597	59.23438796485613	49.30995146935533
-0.22899999999999998	-14.57168838647771	51.300832751964585	41.523159904086555
-0.22699999999999998	80.11943127850252	58.0701781893801	48.44600810626356
-0.22499999999999998	34.92514239833433	59.421057388580806	44.601019313349
-0.22299999999999998	-56.75962859297279	53.02042438382537	43.511697187860854
-0.22099999999999997	164.57025434224448	61.80515980682628	48.875036272733155
-0.21899999999999997	-120.08107659533529	54.48378288448567	41.486480218863896
-0.21699999999999997	46.10573780672311	60.73403581399517	49.56036373214067
-0.21499999999999997	208.10891013733902	55.74726145611869	44.23999682731223
-0.21299999999999997	-41.70443064244189	56.056112483547764	44.733749834827144
-0.211	-8.226002884192951	73.61753467869042	48.92279325291781
-0.20900000000000002	129.49989802835125	58.32857324946379	41.96212056060762
-0.20700000000000002	-34.29358035833552	75.79471281145631	52.8771601909351
-0.20500000000000002	61.180226003543225	55.82553640419356	43.92299532390229
-0.203	124.7335350500478	56.307700355973545	44.796822189706056
-0.201	-11.205497835731215	55.48104956401117	46.58270401451229
-0.199	74.14979526920717	62.19917076486453	44.077689231281255
-0.197	69.95654551333885	65.95799393465457	49.87344549552688
-0.195	-28.813116396908534	56.31776090580315	42.73224242120215
-0.193	95.55368462410563	65.88459363904826	47.080359016900715
-0.191	80.2581576844208	65.29586081388463	45.382856699720804
-0.189	-81.09657337196374	59.356120330908844	43.58439449260756
-0.187	202.04514344546175	77.62072564233559	52.60760623479912
-0.185	5.015145924103237	54.62296531853181	41.067028318234335
-0.183	-41.21811102741901	67.65589519867504	49.428524497158726
-0.181	54.236426189291365	60.827504254138894	44.32130307003867
-0.179	-88.1883803166561	58.73346154263835	44.246208631956364
-0.177	-4.851099035585449	60.20191770455148	47.6866058423902
-0.175	1.9742744383766109	50.25715491371639	41.82597197821101
-0.173	-127.2929776695575	68.326593035116	50.76778256140079
-0.17099999999999999	-55.92537557652655	59.63877826699261	44.70397635176366
-0.16899999999999998	40.24039848293803	53.57795580359618	43.65992261547409
-0.16699999999999998	-5.466708031254264	67.68454353386477	47.48121614750929
-0.16499999999999998	2.509786749982368	57.882977314335996	43.03586451008181
-0.16299999999999998	128.5472497527529	58.43332063006255	49.8451850133741
-0.16099999999999998	85.11484345641307	61.39227814574271	43.82643594230054
-0.15899999999999997	79.92926060640393	55.450301009300155	46.22597847219109
-0.15699999999999997	-4.2428541091599214	62.40770477309171	45.753222695058355
-0.15499999999999997	29.377880224945585	56.647854073724304	42.5186650365548
-0.15299999999999997	77.51333101002622	66.1342612040745	52.330125303248764
-0.15099999999999997	108.92379543436803	54.528485210475885	41.5551093503182
-0.149	77.75073792815057	62.92477665469688	47.936481639407106
-0.14700000000000002	107.65848042049164	45.693487143320695	44.14804604260032
-0.14500000000000002	-106.817059588038	62.086177292288276	43.302471176559614
-0.14300000000000002	0.9759721668611832	65.81368590844568	49.3841089310533
-0.14100000000000001	49.05719990078161	52.6986137590426	41.35723703714692
-0.139	7.396042827068072	67.47235491428621	50.658875065950994
-0.137	-36.35583114725005	63.36887660013475	45.449251666336096
-0.135	123.3292030804467	59.862755782843884	43.77659935660863
-0.133	-162.50778227255847	63.33343420411769	46.80258202505911
-0.131	52.36581890266656	58.69315155195133	43.18929094733936
-0.129	-24.31158400206801	66.9724066911948	50.11800822191459
-0.127	-67.89000016149683	59.33037628374574	43.484949834882144
-0.125	93.5962715544747	59.869367155157846	47.898315972966266
-0.123	13.57872189400311	55.74566137913925	44.95684063349739
-0.121	-112.39028617537895	60.612399021881295	43.451202034794996
-0.119	2.148325279893726	73.18623199393457	51.138335354280386
-0.11699999999999999	-6.533546765163933	52.02674036770763	42.07540320679353
-0.11499999999999999	78.41051355250706	62.640691409046724	45.904529304540965
-0.11299999999999999	143.78394247005488	61.80359127738504	44.75440768353847
-0.11099999999999999	-5.813489611816713	54.663103743449525	43.647934100502404
-0.10899999999999999	12.50159519017302	64.1795670822573	50.09719282347479
-0.10699999999999998	85.40034999482415	55.81378748126968	41.66092760800492
-0.10499999999999998	-49.49169238588347	65.60848447734165	48.971362222312216
-0.10299999999999998	46.189732600288025	62.3418520898923	46.52062558393146
-0.10099999999999998	49.71531815733954	57.15619566701394	42.90418251882051
-0.09899999999999998	20.615798166589983	62.357491065073845	48.4132218905816
-0.09699999999999998	76.25007944733753	55.41998473537728	41.73024226945275
-0.09499999999999997	22.41576026063008	68.62133972483223	49.9216202216764
-0.09299999999999997	-45.012043606518226	66.20945551741436	45.44294577825406
-0.09099999999999997	13.305955739006947	54.09349267888165	44.09670317408894
-0.08899999999999997	9.135440506735648	58.815035758080086	46.86280811952464
-0.08699999999999997	-87.26152503135687	55.57858197361179	43.14096107578517
-0.08499999999999996	61.37597526656435	73.34734098262926	50.54788234704348
-0.08299999999999999	34.32333046915481	58.26282714592885	43.516940980236406
-0.08100000000000002	83.30148877999655	59.364182991881954	46.84060105759874
-0.07900000000000001	89.58052446228493	60.44342700048514	46.77335591061463
-0.07700000000000001	1.1532338421993416	55.8442830422452	42.966334083128295
-0.07500000000000001	-78.05311081987566	72.47916850311056	52.79756992658073
-0.07300000000000001	89.8634893624628	52.72499512660227	42.06117739548769
-0.07100000000000001	23.53103272412227	64.94259680257342	47.3058274886984
-0.069	115.20530985031918	57.85054301568315	47.60447369219402
-0.067	112.85474923306005	50.95281834189929	42.647725047658284
-0.065	-63.70094865382203	71.0836016150153	49.872445082665664
-0.063	60.85930251065186	58.63924756361572	42.11312630217992
-0.061	86.66435110948889	59.451904587029915	47.71981854416246
-0.059	-45.13021992413879	68.75631712275164	45.94141129337659
-0.056999999999999995	147.92675879404806	61.00293568051077	45.01461157080535
-0.05499999999999999	74.41818881992468	65.85321271667239	46.9753906958146
-0.05299999999999999	-6.30515048649638	60.093454368317246	43.392606429225324
-0.05099999999999999	68.84060008660597	65.17578879299808	51.721465307544186
-0.04899999999999999	-65.1799992507085	58.134253657016345	43.01595582130414
-0.046999999999999986	-26.86583603350723	60.622033636557	46.622654550974175
-0.044999999999999984	135.01991538911184	69.55496943436916	46.66481142451734
-0.04299999999999998	93.22986390247756	55.15400274947936	42.12883911899977
-0.04099999999999998	30.855930510442775	76.30771259679055	53.490351715032645
-0.03899999999999998	63.69993913812877	60.46620412399852	42.60269553950057
-0.03699999999999998	-39.28234255334839	66.2555983701855	47.034047533748925
-0.034999999999999976	-71.05680998742426	68.47583862723484	47.92941985837724
-0.032999999999999974	62.80360621979675	54.05922317205553	42.967807773112526
-0.030999999999999972	-6.108169499086102	67.68729391578327	50.208110037165234
-0.02899999999999997	53.796813794804166	62.249063976590115	42.75636004163308
-0.02699999999999997	66.54894764879238	52.305880513535286	45.34266964136047
-0.024999999999999967	-65.82085162842866	64.4488133285811	46.469025169676115
-0.022999999999999965	24.450900218520033	55.238054471305	44.62918367160791
-0.02099999999999999	-27.312198173534696	59.604213729166666	48.89970843325523
-0.019000000000000017	-75.17549388547096	57.2503838463488	42.452979901533205
-0.017000000000000015	36.93694222395294	76.21843507889162	50.360940496073106
-0.015000000000000013	-53.7959094185636	54.625146677760924	43.59177457585484
-0.013000000000000012	-298.9353148734608	70.64238240139461	47.10156817673761
-0.01100000000000001	-317.735972026667	64.28316031462107	46.27958981983668
-0.009000000000000008	-624.5967944407128	59.53632084090408	42.76489279865404
-0.007000000000000006	-732.5177875906475	71.93677522064154	52.83301494396366
-0.0050000000000000044	-680.3751520961798	59.323482707230376	43.955821911800875
-0.0030000000000000027	-768.3261629781723	64.27305815699305	45.35950949829244
-0.0010000000000000009	-673.2092783251486	63.06470862716486	48.39400539467672
0.0010000000000000009	-731.5988254905648	59.79088166348275	42.42889356149777
0.0030000000000000027	-751.040860979657	70.70921923715744	51.06115083764015
0.0050000000000000044	-673.5355190564674	62.80325124843784	43.87269159645015
0.007000000000000006	-645.0074216282076	60.089507056610486	45.126096123524164
0.009000000000000008	-622.2063015559609	67.5689884344272	46.4176477370609
0.01100000000000001	-342.5738272662127	62.25702430987801	43.796660901563605
0.013000000000000012	-167.91722741849037	62.76441899026665	50.96414061117212
0.015000000000000013	-177.09797112053226	57.437563848363304	43.425315712537014
0.017000000000000015	131.39007549956006	68.61589344746322	49.87779906917274
0.019000000000000017	88.67180375760064	63.359926894485994	45.116056401496095
0.02100000000000002	-6.9987822138850575	58.02581512473757	45.35786475172613
0.02300000000000002	23.54137148219415	57.61483395376025	47.431269119358134
0.025000000000000022	-44.10453977798934	56.36732200009718	41.98523331516389
0.027000000000000024	-12.663890523123555	68.92297306704258	52.776171070341505
0.029000000000000026	92.77849480815448	56.186550063218675	44.35277686844056
0.031000000000000028	-40.214041971187164	66.3273694844416	44.80475436613923
0.03300000000000003	43.64405909762503	71.67371272125615	49.352701607511165
0.03500000000000003	115.53417860898918	58.72158383716305	42.623557680351034
0.03700000000000003	-25.93160780972603	71.72269557748555	51.108098541430394
0.039000000000000035	33.8711852163609	58.6315886336559	43.54577849009312
0.041000000000000036	149.14296094148403	59.833797275225926	46.420995001409786
0.04300000000000004	34.1511682315776	67.30476475744233	47.06511065744395
0.04500000000000004	83.04712222928501	55.28934911835798	43.52556435205357
0.04700000000000004	42.171558753967275	64.74184569253428	50.32914209836244
0.049000000000000044	-73.68333981472297	64.93916153950998	43.419702134148295
0.051000000000000045	53.506121049595734	61.57504707870345	46.466973038393654
0.05300000000000005	8.615029977621091	64.48052867958026	44.40049193856963
0.05500000000000005	-57.24017737784859	57.76540039383768	44.795688090895545
0.05700000000000005	135.18606010154423	58.43000515831557	48.96913400549704
0.05900000000000005	-7.580330350531739	53.537563868183696	41.25364829119701
0.061000000000000054	-73.78853062411928	66.07397383697364	51.11115150826594
0.06300000000000006	74.96848671006973	55.70274009579567	44.554775431428595
0.06500000000000006	-0.5079840174060379	58.53624925711322	43.86744376899108
0.06700000000000006	69.02900803673617	74.61449323160645	49.43334979283214
0.06900000000000006	2.825557846142246	50.74712648729855	42.72450262527159
0.07100000000000006	-95.21903492870632	68.33860675063228	51.11985302932893
0.07300000000000006	42.40804057786818	67.10094400623215	44.16201503717936
0.07500000000000007	181.3750425958549	55.129844640094866	45.07471374345918
0.07700000000000001	-42.71740091554843	65.94476700985956	46.40207460284392
0.07899999999999996	74.50660827101885	64.58249435764667	43.67301619073362
0.08099999999999996	-46.94619646283815	74.91046629618845	49.851326609470966
0.08299999999999996	-103.8266521717901	60.10838040178294	43.971218715175546
0.08499999999999996	136.88028579683652	61.944328850286574	45.70550135909228
0.08699999999999997	0.5782187184610876	60.551258848591935	45.22733871013082
0.08899999999999997	-54.832067305499166	59.536566887019	43.66952194016578
0.09099999999999997	143.271296564107	67.66095916878136	51.59522457480077
0.09299999999999997	28.252506381942766	59.4743946172243	40.757407391732556
0.09499999999999997	-108.60624147801533	71.97081390533224	49.675722031370974
0.09699999999999998	149.66653752157555	65.2820412138915	45.07421503786776
0.09899999999999998	-31.520361238657202	58.94211686852402	43.858956636290905
0.10099999999999998	9.073452417407424	71.90761680971836	48.0887214893382
0.10299999999999998	61.497753535366684	57.409061230591185	41.06598758362965
0.10499999999999998	-102.13885288201664	70.90081575894014	49.91035604885676
0.10699999999999998	28.714901986415242	65.1636417001923	45.487248842762305
0.10899999999999999	104.74385571868083	48.94575228850678	43.40478484479903
0.11099999999999999	-25.632246938300796	72.74031139639365	46.99725888200457
0.11299999999999999	100.1383552701185	50.492900704710266	42.80173757717646
0.11499999999999999	142.52787873569872	71.07050669451918	51.28252413164639
0.11699999999999999	-17.69362634163052	60.7446916742141	43.88048766312367
0.119	-16.381956495337135	61.93819004793894	46.17144119197535
0.121	27.74850873388246	59.5451682393155	46.317603322540066
0.123	-1.5181542616371502	60.77279526122488	42.972469385375156
0.125	162.9857217659847	68.50926132015269	51.538795914666395
0.127	16.535756543811786	60.81922543584359	41.173599009828635
0.129	-41.52752747765831	63.442722144801536	48.449836240541806
0.131	20.732979630455617	55.60636787199454	45.83108382248264
0.133	-75.75385723213034	52.77855956781851	42.99290816757813
0.135	38.066014758531	69.18124223716194	50.09909252171243
0.137	113.53224841448295	53.46217276242545	41.6668444101999
0.139	-48.46898587929083	68.52404064222092	49.73515081463617
0.14100000000000001	79.97997463626838	61.658364087797615	46.16552496710392
0.14300000000000002	127.25355373510716	51.94915068955513	42.90572593370619
0.14500000000000002	-63.033256150646366	62.32742316930278	47.69818808385112
0.14700000000000002	-50.19855166976672	55.89936009331364	42.61649388149097
0.14900000000000002	63.934981935354074	63.70340724381599	51.2903200216878
0.15100000000000002	-42.932093532455085	61.41115689094207	43.680150565827795
0.15300000000000002	61.544010113046	65.15246078434664	46.17564826803781
0.15500000000000003	79.3491838384508	61.85345104132186	46.53925093307748
0.15700000000000003	-64.82145710529075	61.232594369597294	42.83195716385303
0.15900000000000003	121.67505604510076	71.77924465466785	50.971493047348
0.16100000000000003	78.27087184519854	57.314549812367034	43.3585514926309
0.16300000000000003	-34.56374020682773	60.275078930103724	46.962525407326176
0.16500000000000004	117.62396636427752	59.38483672934565	44.91846682478398
0.16700000000000004	54.62583338999849	54.42901884302265	43.775711508177075
0.16900000000000004	-123.21875417664607	75.79821804968446	51.85675555005781
0.17100000000000004	40.73774794854934	56.90995923750061	41.63891607096222
0.17300000000000004	-22.66356496927191	55.72558395159252	47.8175077964991
0.17500000000000004	63.6037149770452	67.01692012460374	45.708228258788175
0.17700000000000005	161.2525708787338	51.70627455318922	42.74128630493356
0.17900000000000005	-1.3137075874913862	67.49077286832951	49.501591241707196
0.18100000000000005	74.25818612927237	59.01610419667315	41.60344808391676
0.18300000000000005	143.70693465437512	64.10231230901405	49.91862814491156
0.18500000000000005	-45.85342310625684	58.09523591486155	44.93515282571999
0.18700000000000006	29.63587018345315	58.82191071232628	45.56856886062616
0.18900000000000006	59.44617894715343	58.113313029619675	46.089318282462706
0.19100000000000006	-87.61017173131158	60.96392012126511	42.12913375243954
0.19300000000000006	140.09292200234393	71.26496298763537	52.34686862901844
0.19500000000000006	76.84699273080575	59.3755647531469	42.7810243108344
0.19700000000000006	-34.117824020740706	58.064685486562304	46.12149910110349
0.19900000000000007	-12.906189824524184	56.00411887460445	46.96039707740735
0.20100000000000007	-42.750491214160746	55.31741941346868	42.43845824713509
0.203	75.13348489052163	69.2581729625398	50.746348266126404
0.20499999999999996	48.70400002943143	59.53854336399389	42.48229832743391
0.20699999999999996	8.685522234985754	63.12516655553227	46.67305646261653
0.20899999999999996	19.122249021119586	64.9254834415562	46.01227053492463
0.21099999999999997	1.8576792064628478	53.33816689411994	43.50132713753214
0.21299999999999997	17.561895691464713	74.4671725271273	50.570426402335436
0.21499999999999997	4.085784682583693	60.248556065843964	42.49559271457583
0.21699999999999997	102.21968050228014	68.61194193459971	48.440558565629296
0.21899999999999997	-14.252201407272125	65.46888039280917	44.21062664306557
0.22099999999999997	61.289950609166866	55.478075208490296	44.35646163140801
0.22299999999999998	46.55185310187271	57.77640057831436	47.364296883858096
0.22499999999999998	52.54511376762139	61.54840499021453	41.27458558042052
0.22699999999999998	132.49915235502561	53.49755570546498	50.40703718956072
0.22899999999999998	62.04471633641795	59.67611693750066	43.80389462991683
0.23099999999999998	-37.9209034435668	57.86259684217059	45.453751476211494
0.23299999999999998	54.10860299859266	62.90614505182492	46.51841830657329
0.235	-4.106978398255023	55.81071139210565	41.95887223216186
0.237	111.10375538248007	71.79783311842955	50.77856383358524
0.239	-30.239412440402624	58.213687535179034	43.39804856236669
0.241	8.130440963816099	59.60137759248986	44.99264200478232
0.243	-27.976376502758526	73.718347559419	46.55704701462652
0.245	75.93579247999749	55.968534490965595	42.444853547231
0.247	-18.463634076093527	65.54444713415894	49.894750445144105
0.249	92.92182730047394	59.397725533368515	42.93918364108132
0.251	-33.49629771343121	52.754510003908955	45.29668767222527
0.253	-8.957438602519296	56.68984200299539	44.34261491884449
0.255	-56.83856750615668	61.175895758921946	44.76281145378325
0.257	53.527920011786634	57.75138591401394	48.40943709677128
0.259	-54.836743427877366	53.337929030040094	41.52603881201711
0.261	147.82660587853158	61.35754226607322	49.87006837633281
0.263	42.98709034933346	59.29281482239942	43.506537822598446
0.265	-31.745405329353105	55.257168690180364	44.772372570854095
0.267	64.33104973413428	61.07357463681284	46.798088562066674
0.269	81.98247242519052	51.877904123804726	41.62317360075913
0.271	-29.965200347481513	52.8856536943078	50.30588802358789
0.273	39.71216983433834	55.81933721232461	43.39896271804405
0.275	-25.18098033277294	62.423822119836814	43.00655039019387
0.277	133.17032685034036	57.34359641136569	47.23090157420551
0.279	0.8729602474222276	50.39008709305186	42.29126047735659
0.281	-59.498048275208326	62.86988590206337	49.14920649069007
0.28300000000000003	-2.3489125287046164	58.472817907805236	43.83170361714145
0.28500000000000003	77.98319120388975	58.87658871959727	45.65797921191706
0.28700000000000003	32.43745949865762	56.97057397571225	45.03004769813756
0.28900000000000003	-27.252475564898404	57.11621829434182	43.848123639145605
0.29100000000000004	27.929412568461487	67.52338483118457	49.470563842417
0.29300000000000004	-61.71861866266504	57.14542101245971	41.74682958606788
0.29500000000000004	153.69116866592591	62.240508988614536	49.6814009235749
0.29700000000000004	13.38820052843026	56.994744192067955	43.84052735632209
0.29900000000000004	-25.893587327296963	61.59346545753374	45.03126200174611
0.30100000000000005	123.79070486256971	67.25430473668841	48.4040017802953
0.30300000000000005	60.4292096806347	53.29150164241046	41.76031531016702
0.30500000000000005	93.5275621809506	78.01944007661797	50.68233362167055
0.30700000000000005	58.591486942649595	61.3197120747663	43.79535726409246
0.30900000000000005	99.35453409037898	59.7378303911259	44.791856561271835
0.31100000000000005	11.492845709337729	63.34660557267759	48.154657606188195
0.31300000000000006	50.15407166175656	56.82411054365894	41.99964381386317
0.31500000000000006	-69.12148257387507	69.98983687606105	52.20771391894848
0.31700000000000006	15.033382840146103	59.885504809594366	44.133454207844714
0.31900000000000006	29.785436048035407	60.1414225297521	44.75026282029408
0.32100000000000006	-16.355940425483162	60.03106728726289	45.91500290718721
0.32300000000000006	11.071326026845796	61.11017810956703	44.16338424027489
0.32500000000000007	21.64408301652543	63.16240781652893	50.46459051168323
0.32700000000000007	2.973983468379515	59.45582588205394	42.65019958741669
0.32900000000000007	35.40597026607806	57.58223859281611	47.22834653636128
0.33100000000000007	-3.9752581050267466	56.11978436635881	43.86819648450577
0.333	53.42325406854087	54.43928991404766	44.45925123914597
0.33499999999999996	147.77824323930489	63.165213365581	49.48153721674843
0.33699999999999997	35.645331367017974	50.8921594559694	40.50327867766828
0.33899999999999997	-47.340307256060754	70.95015649385333	51.082981162055766
0.34099999999999997	3.5628412744515003	65.07040224674266	44.54724308578188
0.34299999999999997	51.84063484331425	59.40413097563372	43.40954682741693
0.345	22.933030908722785	63.41269278548769	48.623323519305174
0.347	61.50471812182978	58.819932595605394	41.74633844658662
0.349	94.73117166947098	63.49237567742429	49.91948231055426
0.351	-69.57723100842195	60.31284405899654	44.31191748003809
0.353	101.44971917847023	61.64704729770364	43.995150920826795
0.355	-66.47766823764113	64.03328791845156	46.062462827911276
0.357	-13.707031329968089	61.84080393619045	43.41605911827882
0.359	-62.23972950869516	60.796969326110506	50.5029542076682
0.361	16.487247306296027	59.035956590516086	43.10065930346608
0.363	-16.76695936980721	60.59577944269224	46.48098803280787
0.365	54.78896491006857	70.55257694474807	45.41420732623517
0.367	8.388896388655809	54.66463796415104	43.020210388475384
0.369	-108.59937069040981	76.56698286725918	52.97403268753956
0.371	-69.91887187024481	55.3968819558329	40.88495231655562
0.373	-51.59661186127096	68.88458092889603	48.89346545812951
0.375	28.169594101790096	64.71578237566142	46.3151698426419
0.377	-30.716659931484536	58.637865525585184	44.11744804968229
0.379	-11.088489883515074	60.719711940413845	47.646102231508756
0.381	33.41851953519992	58.65968487851362	42.79235514922739
0.383	54.377083660295256	65.05944737054178	50.12210819326182
0.385	-61.29072287130999	59.42796013555157	46.435110537375536
0.387	88.119220770011	57.858512767343385	43.80271038076702
0.389	-12.120650912605946	60.570769764839305	46.615377300192776
0.391	-59.049712164860324	54.683547702372536	43.146190819164005
0.393	70.03560878549031	65.8061908513973	49.85776608603908
0.395	67.31793719882972	49.599686413640256	44.001835054849636
0.397	-65.64669924069565	52.52546708042279	45.47287035752587
0.399	-113.89120282068177	62.17935404749929	46.40001630659827
0.401	-62.99968024614522	56.018653283929844	42.27355099967979
0.403	-10.171867153907499	73.15387043597515	51.89992523023364
0.405	80.37779642688925	50.73293309330707	42.11827058288255
0.40700000000000003	-28.577650115546582	60.98137872613844	47.394303457118504
0.40900000000000003	85.43378825276449	64.53178183673053	47.18255955132719
0.41100000000000003	-44.85150646138525	52.44997647104645	43.69427602214553
0.41300000000000003	24.926159134075476	64.13328351733838	49.764493452465516
0.41500000000000004	-9.499081642272422	54.526098431591564	43.36341928154492
0.41700000000000004	52.44040431562347	73.97321315824567	48.4786968169958
0.41900000000000004	86.79241298370499	60.178207366149735	45.206556956704475
0.42100000000000004	101.6219180003386	59.056909349635816	44.14646031704272
0.42300000000000004	-91.3419845349761	57.86109061594439	47.749245870845876
0.42500000000000004	101.80495901823683	56.85540897542309	41.99398800138759
0.42700000000000005	165.04649325566055	61.906472441562	50.62416462763231
0.42900000000000005	-27.718039222301982	54.692300626302966	42.97367451838652
0.43100000000000005	23.898215706807946	56.54177460717533	46.53924204122984
0.43300000000000005	114.85714431169747	63.35072971416636	46.53738586164341
0.43500000000000005	-59.013115367378965	58.72641672646764	43.76060504090215
0.43700000000000006	4.733582601001984	72.29780654263551	53.03505467803824
0.43900000000000006	65.89310044580188	58.55507259680871	44.175274283588365
0.44100000000000006	28.65267533835869	52.814150958609076	45.273508385287954
0.44300000000000006	74.33618912378037	66.14276589566889	47.19642879475456
0.44500000000000006	28.179409659045973	60.33076435552173	43.89932518522972
0.44700000000000006	-78.5934101489305	66.2500024537087	50.58482481479658
0.44900000000000007	109.68212586237591	54.94855064831426	43.408812668333574
0.45100000000000007	42.051369259166194	59.64786888999183	46.829675192543505
0.45300000000000007	22.54152518021968	59.98711562605639	46.24381744699707
0.45500000000000007	74.98144319506572	58.921757735055664	43.39842789160197
0.4570000000000001	78.26776385910783	66.41606754223433	48.83998162600686
0.459	-5.230931304889275	53.435136459006536	41.319680220914236
0.46099999999999997	93.5302442095498	77.38673387042519	50.76135602145103
0.46299999999999997	37.06378946599642	56.57125871168201	43.230441730809765
0.46499999999999997	107.76348920238377	49.16185587456924	44.52311762445097
0.46699999999999997	41.1331232350598	62.54292068516172	47.758509733361855
0.469	-5.710931152314025	56.34854330326475	41.38284257957562
0.471	-34.72404334514678	59.0264718345726	51.21861796759222
0.473	3.0638501322677314	62.13260129375939	43.83571396704613
0.475	3.2777351279822398	55.135005007470916	45.265792410394916
0.477	4.0868400994487075	64.13441760147485	47.761059483074966
0.479	-30.358365939453513	57.983884094829165	42.90842020801415
0.481	-1.7284739110001723	71.89879736858768	50.95356320130421
0.483	54.29794598166282	60.34586190630177	43.12672761331757
0.485	-12.709401106425489	60.74448907496829	45.548093380582046
0.487	53.850410969502605	59.373070221552666	45.64438141517202
0.489	56.054726800924826	52.51754326915143	43.69440261793029
0.491	69.81942896877591	65.30741329199054	49.46834728865667
0.493	49.37047571740294	57.30511297127186	42.13922911181777
0.495	93.46353179728872	59.960326097743184	47.78609698566698
0.497	-57.09069609050044	67.14763817446085	44.70151768605085
0.499	7.742288623990845	60.91719473146417	45.881562474518795