-0.499	-13.551892551921796	22.019622023986017	8.368001234967277
-0.497	1.557038531663224	21.391866218478675	7.908696865595889
-0.495	-17.838367591616056	22.906382782782547	7.999390689939084
-0.493	-0.16400149582818102	21.983787318993716	7.570731078405589
-0.491	-12.169060183087055	24.3921083552686	8.03499210314911
-0.489	-14.094683000731578	24.381542399878633	8.121514361626502
-0.487	30.82504504892114	20.093813533649143	7.764216737295587
-0.485	-17.69464505363416	22.455846783790836	8.312237339100703
-0.483	18.990825026765634	21.017267198100257	7.778987831010237
-0.481	17.80592035771633	23.30982990074041	7.94568641782621
-0.479	7.158979310473157	21.238632951795083	7.631026722536448
-0.477	14.903658332343639	20.224809359074722	7.715666632945116
-0.475	-12.157712676152954	21.68167082027477	7.820780239226484
-0.473	8.88690397737868	22.61268781366621	7.82409293083962
-0.471	-3.9897242204434136	21.59249223595529	7.432837982788998
-0.469	12.294539900370438	23.47216631935465	8.058798451794889
-0.46699999999999997	4.575059937117487	22.63529664868227	7.576924234899954
-0.46499999999999997	-3.95065744462908	23.069130815979946	7.9181781000592935
-0.46299999999999997	23.88494248939388	21.185821924656015	7.732018368211742
-0.461	3.6532013036882915	24.321056181035605	7.841854181852801
-0.459	3.367331057324563	22.433179922575494	7.714366651464574
-0.457	-4.513864843569415	21.4713420254043	7.657886533828173
-0.455	-13.10973693491313	22.87457919260867	7.757524549974919
-0.453	24.625456788829325	19.689281913464395	7.583836844627828
-0.451	-28.32868305835401	23.088886192434256	7.639603568584556
-0.449	15.199954808586824	21.742013991408182	7.890473579293529
-0.447	-7.305454271078204	23.37141973226322	7.8688077345990415
-0.445	-12.58830841510683	22.17193560678618	7.764118607061959
-0.443	2.5807300358948737	20.845618011128938	7.757612923456526
-0.441	-2.003097158698175	21.67869003575151	8.03735208770322
-0.439	10.03378393793497	20.519144283879196	7.619654289344479
-0.437	-22.69112352337732	23.5391786706311	8.041262392833618
-0.435	-9.10689441879775	22.064980051981635	7.6460015826279895
-0.433	16.013251548541163	22.930638042000766	8.090721740234912
-0.431	-27.572459083802237	20.714790540789686	7.7520267362863144
-0.429	24.624526953509474	20.688213463156114	7.694698797066828
-0.427	-14.541145999191762	22.16348243132758	7.869993329304965
-0.425	-0.8295061458829522	21.657071441823298	7.611287489460393
-0.423	16.73496375076411	23.57810389017233	7.904904830630741
-0.421	8.78629298584066	21.519710468649013	7.768941654365298
-0.419	24.779391932350237	18.71160381409455	7.858941833917544
-0.417	-29.166333462060656	25.396826259004712	8.179082784276764
-0.415	13.53455384722757	22.225605803065335	7.740942014202563
-0.41300000000000003	-6.331096769729427	20.125619915559707	7.647336392886341
-0.41100000000000003	-4.984200319246845	21.161985668028965	7.678594071593232
-0.40900000000000003	13.355318976948638	20.339657267933863	8.033741686667922
-0.40700000000000003	-17.931352204070272	21.839583543539685	7.711186923790758
-0.405	-8.316342103076302	20.45843984315413	7.900117256622756
-0.403	-20.376278679790083	22.766270221955494	7.812203054936988
-0.401	1.606556736755138	21.860308226873805	7.660909144802008
-0.399	-15.109423625370155	20.155666410422544	8.010159619877903
-0.397	-14.075713781647181	20.022773836505245	7.894493070334964
-0.395	8.371822220354375	17.843269710651214	7.643607705415882
-0.393	-38.19354273393305	21.220282564274907	7.466254047729784
-0.391	20.771726383150835	21.881512004175395	7.9230479319556375
-0.389	-8.146892617966195	20.371434610720478	7.739307944426901
-0.387	-14.766577592695285	22.416102451713495	7.901505898681489
-0.385	6.877226012447224	19.541833928579983	7.544565513700148
-0.383	-12.092557041487595	20.187506994558564	7.835459683573994
-0.381	11.887530791732104	23.79738000485032	7.86313730617349
-0.379	-19.636505755205036	18.485567354204345	7.541885166477541
-0.377	9.811772510026628	21.06208561273377	7.75178738940364
-0.375	13.623114739402808	21.168737963092774	7.775624324561496
-0.373	-13.371589996258315	21.292421782341723	7.795663193666942
-0.371	-0.2818128160830824	20.379961843083002	7.603503494366034
-0.369	-12.010458817601766	20.879507614171366	7.5266242074374725
-0.367	26.18860441239157	19.488508408798502	7.479472524845524
-0.365	5.309027550914891	21.460729613841877	7.724515154726708
-0.363	-10.255858344909718	21.7117100808879	7.962721722409167
-0.361	16.481820725111618	19.935686912721597	7.329174681564879
-0.359	-15.549752563126518	22.036352340372456	7.928828207381866
-0.357	31.26422687582675	20.871368568306696	7.888913364814845
-0.355	4.635603742642047	19.845596369155118	7.583749780485148
-0.353	-11.140432096934383	20.177185965841264	8.028634571765448
-0.351	-5.276425525280182	19.102232043524424	7.661749196966845
-0.349	-6.779962391623151	21.664416183874252	7.6565262145677515
-0.347	3.7878585581463398	21.646225698945823	7.932948541600139
-0.345	9.838082561941519	24.423948123722948	7.968037705524137
-0.34299999999999997	6.945645690592528	18.995080597794903	7.47044104139134
-0.34099999999999997	6.870237476253038	22.571595363088043	7.881197547929776
-0.33899999999999997	-11.93449811420777	22.18136462771559	7.936244553610769
-0.33699999999999997	14.10599233420129	21.371626783578503	7.751543039308555
-0.33499999999999996	-3.676714602662834	20.780690097732805	7.77483611717896
-0.33299999999999996	15.242083579725119	20.745804459792883	7.823953551247929
-0.33099999999999996	6.68169905915228	21.058667245261322	7.673799740747207
-0.32899999999999996	8.111607092464723	20.02796546820186	7.603096160578074
-0.32699999999999996	12.211227535585678	18.590279231366022	7.506190350725608
-0.32499999999999996	-15.937890477157879	20.185246264614303	8.03128187465274
-0.323	26.10175293948913	22.227332425090847	7.793074139061855
-0.321	-8.707721852796446	21.401368549757574	8.00659801580974
-0.319	12.32258862748914	20.889797699750538	7.592283132337154
-0.317	21.11188313391743	19.974869159864184	7.989521107555677
-0.315	-11.856037151813936	21.365062964683066	8.085494561816864
-0.313	7.62882719396174	20.544822032969954	7.201812212828745
-0.311	-2.546547297810342	20.682229647654438	7.828580797486782
-0.309	15.779573822483073	21.278843037582	7.67196742961001
-0.307	22.62647073170143	21.791157282830866	7.918275436810632
-0.305	-4.3434330642133645	21.139130336959624	8.049617909595957
-0.303	20.263422678912235	20.091848960287802	7.430689137419681
-0.301	-2.1550888699151116	22.20174624443228	7.969054655842407
-0.299	20.70922032015865	22.543227955998727	7.801129163290168
-0.297	7.795992559067599	22.67999835990359	8.155216223688173
-0.295	-9.300033131265373	20.510391444322444	7.6857933001293395
-0.293	-8.497837684529053	22.091778256911518	7.800050091845537
-0.29100000000000004	-22.06759245504397	20.76905983380153	7.509224604296692
-0.28900000000000003	7.219494126964321	23.77327427949827	7.75488016076802
-0.28700000000000003	29.248085806177215	20.01694737094736	7.781470790796186
-0.28500000000000003	3.482383013508894	20.958396358984867	7.941043654715309
-0.28300000000000003	13.58306060872394	21.343850946631896	7.973223502461609
-0.281	-0.9798488531664873	21.884553091298898	7.635072218095661
-0.279	34.08709567098711	20.628003518154344	7.683530066010188
-0.277	-3.4057372624296534	19.42756396912848	7.665897474969106
-0.275	-21.605790503365085	20.460035367759772	7.746139391064138
-0.273	22.719307842811176	23.822592341584976	7.870891749382385
-0.271	4.71164979343186	21.34253806739929	7.742470691334051
-0.269	15.318843672229576	22.471834349971925	7.965853227029627
-0.267	-19.26648787697882	22.619689389979435	7.883342940259683
-0.265	-2.6226294513875814	20.95001150664855	7.546100174371412
-0.263	4.112913888132397	22.130250310111286	7.6109005007084045
-0.261	-18.709163698504838	21.13359152667518	7.702952258784498
-0.259	26.850229880581722	22.116468835332764	7.702740513342952
-0.257	-3.6332240122005643	19.827867767641344	7.535916534060204
-0.255	11.302265119139676	23.474860098196952	8.00693796975897
-0.253	-5.513152354863493	21.79089749128855	7.740523234966395
-0.251	-2.6505057740822124	23.2533136122203	8.028033185355573
-0.249	8.53817420454206	24.010823513855286	7.867099349940371
-0.247	7.515143334968499	22.056040650731955	8.256673802096184
-0.245	-7.360031232472863	23.393337168231742	7.722365087436279
-0.243	-2.1291451600680134	20.396770224052947	7.81722680476616
-0.241	-22.332755629239642	21.791700456930197	7.612996480288913
-0.239	11.39449157538941	22.727259929294437	7.968427337051947
-0.237	-28.89408380690739	19.00417860159127	7.6920147814971545
-0.235	16.866635350165637	22.24110548061022	7.581003087978775
-0.23299999999999998	-13.351327684096859	19.76703727705671	7.676637325353522
-0.23099999999999998	-5.004196207636369	23.062536083359216	7.849906176773439
-0.22899999999999998	29.71810234275729	21.687011932634906	7.781964775249763
-0.22699999999999998	-31.963904847720492	20.828876888172022	7.63153488627733
-0.22499999999999998	4.083051447834052	22.791764977747103	7.716304563001943
-0.22299999999999998	-26.73378617634725	20.06391150058178	7.968630204028206
-0.22099999999999997	-23.388673987101427	23.097168462630428	7.593069513945234
-0.21899999999999997	-12.655321646626305	20.943635841846348	8.07898662186397
-0.21699999999999997	-12.029252953515979	20.65895151576201	7.650230874594766
-0.21499999999999997	35.565736014264715	21.483660825646268	7.9137527689496405
-0.21299999999999997	-18.177656741502624	18.751646334866372	7.712097475228911
-0.211	15.8343205554079	23.17097891865789	7.959290372701368
-0.20900000000000002	-11.828650190559564	20.937065720370242	7.917468353791162
-0.20700000000000002	-28.08153054756346	23.86946951617487	7.943821393519868
-0.20500000000000002	4.4689931957275775	21.19796649132268	7.707418955962016
-0.203	-5.524012835600445	20.718883394900203	8.017084618545343
-0.201	5.7814210809858935	22.066899858797992	7.736665966993179
-0.199	-8.070266841797569	21.250328121850014	7.860663886401288
-0.197	-13.38533836736655	24.281451296400597	7.79691304701596
-0.195	21.629081905283343	21.5397897916389	7.8200515428329425
-0.193	-13.509610857331822	22.388181964941914	7.655603072572091
-0.191	22.62653011619875	21.40255924456977	7.744859944358497
-0.189	-3.404627188396958	21.0228452466262	7.897744165193525
-0.187	4.81526995255166	23.52812642436228	7.973609624126453
-0.185	-3.3995797152908125	21.065964254378603	7.677536051171835
-0.183	-51.550596859684106	21.443212301985863	7.693124255894271
-0.181	13.61034596580879	22.619282204412603	7.663740873182111
-0.179	-26.552187328166	21.495437608958497	7.8412742337453345
-0.177	0.5057420862097928	23.613611779117104	7.612252659556876
-0.175	-10.595420126380262	22.060510460747484	7.954270707128299
-0.173	-26.280774018005992	23.08856585614654	7.787762438583871
-0.17099999999999999	15.073632331441544	21.49183902716435	7.83623644905081
-0.16899999999999998	-24.570966451142873	20.725132400157108	7.6320362590852415
-0.16699999999999998	1.9557136883285864	23.06335971266668	7.572693837989978
-0.16499999999999998	-4.7630114035079885	21.056771506764246	7.641215918233402
-0.16299999999999998	5.904731148476117	21.269979424979386	7.726195256724177
-0.16099999999999998	-8.712020984069646	19.69641624030269	7.897811909239441
-0.15899999999999997	-18.319259859178594	21.528401097241762	7.406117093284981
-0.15699999999999997	12.322733622172066	25.308573699972634	8.261622908432885
-0.15499999999999997	-13.734356022920835	24.268093054144224	8.168500431708534
-0.15299999999999997	-2.9561338207306775	21.730868210712455	7.544150780959411
-0.15099999999999997	7.7330406809128505	21.369824185947067	7.727512080668405
-0.149	-27.372876051146022	22.249831799959022	7.54967802090435
-0.14700000000000002	28.428953278591962	21.48480789522332	7.630390980448246
-0.14500000000000002	-8.589176146656108	21.669818815523637	7.739782615421618
-0.14300000000000002	26.863723537884354	24.789585199460756	7.846350374030086
-0.14100000000000001	-3.411038253076093	21.933282167146682	7.880120003852874
-0.139	-15.01461337449772	24.791077338195475	7.650482538070163
-0.137	8.76191504373125	21.6170919084928	7.856521436113461
-0.135	-14.392165579524274	21.54651145970149	7.41622001146685
-0.133	25.490794825833163	23.23368240337185	8.023049877218003
-0.131	21.465438491130584	21.397959313418564	7.816475680580326
-0.129	9.076409444030986	24.41650440306783	7.6999161565479834
-0.127	27.453790120812727	22.474969059471935	7.76536438387163
-0.125	-6.922074925697075	21.813657896364255	7.444378967261767
-0.123	25.526649358065256	22.786501957670694	8.074325028925628
-0.121	26.955224206481887	21.45426235983187	7.395799676468172
-0.119	-26.079417209556865	23.345718620325744	7.909572796764108
-0.11699999999999999	24.423372817938827	20.45585463680935	7.904030683594316
-0.11499999999999999	-3.7526466719617346	23.42928339162513	7.496000062387268
-0.11299999999999999	24.810416213050246	22.04210006012956	7.856474661828308
-0.11099999999999999	2.9116798188066895	20.248926837346502	7.5375926342601165
-0.10899999999999999	6.603926390846837	22.55886718915893	7.65320670765223
-0.10699999999999998	27.484949757905497	22.454169941762387	7.943949869332769
-0.10499999999999998	8.121126116478194	22.62294260600203	7.68321800142146
-0.10299999999999998	17.925355666026377	21.78863695176896	7.884421701556891
-0.10099999999999998	-23.454614760054504	21.362046410540607	7.551800326273697
-0.09899999999999998	15.09531840371281	22.974762812765995	7.685763310343221
-0.09699999999999998	8.13450050296538	22.620268380384836	7.659124626114752
-0.09499999999999997	-18.355914764400794	21.444861299378868	7.5402575829763405
-0.09299999999999997	11.647623145316643	21.624821568133367	7.542826285029724
-0.09099999999999997	12.145344554070903	22.410013207246354	7.529325018067668
-0.08899999999999997	38.08870532662212	22.32626882767974	7.412612364575483
-0.08699999999999997	17.74620867656118	19.43917045956121	7.516395973003674
-0.08499999999999996	26.543991426875024	23.06482101851708	7.746445448961776
-0.08299999999999999	3.300937140515714	21.819737674750865	7.47477933650513
-0.08100000000000002	-5.037458396972561	19.86257371586522	7.522075641406174
-0.07900000000000001	35.84246344101594	23.84199460667871	7.831717405316369
-0.07700000000000001	7.270210306442593	21.269276638945332	7.518384722231509
-0.07500000000000001	7.636815256839569	23.30349424899171	7.656636895735916
-0.07300000000000001	39.332821837101406	22.146375003737425	7.912672444546616
-0.07100000000000001	10.866474620785382	22.373574764779693	7.487592171062028
-0.069	31.35240534080097	22.052500138083907	7.66973901849834
-0.067	-4.156294034163288	22.99348815726253	7.760031931368066
-0.065	-0.23007493332727336	23.608614560026766	7.920974920946838
-0.063	20.919098906224676	22.08773004624728	7.699603804772623
-0.061	12.034620771039783	21.323749500273934	7.562274832049077
-0.059	26.437853390071098	21.468819461636215	7.92881185761201
-0.056999999999999995	13.867381744248064	23.41869630464048	7.492727484590651
-0.05499999999999999	23.27638782073649	23.255287639641757	7.915486672844929
-0.05299999999999999	18.450203552733413	19.311318450767313	7.73262174756827
-0.05099999999999999	11.295151936652204	21.0811400381694	7.815794941925565
-0.04899999999999999	15.74478652055511	22.859188301881886	8.08921306775536
-0.046999999999999986	-1.687610397871353	21.24279204679747	7.3407717400382655
-0.044999999999999984	21.849677249052846	20.724701974454206	7.933981552897916
-0.04299999999999998	12.548207399820654	21.19274764628186	7.694202053256831
-0.04099999999999998	17.74310745172869	26.28736567814727	8.138452105552293
-0.03899999999999998	22.420323364968908	21.23240888110827	7.912204937482083
-0.03699999999999998	-13.656908240400334	23.128098164772734	7.899120862921466
-0.034999999999999976	33.02343089051085	20.66257477407253	7.971129192650581
-0.032999999999999974	1.0696428309753259	20.077925111073466	7.721638908962007
-0.030999999999999972	5.78908137649492	26.192122078494616	8.170344644649607
-0.02899999999999997	13.36738649304614	22.831977811203185	8.015773682508836
-0.02699999999999997	11.30980510488655	25.15450847712983	7.87643836795632
-0.024999999999999967	33.30681464230878	21.732213298334038	7.843621496631183
-0.022999999999999965	-36.57506586607351	22.69480191268332	7.8697322128373255
-0.02099999999999999	36.97950852910026	21.658186770770932	8.044889588054515
-0.019000000000000017	-4.156794684240239	18.358830038219402	7.859607455068272
-0.017000000000000015	25.203611469182263	23.08151297554521	8.100603094890861
-0.015000000000000013	26.844966324768293	23.138382540085832	8.006684658247114
-0.013000000000000012	-5.07665093962828	22.754564672216645	7.881057424164383
-0.01100000000000001	42.42070035420653	22.382959193535697	7.84430412627593
-0.009000000000000008	-10.682957836016804	22.181329867802795	7.979964777708967
-0.007000000000000006	-0.7398242953815526	25.468742479829675	7.952393938452479
-0.0050000000000000044	-52.42628128554472	22.133459165820884	8.05516970179973
-0.0030000000000000027	-145.85583710635674	21.731448827066817	7.796649777557035
-0.0010000000000000009	-136.27032449203824	23.225573809736158	7.849082591651487
0.0010000000000000009	-161.54129346945822	22.16473812183488	7.540715397290864
0.0030000000000000027	-136.43398906426629	22.86119577508341	7.823725974656203
0.0050000000000000044	-81.40147866841917	19.80508138839683	7.728315167815523
0.007000000000000006	0.30210461776647435	23.270622243529456	7.634014058934774
0.009000000000000008	35.99016269073552	22.26915641705385	7.672033701928581
0.01100000000000001	15.819753839352302	22.093752069908955	7.390838995064382
0.013000000000000012	45.05165610169115	26.314899468769255	7.996788921063227
0.015000000000000013	8.587672736926066	21.4586352178943	7.577651655462841
0.017000000000000015	5.361934847902816	20.702646922094555	7.603164954881697
0.019000000000000017	34.992425513635794	23.300029086721924	7.877224381137049
0.02100000000000002	17.847169347717795	22.488636989191292	7.4454738243445036
0.02300000000000002	29.5319848215847	20.791146461108763	7.882348773044689
0.025000000000000022	26.09423202248884	23.472809289537718	7.8214709872609856
0.027000000000000024	20.555143020795086	23.652563637273673	7.610108214737983
0.029000000000000026	19.473610043174716	21.052520907769683	8.034522979331854
0.031000000000000028	1.4143316999781774	21.52493763614462	7.483403903062828
0.03300000000000003	24.140411789330685	22.216224010224924	7.76156965568389
0.03500000000000003	-6.328572976332936	24.06075613356646	7.6425044346228805
0.03700000000000003	17.553184463281468	24.038028094627304	7.925781815338666
0.039000000000000035	-4.159058878960842	19.64277229542588	7.74968751205052
0.041000000000000036	-38.5456986546906	23.608321038004394	7.954258140978764
0.04300000000000004	34.26659470950888	21.911589900071675	7.587823778268791
0.04500000000000004	-5.425675022707743	22.846138574166016	7.715048836237868
0.04700000000000004	25.146625197480788	23.088274778623816	7.711408408374127
0.049000000000000044	12.83056295209306	20.94703705996156	7.980703935445944
0.051000000000000045	-0.15322129875983137	22.733349590222787	8.034445097949952
0.05300000000000005	55.402321518904785	20.963570129820848	7.459050906969191
0.05500000000000005	-16.164147997654865	23.179069210898007	7.780349380254547
0.05700000000000005	9.427163024877672	21.84774902657862	7.786165874369373
0.05900000000000005	22.406614326619945	23.910791442833478	7.5620962381529955
0.061000000000000054	2.969534853125566	22.176494852185172	7.797844707845972
0.06300000000000006	41.507759503289776	23.81524019219682	7.853363162382219
0.06500000000000006	-21.53311093355814	24.464239755349983	7.742320552880789
0.06700000000000006	27.821568691965837	20.519621322555817	7.611458919081032
0.06900000000000006	-13.966096465867217	22.705449343116133	7.910752725619334
0.07100000000000006	16.133099003834417	21.628224995312426	7.89065235224586
0.07300000000000006	1.4087845101595775	20.443269789803747	7.641453178458156
0.07500000000000007	11.064754355638584	26.421902909394934	7.761235697333324
0.07700000000000001	56.0396051016987	22.237926341775836	7.71292983078119
0.07899999999999996	-28.15245308696035	22.7186147911147	7.823664712059564
0.08099999999999996	20.459523597526896	21.09173172493995	7.488838658006199
0.08299999999999996	-6.342678945947533	24.059583272586938	7.968814916375273
0.08499999999999996	-6.370012169298889	25.495848295284812	7.940393617946441
0.08699999999999997	22.919527318476796	23.026831982728236	7.479065585910884
0.08899999999999997	-40.96534408570829	24.025851324429112	8.010820207088788
0.09099999999999997	18.052932296397373	22.432957417413192	7.794191171506002
0.09299999999999997	4.825822256249168	21.629795125018763	7.967145043907307
0.09499999999999997	3.711084374469209	23.84887192530971	7.771525206947197
0.09699999999999998	6.247147553262167	23.2252984879954	7.609701433513252
0.09899999999999998	-29.923340844617563	24.360822747710234	7.893906484462802
0.10099999999999998	6.151174577029295	23.198533389611622	7.742026371845547
0.10299999999999998	-18.218157573079985	21.105451173549685	7.638590222149752
0.10499999999999998	3.2724719920551593	24.41329778424117	8.11294646420304
0.10699999999999998	-5.608908018150949	22.135004566397836	7.36696830416751
0.10899999999999999	-7.428947227605676	24.02158415596688	8.163131993290564
0.11099999999999999	36.166847178664696	23.30317806266048	7.555317680517078
0.11299999999999999	-31.804174043914557	22.037749303080506	7.763243826543181
0.11499999999999999	24.503744311399345	23.59912169797718	7.671894634292773
0.11699999999999999	-4.96839001606908	20.22378770749358	7.708287393704778
0.119	-1.4588826566797053	23.200681506259805	7.820339931056663
0.121	6.795286421557023	22.63284403190133	7.746466005112095
0.123	-13.096814316382321	22.708562827459097	7.784651451506384
0.125	15.6271879756531	22.270184166095333	7.472770721691046
0.127	-9.073433923645347	22.177448910301187	8.169626400095696
0.129	-19.48371603166521	23.10329605863644	7.9439397650999775
0.131	-11.374636890826295	21.79086984801159	7.661011693400707
0.133	-11.825564848799708	21.858424594131034	7.970333696271688
0.135	7.132818799604479	23.01478621382327	7.725884773295007
0.137	-21.432440413526876	24.24719786010667	7.901224482383696
0.139	12.002038567215934	21.779647602955333	7.804191382488306
0.14100000000000001	-45.66643258951952	22.25071090312313	7.61485699603573
0.14300000000000002	-31.154772880515047	22.221993483565697	8.160794371118596
0.14500000000000002	-0.29891274655469147	20.935354473646917	7.67310861163777
0.14700000000000002	-46.224872276900975	21.719997405601532	7.749693172227559
0.14900000000000002	-20.58043424868483	22.177239365557078	7.68352974923199
0.15100000000000002	-36.62204173560113	21.820575613550943	7.628067689664024
0.15300000000000002	-28.376180360556447	22.489339166025967	8.011774287574662
0.15500000000000003	0.3350960045001017	22.779800003287626	7.956305238463819
0.15700000000000003	-54.64184952008733	21.69493750369192	7.599492028615547
0.15900000000000003	44.004873909875286	23.28161517733366	7.925768369845236
0.16100000000000003	-38.26830962438965	20.982192786543834	7.57025634564681
0.16300000000000003	23.812115068633233	24.164751597595497	7.8833859263865245
0.16500000000000004	-19.981525081536056	20.261857330447704	7.459009952855855
0.16700000000000004	-14.620271924448147	20.261038056222493	7.811738039160215
0.16900000000000004	16.792481168703688	22.08191157109985	7.7406078251800166
0.17100000000000004	-40.37534525047626	23.088412438005154	7.695109602792825
0.17300000000000004	3.4773068293691978	22.68472215081811	7.793984848312513
0.17500000000000004	-36.583347716723225	22.88397237723813	7.938835927265739
0.17700000000000005	-13.995152395529509	22.321033037253102	7.703463551711611
0.17900000000000005	-1.277895239182314	23.261854558227064	8.021120839616014
0.18100000000000005	-53.496355239768256	21.647679147576028	7.704072092524048
0.18300000000000005	12.766226109350853	21.67324463816866	7.533666296684023
0.18500000000000005	-45.24461575539096	23.24841250170831	7.946932778918238
0.18700000000000006	-7.607311027446606	26.04328481660421	7.616244416606543
0.18900000000000006	-36.73199725418019	22.985521228806196	7.593004918650869
0.19100000000000006	-34.73060047731735	21.98333724018316	7.8818046627557905
0.19300000000000006	8.051892126381688	21.479176309307533	7.580471952370631
0.19500000000000006	-31.36167505635168	24.0320672406354	7.785934015892755
0.19700000000000006	4.906875423982271	22.202565360194	7.458875756382932
0.19900000000000007	-22.763831228900244	21.351544750920628	7.7810655880162045
0.20100000000000007	-11.459294682159005	21.417941804815168	7.9632076858360685
0.203	23.919449361198275	20.64696706358229	7.710577543514742
0.20499999999999996	-68.7561964128891	26.657833695839575	7.879492083399199
0.20699999999999996	2.3998772298305937	21.38957968760317	8.002300634830661
0.20899999999999996	-11.135396534300845	22.530583848699102	7.748809021745002
0.21099999999999997	-17.235091650302792	20.901269082451435	7.609150184198687
0.21299999999999997	23.44663681075332	20.5421097047216	7.669355493380268
0.21499999999999997	-48.86882185839436	22.067515373731403	7.344724494834414
0.21699999999999997	31.73161027070215	21.76050929198752	7.7794510182298096
0.21899999999999997	-37.13094196544642	22.323140904261745	7.5629903128903555
0.22099999999999997	-15.349549407517316	22.98469773180799	7.721694391334495
0.22299999999999998	-5.125829442009788	22.290096395540758	7.620885936455899
0.22499999999999998	-3.869674392920075	22.814794770240166	7.652421436670713
0.22699999999999998	19.35179121326236	23.421259533562242	7.832669252026246
0.22899999999999998	-47.265166618348786	21.48348619985439	7.75833697756757
0.23099999999999998	6.39982714512044	23.393382707065463	7.7368292689813565
0.23299999999999998	8.327043535594214	22.521546086814023	7.801205111857285
0.235	-19.294172671213694	21.326560528066448	7.669105928180365
0.237	15.702958196195382	20.128248800884556	7.753369180803497
0.239	-26.690185912947584	23.043821921900918	7.69889668698528
0.241	7.855629069020154	21.444086206218913	7.511493881612199
0.243	-25.249668727078678	20.460643003260653	7.988987050209363
0.245	-9.404397266155051	21.308465244591787	7.6451178840931835
0.247	-20.63919707606665	19.96193479608953	7.695283180059886
0.249	-28.80903925683853	23.925722718236415	7.662602623480818
0.251	-13.84457987607668	21.63287507144077	7.638531733914028
0.253	-42.61129813665221	25.90897856617417	8.010481072046115
0.255	-18.846572107267257	23.245962491979814	7.601713713387851
0.257	-18.45325644078688	21.2112922453163	7.635577882356993
0.259	-29.638673992971043	24.195960702505104	7.849888333694612
0.261	25.126756043380993	20.86671977135377	7.576717138546586
0.263	-32.490147487851395	21.190029354986876	7.406539272462718
0.265	2.3263145947360897	25.06659237509052	7.87084168013884
0.267	-12.257727788900219	22.31201784468364	7.6639903561256455
0.269	-19.16229849363571	23.439185040465915	7.848594046221319
0.271	-26.14217315699552	22.933825810165278	7.90986233769685
0.273	-56.07967947429682	22.97366837524722	7.914036870020042
0.275	-7.217833711381516	21.64242193504888	7.7900100221562125
0.277	-21.366279959189605	21.52305879671242	7.591177948108225
0.279	-9.004895919262346	24.040533069688472	7.718240546523941
0.281	-16.94892893089328	23.275902186201225	8.036554722005652
0.28300000000000003	-30.811220788407034	24.092659057640883	7.678834463527071
0.28500000000000003	5.4642616971189995	22.02731062598282	7.626916277345753
0.28700000000000003	-35.24695771084385	20.258625362102375	7.687531809267658
0.28900000000000003	-9.214591007999928	23.05656019382442	7.549285299407826
0.29100000000000004	2.8634633293389555	23.341672628619527	7.917965012506412
0.29300000000000004	7.6767108998510025	22.949418918445634	7.684597448324823
0.29500000000000004	-6.784549431815279	22.19765414820556	7.682497111701279
0.29700000000000004	-25.147610624776107	23.072634460324718	7.792375932559431
0.29900000000000004	-13.90060548112082	21.8741318423837	7.603428669433395
0.30100000000000005	-36.30471877047459	22.381061788453717	7.758570088424693
0.30300000000000005	-4.775093979003664	19.556431582545166	7.435656821844551
0.30500000000000005	4.7986717406356405	22.930008277149618	7.710351445133553
0.30700000000000005	-21.946827616026177	22.38939594651885	7.96123900076908
0.30900000000000005	4.698989693352473	21.04773057106839	7.672446732119701
0.31100000000000005	21.624423951038807	23.76185335266262	8.14066621723086
0.31300000000000006	-19.584133451822083	22.332477628957687	7.565177464502293
0.31500000000000006	31.287068974039656	23.569666810340802	7.702246072073884
0.31700000000000006	-5.240025368502543	25.365951544989603	8.081520149638397
0.31900000000000006	46.50523405591578	22.14659031056493	7.880597181491014
0.32100000000000006	-32.5607837279307	22.935699327645725	7.7352064718629325
0.32300000000000006	21.848069939212067	22.623580073981294	7.7270676309970385
0.32500000000000007	26.0179398339222	23.576252241421475	7.704445942833822
0.32700000000000007	-7.133560873673339	23.072281466737593	7.743279243030873
0.32900000000000007	8.242334560870646	22.355553602791552	7.703824305428269
0.33100000000000007	-8.700998707977803	23.21567346400869	7.8690262176235235
0.333	24.172752938422803	21.916279574824177	7.761361384734057
0.33499999999999996	7.361741161338031	25.625511448748643	8.166458390998638
0.33699999999999997	15.074826784200468	22.31480360213454	8.097636498099812
0.33899999999999997	8.309106144244183	21.025289998142565	7.713381823104755
0.34099999999999997	-7.193054294751811	24.396737694899926	7.864252027887354
0.34299999999999997	26.777833267654927	22.13601917742099	7.526707422934594
0.345	13.652344093895152	23.810358334758362	7.764767732247424
0.347	22.052548386941595	22.418158760456514	7.752808861357344
0.349	4.501849081739451	26.004425920067828	8.180458892352243
0.351	31.26079411064353	23.792549265620234	7.767830659561665
0.353	-8.667309007281965	21.11836427945316	7.926637612461126
0.355	12.793994545567955	22.009293858572097	7.479741310363287
0.357	8.204503989306389	23.298465357717443	8.059823935997555
0.359	0.6930957552331307	24.7423441034685	7.879008811759061
0.361	-0.7818892991950932	22.558941009662764	8.060330580348282
0.363	19.59253216110568	20.656936199726758	7.51738721077977
0.365	20.40352411669666	23.224838986646024	7.625725259422471
0.367	14.666626922510417	21.352570354058756	7.694752616924466
0.369	6.246504719475965	22.886797602480833	7.614188325059378
0.371	-11.30279727079575	21.191696115155917	7.784236460177814
0.373	30.917766780769185	23.923998789713245	7.667658643630709
0.375	6.7016847900003285	25.9068067340423	7.851045406171935
0.377	8.925237950707654	22.76068823509326	7.719871583013236
0.379	-32.60097167734344	22.876955659892452	7.569740019564277
0.381	7.55301371579975	22.944516858067367	7.954271169528176
0.383	6.891872447178926	27.640836387163013	7.671604333432885
0.385	14.129961828368565	20.830276018621074	7.639103587267301
0.387	14.328252385231721	23.76144724883922	7.694784076156311
0.389	-4.639810990969551	23.09895007548292	7.850820197745327
0.391	-1.3870226808210262	22.98116556784425	7.910054369823108
0.393	6.021405397405033	25.065839281606998	7.934074001693281
0.395	18.34607936279653	23.701226064571713	8.103310917652706
0.397	24.338937342216482	23.107616995921045	7.670037997787885
0.399	-6.220946596302568	26.405627694061177	7.953718675914442
0.401	-5.205940325714309	24.568089623427397	8.054549920502714
0.403	-14.734482816414207	26.891261526865517	7.812978302852739
0.405	-1.0297628590949515	21.908331602332645	7.743220719723393
0.40700000000000003	8.780191848023478	26.842397525136665	8.134453935459838
0.40900000000000003	19.2638129206113	22.110291466557058	7.8535640515255345
0.41100000000000003	21.103995048177282	25.397650232125393	8.118185567018976
0.41300000000000003	-12.437676858989555	24.090064787614125	7.632074595190833
0.41500000000000004	0.5800120737031733	22.370098957981256	7.649046459745978
0.41700000000000004	28.504040779919748	23.980278471515287	7.839642751884457
0.41900000000000004	27.150259805930332	23.640545657605966	8.160772323175989
0.42100000000000004	9.685367805767342	22.239458818149732	7.703281228570788
0.42300000000000004	11.450294842507702	24.478663006442464	7.752102547676725
0.42500000000000004	3.000924639451341	23.652213322837888	8.136160732406935
0.42700000000000005	1.8743648668717583	26.57755244220036	7.646069899590935
0.42900000000000005	-20.571500632171613	21.222780659321685	7.77106870621195
0.43100000000000005	18.854482058294764	22.982090686882643	7.409901257092589
0.43300000000000005	0.8552705617059786	22.458654932453204	7.768145220704083
0.43500000000000005	5.223039389434803	22.83069809755851	7.853677901132308
0.43700000000000006	26.726431473278467	20.820727478084635	7.904735066499067
0.43900000000000006	0.8341697534941517	21.33207357770181	7.652635556162051
0.44100000000000006	-2.9775222523120703	23.573174806202736	7.988064153962378
0.44300000000000006	1.0247788664319302	20.92241492411848	7.858882657066811
0.44500000000000006	-8.192098108761314	23.21345882126272	7.56927546954559
0.44700000000000006	25.07835351228671	22.818966195698398	7.847523679934724
0.44900000000000007	23.459333246655945	23.26997528598787	7.98401085480484
0.45100000000000007	-5.541440011525012	24.32040848242468	7.985983620439736
0.45300000000000007	4.0944908261675295	21.51071268151659	8.075448765480703
0.45500000000000007	11.60602927852139	21.542901575520858	7.975595527114957
0.4570000000000001	20.924870444805066	22.942452424451226	8.015601996726259
0.459	20.823824389504253	20.260713081578526	7.721266151659903
0.46099999999999997	14.859719797533089	24.508361802510098	8.03521847721285
0.46299999999999997	-7.794139480044038	21.365424939707676	7.816318842770538
0.46499999999999997	28.207259821666497	22.476271396127256	8.010436401449144
0.46699999999999997	3.2651706149966486	22.76518421657416	8.265834066446086
0.469	26.84767693983403	21.91020942827047	7.638198575226039
0.471	-9.928077543297498	22.028495478789793	7.852920040449786
0.473	-10.389050401626854	22.134617709188618	8.135389351018814
0.475	39.51024341675158	22.103817041456256	7.803690728818601
0.477	4.450966046398719	23.688079324001915	7.8088013531786675
0.479	14.420012660165682	22.49040862534454	7.763565217203971
0.481	15.924815710111062	23.381397378219617	8.262715699618202
0.483	13.588252817831048	21.15795967622612	7.852924586430933
0.485	-2.0715364723589147	23.03410223343631	7.89504664494592
0.487	-12.198310000099966	24.545421443713092	7.8438413608134825
0.489	14.354914349423709	22.624245938254933	7.960983954819298
0.491	-15.651597799370975	22.6930404040231	7.931273356176718
0.493	24.688418424956282	21.903109104532493	7.6704958304818325
0.495	-11.326106039155626	22.28089023997524	7.942254999839005
0.497	-25.42821485673752	21.447663497177942	7.712681632589724
0.499	15.692178360282583	23.44814613022232	8.082012958270331