-0.499	202.97660849899478	227.49052552915973	32.85458218418049
-0.497	129.210741687924	246.37954223908795	32.00067870207505
-0.495	377.08897737398496	244.45087781080588	33.12580811138716
-0.493	-79.81036414361765	250.12068231789306	31.535127788725337
-0.491	209.78073079991333	195.44554429764128	31.160576595556137
-0.489	201.09073521235032	238.22198798427195	31.332111107844284
-0.487	260.30704911761404	254.43091802875992	32.15289247076795
-0.485	17.44509387080484	211.90925879282153	31.979259493453974
-0.483	194.60018835326665	240.88036673555774	32.038729168350606
-0.481	-40.58582271504463	228.01782781640168	32.00859869690522
-0.479	63.81228523100191	252.27336288717794	32.57109370342577
-0.477	175.2284131328885	259.3018070643134	31.587150821540277
-0.475	92.13437152855164	205.70453287845294	31.753790535907854
-0.473	160.9602885579431	233.34784239021877	32.00911307925733
-0.471	-33.4061868633162	255.91979677016474	32.015682922403656
-0.469	96.17024821095832	239.7573735391745	32.18066369930829
-0.46699999999999997	-5.286005936855354	250.40425237943535	32.59275916374462
-0.46499999999999997	166.8952311073557	202.76054339465458	31.358493923109837
-0.46299999999999997	192.00768497973365	276.93060786636846	32.22963156049805
-0.461	20.700945618123967	262.87100077050974	32.006814365257384
-0.459	-0.5117142252153428	218.93361656334957	32.90312532098266
-0.457	204.62019198030924	234.01546053645262	31.323082033904562
-0.455	-30.156977153250608	237.1757002304958	32.64359327241216
-0.453	235.45520703116551	261.4390625366508	32.26401943189168
-0.451	31.221468893782856	253.0274519376775	32.45948624245252
-0.449	119.94365994549838	220.4188508971827	31.429643363021935
-0.447	35.87052823617043	244.34247588982385	31.916213537292066
-0.445	-1.6593003718812227	261.4238960910697	32.099218443392544
-0.443	66.07377845790907	242.32473353565436	32.918267939392884
-0.441	-77.48997046963524	230.6749986781864	31.882966101680797
-0.439	27.217233628418214	224.90616608364604	32.259803251993546
-0.437	170.41497052927568	280.5953371495421	32.67928412087864
-0.435	36.07322258769585	258.2055373749503	33.69038136764341
-0.433	-47.44072741902361	204.25112348782625	31.51407953453765
-0.431	164.13842914930754	226.51623718174235	32.19261853044915
-0.429	-53.44397983320093	236.3308647382158	31.968811256512424
-0.427	233.2710058583487	263.84312160238557	32.68743187550697
-0.425	-153.1942105987838	239.0222945824151	31.947652845992106
-0.423	205.79384338148543	223.86588392672883	31.831015165949957
-0.421	83.1125224705076	241.41415308525646	31.26724263056287
-0.419	208.64498393979858	289.4650768401192	34.261270636214775
-0.417	38.593507346140754	221.10490076225852	31.212015372516408
-0.415	63.63164147238365	240.89150524431452	31.910403715180085
-0.41300000000000003	87.221675821203	228.84366576773056	31.89353429548504
-0.41100000000000003	193.8828527923153	257.3574045308991	32.62956500313882
-0.40900000000000003	-28.62934682412721	261.513530032405	32.29420119729508
-0.40700000000000003	60.06387344892339	213.44346839262664	32.00240320766275
-0.405	133.61720048732371	226.58236712114726	31.698261470020277
-0.403	41.14098409990774	263.00826638252295	33.329722449887775
-0.401	208.51969423918428	235.5862884474595	32.07900890707886
-0.399	-60.700470789654126	256.6259959795384	32.05534904338864
-0.397	-1.3766810298410093	199.61499520109277	31.547339305554683
-0.395	157.63293957515856	269.061894478547	32.39177363561824
-0.393	120.71585880502056	256.22644643793984	33.85878294612173
-0.391	-225.518416817172	224.8057644789432	32.142106255703375
-0.389	90.61255750664188	228.53276204233885	31.470356864299905
-0.387	-42.362559694031354	238.32121987746342	33.41166249526852
-0.385	105.05822581041713	246.2455513079507	31.158128399048223
-0.383	5.7486628550762475	243.8204781270773	32.42583122632299
-0.381	63.96075053660688	213.7103247092536	31.94241615925996
-0.379	123.75050245827524	232.15015000185124	31.640068016145833
-0.377	127.63055426501246	248.51350231342246	32.43157590238364
-0.375	2.5805869416917204	252.50914808409186	33.20442636395342
-0.373	41.51492704695947	233.33849945846086	31.023688573941623
-0.371	37.115957782551945	223.4713773806469	33.21953601968039
-0.369	265.4868071982896	269.3858354853116	31.439185586822596
-0.367	109.12964902587419	271.95932157112463	33.87205391567272
-0.365	31.775733308814225	229.25787214722465	31.144179769337008
-0.363	97.4871671601818	237.70590482406377	31.338609868848337
-0.361	210.77080902287548	237.1775609603872	31.60561777235815
-0.359	129.447167205754	274.7021156494791	33.330688213954296
-0.357	-24.452325077195525	243.1648233417971	30.926783536220697
-0.355	71.85985085200741	217.27077505085012	32.78462559166232
-0.353	18.414017779466718	240.86969449696528	31.888334294887045
-0.351	332.41675452289064	253.01220970244762	32.66600785446012
-0.349	6.207592621487734	236.57783313756644	31.6875202612911
-0.347	187.2007562706557	232.5031664868754	31.555616524382014
-0.345	-27.61339636736526	219.81274090460266	31.65060011525184
-0.34299999999999997	-56.96548558997705	271.74092865994453	33.04414976470782
-0.34099999999999997	100.93467420335678	245.10369909766283	31.433774840511965
-0.33899999999999997	107.59604748078466	249.29004493111833	32.44453783440047
-0.33699999999999997	-55.347318076326424	232.79069010053468	31.46227358817473
-0.33499999999999996	257.93583798394695	244.13702888314396	32.7612774803688
-0.33299999999999996	173.34452284512025	255.70373898752837	31.819221270591513
-0.33099999999999996	52.38245240457573	243.54458616706697	32.488897385183364
-0.32899999999999996	139.71583978578116	219.1511169603596	31.950224731670026
-0.32699999999999996	267.6786298629885	271.2434362374762	31.819297899326262
-0.32499999999999996	248.59986536185374	251.03555366331878	32.07035555319908
-0.323	54.15303101363733	265.96985157856057	32.873120503494775
-0.321	271.1598035101126	233.71830381986936	31.857600312441363
-0.319	-33.32854523330209	246.86002780616633	32.64992844643381
-0.317	403.65235135908506	252.1162564801379	31.441439905711814
-0.315	-36.788086631656114	270.5596893630891	33.19551592921926
-0.313	-38.13010236930481	238.67383206615617	31.09604234826111
-0.311	46.42300656620968	244.9379568579339	31.971274428400687
-0.309	205.2848073508251	255.30067924434226	32.53859396900284
-0.307	-8.53789398358451	264.4348443553686	32.43105197827718
-0.305	115.77497614223553	238.33997489797892	31.70940047812535
-0.303	-125.66004901082283	248.19890540242417	32.44853144408386
-0.301	308.78106972198617	263.794203127437	30.879396327544622
-0.299	212.0640220037995	265.14405804598437	33.1902453057566
-0.297	-54.84125984178689	251.56126209834386	31.08712035188542
-0.295	185.22009334498435	231.77902017380654	31.38163262487879
-0.293	-4.300036201887458	243.46683830956502	31.678798512065665
-0.29100000000000004	223.15668677608258	288.37012327457103	32.6248103348361
-0.28900000000000003	-67.61934619170518	247.32846198109277	31.000260389640868
-0.28700000000000003	-188.8476146209017	236.12352398541267	33.008430690578415
-0.28500000000000003	447.3383233143391	245.36487353459637	31.17263797739205
-0.28300000000000003	290.8562031747053	260.0565430023986	33.73933505455362
-0.281	-107.64909363714104	265.3479354775868	31.55125460713105
-0.279	280.40285644848063	224.87110558591303	31.81365810382733
-0.277	-53.79039353137216	220.8558961438642	32.322416238278976
-0.275	306.1732352549473	277.46151164712006	32.834970488983856
-0.273	134.15734758859264	252.53309917195833	31.262952952999314
-0.271	-11.162789155694242	247.5767987721432	32.06739176722209
-0.269	174.01242434011976	232.44387055601297	31.28594107815488
-0.267	128.09773291366787	241.61600293178682	33.522817963794694
-0.265	189.69615233266347	279.9088679440286	32.0248966647668
-0.263	241.68184239270474	253.1316023096089	32.83070172711605
-0.261	-117.13308977645553	224.97816873494708	31.51056174329956
-0.259	485.1965669887548	252.42611432196372	32.440844143623806
-0.257	150.24742643388043	250.45923133012982	31.52090915818049
-0.255	-113.5810139810678	276.8970829444781	32.1587848770474
-0.253	201.12180898412822	226.69515415101262	31.778108558349228
-0.251	-10.265965422751044	223.27865947826703	32.843973638970326
-0.249	222.15749061738066	280.85658225583387	31.44474516840515
-0.247	81.11061273541331	241.6871654170956	31.700935997285733
-0.245	136.68900457397547	226.66788930055566	31.860012509288254
-0.243	-11.594929602343207	230.4484995017243	32.0197406295579
-0.241	217.07364655476624	239.18079752676243	31.442267170057264
-0.239	-171.2385405612249	274.7441127214674	31.59104093708576
-0.237	205.1614907752075	232.12748171299722	31.201849636916922
-0.235	-275.8848927112423	232.97873937263302	32.59631398693807
-0.23299999999999998	209.57380814823347	255.41351210130262	32.26501360850038
-0.23099999999999998	198.24578689653373	263.03987108377595	33.88058912106792
-0.22899999999999998	18.48914567270654	244.6090892225887	31.46070690584292
-0.22699999999999998	21.992049800134694	225.73370386562695	32.333244977712496
-0.22499999999999998	108.75443049074285	235.87206786265736	31.80572024301973
-0.22299999999999998	85.69468008512438	273.1304917395159	32.59510048769001
-0.22099999999999997	45.59922100089153	248.36052991696306	32.54917977267851
-0.21899999999999997	-65.21418071125939	228.16132033209644	32.963615434616436
-0.21699999999999997	315.03425327161773	244.87042117890311	31.496962077108673
-0.21499999999999997	211.64326970435354	248.3625266214381	32.95530857376186
-0.21299999999999997	-338.4964963046855	245.27190717710002	31.300693406533128
-0.211	381.7678602309194	249.46463005142837	32.91004916070496
-0.20900000000000002	-237.80492089053863	204.8031244938689	31.73630928174657
-0.20700000000000002	127.33284546317947	272.4729701809362	34.02462780303087
-0.20500000000000002	-13.307209738466774	258.46547399734	31.781464603397705
-0.203	-19.676193082074356	245.99153784999413	32.14311010176771
-0.201	41.56772402241771	224.7379890707309	32.03404178279978
-0.199	298.5250909608439	236.30812409013836	32.842899154930684
-0.197	-2.662901075201063	280.7462320183193	31.708686668577904
-0.195	229.83606114879152	248.3064927028629	32.984517734202775
-0.193	-109.24031249970324	208.46639699790347	30.622759355629487
-0.191	380.3633437535758	253.29762127073136	33.18609498136334
-0.189	76.39189821229131	241.17891099970322	32.23215112097402
-0.187	46.44600979175628	272.06109977048567	32.109848668724275
-0.185	289.9136364789001	211.83002776066257	31.079857497873725
-0.183	-135.3677557236477	214.25765351754694	32.24432272289766
-0.181	187.21755297779197	261.1472376576886	31.513292148218394
-0.179	-46.64975874280053	255.68221728657943	32.75211549004135
-0.177	-8.857445074839099	221.2838987333133	31.613888925237074
-0.175	55.70392783638134	235.5408649399078	33.220872546738896
-0.173	251.2476955789378	234.36715219538704	31.65422744172226
-0.17099999999999999	-217.0759779253073	260.2908784517118	32.00042115741989
-0.16899999999999998	182.62182978578954	244.55624653528855	32.10690823750013
-0.16699999999999998	-193.20513269349692	210.3063331128867	31.693822847479677
-0.16499999999999998	242.44564803477255	246.07578307856224	31.87827182331518
-0.16299999999999998	-109.45923212946073	248.10203083281334	32.40678337553568
-0.16099999999999998	137.38317864775416	238.43227859506266	32.16264552483617
-0.15899999999999997	-63.01822670384816	213.17238945663195	31.44839117701076
-0.15699999999999997	124.55879496098277	223.92027509430687	31.55284800698081
-0.15499999999999997	159.35239491926546	272.57991904787724	33.512784126949796
-0.15299999999999997	-72.5745258539634	240.83772747055656	31.758280212636937
-0.15099999999999997	-120.49332725172502	213.90486298370757	32.0576548439581
-0.149	135.14006283910084	238.48051433817784	31.29065777965401
-0.14700000000000002	18.839944445181445	241.20041751840395	32.141152322756405
-0.14500000000000002	-67.69984036636423	248.38529583031485	32.07678770208228
-0.14300000000000002	357.7781271593139	232.5845188437146	31.853413357184635
-0.14100000000000001	-208.6195267686497	187.84187539854915	31.516141118525944
-0.139	109.43969720833557	264.1678862161979	33.709746194941054
-0.137	19.472837127665343	254.68048193189736	31.48375393642506
-0.135	218.9233023206505	222.54001399229568	32.46336548801709
-0.133	-206.1005114278869	229.2850236386538	32.65111279858858
-0.131	283.5826943119457	224.85924777821722	33.163585292021914
-0.129	70.23308950526719	257.7685290106065	32.87158676834554
-0.127	0.018017038527773366	244.38605169632845	32.37328059990344
-0.125	131.61720949228516	207.99909024866832	31.931871628773806
-0.123	173.48803722128105	242.5269800200822	33.10352670860954
-0.121	-98.49336576261969	234.7349814443684	32.60084991066082
-0.119	255.77123304221237	248.66311983265967	33.01277823042165
-0.11699999999999999	93.74164697018017	219.11659660338435	31.526252517084707
-0.11499999999999999	-44.456043940210854	198.1098791288703	32.33520663293736
-0.11299999999999999	198.65413670783204	256.51298619373745	33.02839683162915
-0.11099999999999999	48.90591601580674	240.00256653396005	32.476760116698465
-0.10899999999999999	176.74051476945783	202.55779287819576	30.816976895204885
-0.10699999999999998	-41.70823141358415	229.7153060454693	32.465641397091034
-0.10499999999999998	169.726931687153	224.87859398367016	31.447789696157205
-0.10299999999999998	-7.278644222119546	245.3752370392387	32.31162986166308
-0.10099999999999998	207.17022710359245	238.18212400826226	31.782938950845516
-0.09899999999999998	40.80825898133966	202.33627175661638	32.59714965334179
-0.09699999999999998	258.0875104225555	245.11848844618135	32.39893970728032
-0.09499999999999997	76.97669575912336	245.11964593525562	32.694588181490936
-0.09299999999999997	385.83844125161806	225.0205738770814	32.468580532601344
-0.09099999999999997	-32.58521318538765	224.56813024174997	32.15879585202574
-0.08899999999999997	212.47189257711517	214.8823352270903	31.89682669109971
-0.08699999999999997	245.19212383067313	258.3554927653651	32.601169418764194
-0.08499999999999996	64.30794978640186	236.72292228407096	32.18786371676801
-0.08299999999999999	98.04997917961522	207.09640983920528	31.919267680605664
-0.08100000000000002	260.18032892904944	244.06810076022936	32.3273446147226
-0.07900000000000001	37.72068010787777	228.93936843310732	32.628127086793434
-0.07700000000000001	126.18067460490323	237.27056316849539	31.955902621728562
-0.07500000000000001	357.1561881874352	231.96192072189032	33.09982414341415
-0.07300000000000001	61.226235583244915	189.05326654295988	31.90612821905892
-0.07100000000000001	117.9800151376309	241.73101346770736	32.13453169982815
-0.069	-69.02798982399983	245.76009255605302	33.02712324054305
-0.067	332.55779740581914	200.30434489783505	32.16933319172899
-0.065	-111.74897948784678	236.45941956361023	32.470188683664595
-0.063	143.41472453915927	223.8203710934761	33.26948342194994
-0.061	230.4030064930185	246.31875428900807	33.13589035834304
-0.059	134.27282448796873	222.9328519672691	32.13496519276888
-0.056999999999999995	70.43991758259871	219.11372509600358	33.209211525608296
-0.05499999999999999	262.08951253958725	220.6061385041967	32.47853551360098
-0.05299999999999999	-123.04184753253455	222.20815374091018	32.64967579300452
-0.05099999999999999	316.10580105279064	242.62414925300678	33.58474981659153
-0.04899999999999999	144.0864093451566	224.57222707994163	31.373425795401534
-0.046999999999999986	-1.5475455881208688	198.9755014826106	31.777679449485035
-0.044999999999999984	241.20498863378083	256.95555771266817	33.68967084070895
-0.04299999999999998	73.46474825387084	235.1529506653157	32.48174719413555
-0.04099999999999998	216.75594924785992	211.39501662479648	32.17259836475084
-0.03899999999999998	93.72203855373407	240.19414590372259	33.12509303278544
-0.03699999999999998	61.0059215104819	221.87556319041303	32.17869715748233
-0.034999999999999976	-39.9770994682358	235.9111961515694	32.6953700951632
-0.032999999999999974	358.913818705231	242.1614141455592	32.25629594479368
-0.030999999999999972	-88.91262754195938	201.89653523031623	31.97625471813034
-0.02899999999999997	214.28847951332486	235.30596171483458	33.480931837209326
-0.02699999999999997	-48.02169719275717	240.87119181198267	32.6996736653227
-0.024999999999999967	161.89291749224566	234.21623461480286	33.06449322272627
-0.022999999999999965	-76.96713500271457	230.12977952732	31.934289614869268
-0.02099999999999999	17.888189397297083	210.120421752298	32.929419199653125
-0.019000000000000017	15.649766555769773	267.64896516217794	34.43650981990685
-0.017000000000000015	-115.10154024396701	245.81271523715165	32.71845343519652
-0.015000000000000013	-2583.8193438110225	236.8741280325599	31.646345618598556
-0.013000000000000012	-8145.097075834773	307.9132126949682	32.638090727010244
-0.01100000000000001	-14541.805190155244	272.33086135083863	32.529486145334694
-0.009000000000000008	-17873.103434034478	257.13903891634	32.89913444485287
-0.007000000000000006	-19526.046239044415	241.47144580624618	32.21628802148494
-0.0050000000000000044	-20275.18461701683	211.0383879056901	32.69300374275515
-0.0030000000000000027	-20809.51549210097	246.91104682636646	33.051345531711114
-0.0010000000000000009	-21282.157203092123	218.98972415955083	32.69020979022259
0.0010000000000000009	-20936.02132489758	176.6106780744833	31.63052907223827
0.0030000000000000027	-21090.48095241772	223.94185538408374	32.6020201478792
0.0050000000000000044	-20399.864583023453	200.64338068934782	32.579940759667416
0.007000000000000006	-19442.963298298422	224.75112610433771	32.57154461011279
0.009000000000000008	-17875.68381031024	224.48445387723504	31.692816148695712
0.01100000000000001	-14211.701368534557	247.7300893193283	31.667455690915563
0.013000000000000012	-7926.683835145165	291.37007576201177	32.084697987240716
0.015000000000000013	-2670.5185487259087	241.09753399079898	33.56231601702
0.017000000000000015	-107.4519580428479	222.29673744375842	31.89405393907298
0.019000000000000017	-86.4929572048645	230.58509071204006	34.064603607307944
0.02100000000000002	138.58933180199705	178.73069305469053	32.71520135888297
0.02300000000000002	190.2353476681551	249.03123909239673	33.22389266072966
0.025000000000000022	144.13682276059882	203.44752550120305	31.89079801634783
0.027000000000000024	-28.901439798501016	214.08537215794544	32.74805936870758
0.029000000000000026	18.243640724779908	217.5996905480119	33.01255004806835
0.031000000000000028	144.0058782233855	217.48659796397772	33.1724152264401
0.03300000000000003	15.575652615895663	229.71760119713758	31.732358015500715
0.03500000000000003	72.79495775214251	220.54607602554174	33.48747931379181
0.03700000000000003	-179.3456194707499	185.19520077839988	31.790145178289514
0.039000000000000035	0.26964257049399976	221.94059771023197	32.511263187807465
0.041000000000000036	54.157258775777706	200.1822301396098	32.94913280775017
0.04300000000000004	107.44424678454934	216.3922696319126	32.36800313009585
0.04500000000000004	-75.60584605192932	217.399164097053	33.23521737199081
0.04700000000000004	145.37217181520566	196.22601509840183	32.36621033973276
0.049000000000000044	64.20402522322455	222.30423083041785	32.05775012689514
0.051000000000000045	52.58390616447173	212.16195013203085	32.957105291951684
0.05300000000000005	-12.291059116709135	198.90854513421735	32.368797609344355
0.05500000000000005	217.1156759727122	227.9407187655303	33.00338186252133
0.05700000000000005	-2.0233492595833624	191.9386053393015	33.08021619644047
0.05900000000000005	197.46737835624197	219.52937525423866	32.309248082133635
0.061000000000000054	42.58173956284139	236.28620725501875	34.382608818058706
0.06300000000000006	-131.76345334131588	180.68609257757117	32.68853692291
0.06500000000000006	129.85189404091102	223.63097879101423	31.944366102575337
0.06700000000000006	42.896713588147506	217.15674532037153	33.89023246291432
0.06900000000000006	106.7803466987538	202.00102785597463	31.690068350254055
0.07100000000000006	92.07053825099898	238.71841206519667	33.69665001656197
0.07300000000000006	116.09115771826772	195.1139315829779	31.554561955516878
0.07500000000000007	166.57033554845492	227.03522033657435	32.42076139868633
0.07700000000000001	154.75579891610636	203.08654608515172	31.50834277309414
0.07899999999999996	23.8312899294435	206.4993866365814	33.67522081635373
0.08099999999999996	160.58102980287538	219.75250029770282	33.25221445794342
0.08299999999999996	-155.73014341641044	206.95092346694219	33.49150266861692
0.08499999999999996	298.43615939073584	219.31221690755962	31.85136400436834
0.08699999999999997	113.95154862392509	215.78528194621362	32.99604397729842
0.08899999999999997	63.09199566323365	190.5640435836146	32.690867687791894
0.09099999999999997	340.1427918998667	250.5500664568791	33.752554685420954
0.09299999999999997	-54.27244040012713	194.30878362439788	32.15276677561289
0.09499999999999997	40.29149692552636	217.0316588693723	32.854060486923416
0.09699999999999998	219.80006504995765	222.031680045622	32.39114495993058
0.09899999999999998	148.48431183045463	205.59529083344057	32.95901468060216
0.10099999999999998	101.87466299949044	216.99188327276366	31.3884868391543
0.10299999999999998	121.6661268155228	221.8740696037352	33.07602417462272
0.10499999999999998	18.149733170158555	198.09951250703278	32.33239581523756
0.10699999999999998	235.6773894476305	237.4956471751199	33.451267404597495
0.10899999999999999	-39.24398351651259	194.82114711611527	32.37321028508705
0.11099999999999999	110.65088439510262	214.91965096477145	32.132647587212354
0.11299999999999999	-1.313623638310446	215.03372440301806	32.15939777319509
0.11499999999999999	34.459506261796946	211.30383464102823	32.698908399207106
0.11699999999999999	80.9357462319138	215.33465619371972	31.61537956726247
0.119	43.8701109288786	209.59057080374689	32.8465061542405
0.121	-11.090084631293351	215.53871341033894	32.51023471614106
0.123	173.77761827286344	226.0108103526564	33.296930720693645
0.125	-21.948786238512596	192.5895741466778	31.30480260270096
0.127	88.90829843943848	230.84593383828027	32.63433028531337
0.129	196.43150092685246	225.78283132608738	32.74562703384431
0.131	-36.41366881368402	201.1508495161738	32.02128387839069
0.133	103.76760602137658	215.43868268826117	31.7369859023247
0.135	-133.69464600299085	220.2995962298899	33.018856443529785
0.137	79.2811961078943	215.60331853068578	31.900146262744993
0.139	-38.07528436194918	225.514811201188	32.78315148300159
0.14100000000000001	49.686368519985535	196.89116709392295	31.576414772855024
0.14300000000000002	26.219557592632725	231.33442906536584	32.945419559270704
0.14500000000000002	161.1154747005461	209.5883386062152	31.924896089154718
0.14700000000000002	49.51355458882034	217.3662053895995	32.64133359881832
0.14900000000000002	222.43558157830634	226.21550222192153	32.54467187270787
0.15100000000000002	3.582002590096778	193.61273100678576	32.34733201322899
0.15300000000000002	187.40753177026727	219.52745207902578	31.91451003259193
0.15500000000000003	-89.90486145121767	227.12097748862925	33.2394785616182
0.15700000000000003	18.36036740332503	204.08068211371238	31.662448017253475
0.15900000000000003	14.720456253058956	229.40304167406128	33.164170525716656
0.16100000000000003	73.51376672470877	202.31151719482008	32.04244664527878
0.16300000000000003	32.307212602944446	226.21900698201338	32.72516349702227
0.16500000000000004	36.054517947414766	213.39196872742806	33.10795298707624
0.16700000000000004	71.45470561842338	202.95062824766669	31.957230946090117
0.16900000000000004	53.786045964399065	218.7155144735453	32.170931041442756
0.17100000000000004	-30.232991293566158	220.0169519414302	33.709276917954874
0.17300000000000004	157.21123861078823	213.070722204214	31.279099402111058
0.17500000000000004	126.9382764923499	219.4050398479065	32.79500335944524
0.17700000000000005	-91.2625538880274	199.72979384412673	32.13822084318906
0.17900000000000005	207.9056525372547	214.0554725177877	31.864484361545426
0.18100000000000005	-121.04905043086589	202.18989089537214	33.128385624674316
0.18300000000000005	162.05091565946185	213.72592539427052	32.99010237893944
0.18500000000000005	25.09469676459375	217.8268996745244	32.361647400468726
0.18700000000000006	96.76969449312622	199.4433990182041	32.12222737661152
0.18900000000000006	28.389859571875675	225.61486677641722	31.70636054773704
0.19100000000000006	171.00632218003398	243.42327513610098	34.288382859647186
0.19300000000000006	-81.06739233959547	193.2840858507167	31.55359540733278
0.19500000000000006	219.79740098809765	218.353339933613	32.38322662836459
0.19700000000000006	-45.33563159725418	228.80408187128864	32.408536104502716
0.19900000000000007	83.59842686234131	225.31068173794395	32.91269066975153
0.20100000000000007	-5.706601928223698	217.46622851771684	32.1170044322808
0.203	38.957278668760864	206.41698131709933	32.57104357757228
0.20499999999999996	70.09218953002438	236.11299970985462	32.87056724861034
0.20699999999999996	-84.67935404643524	231.01148222563558	33.446030182980536
0.20899999999999996	107.11082799419458	204.66197108537975	31.569356792034693
0.21099999999999997	111.44552608000069	216.43955808564323	32.846767386828695
0.21299999999999997	49.52103728528279	219.2350708502899	32.42141653307281
0.21499999999999997	88.58600211847367	236.9391518807218	33.11475052280291
0.21699999999999997	81.85814395034186	211.38256210651508	32.34750792529643
0.21899999999999997	-1.0470582959554164	207.97837814665192	32.89492889385126
0.22099999999999997	381.1734366701014	221.56058650564896	31.930985362792697
0.22299999999999998	-161.01973419224703	229.02071168030395	34.48646860024799
0.22499999999999998	240.36989605868973	213.20195284219727	31.60576083687782
0.22699999999999998	16.96546209695171	207.6804773457474	32.98380868980552
0.22899999999999998	189.93864346317224	202.22727880965164	31.508594003308826
0.23099999999999998	75.68939889601722	228.88802327869067	32.90052957167005
0.23299999999999998	-3.1294466508180463	217.75309589160165	32.63509187788506
0.235	161.1161009604789	200.73302776481415	32.01560519545015
0.237	38.76856482598612	201.08056623674787	31.54091264535432
0.239	142.17700268881472	224.57609643183457	32.883605326037014
0.241	187.93688515783558	214.47741207813874	31.420706753791578
0.243	230.9339888861839	209.3722223618018	33.47527560706785
0.245	71.6571752263917	183.64593575707713	31.093118209507004
0.247	235.87463799401576	230.28294238800353	32.31697552263776
0.249	-22.143187947687437	221.6241076330786	32.38869334025795
0.251	284.23350527950754	226.5556277654022	32.93969239208005
0.253	119.23960323456662	187.64560578402316	31.933002231652974
0.255	162.09992719384837	218.20109155101858	31.932013966083414
0.257	120.57882013771781	224.19700102625433	30.71046700095716
0.259	259.3809619590992	220.47844655341305	33.57305677186455
0.261	-62.014593612214064	196.8055695091159	31.33534136763413
0.263	297.25536026536935	218.80890409938957	32.16878104975767
0.265	96.29593874693754	226.55796656871215	32.7851435910271
0.267	147.57256775133067	232.12510276065072	32.45759704450039
0.269	-86.7978501616351	192.93183733201383	32.29514382719102
0.271	191.56870415093508	212.80078424883615	31.966473365797487
0.273	213.51530867619317	235.503038935668	31.30662338665315
0.275	51.8041578521089	225.85091037589387	33.95618329169735
0.277	193.555108663368	210.00179552263117	31.269903624961284
0.279	179.9458945135335	207.08913321993933	32.826931059232486
0.281	173.19602300469583	229.24240539633772	31.666265121180434
0.28300000000000003	168.75079794242964	232.2584483766294	32.12041824304422
0.28500000000000003	89.22548313794465	199.1761572375957	32.21844314709783
0.28700000000000003	14.330586883382068	199.85288245441362	31.88792499077688
0.28900000000000003	444.9957607179922	226.615711428883	31.13355067091701
0.29100000000000004	-141.86661632509256	233.8934864717973	32.91338401578266
0.29300000000000004	197.20878638862516	228.3627550885038	31.19564659842398
0.29500000000000004	230.8863839632913	201.05967497400226	32.484357468566294
0.29700000000000004	114.82886253055824	207.62862343144735	32.61687503322926
0.29900000000000004	78.48341009197846	254.82089151797615	32.26712794049366
0.30100000000000005	262.61243939496023	215.5538928606699	32.18000609166955
0.30300000000000005	142.11939992270217	224.7105660137272	32.182373925603855
0.30500000000000005	303.38312653155344	212.18499517852084	31.680518958881546
0.30700000000000005	163.99676082734516	234.25558270543584	32.99575192527205
0.30900000000000005	265.1620228053542	244.30470859427064	31.27921122445814
0.31100000000000005	96.38523954635936	206.72719734727085	32.99218781963153
0.31300000000000006	89.35053545400251	217.90395914423357	31.652166110824112
0.31500000000000006	274.9386856655267	241.52429538736075	31.995849662705815
0.31700000000000006	58.0714747975275	232.71355331056913	32.60414063907488
0.31900000000000006	85.87392936010296	233.3118356650392	32.165788867647095
0.32100000000000006	248.7370695636315	202.27501590152895	32.34240948390188
0.32300000000000006	89.35267585719053	214.2943466494977	31.865488632096753
0.32500000000000007	169.14976250248515	255.10691544171158	31.39793878195175
0.32700000000000007	317.3788804757827	223.06544116690824	33.546035406042876
0.32900000000000007	-106.69016309217128	216.81806020480838	31.768205485680195
0.33100000000000007	345.329866640709	231.27491483826714	32.50712695635696
0.333	4.743859938205475	223.4694197813086	31.820893663351676
0.33499999999999996	118.68904802914138	246.52372555700592	32.790196065802974
0.33699999999999997	85.46028918443582	192.6533705683387	32.11512330056636
0.33899999999999997	465.7563611163429	216.46282076097327	32.64303441060302
0.34099999999999997	155.33312071491778	241.17190261698383	31.025433786482477
0.34299999999999997	62.446146038341865	231.34389761995757	33.0741234561752
0.345	117.63822293686665	225.91832298062602	31.209098462648875
0.347	171.61247897323761	203.40626132103526	32.18568975853722
0.349	219.94481464049363	221.66302586895895	31.531462491743017
0.351	224.59030128474387	249.25501288161794	31.99298563352345
0.353	165.42702156430167	198.16805405408752	33.26778491520043
0.355	12.50230273996955	214.29760555667613	32.574155423132865
0.357	440.621072831604	243.76662611523676	32.90372848536617
0.359	32.44222582043932	233.83350718734508	32.923488669064724
0.361	251.06329982294005	236.17914191603816	31.644786200096824
0.363	60.3632611144711	210.75196719719673	33.88417985525133
0.365	232.59228281591328	208.66555740107873	31.337790672037745
0.367	115.28379260661303	250.1193425213571	32.10683444822845
0.369	138.76618807295847	223.95162303354817	32.56135362075988
0.371	30.316749700887158	220.3700544029732	32.76909001900162
0.373	358.76681993052273	220.6050980430589	32.00092566384272
0.375	-37.68601913078928	217.7218205154126	33.30727504435018
0.377	287.1828889265959	239.05695653684745	32.533162559096326
0.379	-57.620314970474595	203.00816057668538	33.15834221057765
0.381	205.2828234484494	221.81924614310904	31.743171698728137
0.383	272.8258146307283	247.3454585450197	31.934222577582133
0.385	122.16626695771282	234.34230293873446	33.06029189632733
0.387	196.94021591321052	253.4477386044796	32.442959605105415
0.389	190.4538131265454	216.91101571901712	32.636932908754396
0.391	134.75815461871932	212.98463757034028	32.61316757268984
0.393	148.33503855538055	265.54077491662235	32.43586423678542
0.395	276.33280161820653	222.49205955004706	32.01049322133204
0.397	-82.29669986159482	223.74656497059462	32.59636880162639
0.399	312.8692060698768	230.42030790746685	32.325690566895005
0.401	137.63909998032454	243.0076655864698	31.932163706748195
0.403	275.6065760101123	264.3630017468709	33.67332204753408
0.405	-46.132351840033614	204.59683402150569	31.878525661336145
0.40700000000000003	344.8003453065951	217.64435030202134	32.26151630034402
0.40900000000000003	179.94385532893455	262.6953644172317	31.669695022594244
0.41100000000000003	276.62729816624324	235.77953414991117	32.267841947270085
0.41300000000000003	298.27910872692877	238.37761025647183	32.71857215467419
0.41500000000000004	275.19330471847957	213.5354923019272	31.717154248543043
0.41700000000000004	147.41486171021558	218.36699200923414	31.636158552354235
0.41900000000000004	174.5952458966915	258.95413864315594	32.91774354718531
0.42100000000000004	214.46055868201697	204.31473951517003	32.398751461724906
0.42300000000000004	-2.2128769159301953	217.94468525113018	31.395355760301378
0.42500000000000004	321.8206184953942	237.92143473353735	31.438609733855365
0.42700000000000005	170.28642398853043	237.45446815790746	32.4202462035253
0.42900000000000005	239.36106981725658	257.35730038239126	32.481810413827944
0.43100000000000005	38.89644490273625	216.80564015395336	32.64420234882535
0.43300000000000005	311.6979553077215	212.913314270852	31.779991728915082
0.43500000000000005	199.69620288451395	260.7892961742767	32.13439800813856
0.43700000000000006	181.6331271689009	227.90690607304518	32.71709125342122
0.43900000000000006	115.12003311064944	230.23881442980837	31.867123417049168
0.44100000000000006	361.135637464427	218.83635428305448	30.9601978222406
0.44300000000000006	189.10780896108648	234.75391688203132	33.72735253255679
0.44500000000000006	-22.48664601189887	254.25050171067954	32.1648353530661
0.44700000000000006	122.20574964527664	232.65285953079422	32.35035404084678
0.44900000000000007	297.56725374108225	212.56589146913913	31.78273774868555
0.45100000000000007	267.44835240499754	256.8789266926926	32.742451161452365
0.45300000000000007	14.924101654045785	239.80647255038693	32.7459956242481
0.45500000000000007	37.56136363142204	260.01146547921763	33.07287920763835
0.4570000000000001	238.4913466966232	207.68451740399703	31.854630715379606
0.459	84.21917909240406	227.2756258622388	31.20231610846333
0.46099999999999997	166.89963399896257	286.6032168981839	32.47076801758996
0.46299999999999997	149.82764958793027	220.066627168511	31.838729703966017
0.46499999999999997	-79.42010054629023	233.4609008047208	32.070023490459754
0.46699999999999997	109.0884862258168	215.04142324757316	31.88498091009296
0.469	232.09852338745839	259.4865472338035	32.33968158852011
0.471	137.78885132698093	254.8233945603856	31.88704527160484
0.473	173.57072547086182	223.74777546178487	32.53931890450279
0.475	259.9098759563656	227.5795074612069	31.570284449720603
0.477	201.6275962120062	254.45890226129492	32.10355172394213
0.479	145.70106357858492	237.9193323085943	32.60475084893851
0.481	65.23243856348948	262.1429365312054	32.297596145034916
0.483	245.85672721366691	216.1300443688173	32.21139553672544
0.485	104.64060079229398	226.72065013356368	31.25243671097682
0.487	275.0251363357048	264.3173210562507	32.44910287043366
0.489	125.114079194244	234.75968979399204	32.388725477136425
0.491	108.53970933388801	237.1821657074772	32.46647008401742
0.493	202.24004473612388	217.79241069286806	31.29573543451667
0.495	160.16877213198555	255.54263783707242	31.764193417284783
0.497	176.9037777004101	260.499816499604	32.20122300294414
0.499	110.04892648114328	203.2679904974825	33.59099637047226