-0.499	-12.896238949511307	20.629584937586962	14.242960077317717
-0.497	1.4530189611505762	19.823673082688096	13.280647837356472
-0.495	11.830799496959088	18.797729590615347	13.861323091456935
-0.493	0.6035136970172772	18.986134889998514	13.7563697030324
-0.491	24.113435376227343	18.074643060205002	13.566693974177578
-0.489	-3.298867450429732	19.311602678385434	13.501710843130562
-0.487	8.971944120528264	18.146878323069377	13.910214844885427
-0.485	-21.96939172960377	19.71615479499044	14.34221208137701
-0.483	-1.3657599827743283	20.76682021336866	13.976969848736097
-0.481	3.890282412877255	20.384223810833596	14.165308543288376
-0.479	33.267583787965904	19.7497934064742	13.991507588893333
-0.477	-25.66187565511413	21.856099916671045	14.268978253961187
-0.475	-11.44904865912899	19.255407931889344	13.869767004202759
-0.473	-0.7500781560310088	20.96153333307941	14.48340943178954
-0.471	7.824851601556659	20.95023425256895	13.622828946964459
-0.469	-0.6189372631082435	18.713804560056328	14.336872185064331
-0.46699999999999997	-7.237042126684301	18.882325847925646	13.342345520091495
-0.46499999999999997	10.152741886759742	17.028203901226885	13.71234866490825
-0.46299999999999997	-19.271329106951285	21.938335512179844	13.351670211102642
-0.461	-13.180321248085214	21.74926184981678	14.08458843948268
-0.459	-11.37411430573998	20.498302727380956	13.615990943175124
-0.457	-15.901593242162448	20.69917590081251	14.422547766562088
-0.455	-7.413941723433126	18.18595732788929	13.619806442543819
-0.453	-6.8179553098790535	21.63430450278027	13.941985515900374
-0.451	-19.7634437705263	19.355681435759486	13.563218952608795
-0.449	-17.200674419903805	18.922060369667896	14.114144669744439
-0.447	-10.06253724733508	17.07425278389473	13.345994112048643
-0.445	0.19565707964908086	20.36326071989369	13.410889559328972
-0.443	3.396592754389971	18.56022968622509	13.745649676686323
-0.441	13.885351883846653	21.290158077695295	13.697388662865682
-0.439	11.49938758215896	17.035838309201303	13.471854579579938
-0.437	17.67794153617608	21.1160299121881	13.923903087072278
-0.435	-11.365326644807716	20.604922112407493	13.745208380675791
-0.433	-7.945792871777435	20.738343109350385	13.571879719915293
-0.431	17.224662381298828	19.60786969897602	13.706276537950226
-0.429	-17.292629172493967	20.049876176719884	13.884757372248307
-0.427	-1.945366504441104	21.161608026515946	13.725881524459362
-0.425	11.009504117698299	21.13887099705331	13.768234821002702
-0.423	-16.733356465237215	20.556253962023245	14.277527501308217
-0.421	-6.222419243973043	20.436493908419056	13.821504639032513
-0.419	22.141085871840716	18.211153303416648	13.740573118229745
-0.417	2.2188032648973177	19.41881311123337	13.944703970503804
-0.415	35.56673974136615	21.9013925769999	14.045470073155078
-0.41300000000000003	-0.9173334966083857	22.24502470228237	13.777974153381708
-0.41100000000000003	15.124041677472277	19.79069476502401	13.598050065492703
-0.40900000000000003	22.118821932037847	21.80433540935347	13.845796135795716
-0.40700000000000003	-7.2825070194237895	20.251169736509055	13.128175720809434
-0.405	-8.570310302769002	19.818113174472494	14.346496367063148
-0.403	19.931887630830758	22.303804195630832	14.199596860438326
-0.401	14.176130159748723	19.6891696760025	14.006339471555224
-0.399	28.705525630501327	18.69026136760913	13.091662780273214
-0.397	24.45069232526187	23.8494509971691	14.678819584064957
-0.395	-6.616377658641426	21.214241937106678	13.663195433836533
-0.393	-7.605727951331964	21.633847364829172	13.579751895089165
-0.391	3.418084810746791	23.381839522521435	13.596421803502182
-0.389	4.739741760184657	20.603021815662714	13.845392658888217
-0.387	-17.73857293052572	18.660257448968196	13.92792486469788
-0.385	29.441635434057645	20.415903663836627	14.2398530127555
-0.383	30.09883953408732	23.472686874234576	13.482215848689057
-0.381	24.324868426406354	20.303613434671224	13.966405494210616
-0.379	-17.50988516324714	17.662415897766152	13.939536235908875
-0.377	-33.81405944080651	19.734958656393495	13.196169773755868
-0.375	4.125292351719878	19.473345359853987	13.703222101130477
-0.373	-13.402149730779023	21.88384104371402	13.936637722746104
-0.371	15.247200524148852	20.096394036432606	13.550606304897368
-0.369	46.33250668462097	18.744290011038363	13.342031485241005
-0.367	18.06176053231745	20.225363576564295	13.088697286929293
-0.365	-5.453185536574701	18.529868126340876	13.533836036903505
-0.363	-15.448569906317822	20.38383115112643	13.822384810650854
-0.361	-12.681253834578854	21.604213370522338	14.021525929078242
-0.359	18.00081761960115	19.864853211010086	13.279977302272426
-0.357	39.2557207717914	21.325680887370027	13.428736742798575
-0.355	1.6356577239307057	20.672505442665205	13.351813545859331
-0.353	5.153089317255777	20.751679686889226	13.736539981111624
-0.351	0.38071891284019443	22.06184228055899	13.375656690502625
-0.349	1.188409402663737	19.781188208106837	13.789641004536193
-0.347	-5.048212928793205	21.055514360846665	14.037003333732127
-0.345	3.77733045064943	21.543499652441568	13.715040240859548
-0.34299999999999997	19.934839783797287	20.135947294596296	13.200219749514703
-0.34099999999999997	-6.985097705580756	19.866988323465566	13.633542271446132
-0.33899999999999997	6.871580950473799	21.421059819265423	13.410278173422633
-0.33699999999999997	9.948382716062909	19.185571493378813	13.547697419353169
-0.33499999999999996	-1.573806163279734	21.508273220067867	13.894006439998842
-0.33299999999999996	38.193305841760505	21.32907826264372	13.519195017305764
-0.33099999999999996	27.908700685363996	20.97962420924565	13.802579031653716
-0.32899999999999996	-0.04841929734933359	22.498188421081373	13.542703769450235
-0.32699999999999996	3.761133207769163	20.177454467354657	13.528495270539285
-0.32499999999999996	-9.443626093008639	21.33168022392207	13.897725690362286
-0.323	43.63381661742771	21.551080987409254	13.867933731004312
-0.321	37.08202414998141	20.433256242087282	13.535910072350536
-0.319	2.0342263713502007	21.24223545825109	13.479589012038064
-0.317	-7.849960834360736	22.185262824901205	13.631229190255157
-0.315	41.87652527876118	22.14062849355082	13.494280278692125
-0.313	-3.196957886864027	20.93464442395017	13.74935062321664
-0.311	2.113597711073112	19.20371252471999	13.625198475346743
-0.309	64.69827473676304	20.604340899726807	14.290789837777462
-0.307	10.009519745057815	22.03271248462295	14.25508659801262
-0.305	28.471423682896457	19.259380729413685	13.287858116967698
-0.303	12.604584192832391	19.19747815917793	13.784027916020786
-0.301	25.868261419148553	19.335304408980033	13.418959081296466
-0.299	9.059692576141032	17.459138931988946	14.018886106294332
-0.297	43.69943838655743	20.839233880360045	13.623368692271432
-0.295	14.351188861949637	21.951410216316418	13.707865568577517
-0.293	25.039555429762217	21.30110360081768	13.419223343541452
-0.29100000000000004	25.94048914583702	19.873077777710172	14.124400411670424
-0.28900000000000003	17.407276296621532	21.67771688695721	13.428862121369995
-0.28700000000000003	51.69070098154371	23.534468835861325	14.01056844727085
-0.28500000000000003	5.706654018444723	20.7900598905902	13.919202714962811
-0.28300000000000003	28.56187632782614	19.254292489922094	13.262677163991324
-0.281	4.901996634387729	22.472755767032943	13.884814376243153
-0.279	24.15571702663044	19.50433888700102	13.419195794754307
-0.277	17.877315981573716	21.25052606412972	13.778957336701149
-0.275	5.738479351258263	19.185158975815845	13.427187380900476
-0.273	11.062834464281579	17.6086417570757	13.746150829969686
-0.271	31.1874606260254	22.132487998016952	13.937514341916346
-0.269	22.26453857678834	22.354091211918984	14.335315036261997
-0.267	7.693447845014134	19.86627682369699	13.85065270212533
-0.265	12.271858971235616	19.992178117048624	13.958448351584373
-0.263	18.552409784655666	19.04239246807451	13.794768283416694
-0.261	32.51124365455382	19.519649860500348	14.345831749963814
-0.259	16.498976401546628	22.036038390382824	13.948641766422002
-0.257	0.8244954818881212	21.67050304115167	14.110074681170959
-0.255	5.940961821826463	20.701984459601476	13.4980230123259
-0.253	49.79109863634257	18.33056322136498	13.745133708816773
-0.251	6.218176578753898	21.814605097925064	14.440351604486764
-0.249	-6.335548389357903	19.673074499699034	13.608415459327388
-0.247	16.930566182793427	20.15017961942687	14.189814398723458
-0.245	33.23773983909817	23.21845893750662	13.98896411415557
-0.243	19.480299730645356	20.13714042393041	14.12669607262856
-0.241	8.689039190157288	23.649900828389146	14.535784584500085
-0.239	25.933678610368105	21.592675301582712	13.733144689153255
-0.237	52.252168639022045	23.149626986462913	13.713617962906751
-0.235	22.659531961899404	21.213772966511335	13.628808423955485
-0.23299999999999998	3.5529228312736194	23.313921097355646	13.636302452672524
-0.23099999999999998	2.917376275890504	22.728426204889963	13.699486251340984
-0.22899999999999998	-31.120513333871003	19.860004639566018	14.189914317959126
-0.22699999999999998	14.521782503384983	22.161538444915628	13.640659827631184
-0.22499999999999998	26.951973021827058	22.38598564314654	13.539112342997187
-0.22299999999999998	24.376742901788262	20.54369552957898	13.525338924460389
-0.22099999999999997	7.855164342318588	20.375832586156495	13.724386515702694
-0.21899999999999997	5.98869222789844	20.993845265820937	13.607027562146888
-0.21699999999999997	37.828132419814864	23.720529766806592	13.232641315451598
-0.21499999999999997	18.151648741859816	20.57293386374299	13.420497833823122
-0.21299999999999997	3.449311691605672	22.41898950121981	14.162602746407984
-0.211	44.98781910444727	25.66941537798384	14.083957351278604
-0.20900000000000002	53.76936430745438	21.593932663653696	13.883597220103795
-0.20700000000000002	39.366825903108804	23.49019761429185	14.186883852981792
-0.20500000000000002	8.355844552943026	20.178273774598157	13.926266038088183
-0.203	-10.059156540398462	20.265747731735722	13.567473360641596
-0.201	18.712018164723787	20.438831300951424	13.663493677909475
-0.199	57.62260156050303	21.776181348734905	14.113448078787695
-0.197	45.8358370984957	19.860086291514612	14.073387847794777
-0.195	13.26637022658339	19.627007027213644	13.9784650343622
-0.193	5.161932417729886	20.477510003265486	14.512498222347912
-0.191	33.830074101626195	21.165996511784194	13.61069480213191
-0.189	20.403227677601166	19.770686779439956	13.922040971821906
-0.187	20.942385264177688	19.766001543249764	13.862928113975615
-0.185	-18.50209134235392	19.894897140221623	13.797948123795965
-0.183	38.0524527874293	20.351222270512114	14.24865042196407
-0.181	17.010758840418916	20.205452919781735	13.55741874573178
-0.179	21.565426283842726	23.2653446908527	14.26540615503834
-0.177	28.366085354614157	17.83625739468147	14.265825826434758
-0.175	32.94706921241897	21.572403475871667	14.0138435100291
-0.173	18.70671356352105	22.27225665677102	14.054942572050578
-0.17099999999999999	30.061834233263696	20.936716534293268	14.378229789252082
-0.16899999999999998	-2.4141899525043087	22.12437244465255	14.053731415094935
-0.16699999999999998	10.41998726414306	19.782986865997188	13.822446985794208
-0.16499999999999998	52.70500289578095	21.71763040592209	14.37563082757656
-0.16299999999999998	-7.782830101166205	18.511150773035524	13.985123575864145
-0.16099999999999998	-2.2849100338451223	20.170125677105847	13.919420809219014
-0.15899999999999997	28.670382284268214	23.0765083583576	14.316247296851248
-0.15699999999999997	23.338545598772242	23.123727428212536	14.280512881875218
-0.15499999999999997	0.8166150893273993	19.505723165110677	13.965366239732125
-0.15299999999999997	39.0374482270861	21.188894291417537	14.041242063781526
-0.15099999999999997	29.78435030898119	23.845291465578274	14.109489305083997
-0.149	22.33705739262959	21.050309634019904	13.90948785490842
-0.14700000000000002	28.130696872130656	22.101870860064793	13.651785873015239
-0.14500000000000002	13.363335677363253	19.740274073158382	13.681501585272057
-0.14300000000000002	4.242023044387366	19.061309044678598	13.633181017606978
-0.14100000000000001	32.16687986973277	23.167221683453146	14.389597644447225
-0.139	60.93548838026486	22.32561314316461	14.402456101874634
-0.137	-13.787230855655253	19.966620223965187	13.803017403352582
-0.135	2.8458545937581903	23.108448077212657	13.675682578374335
-0.133	-22.801067559252708	22.474464666413205	14.054084312345383
-0.131	33.21580687121184	25.879324150900356	14.423724741329128
-0.129	-5.408979472210085	20.96442793400428	14.358766997651594
-0.127	31.054891625137415	21.206164475005814	13.838475597965608
-0.125	32.68495800234916	21.206161807985218	13.46579204157654
-0.123	39.12181438248119	22.591411418106848	14.030707547903143
-0.121	34.676775627850986	22.679856626633683	14.046078931656588
-0.119	-22.650566984583342	21.38340474306843	14.595449449521997
-0.11699999999999999	31.74960248841785	25.268490847564536	14.236393844615703
-0.11499999999999999	5.252649843523471	21.528108470398593	14.028619956825573
-0.11299999999999999	49.200368732460475	20.914804002108752	14.107022886841035
-0.11099999999999999	45.50148435233936	22.567440973799343	14.180442469074343
-0.10899999999999999	35.1133035296769	22.390782910075096	13.904354457870694
-0.10699999999999998	0.2392695481745477	23.31008285999402	14.200156593561386
-0.10499999999999998	4.187453490622772	20.936391794926084	13.507306046502034
-0.10299999999999998	54.94298462549452	22.87015563754967	14.20002766059854
-0.10099999999999998	3.005965126368082	22.596265053674287	14.867147053856938
-0.09899999999999998	0.7180229284475814	18.68373309638758	13.470513481632096
-0.09699999999999998	-19.906093515098533	24.410495610693786	14.518017436656816
-0.09499999999999997	15.40297291424686	19.348147591938755	13.611701644032815
-0.09299999999999997	18.832440140670315	23.9874759453222	13.979016194046087
-0.09099999999999997	19.765233699287066	22.24451907492838	13.665874211612545
-0.08899999999999997	10.237173989180448	17.959234515927015	13.783925240047383
-0.08699999999999997	66.72241921279465	23.049194947094172	14.202411529654144
-0.08499999999999996	12.347478959062741	20.544509748750112	14.011804905333932
-0.08299999999999999	42.485416877013904	21.032409302890617	14.076374144904465
-0.08100000000000002	27.66889000160866	20.38136318397656	14.091667086949125
-0.07900000000000001	12.966171834660756	19.99786601215812	13.943657219884066
-0.07700000000000001	20.736358784745335	22.810551927891215	13.562737392354588
-0.07500000000000001	31.56875470766707	21.846283257337358	13.843256522968906
-0.07300000000000001	25.931031677028926	19.54838025708082	13.593339500707339
-0.07100000000000001	13.973231522745877	22.241030934554594	13.555355639201172
-0.069	63.07342011324657	20.390503091607545	14.32704315457826
-0.067	4.767353871004687	22.19681938070812	14.146434014962766
-0.065	11.268797138308528	20.894202439292688	13.468864430623615
-0.063	5.127732638277038	21.13608461543277	14.067617433118931
-0.061	2.791565465232182	20.68468904827459	14.24049614539771
-0.059	52.38279169383908	21.799531847045333	13.854556666464276
-0.056999999999999995	21.411576822005784	21.42380226053278	14.10458345247071
-0.05499999999999999	30.061803554914945	19.17625269387326	13.936153616633954
-0.05299999999999999	-0.5388377831705427	21.910120384156624	14.25343740436865
-0.05099999999999999	40.985072973898085	19.10409214199886	13.500743980498632
-0.04899999999999999	-9.631048182967561	23.25596808823954	14.775955883521231
-0.046999999999999986	30.074432665339046	20.833273612210117	14.320269182256729
-0.044999999999999984	-21.192285100113395	20.252388608982177	13.727439277437224
-0.04299999999999998	24.189564741039504	22.54958556909137	13.978600621288853
-0.04099999999999998	3.850931942217528	25.073451589225638	13.802858448132305
-0.03899999999999998	22.124119387179064	24.898695954521894	14.08360255165436
-0.03699999999999998	-14.94909570332048	19.275531672415323	13.921468508179979
-0.034999999999999976	12.106652653498529	20.7612365334751	14.110709295367752
-0.032999999999999974	18.387288824417425	23.459359752196093	14.342496483081552
-0.030999999999999972	16.832293071811222	23.010863524735882	13.791138225668393
-0.02899999999999997	-9.421297655354266	20.07359342297803	14.419533873340745
-0.02699999999999997	-0.08168794563001569	20.244025074943412	13.852447908288243
-0.024999999999999967	20.300401645245714	22.75220685840123	14.615458817633362
-0.022999999999999965	-6.155652534700629	23.394555026851222	14.0776363047229
-0.02099999999999999	48.690776137894076	24.368615934461335	13.998862917973158
-0.019000000000000017	14.257375424930885	22.07664138995479	13.73293575089172
-0.017000000000000015	21.288174461675524	21.74271863225461	14.28200461329779
-0.015000000000000013	26.654714607721175	20.509139071915605	14.00606229889087
-0.013000000000000012	-38.716928145388074	21.98574709726182	15.39539958497336
-0.01100000000000001	-1715.7362410743503	121.28290056598941	14.128445967645108
-0.009000000000000008	-6430.868542912749	137.95485344104696	13.747674654186117
-0.007000000000000006	-8869.509558217414	44.50465686430528	14.306449656063506
-0.0050000000000000044	-9719.990374894238	27.42571287067923	13.627287603623508
-0.0030000000000000027	-10127.385745953288	25.84964493174651	14.045977931410848
-0.0010000000000000009	-10322.308007456038	24.865869173878036	14.143030162472042
0.0010000000000000009	-10342.118338927065	23.24614139712331	13.988029672636076
0.0030000000000000027	-10111.130098561682	26.01076071805219	13.391486296034845
0.0050000000000000044	-9736.973223098967	30.060500786257656	13.876601535340335
0.007000000000000006	-8939.539082358893	38.540022628011826	14.056721652749287
0.009000000000000008	-6516.720990371483	126.71028366249813	13.459984184659906
0.01100000000000001	-1577.977178982448	125.95830095865813	13.935036882217908
0.013000000000000012	-28.47180596377008	22.49643621193105	14.49360877418648
0.015000000000000013	-19.71781233622849	22.4041290043551	14.629070534213021
0.017000000000000015	8.250225945305445	22.319756337475138	13.95071053585859
0.019000000000000017	47.29144762083415	23.401992830237536	14.431919951819689
0.02100000000000002	9.922929093297839	22.667364721070232	14.097307993086568
0.02300000000000002	-19.009162528615953	20.47861699246086	13.995743855386864
0.025000000000000022	-6.3572030967185	18.578000594269618	14.641002377700504
0.027000000000000024	5.272708482717547	21.37897313225525	13.77523895248789
0.029000000000000026	46.938463730938906	23.444653117277767	14.71554746107349
0.031000000000000028	19.02555874266909	22.417388468272065	14.116777449952288
0.03300000000000003	19.2532075735663	23.052606686176286	14.635376941185497
0.03500000000000003	-21.126157019435432	19.37180537492461	13.898744087418342
0.03700000000000003	10.112977983478544	18.917584245003752	14.348399195447069
0.039000000000000035	20.531420632519115	23.258496268272864	14.237508298078998
0.041000000000000036	14.23113325160763	19.744586822408223	13.667479258264226
0.04300000000000004	-14.708443725086617	20.159178274187	13.71443074225333
0.04500000000000004	8.565470386967533	22.5047732663694	13.65444880180358
0.04700000000000004	-2.258777378028043	20.128062455918034	13.76911431418114
0.049000000000000044	-2.024037382031274	19.33853387340093	14.171327743048803
0.051000000000000045	11.282734085016344	20.058556088634717	14.126334998410902
0.05300000000000005	0.5241328489002939	18.383479355115	13.878496696859598
0.05500000000000005	28.738874090938893	19.561321989729468	13.996914777308387
0.05700000000000005	57.38698017254684	21.08872790113527	13.972660204397416
0.05900000000000005	-17.655754941836577	21.233607963408502	13.799603706275052
0.061000000000000054	26.61451890695332	19.997530481333822	13.879984509804393
0.06300000000000006	12.91027725902616	22.0005130471769	14.051549451347801
0.06500000000000006	9.15783942256887	20.81552388301911	13.148649815080592
0.06700000000000006	25.469750177586903	19.780294999021006	13.831869202246914
0.06900000000000006	-1.698223072277294	23.160644785599715	14.19787763627674
0.07100000000000006	0.0185475541591984	19.481305449224468	13.717354122098383
0.07300000000000006	25.099464246114422	23.554879946294797	13.708890363849276
0.07500000000000007	16.793442054297003	20.313640755201614	14.284078019786463
0.07700000000000001	-14.971311027234258	18.659894740005402	13.871990009862486
0.07899999999999996	4.751104982103627	18.579359436864667	13.567000164921135
0.08099999999999996	27.17789919892688	20.647149582358594	14.19491454935712
0.08299999999999996	21.374393798456737	20.786210366313053	13.672030968596962
0.08499999999999996	12.91603361441851	21.375480317019672	13.853054436492219
0.08699999999999997	23.502404933761767	20.000287666570408	13.285769009652112
0.08899999999999997	14.054715181677224	22.499731239167527	14.903960663628844
0.09099999999999997	9.65127903573837	20.542321367352343	14.017706806193004
0.09299999999999997	0.5825683686566663	19.987439834592806	14.37054608223185
0.09499999999999997	-5.262650757620335	21.140851845347107	13.84757252416629
0.09699999999999998	16.76770600966826	21.60504886042701	13.57003449271697
0.09899999999999998	-4.324656610155131	19.93330114454311	13.934912093444911
0.10099999999999998	0.850790175643823	18.02413160038906	13.83088944481502
0.10299999999999998	6.121412050807962	18.921556742438	13.963498215262575
0.10499999999999998	26.033862390306695	21.216359548420044	14.389213215861613
0.10699999999999998	16.571210570415218	20.617769845311024	13.642169336453277
0.10899999999999999	16.50790389740031	21.259213029566624	13.423591793113497
0.11099999999999999	1.4069002458594326	21.076776608695862	14.212962075175122
0.11299999999999999	2.129134228479046	20.979017851351454	14.227702870904674
0.11499999999999999	6.343594088686899	20.620192370895175	14.011823026796128
0.11699999999999999	-2.712755402090039	22.195087152323598	13.81015167865807
0.119	-2.162977413955325	21.145558572602244	14.172713470692939
0.121	1.908797560901121	19.921986554963386	14.551768031332516
0.123	28.253017804402702	22.524628070556805	13.997813165517725
0.125	51.885647525784506	19.14692146757045	13.662448896599713
0.127	-10.245908715678098	21.393810797717958	14.111684722421176
0.129	-11.918963833679186	17.819195264124993	13.87465781311708
0.131	18.281540275610908	23.252350276071418	13.85699581548877
0.133	17.19787386167404	20.295487174260707	13.975240857076006
0.135	-5.061304915066067	20.624693611685068	13.880157817654446
0.137	2.039644092510784	19.521498959385394	14.20629951554892
0.139	37.20253420680386	21.43780831276846	13.87943906944765
0.14100000000000001	8.786842193853062	21.075676846890413	13.652809400705806
0.14300000000000002	35.686067358042806	20.165491709165607	14.201207274947159
0.14500000000000002	25.859198639954784	23.27217281804261	13.786112179478133
0.14700000000000002	27.56716088758715	25.06832321518537	13.940885228449844
0.14900000000000002	6.501757953580878	18.735642866381507	13.639511656407578
0.15100000000000002	-4.500535586982046	19.748589861678525	13.960463503573484
0.15300000000000002	14.284148958765286	20.99507223923055	13.794616680018176
0.15500000000000003	-18.709595487775843	19.090422321790985	13.855672536697815
0.15700000000000003	-15.828404922424433	18.653573965391672	13.971253124085846
0.15900000000000003	1.8187271066949506	19.254628645696467	13.4482403563881
0.16100000000000003	17.126842247972007	21.40038279150409	14.288382527898014
0.16300000000000003	-2.158539673668969	19.087165466343087	14.0391821369167
0.16500000000000004	10.118085463917126	17.03764217902333	14.228254324124514
0.16700000000000004	35.12196930977041	21.81347909159606	14.469342223625235
0.16900000000000004	-1.4480188029741825	22.90375421693384	13.828302338567976
0.17100000000000004	49.5317564102038	22.706881475333148	14.305310495117265
0.17300000000000004	0.6904142240138356	19.154480801825798	13.57234533485803
0.17500000000000004	12.551830695262112	20.07488056551568	13.672833760658126
0.17700000000000005	30.537590758328292	20.69208824610562	13.546266367123268
0.17900000000000005	55.08967167200396	21.149106512543238	14.1255309713906
0.18100000000000005	-1.1011695947305	22.374857641508065	13.800150126183917
0.18300000000000005	-8.389822646281964	19.763742671827863	13.861912736525653
0.18500000000000005	11.610870881639812	22.17176209359599	13.644573358314041
0.18700000000000006	63.49184797693752	19.35702909243892	13.834310943492119
0.18900000000000006	-10.881508017757113	21.331580004438162	13.95038486484711
0.19100000000000006	18.2768242189546	20.57399869675448	13.580200236087276
0.19300000000000006	24.13509836141081	20.290074432384024	13.577562530573855
0.19500000000000006	63.82202503307788	19.142203583980532	13.781893377777813
0.19700000000000006	42.58448006178028	20.055837467770996	13.79242039434288
0.19900000000000007	-15.760083715399276	19.212339713696082	13.467346775500333
0.20100000000000007	28.963988323305045	17.115897962667	14.173117854912718
0.203	8.110558713525506	18.05756788684985	13.71434683866329
0.20499999999999996	-16.701292728016348	18.3576846502323	13.215961432187365
0.20699999999999996	-7.70832156904433	19.681954274713615	14.165916601087106
0.20899999999999996	-3.236954111307533	18.681817581294744	13.64851590276691
0.21099999999999997	18.423350867102783	19.92062806951586	14.003631386584047
0.21299999999999997	0.9505119300534659	20.810824754391014	13.777866355179128
0.21499999999999997	8.251906345568827	20.512886598292827	13.726409271112425
0.21699999999999997	0.5397471964929679	19.612970607502568	13.862433583605506
0.21899999999999997	38.540485803872926	20.542806938247157	13.880439618690003
0.22099999999999997	15.291522679872216	20.440090108769116	14.169868408190364
0.22299999999999998	-3.7235743028940504	20.0020809502265	13.93050718774749
0.22499999999999998	8.79256427510633	19.221299727915362	13.990224996685905
0.22699999999999998	37.09671632523559	20.484818589368857	14.453153767058083
0.22899999999999998	-6.158152160540276	20.78941856605064	14.098358508676371
0.23099999999999998	24.881141542199003	20.275022352545108	13.788293986024344
0.23299999999999998	-1.8497611645740264	20.337923804204916	13.85490549722212
0.235	30.524960132893852	20.26814109704141	14.436701379952112
0.237	-2.0179501658557086	18.306118632817444	13.799321223080199
0.239	51.49153626016201	21.17259328774848	13.570418527325934
0.241	15.767052992110564	19.07004931505114	13.886256187924863
0.243	31.046619480168403	22.84234509485481	13.832306583705128
0.245	-6.862044003685952	21.380260124086348	14.121330481085861
0.247	0.3321446828685737	18.51352646320987	13.654464064898852
0.249	-1.5762082437031921	21.522877389892148	14.124604292839065
0.251	-26.31243632633673	20.793919224854058	14.575134561663377
0.253	7.73661248443247	20.23029217255204	14.022924881966922
0.255	15.256564623866709	18.2460338887602	13.781569993695282
0.257	29.95206417955032	19.37673735899165	14.103312158356358
0.259	-5.309724113278236	17.302208340050843	13.855615183740245
0.261	-11.068212010911793	19.16986589696061	14.030419031409116
0.263	41.65884767348693	19.071389296329677	13.568218502379896
0.265	19.673548912635397	18.484327968751145	14.209342224221743
0.267	41.04368517054979	21.90385657571796	13.932476393168285
0.269	3.725523134212594	18.436375666732157	14.155909930801009
0.271	30.774027636848444	19.849170919433043	14.292515838163311
0.273	9.407829154373104	19.50785521273867	13.99822674118045
0.275	22.914673811991193	18.794437102822645	14.310863715711418
0.277	16.256032428607625	21.047464731428313	14.340485625541797
0.279	23.262613815910882	20.370620478467842	14.101700993738136
0.281	13.865982662508713	18.717183175812487	14.01552057970395
0.28300000000000003	14.142678285811172	20.901333199922554	14.13365841041428
0.28500000000000003	20.768943175930588	18.85670832224685	13.85429461777813
0.28700000000000003	16.706483335848787	21.957229913247687	14.074355730884191
0.28900000000000003	-10.43581114357206	18.16805816349938	14.052083218579659
0.29100000000000004	18.345476720638132	17.738838535865785	13.801732863746633
0.29300000000000004	13.060300587897089	20.16646863404167	13.831603636081127
0.29500000000000004	-4.1839508546637205	19.3916614717991	15.298676538201818
0.29700000000000004	-33.86490385026697	19.59727997432698	14.156471794871255
0.29900000000000004	24.249073509174934	20.680320310044635	13.658760867239236
0.30100000000000005	-3.787845208935714	20.005130245183746	14.052763243055052
0.30300000000000005	18.366546956860574	18.86679155929487	14.352707913482918
0.30500000000000005	-9.507558663357507	17.672576411464647	14.088926534015817
0.30700000000000005	-3.4536595600043185	20.92769711292306	14.28632904364738
0.30900000000000005	-1.208763682258862	19.766642606563952	14.279742700175364
0.31100000000000005	-13.159712067944973	18.256685518370706	14.113531251015822
0.31300000000000006	8.369945109887311	19.536782099329894	14.571172082875147
0.31500000000000006	20.21362842996588	20.16645754450009	14.13655692169093
0.31700000000000006	10.145116276616406	19.380855538087747	14.17045836275704
0.31900000000000006	18.631186301742986	21.892937632987557	14.192060374306719
0.32100000000000006	16.942534905250994	18.243255788108872	14.042049204622577
0.32300000000000006	13.17074120432693	20.43876761410591	14.024940680627001
0.32500000000000007	14.429347561240036	18.70939679321244	14.358207638709018
0.32700000000000007	33.2365950852509	20.676695475691634	13.876068131498618
0.32900000000000007	30.7011389395484	21.424121094374318	14.039667313487707
0.33100000000000007	2.4599954184800765	17.932784666635683	13.833786029279512
0.333	31.036567660569503	19.840285689906548	14.284729066158334
0.33499999999999996	4.8576688582713246	20.2333237740317	14.272666170534135
0.33699999999999997	-8.703993381486974	18.494053527573868	13.973225568637377
0.33899999999999997	8.147484790610449	20.975110323856256	14.601790429220799
0.34099999999999997	3.6757778758556015	20.850751673885856	14.190412594275626
0.34299999999999997	9.783607252566995	21.20862613661176	13.486330353988896
0.345	40.07410081396934	20.359165516495242	14.236638592051142
0.347	25.063152528259636	18.95202823176503	14.695959169940298
0.349	-14.559040832917702	20.522734948051966	14.499851032424663
0.351	21.344025462166627	20.741217058741665	14.408373916146475
0.353	1.1539545399230633	19.18552542080657	14.150758999606495
0.355	17.10781137420625	19.629522142350694	14.136954880903708
0.357	-7.694598293972454	19.81340148000451	14.933169595441528
0.359	25.171058615214292	19.956553561869026	14.660446937908803
0.361	25.57355320553789	19.721645886705783	13.973819435911803
0.363	31.781562120469786	17.337517983274687	14.382918299310823
0.365	19.03597246855071	18.89001104884895	14.731020154989237
0.367	18.86105057091747	20.483076373494068	14.72976602860307
0.369	30.75558331677719	20.426841658027676	14.475629213187606
0.371	40.93787956982453	24.504269440040186	14.654879434816598
0.373	22.51974169786841	23.601951075929207	14.627628997175231
0.375	-17.357411455587446	17.406563216451957	14.075828274713798
0.377	-10.773703700839299	19.73085176362842	13.962766739460436
0.379	38.65174367656543	19.654693480303127	14.145696132935472
0.381	31.21898809510526	18.7435549849342	14.558343956692443
0.383	31.943382660992725	23.260462149653204	15.536755183081157
0.385	9.01563651289905	19.991513232392354	13.85581772259116
0.387	14.04645234437396	20.756843492130205	13.555360050626897
0.389	0.13091168593604152	17.960591492792926	13.847774055163695
0.391	20.41594103197042	18.76667652338764	14.467343272153528
0.393	-0.29904610288067346	18.0762851033303	14.52271070797527
0.395	12.86753065787849	21.954046044616373	13.471073719239858
0.397	44.99201061625158	18.018606156889874	14.220855352630851
0.399	15.821999819198851	19.167377751033193	13.732500549848641
0.401	21.34362934613776	22.40168663610562	14.969797613939777
0.403	-5.183882160642028	20.50558920339999	13.876425642205428
0.405	1.0032650892277672	21.46825947382127	14.32184277020476
0.40700000000000003	26.755362287689266	19.670462629077143	14.113979556043757
0.40900000000000003	11.68851250121783	21.3052379846564	14.035326116484377
0.41100000000000003	-7.150185049265012	20.32973304482955	14.628139431215727
0.41300000000000003	5.413187437186551	19.903288936602106	13.632703470743087
0.41500000000000004	-4.44356456885675	19.74390500021777	13.342939524675879
0.41700000000000004	-1.111102990503099	20.772696875765856	14.116839392174784
0.41900000000000004	6.507661756138816	19.538061770309916	14.525387987746033
0.42100000000000004	25.94982261650003	19.485375094921892	13.793068649061004
0.42300000000000004	29.744842802381655	18.863578505805176	13.865506450314408
0.42500000000000004	3.90942199901545	21.05296921563644	14.654032197054578
0.42700000000000005	5.5887403755949805	20.610212954883337	14.517157406187783
0.42900000000000005	-9.140765383164329	19.24059936682031	14.60927474345
0.43100000000000005	20.047607090845077	18.229867265534033	13.333860201047408
0.43300000000000005	-1.967718502249305	19.397469570600695	13.70495319767673
0.43500000000000005	35.55287156009612	20.71214438470122	14.442283720863877
0.43700000000000006	-5.527139782857127	20.701936503045385	14.530772298807687
0.43900000000000006	21.050905582242763	20.69699970718471	13.500200859103726
0.44100000000000006	-0.010303655484378282	22.148166212706684	14.273173516292678
0.44300000000000006	25.418808833554962	20.988541759691827	14.075904800526146
0.44500000000000006	-16.055179254292895	21.874840853100462	14.175669393200751
0.44700000000000006	-32.495353983308384	18.891429964916476	13.776033286462557
0.44900000000000007	21.24348989629432	20.402804798581773	13.404019531955289
0.45100000000000007	-37.12965991953254	19.92065024982327	14.772136642265389
0.45300000000000007	6.7182392746723	19.553609752778943	14.318480984804875
0.45500000000000007	-20.16409835114974	19.63166635433382	14.617565855620034
0.4570000000000001	-2.6384845183136107	20.787982880132077	14.14008305866716
0.459	4.562490689918874	19.736061525593545	13.992267327826221
0.46099999999999997	0.4538266855647066	18.608885039904834	13.760574765590425
0.46299999999999997	9.57147612212772	18.009883030038107	14.326212260799753
0.46499999999999997	24.563659274834393	20.960340220500022	14.026519878489875
0.46699999999999997	-0.5596994534506905	17.655073796666787	13.629077779012468
0.469	7.098595969479149	18.458597525875792	13.840384321338583
0.471	15.946685659296023	20.41654027434421	13.634078753678144
0.473	15.375393152883277	16.376795393567363	13.778559017124506
0.475	11.197042764754528	19.943710341654565	13.699954004682374
0.477	3.324546371974435	20.101382730185875	13.932976138059953
0.479	4.104971656149203	20.06234563893479	13.637821043529636
0.481	-0.2507889672598296	19.657864440195365	13.994342990744567
0.483	2.5646915264854186	21.825283662191545	14.271316349091888
0.485	19.616666764976642	20.82198644434658	14.281412946349645
0.487	-3.5721713819159007	18.76995968583983	13.824431407051526
0.489	-35.32480959400619	19.32994521503454	13.982348328417368
0.491	5.172446580381518	20.569022170772516	13.91184243976133
0.493	4.836342787140069	18.23849265325054	13.212783321345478
0.495	29.833564687109515	18.65693561884309	13.484796670582552
0.497	23.302967457450308	21.6271249393508	13.92249382400977
0.499	-28.75771877597355	20.783860258182404	14.609892971745388