-0.499	124.01330531330856	47.500717301719874	43.47439179198382
-0.497	86.14307279364297	49.52706986123353	45.7003743741729
-0.495	10.668492534948726	50.268342764289066	44.23905920654552
-0.493	0.49660984391408647	50.21986298134867	44.532850396906596
-0.491	26.41701420857956	54.56877152165732	43.529165780991
-0.489	78.04584842485696	53.51261552811822	44.64309719496594
-0.487	-27.057786068374057	44.64488854782469	43.946106746177136
-0.485	118.19088577880166	50.93946409546964	45.15119929418177
-0.483	73.52879062660911	46.26406321081903	44.46467804297875
-0.481	-69.390110143841	47.886270473000025	45.79304820057819
-0.479	-70.1016445099345	43.73280979055734	42.31708344526147
-0.477	45.28995891961429	44.90344075929715	44.343881208032194
-0.475	51.76325095246348	43.40897788365057	44.91270871749747
-0.473	-14.323205861921373	57.65797182012063	45.29961016332888
-0.471	-15.133829768920748	44.788933890463404	43.64705917466892
-0.469	26.398932774673867	50.34123799977428	44.29727241109878
-0.46699999999999997	-17.412558703355785	47.07389205473575	44.96194989090183
-0.46499999999999997	0.9213681579911537	43.80987426964402	43.9303085951641
-0.46299999999999997	98.11010904359208	47.63422754544263	44.8288430335886
-0.461	31.936452431491347	48.55199054304591	45.93196955867718
-0.459	0.8635322146233193	42.96655780877146	43.50275388189677
-0.457	62.66408066779583	40.37374829421362	44.18769330026332
-0.455	79.00833469776103	43.69051134991271	43.81662425319132
-0.453	17.36274690178341	49.018537095171276	45.988594677698565
-0.451	-44.22204554443976	48.66432018149017	42.026753044992475
-0.449	-27.561745638671198	45.33699582877368	44.5715466718143
-0.447	65.09128960052735	44.34640801554814	43.260312576285
-0.445	9.568353026123688	55.15329053099252	46.4901660959362
-0.443	126.30814858582973	47.49751598441907	43.1290452746707
-0.441	-12.047895500022499	48.89230170540027	45.55553744342827
-0.439	34.1651474307092	55.51483770327885	43.69033159769902
-0.437	-6.336840660536858	45.28354079988748	44.296262656412054
-0.435	29.939436820836107	48.78624585140114	44.24445477051115
-0.433	30.822229803550982	45.57274947381453	45.4162143813437
-0.431	-63.802077493790854	43.9567186716113	43.094186679821625
-0.429	28.323192123425045	56.46028339266376	45.382709404150916
-0.427	6.921504777546161	46.41762558643704	43.75362004520606
-0.425	25.547585437379894	51.32263034061934	45.74704277471807
-0.423	37.06949129678172	52.273566570292914	42.537331547252336
-0.421	12.898376351655472	51.26443850676154	43.89408749698934
-0.419	-20.145290200335175	48.9005825856034	43.78142303669214
-0.417	16.30098083804654	44.12699691982893	45.98578967370194
-0.415	-23.295327377548247	44.56513875678608	44.43719099526724
-0.41300000000000003	62.22973944147725	52.8640284759312	45.28782215483712
-0.41100000000000003	88.67169357684723	47.557192678896875	44.28613318173069
-0.40900000000000003	-38.485639623497825	49.56320460606076	44.83169661926953
-0.40700000000000003	48.626899067816254	53.568476934132256	43.4894485303477
-0.405	108.03302551765093	47.970556251100994	44.81227950022525
-0.403	85.93540533685662	41.94682712210443	42.389430585195676
-0.401	3.851944503363569	47.2971212052144	44.55924527079695
-0.399	55.860497991888636	49.464060045278984	44.819884570849005
-0.397	26.006306918846533	52.695342333698484	45.32027994392464
-0.395	61.87672780444409	42.58962799485243	42.37123553523279
-0.393	115.21567942351929	43.65490635897632	44.28364880143628
-0.391	37.527338354603756	53.35847983854402	44.93352123837403
-0.389	104.83115646375829	51.74321551922033	46.86865086365231
-0.387	30.13339901491996	40.7927367143978	43.145357079676735
-0.385	15.211509683643598	45.989978771111055	44.34253240203973
-0.383	72.96490719088666	52.5569604340173	43.66970456054569
-0.381	75.42566237805914	48.98876705240643	45.970621920223856
-0.379	97.09975981864183	47.81275788315255	43.924783694793874
-0.377	-26.84697931643054	46.64859053211743	44.294635071135694
-0.375	-35.58508195200538	50.074849076764046	42.75384832466833
-0.373	-34.26832394581858	47.68604178846936	44.87442307350975
-0.371	41.13803373284597	45.83370102842426	44.184971728782045
-0.369	-48.525704479995824	44.763499882347126	45.726119730687586
-0.367	-30.19146791827243	50.016951066579225	43.400683121416485
-0.365	3.549284402604158	44.92407581168933	44.88805563013762
-0.363	45.2464400677588	47.94692654004898	43.9937981040358
-0.361	98.93011540795804	47.30833096260952	45.415211996191985
-0.359	81.35984601276292	50.13909674151996	43.364027486977996
-0.357	41.92591424390102	51.52430437469851	44.12141250882822
-0.355	-24.013214397933247	50.40693538729421	43.52505412317536
-0.353	85.4014782398771	50.42371150031097	44.684005898092565
-0.351	40.734279497245396	52.41281596284242	42.752524442198016
-0.349	-69.35161688614855	48.818546158763056	45.68031371500732
-0.347	65.3205517640032	50.604931692127956	43.09075015578289
-0.345	3.563413819129835	49.11913072812804	44.10908114330854
-0.34299999999999997	2.849809911387169	51.071118303561754	43.687647236498115
-0.34099999999999997	-21.389055242959643	45.77819333735796	46.21820324802676
-0.33899999999999997	-0.8355462542963821	52.532192630733036	42.081264321056096
-0.33699999999999997	6.586773181105343	52.04685544074453	44.81970321101449
-0.33499999999999996	-47.038039299840406	43.853861882618574	43.42496121938566
-0.33299999999999996	22.13337566159268	42.720049305483585	45.14880222929802
-0.33099999999999996	71.28012071810907	51.483743276157355	42.69879749434437
-0.32899999999999996	20.72963935617622	44.90050386010238	45.092286414714756
-0.32699999999999996	21.339061173186735	50.46029760739484	42.965014971140114
-0.32499999999999996	-23.12842395524317	47.57443360754659	45.13787856292681
-0.323	2.216496045370775	46.7507822892588	43.4504464849761
-0.321	43.122454088440065	47.1335976277524	44.55524313122914
-0.319	18.15748326317035	48.12802115555398	43.37068283913523
-0.317	42.521622526381364	49.52982199493415	44.11341223864286
-0.315	-8.801707646721724	41.40029151302491	43.08609657071743
-0.313	10.548270409804772	52.57924055371829	45.49902014671304
-0.311	-12.516910904203371	42.387452336916574	43.186555634119856
-0.309	24.089371523761116	52.23381705241339	44.54775659063159
-0.307	-0.28435111221192244	46.2313594652769	44.94712833508748
-0.305	58.26817334386725	42.361846414501684	45.80701897706341
-0.303	-7.879227397089572	39.075379026767195	42.100502814557544
-0.301	64.23647430198187	50.80989437520074	45.48245848228075
-0.299	0.35704162559824226	45.19143758837736	43.062843438769605
-0.297	75.61433382807792	55.95039799721791	44.69027848070814
-0.295	-33.53754450863278	55.0847433173794	44.95785769962787
-0.293	29.698992211057984	48.8880660692012	46.21863155930393
-0.29100000000000004	16.353378273326058	38.68505463739206	43.94513211457542
-0.28900000000000003	62.28336763158815	53.33646801241108	45.75272301094462
-0.28700000000000003	3.3874133871236722	44.448487349144386	44.22681695063875
-0.28500000000000003	75.07515138138743	47.75482087001411	46.279459262393374
-0.28300000000000003	64.94155146596903	44.867498341812635	43.57886880453151
-0.281	66.27993821206601	40.5209776365335	44.8913856583616
-0.279	-7.6480635684550435	51.769827596884284	45.1220235318444
-0.277	4.129106768502311	49.74763416380465	46.3092903718297
-0.275	33.04905828782623	41.8765250153697	44.376015565942815
-0.273	-8.245724055000458	50.79201884972628	45.616459376542814
-0.271	-37.71728266732666	46.357164140642965	44.19951544905476
-0.269	113.80292835205807	42.8272863897091	45.65458182832983
-0.267	-8.490998776755632	46.695940701672185	44.857588070386626
-0.265	-17.35958680548766	46.74421729435375	45.8304126348646
-0.263	31.8278122222182	47.602709824997284	41.79917191399378
-0.261	-23.864407986184943	47.72393909790695	45.93532854468054
-0.259	87.3426606413652	42.85964474407743	42.76324297221773
-0.257	66.51267637103331	47.81541976887445	45.478586065207175
-0.255	-22.489424539196	47.698462815023674	43.34371122165057
-0.253	-24.54752721348097	50.14900497749673	44.82928016767902
-0.251	53.595401494854755	52.84326709557227	45.43629153402998
-0.249	23.56893840937957	45.68682971772674	46.28982688288275
-0.247	-40.73905002810463	49.8683402014111	43.19102828636365
-0.245	48.104439858587256	52.11442671918168	44.81850860217934
-0.243	8.512138757854615	47.890049948636765	44.14584621708897
-0.241	81.20501783492884	50.95231664719095	44.5913903969106
-0.239	-35.20565613623905	48.14034098043804	44.40747525121892
-0.237	86.76901306348128	54.101692186008755	45.58301798968091
-0.235	-15.143743804735266	43.68930304421566	42.31429318968225
-0.23299999999999998	40.83240194341364	48.578525486583764	45.867412472880666
-0.23099999999999998	30.05266700717435	53.14105065038346	43.9793171841184
-0.22899999999999998	65.52746162191703	52.39208900287554	48.16278244801512
-0.22699999999999998	59.445246107792116	45.76894879556517	43.83375274890485
-0.22499999999999998	19.906824895610242	48.397059337918044	44.1389958204696
-0.22299999999999998	39.02411512246573	50.92888968643254	44.18552952342419
-0.22099999999999997	30.87730588102744	46.942413611015255	47.49597333005877
-0.21899999999999997	67.21044908553075	44.363680683693474	43.078900383049
-0.21699999999999997	-52.038480053862024	47.970369234280405	45.0420683377929
-0.21499999999999997	115.95437296119115	42.90316489595058	43.95030460758943
-0.21299999999999997	15.815904891303134	53.60560868198848	44.353873356180706
-0.211	6.191821214640569	53.610155234623065	43.86072429920198
-0.20900000000000002	76.23456273764262	47.71162454814553	46.235470132953054
-0.20700000000000002	10.006725708500142	47.21256134735244	42.647212085164114
-0.20500000000000002	0.7827255374959208	53.058417567099475	45.594197341522595
-0.203	51.27309967822846	39.47967547565934	44.082405362044575
-0.201	-38.67545069391465	49.47463045799408	45.126824544403746
-0.199	26.936201911187396	42.61389571624587	42.98232817388876
-0.197	40.98068820446166	52.18759293918991	44.346376302895855
-0.195	34.89005268386691	43.14939207354339	44.554389791683235
-0.193	67.87850628930947	51.625446189197234	46.57299581550095
-0.191	86.3275568430133	49.31967497712058	43.07536318447755
-0.189	-60.17448325612573	44.47054152673761	45.550086372047645
-0.187	-13.076545396395467	46.78760718571008	43.7466268154696
-0.185	6.040420365227561	47.01009094211798	46.00730829993367
-0.183	-43.11086501551653	45.8489179096422	44.24832504700065
-0.181	-48.20741105515669	50.4324674013044	47.06425704515187
-0.179	11.018130202433696	41.458342043923764	43.20369140135721
-0.177	39.7796319719923	50.36747196450345	45.14901215284983
-0.175	-35.22048269466449	44.87424789662812	43.12222071535154
-0.173	36.85059348312869	49.72427917854083	46.47715857378151
-0.17099999999999999	10.955319715622025	48.77445601585601	43.43389163404897
-0.16899999999999998	-3.7444086543603206	44.13080526021227	45.57883359477722
-0.16699999999999998	7.0388043833524705	48.32600966709113	44.390417777665576
-0.16499999999999998	-42.8065894482188	47.394252470965704	46.07613123075253
-0.16299999999999998	145.50041357641595	40.16112339755365	42.349966759849146
-0.16099999999999998	-3.249738737109986	51.78456001488985	44.605719311969274
-0.15899999999999997	-1.7301609640529847	47.06382837713822	42.805072597783756
-0.15699999999999997	-44.70864965044896	43.2923766620741	44.020083311713094
-0.15499999999999997	-31.685003733183947	47.29635174900415	45.18118784852953
-0.15299999999999997	-19.77580464029849	52.535238025694916	45.94978084877582
-0.15099999999999997	-61.9443340961201	50.63159742793536	43.34019125534598
-0.149	5.18334712817925	47.70238414298115	44.918520061090646
-0.14700000000000002	-44.952121612151785	39.64921193801854	43.799470067663364
-0.14500000000000002	-8.013571571985345	47.49460266979724	45.183796009067976
-0.14300000000000002	21.029745259637522	46.31553232349385	42.27804178979932
-0.14100000000000001	-4.861385267673768	51.514546890914716	44.02912148056316
-0.139	-55.41291719168839	44.118706815627355	43.63689717718865
-0.137	-0.975148584991814	46.62243189721163	45.02663242907872
-0.135	25.185720565534808	44.23602784910522	42.27537429357162
-0.133	-22.00094244397821	53.14823196550394	44.58570668870162
-0.131	51.26888139472818	47.51672840610084	42.74313764296672
-0.129	-46.44607338388784	44.90211815118231	43.40903919349215
-0.127	7.456059095245493	50.49566192651527	44.33410212055857
-0.125	4.572602136487802	56.42080824060843	45.38178289256238
-0.123	67.81068415295799	45.158195178196586	43.35088131976269
-0.121	19.62634309582434	46.73976277933801	44.15652570288525
-0.119	67.41681916011544	42.57992628174931	42.607122966133005
-0.11699999999999999	18.50902435118762	54.92780184717023	45.67689386499733
-0.11499999999999999	79.85879175476107	50.53964864343115	42.98989492263906
-0.11299999999999999	66.21374231685628	46.20984831138044	44.20330587403187
-0.11099999999999999	59.048236109804364	56.37088391017647	43.67949674794475
-0.10899999999999999	70.9394743718672	41.67051581652574	45.656619265278906
-0.10699999999999998	36.96602749636568	39.67758226669636	43.43043791067332
-0.10499999999999998	81.39288312669635	48.66346600320553	43.46772018588806
-0.10299999999999998	-98.26517697686387	47.50705043073035	43.63350298653585
-0.10099999999999998	48.1529435694128	43.8067904488482	43.756207019895434
-0.09899999999999998	22.633093997415088	53.32875174330237	44.24680276166462
-0.09699999999999998	8.924910511964868	51.74865307933298	45.944897525172664
-0.09499999999999997	84.19989553121177	46.54326896294498	42.37677727601776
-0.09299999999999997	-78.67620729773428	44.3770379989255	45.26634034429835
-0.09099999999999997	40.94944326249461	44.03105599906346	43.08625071735254
-0.08899999999999997	46.54364358391838	47.028725153405276	46.323436794188176
-0.08699999999999997	17.42418170125326	49.62196868873652	42.796481336490615
-0.08499999999999996	24.077828305157922	46.55437538658811	43.40642028155891
-0.08299999999999999	44.36284451747596	47.9929643424637	43.96513679100062
-0.08100000000000002	30.19400919779258	50.412105776313915	46.92783966110474
-0.07900000000000001	65.94821111849392	46.63924017138645	43.868308079813886
-0.07700000000000001	-93.12326389898651	51.260230303905644	44.63075580591233
-0.07500000000000001	67.19976271263306	41.04641199034622	43.16448396109565
-0.07300000000000001	-23.755611034403934	50.4487829451638	44.640466971527665
-0.07100000000000001	54.51260751154763	47.38739988750267	45.665100565924355
-0.069	118.75100541902661	54.8658844454173	46.156625938575914
-0.067	-1.4457889719876604	40.69066660643903	42.48106559546841
-0.065	-0.2818344891908353	42.192293522302805	45.23380054784825
-0.063	-3.8024161924665734	45.47621496044907	43.55785870752712
-0.061	52.448908754554324	48.10935135739904	46.020079247451015
-0.059	-7.712362215528401	46.59726273319437	43.31091110472748
-0.056999999999999995	104.16022212500486	51.410848433580604	44.70502253569144
-0.05499999999999999	-104.43246962754671	46.97179509305685	44.47595712242239
-0.05299999999999999	-21.696084386291226	52.38656142809522	47.514681924970795
-0.05099999999999999	2.69348358639121	40.07555840023115	43.72547713423099
-0.04899999999999999	-1.5902078558394095	49.75741873552216	44.97103081404186
-0.046999999999999986	78.56574337705702	49.14614102848712	44.23688843781261
-0.044999999999999984	45.87089651231224	47.31941054889108	44.03529871969906
-0.04299999999999998	-18.925333698516233	48.29951806378381	44.48706383845322
-0.04099999999999998	74.25639488056746	49.30437928590731	46.54872640559195
-0.03899999999999998	46.60540557388515	44.481834458424004	42.996161684491376
-0.03699999999999998	-76.13593561650589	49.874541171106344	44.67566322105929
-0.034999999999999976	76.31139057040492	43.738450368976785	43.51440598663834
-0.032999999999999974	78.55657106037306	50.781880300535995	47.232723545879814
-0.030999999999999972	-16.936005471590576	49.76294180271499	44.418960124759316
-0.02899999999999997	3.874805267312098	53.39689345257055	45.098288249569016
-0.02699999999999997	82.96438734878286	47.85385839088393	45.18527086114599
-0.024999999999999967	60.500841943866845	51.42381319188789	46.0961195573076
-0.022999999999999965	19.39296857589312	42.583635958607	44.25641167787251
-0.02099999999999999	57.90678909090019	50.29501062944405	45.22240686653048
-0.019000000000000017	19.095091666976316	48.446671637570496	45.05411840653251
-0.017000000000000015	48.2024689383298	46.99020250783118	45.03128667315586
-0.015000000000000013	34.212289159674114	50.55698508186621	44.75676192532888
-0.013000000000000012	-32.048716477328654	56.11936416224284	47.28333421153695
-0.01100000000000001	-15.822560778810946	49.35612451311364	43.36406839523832
-0.009000000000000008	-201.36369858614333	63.27623419094597	46.05021591109066
-0.007000000000000006	-3434.695607915317	166.1352796396081	43.69263832749481
-0.0050000000000000044	-7184.351967646107	81.25991921360864	46.065062887388756
-0.0030000000000000027	-8219.995478178755	52.574414279171	43.20585725707952
-0.0010000000000000009	-8698.737460148708	49.071255955832015	43.766137539781056
0.0010000000000000009	-8665.923432330303	49.827010348216724	43.6820957091393
0.0030000000000000027	-8196.501997633664	61.56287113495321	45.22703546361666
0.0050000000000000044	-7111.712204128762	78.88696389718993	42.96298708456869
0.007000000000000006	-3353.6398160941562	152.14580721865536	44.81776990675425
0.009000000000000008	-207.68565311068966	64.95175345672047	44.73301025315724
0.01100000000000001	48.75838219331463	51.36222495604853	44.630466820358336
0.013000000000000012	16.668404782649304	48.09451882904907	44.462499434786125
0.015000000000000013	9.991984408985743	46.36839191867977	44.86248444706394
0.017000000000000015	14.87288702706202	44.32550483278296	41.44928920275458
0.019000000000000017	44.27482064195409	44.04077312685834	44.7909264342044
0.02100000000000002	-28.81736577853289	47.12742654034445	42.99254245384656
0.02300000000000002	-23.10159502361131	50.9468965670119	45.49838792405767
0.025000000000000022	96.24164592247908	47.83089780212425	42.07397510809225
0.027000000000000024	38.73751821958926	46.37399306011181	44.01866189102567
0.029000000000000026	72.97725060628757	45.8258695377989	44.112465346850776
0.031000000000000028	3.2989749352285713	50.926824487567785	45.038565631836185
0.03300000000000003	40.256404311822536	40.339171171880366	42.996353372174134
0.03500000000000003	4.403294556531989	40.70127705449632	44.351917787358126
0.03700000000000003	16.120678580477943	41.082001068874895	45.806357149663654
0.039000000000000035	88.30174947571656	48.410195922921616	44.4732653808509
0.041000000000000036	70.2189198626968	51.15647069460016	44.015153010135
0.04300000000000004	24.806066067473154	48.332834007032865	45.77875079440989
0.04500000000000004	33.008957799784966	50.556430764395984	42.789438470730936
0.04700000000000004	65.41517169078581	43.59979694564128	45.22983495838118
0.049000000000000044	41.98215550621498	42.56125723583774	44.45843428782622
0.051000000000000045	37.09121682393679	53.37997207598912	46.44916878022506
0.05300000000000005	33.54715047154677	46.39723490895384	43.166489724145876
0.05500000000000005	24.432317787148605	49.78430785383464	44.073002719110484
0.05700000000000005	-58.79375868900194	52.76370579590961	44.51616348881096
0.05900000000000005	31.90802769181822	47.73299238108954	44.979901223523946
0.061000000000000054	55.813800907911215	51.60560006704491	43.3602597139337
0.06300000000000006	51.75127440359972	58.27267609327444	44.33146221072365
0.06500000000000006	4.230249073478021	40.723349375759135	43.667196343855636
0.06700000000000006	18.84071680913202	49.48288117491157	42.91548201814383
0.06900000000000006	1.732285314526294	47.929911969620946	43.495189158972586
0.07100000000000006	27.396507217058996	58.60591452105797	46.17169798299428
0.07300000000000006	-14.15741278210092	46.75036422544612	42.13730789568728
0.07500000000000007	86.20738659992355	50.747944975626936	45.02987214935885
0.07700000000000001	-3.0083807313063815	46.01711444543385	43.969342474855694
0.07899999999999996	29.695937384888182	48.8615002651694	46.32945387522114
0.08099999999999996	8.329308396337609	54.14671592919893	42.087026819244976
0.08299999999999996	-11.333030090932006	44.915732036160044	44.10338121948308
0.08499999999999996	-44.17226789554807	53.700355748866166	43.7265568083915
0.08699999999999997	6.15458653019374	51.132869348843435	45.945301007395486
0.08899999999999997	69.18838536495997	46.04146797142327	43.44380846404985
0.09099999999999997	36.6043761013124	50.58349716056581	44.34596989212212
0.09299999999999997	97.23136298500634	52.06646804172606	44.29094947073633
0.09499999999999997	77.67653086721005	52.67999661398962	43.86764386439272
0.09699999999999998	55.8987806367206	51.802756076330596	44.44569963263282
0.09899999999999998	6.6845160333617315	50.02103024553455	46.55955222164697
0.10099999999999998	17.096269769867334	42.203473013993374	42.771281491479485
0.10299999999999998	0.1874889536956914	50.534223619862566	45.18868436818625
0.10499999999999998	32.94460067038152	48.166412434252024	44.21643263396696
0.10699999999999998	49.49307378621093	47.512279766305056	45.197831217290876
0.10899999999999999	95.49693566035522	49.26736745191777	42.48057334956449
0.11099999999999999	70.25524299142383	56.05564783408922	44.328466814773435
0.11299999999999999	20.137215138271713	46.46581947870308	43.413585210475276
0.11499999999999999	27.171021993011024	52.4334059122465	44.281009019321665
0.11699999999999999	-13.582505221654273	48.590971633841114	43.436403019012126
0.119	50.80755416075888	51.3329726359205	46.29118518517759
0.121	39.077194386560876	44.66038438455133	43.86224968484036
0.123	15.730244074196875	44.937699460989016	44.469014923720664
0.125	96.65248837897877	50.25899302866743	43.28213611436908
0.127	65.29945177713437	57.096785005626174	45.80526762523809
0.129	84.17478810485157	53.91294959843803	42.50488110850977
0.131	34.453958226654535	46.02091027560528	45.43041456270031
0.133	95.82815540087886	49.12500040997502	43.93695956884688
0.135	52.75771739721158	58.904018439173186	46.52544986633943
0.137	-16.607549311986602	43.853916267397594	43.647888858779126
0.139	82.8589978465466	54.394060701667826	44.08800763602689
0.14100000000000001	0.4513569835662423	45.75923885171774	43.890959654371784
0.14300000000000002	151.6047063516712	50.64136862040163	45.55682952477856
0.14500000000000002	69.48355848335197	47.3388067448757	44.10481136086913
0.14700000000000002	-2.3129736504978737	50.588122011918344	44.9385603443459
0.14900000000000002	66.41336774504403	44.132622470436665	43.34283296377106
0.15100000000000002	-19.104307886541605	49.73265232418821	44.40204530704667
0.15300000000000002	44.065130276882414	49.92106118659183	44.26973040861356
0.15500000000000003	-0.504335616158258	58.402958953549785	46.40229604760994
0.15700000000000003	22.07450137370337	45.879434610987815	42.49744009050563
0.15900000000000003	27.425573558392813	48.36010850837239	45.66434976481617
0.16100000000000003	-44.518756250777614	41.75545971769795	44.32531294353859
0.16300000000000003	74.06352719652176	53.915879477313425	46.90205857562605
0.16500000000000004	60.54073698957829	45.04629295973442	43.681806132576284
0.16700000000000004	53.759554356158645	43.08907841972687	43.821472379703785
0.16900000000000004	-52.42024782092791	52.45038008272492	43.925941532735806
0.17100000000000004	51.457316746938986	46.827048550704234	46.030312305608234
0.17300000000000004	66.0895882511614	53.93410994526171	44.121511479068936
0.17500000000000004	-10.022633476935994	52.59397208655642	45.715790381274715
0.17700000000000005	9.411229455524861	49.159777139494906	43.21539862445578
0.17900000000000005	-3.4423842337760746	62.659116290553	45.438033037438984
0.18100000000000005	50.652865397848856	54.920041380219224	44.74539834487993
0.18300000000000005	-15.051191274317866	51.40934626561587	45.9817754680862
0.18500000000000005	134.09103340777938	46.6901714184557	42.98915604064745
0.18700000000000006	39.77619809658606	46.08473015690441	45.22200628242343
0.18900000000000006	134.40479242521343	51.23734598107521	45.22058776246088
0.19100000000000006	27.058044770100764	47.398917076364896	47.017879829908786
0.19300000000000006	12.923796704145118	45.92934947720489	44.00885744149833
0.19500000000000006	10.991522507497464	46.50746259326867	43.90620066524805
0.19700000000000006	-69.33175751722143	50.951873592349415	44.97604669652487
0.19900000000000007	-9.095398829206403	44.581841042916004	46.18525873566174
0.20100000000000007	-37.294323060321766	45.392755322026886	43.96362425252377
0.203	-10.069767555354048	52.731268737117404	45.93348436923444
0.20499999999999996	-10.420089705864832	48.919988733353435	43.4048305041371
0.20699999999999996	-61.09678725185752	48.23606316916431	44.82786479368934
0.20899999999999996	108.80586449624197	45.35961593321774	45.118167102068895
0.21099999999999997	8.868359293368044	47.42772280369112	46.11469186145335
0.21299999999999997	57.46284911789523	50.011646509531296	43.14868446316109
0.21499999999999997	64.15251341040928	47.27344862889823	46.001488667128676
0.21699999999999997	120.36881510857356	52.89368891536867	44.841906982357386
0.21899999999999997	-53.86264975837385	57.41641317641963	48.796864009074625
0.22099999999999997	101.02035973202916	50.095895228310255	43.64724670254232
0.22299999999999998	4.59065524927027	47.800012144798714	45.411323929779385
0.22499999999999998	-18.309582941911096	54.24370321374992	45.00264704498999
0.22699999999999998	7.2879473147491325	51.23657146438584	46.025915661898054
0.22899999999999998	27.561332835768226	51.52618929618009	44.696970731688296
0.23099999999999998	12.0891409149948	49.23078398049696	45.989730377378194
0.23299999999999998	12.28497880889634	52.55178373497168	44.79566948520294
0.235	65.64994620017472	50.226366156803486	45.16357492603199
0.237	55.398915393300996	48.550690409647366	45.83762233117497
0.239	49.81592742758778	45.930139055536245	48.02797724132031
0.241	36.48065271644185	47.69489025744551	44.43693121795003
0.243	121.19905715768375	54.512228077882035	47.742277215324116
0.245	-2.533983076369317	45.33850149787186	44.804777587456094
0.247	-64.51808237672995	50.76953482938897	47.413714271191125
0.249	26.972051742291114	52.668736916867566	43.917468505063674
0.251	28.74903287830577	48.17713020600724	45.14193326725382
0.253	-65.78826426673068	42.562361661502436	45.23917377793811
0.255	48.70106188548107	47.628878401250894	46.91299570346945
0.257	74.73921925016391	51.6610285062499	44.832232816952526
0.259	-46.40923748389092	50.22369323202366	46.14168167967235
0.261	14.152952208412728	51.74708119883971	44.000684841087875
0.263	-23.51859384908117	46.74205407689681	45.49724604924086
0.265	-70.8634997105273	49.199050779461025	44.46907858991521
0.267	-9.861955445500392	45.83302827572889	46.33470295228181
0.269	23.536254877720708	58.629476792680855	43.083760337594846
0.271	-71.53251138847239	41.08779282497996	44.78311992063737
0.273	-36.07842892872082	49.05965552154784	43.62045928786814
0.275	18.502881974136187	54.94060678763839	45.686314561472614
0.277	-2.653914089156828	46.827819816102455	43.64640632628356
0.279	9.978025928392142	46.44944637218634	44.07512730473315
0.281	11.969654015286935	43.369456158877036	44.17152544252841
0.28300000000000003	79.89823482401626	50.74859684610697	44.96455077874185
0.28500000000000003	14.261534605264359	47.04506720837773	44.31379147674384
0.28700000000000003	-52.656658410144	47.17563339869271	45.15098840782165
0.28900000000000003	101.44357092700673	44.005686999596634	43.4375437708778
0.29100000000000004	-28.153699554001044	46.98546438017781	44.358330385595735
0.29300000000000004	66.67089693701556	40.5736563692858	43.49194923386409
0.29500000000000004	152.77837403693263	54.08456701240309	45.856169115100506
0.29700000000000004	-15.354404916401165	44.941310766452006	43.109625645479795
0.29900000000000004	40.47920832839225	47.488689553389	45.09258140415012
0.30100000000000005	45.42326391443474	45.593480569424464	43.74914477953338
0.30300000000000005	-33.08378846222926	47.54235330205627	45.65149354948839
0.30500000000000005	49.4149950767131	46.0240836713276	42.481489923177314
0.30700000000000005	22.040474453532966	53.71608941480796	45.13353341796659
0.30900000000000005	32.34642937788301	46.69316647831027	44.406450498352264
0.31100000000000005	10.802328086700896	49.69036997799689	45.439523683157866
0.31300000000000006	-9.923670358458203	47.794618164694526	44.75571473653762
0.31500000000000006	-40.2079418151402	63.60492340664521	46.95263384266446
0.31700000000000006	27.785040384920023	51.88586156758196	43.803444367520136
0.31900000000000006	-77.92223864755421	46.53781105584332	44.43327859266037
0.32100000000000006	-17.561179698977192	47.69170596528515	44.908842995874544
0.32300000000000006	1.5320513362393484	53.981080794836096	45.474219508033585
0.32500000000000007	12.988972710070712	46.15130584622821	43.13156879534513
0.32700000000000007	-96.18005650791073	51.63028219093164	46.50539540502126
0.32900000000000007	123.2095531022992	41.194019820257424	43.48052324234573
0.33100000000000007	58.94870439671074	48.2523912303223	45.98962867989519
0.333	72.95690998287974	48.21511127355964	43.133759943096884
0.33499999999999996	-15.840095345831529	52.00357225528909	43.87289112110904
0.33699999999999997	56.91332174695418	51.50727404376418	43.69556197904837
0.33899999999999997	44.48226757203244	44.09124049520883	45.49965457498749
0.34099999999999997	-18.414821776557844	49.211021891003625	42.911225874793054
0.34299999999999997	68.5813447653949	50.17356563813342	45.36015987279905
0.345	49.902517527122825	52.7297247169465	43.59227653046731
0.347	-65.66704380017718	55.352757285098946	45.1312855984526
0.349	114.91246158712443	43.46977966613683	43.79158442481716
0.351	47.295161077487435	53.972311082764165	47.18036605609621
0.353	-35.90777821771418	46.00395041634544	43.401348951800806
0.355	17.40201665989538	49.90328703131241	44.34023068079314
0.357	87.80665033847335	50.4361163123332	44.70204416856007
0.359	67.14801952512062	52.959182804289014	45.46679938357843
0.361	-21.990425399631697	55.4881900978081	44.18523484984649
0.363	-4.976965431335856	56.31082352049411	44.82576181473083
0.365	63.72833976397985	51.40226130480346	44.27309978245569
0.367	167.28310302083216	51.45768628228355	44.44169278240388
0.369	95.13873092981129	53.86820714585586	43.28249079504857
0.371	2.546487001708897	48.00465898611445	44.665813083507935
0.373	24.764839297475305	53.02059063500419	43.20894420082705
0.375	62.4279711380904	45.20295335211831	43.47356096656799
0.377	62.64989656057374	53.9414527181993	44.83950698299295
0.379	67.337556926228	53.16059198424276	46.121527172260116
0.381	25.769068507708326	47.078396383386725	43.42882295478264
0.383	-28.119992901087798	53.68950772226298	45.432380883835314
0.385	19.125721621326974	51.22210811411934	44.82718928125038
0.387	-0.4709667233981918	50.16237658378472	45.912137794330455
0.389	20.816759360275938	43.58268103045169	44.416355101452424
0.391	-19.398203547349446	49.914129058114526	45.893896302712164
0.393	116.87244264102503	44.28674119377576	44.341667173338124
0.395	26.805030843402022	51.87383901047364	44.2207824271648
0.397	29.606031710871505	52.69416299559561	45.051355544288185
0.399	-99.7137859104491	53.09199538600752	46.99926368812433
0.401	42.55176888179335	52.262207750923054	45.19861770139406
0.403	-25.136618793664134	47.30048346235794	45.12713154908179
0.405	-90.45817108510602	43.84445104689024	44.87292246768718
0.40700000000000003	37.24373977775919	53.111614976484645	46.00381343791216
0.40900000000000003	4.448307074911284	53.86459454348645	44.14281014599965
0.41100000000000003	113.7581848260627	52.362916741326224	44.60851949285994
0.41300000000000003	46.65783487345365	47.12897705384091	44.38719336579201
0.41500000000000004	-9.012953647080657	50.933959763484744	45.642105845657206
0.41700000000000004	-31.355137609878625	50.682697649495275	44.346654630235584
0.41900000000000004	81.19478740375996	47.99485735804658	45.94064410283774
0.42100000000000004	21.766327379157957	43.96673027218861	43.8840505974742
0.42300000000000004	-23.509546894895372	50.76012356127853	45.29616711720629
0.42500000000000004	-72.6313330023931	47.166657207068866	43.94789227630719
0.42700000000000005	-9.279210820722916	48.811886385577615	45.692540479401785
0.42900000000000005	59.21909757788946	45.39717518995606	44.44168419815572
0.43100000000000005	-28.105038633707835	50.303961238149576	46.267989945235826
0.43300000000000005	83.90314929607179	54.19534691950779	44.64634964910662
0.43500000000000005	101.80616941712906	48.24575780675252	45.73658123649906
0.43700000000000006	-57.80277514100263	41.294199604961754	43.72790618901967
0.43900000000000006	9.224937125518196	55.306325445652654	44.6421094668002
0.44100000000000006	0.8611760491383791	52.15011595658936	44.76948833616708
0.44300000000000006	-52.27915343308798	54.62180477517343	48.30282031569257
0.44500000000000006	-12.2648197207198	40.84903294443367	43.702492579727256
0.44700000000000006	-22.898506265800478	51.528575412810575	44.81787737524437
0.44900000000000007	-21.907163750833902	49.25902255086087	44.302873362332406
0.45100000000000007	24.70642737550932	49.320067697349664	45.25509813128235
0.45300000000000007	20.64594936856956	44.59103171460411	44.340758638285905
0.45500000000000007	103.77802361660748	59.839536841253306	46.28746428339668
0.4570000000000001	11.37217193258877	49.879513590833916	43.91496820303027
0.459	8.818574033009341	57.58707171116119	46.86251726914303
0.46099999999999997	143.59879444558743	41.495855481995164	45.50207973391489
0.46299999999999997	27.182150474702738	52.3568303230562	47.641137918011594
0.46499999999999997	1.210856120259507	53.1373028396344	44.66249635146548
0.46699999999999997	-29.696388924027595	54.650157321434754	44.9697796644263
0.469	126.98319848603035	48.08821458734206	44.39389987577825
0.471	32.6182490772986	53.6526952901204	47.63095021249596
0.473	-10.51791541417657	45.456692638749594	43.272166654818065
0.475	6.4972979134658715	49.788432442745616	45.63848228651733
0.477	27.014565122884804	47.711571334977165	43.33652746343125
0.479	54.344174523324185	46.37454816293591	45.233482354361975
0.481	20.231109967960847	48.07099681912399	44.303421453003146
0.483	75.58375400606998	50.75250366484865	45.988800555985726
0.485	27.098144407045055	51.50510110694178	43.1626587346905
0.487	-49.20836264454831	46.450628887355364	44.95494553202353
0.489	115.20769895945193	52.820201007966574	43.55730265896511
0.491	95.96075802065229	50.63005867905625	45.52172585554039
0.493	-26.984648903938258	40.47799459187508	42.73061912484142
0.495	53.73352962934064	41.337621538104	45.97982416207077
0.497	44.488590841496034	43.90959076492541	43.7586720254547
0.499	104.28524408179207	50.76906833843989	48.368386632569674