-0.499	-1.5783818052561571	20.905882972920146	18.14034944629927
-0.497	16.39018610211096	15.797443887063842	14.821108617755181
-0.495	10.627208822722167	18.574725965537255	14.660721728530905
-0.493	11.12277321091426	17.663817866017634	15.068585453953835
-0.491	-6.67103247120604	18.26222329299565	14.8520792315761
-0.489	20.814903135768503	17.530274390447147	14.696346532195198
-0.487	22.307593787740387	16.130344406417898	14.260102176293172
-0.485	31.12314037445607	18.96282394779669	15.321365415566785
-0.483	-10.229833450337011	17.277687680919733	14.83269162269505
-0.481	-4.202188698232412	16.73210638620023	15.092430855028862
-0.479	5.379025956431249	17.07490668175654	15.02875131475178
-0.477	-7.731505832997421	16.964336921791315	15.045817285305567
-0.475	11.771212474309678	18.645720424255785	15.000640934086984
-0.473	11.072095237540935	17.389266873092804	14.786493779039446
-0.471	16.58934205361895	18.26314485633836	14.769602112092052
-0.469	14.828947987988172	16.122542144432813	14.990795221009144
-0.46699999999999997	-20.45172308762222	18.206162269459682	14.761307618337216
-0.46499999999999997	9.367685423589123	17.332852712810904	14.990214206200072
-0.46299999999999997	26.12074414742871	16.628330779271987	14.50291561035544
-0.461	1.3076903100373016	19.31814824594663	14.524373891897346
-0.459	37.40856535072723	18.15099922403977	14.703811941184949
-0.457	4.5952753784384015	18.815263198889994	14.582781040929113
-0.455	16.650761997416552	19.232323645533707	15.031147985586186
-0.453	2.8092763149079047	19.463089811981476	14.945468669758924
-0.451	-0.5247296368526833	16.206067301908554	14.967591908063747
-0.449	15.074130944370268	17.743057490020494	14.942091695147122
-0.447	11.241769240610822	17.9215522104077	14.917381422933412
-0.445	24.35546250478815	16.962213782725737	14.578631257572253
-0.443	-6.003879277516333	16.10248472957533	15.0057520389924
-0.441	1.7329593391401943	17.37266255398813	14.795429011079118
-0.439	21.299676404851198	16.66003162932769	14.56982552690534
-0.437	47.225813379236925	17.726735772749006	14.504769694732047
-0.435	17.59993483552158	16.360078923199953	14.892998165621039
-0.433	34.52149589455722	18.65412047260943	15.103564902148742
-0.431	10.592105641027416	16.755694224547288	14.416522961449092
-0.429	19.10599708931926	18.663400905065124	14.789878358224312
-0.427	-5.959931755117331	19.387728764227077	14.643219768372452
-0.425	32.52474814430251	15.89542273937054	14.384060275284712
-0.423	48.60311217025348	19.546451408779404	15.28374893812026
-0.421	16.92449436530019	16.529635294333456	14.557589000777396
-0.419	-2.5425028830072804	16.68550219827409	14.739193640940513
-0.417	-9.82178611330653	17.10928683827399	15.060609662475999
-0.415	-16.947010294754428	16.3166658501295	14.891877823775578
-0.41300000000000003	11.194321373864113	18.97454689967697	14.876794844906348
-0.41100000000000003	33.991384659870505	14.708937920164672	14.314198288081332
-0.40900000000000003	41.525682544119036	15.837925486656978	14.700081245026194
-0.40700000000000003	-10.609920211401835	17.915682203108876	15.355107498210252
-0.405	23.785421074951074	18.294124118122735	14.506250497043473
-0.403	-23.820085053305462	16.21810547760963	14.614206998646699
-0.401	-4.092602434169201	16.79985258573267	14.73192631842005
-0.399	26.341228656301396	19.22449657340667	14.574926914267618
-0.397	7.753645137276166	15.965668257435862	14.932893707513866
-0.395	34.96355335697032	18.51380373195883	14.747139688719486
-0.393	25.464992188029	17.697718348703507	15.020590575344604
-0.391	14.452315769242219	17.35324982023291	14.624170425777471
-0.389	45.163416134030854	18.509359820844104	14.7625503238323
-0.387	-3.0762851063181884	17.221716269039792	14.627862605356867
-0.385	23.981607019551987	18.431016277293768	14.63352322741159
-0.383	6.202193503890285	16.46132406489321	14.908809350197846
-0.381	26.6217047393269	17.89190495563503	15.32621120254643
-0.379	22.846796415398885	16.376145541218033	14.914606037232359
-0.377	-13.696315470212994	16.71183951352589	14.79694059701629
-0.375	-3.569268045677809	17.955345544031164	14.31219765499694
-0.373	12.845137381090055	16.37547977705087	14.451044309611994
-0.371	16.358867832355628	18.00398648937598	14.926376855797493
-0.369	27.71800075551667	17.79367704129486	14.709531669662743
-0.367	-17.785386635216227	17.029017202573847	14.813565911473006
-0.365	10.259188005345976	17.896550159123706	14.897761758508828
-0.363	14.37424403083476	17.917341992877414	14.422531929008874
-0.361	29.8772493585453	18.074574712735718	14.936724304879405
-0.359	24.370243419280513	17.45920562121594	14.491398070171117
-0.357	11.985739390096839	19.456581196234843	15.05563970986363
-0.355	11.82762180285124	16.753343737736394	15.000288315805498
-0.353	-3.912616889367726	15.456582747606923	14.350816412557268
-0.351	13.831768660876875	17.814495780690454	14.716405038195182
-0.349	8.179879452452354	16.639563127082692	14.532093271016432
-0.347	-25.407305281999193	17.81716663785359	14.717328961566395
-0.345	-1.0910566817790013	18.89865280846206	15.02041889470945
-0.34299999999999997	-3.0564027171386954	18.034707891235193	14.803261104708481
-0.34099999999999997	20.798656164222606	18.26021825206395	14.983213760606965
-0.33899999999999997	19.983050845828743	16.540649169617954	14.456222592512107
-0.33699999999999997	-18.178943155366944	18.825846279716156	14.632521525048904
-0.33499999999999996	-11.934163855809032	17.77578073461599	14.4028353831763
-0.33299999999999996	9.331997580019902	17.303512574648444	14.918845613830293
-0.33099999999999996	22.064948873357082	16.25024756105971	14.649234379763472
-0.32899999999999996	8.184781726372492	15.612090789580442	14.844523733020313
-0.32699999999999996	-5.056207108111721	16.79872222755297	14.64676261953377
-0.32499999999999996	13.224554582746961	19.178601311009423	14.869669374919843
-0.323	14.21291098813171	17.796973498028915	14.660168800565838
-0.321	12.381195765298614	18.481975517841782	14.795642611009521
-0.319	-5.699729826447175	18.86109673943949	14.700035550880406
-0.317	8.330693826774649	17.792397542854275	14.864733405851938
-0.315	14.313314866676308	18.673739149586886	14.805436065391808
-0.313	-31.50503192972387	16.337129073842785	14.826035103276414
-0.311	14.93019178600008	16.796809170774416	14.938686692822667
-0.309	1.8757199928831625	18.415934762861227	14.85002829368823
-0.307	3.018378323726978	18.245081072468075	14.565378618755238
-0.305	15.367443604752395	16.367394740072537	14.829543885844124
-0.303	5.716876757988487	16.884206455232267	14.997683991314736
-0.301	30.433109041272388	18.952234385235148	14.784118727556658
-0.299	12.592888891216347	19.580902989585404	14.677212328874164
-0.297	16.723883547786755	16.875176107642908	14.620493867824985
-0.295	10.416079751385254	17.86344761269178	14.958444399170306
-0.293	-18.045565431834554	17.572629419345724	14.886773472013177
-0.29100000000000004	-6.667625256917553	16.022046115083487	14.744901605972116
-0.28900000000000003	17.363759001076673	17.365644895025397	14.774647948294245
-0.28700000000000003	11.526492727620408	17.84416134666183	14.736294360937942
-0.28500000000000003	-16.461075282525606	18.52537455609446	14.809437761913639
-0.28300000000000003	29.47444367018548	18.727758331984134	14.610503929390582
-0.281	-3.9173798536129567	16.32828546666599	14.686801340937425
-0.279	42.83590896458911	16.55950551779939	14.450199598131295
-0.277	15.636959667553185	16.50246292405928	15.051825807778279
-0.275	-6.472588161998694	18.20777806457007	14.802485002725264
-0.273	43.51433969240759	16.0779236645244	14.82007546546383
-0.271	-16.776984832711506	16.45674442749661	14.695299217557753
-0.269	-3.3866899878942647	16.963855724603146	14.887834902838224
-0.267	-17.642202550627317	17.127981949166976	14.809458259239138
-0.265	25.644853520301325	17.26496655210532	14.549686832264678
-0.263	7.975758191225424	18.41771092945695	15.129623523648988
-0.261	-14.720121416234022	18.03439556315733	15.015353891645999
-0.259	-15.387262969568383	18.78849050152032	15.158145127514452
-0.257	6.938154734292823	18.33370053939601	15.016962581399524
-0.255	9.226201728607109	17.72434067133077	14.403292844009686
-0.253	13.334011953691771	17.96949709448501	14.654372445056413
-0.251	33.72759007191917	17.491086206250777	15.000087514098059
-0.249	21.30163493196946	19.55653797843506	14.987310718961574
-0.247	-40.734825448973666	15.954384477137413	15.404213682938304
-0.245	-7.150394494837009	17.39348814601524	14.227962224799635
-0.243	21.57802403046638	17.99506945513649	14.653008735318847
-0.241	16.971441627600115	18.012371223734007	14.423122211913178
-0.239	15.980958890882135	15.132793646428064	14.920151316768212
-0.237	31.799337086191315	16.794893975374062	15.457530555626033
-0.235	27.837381938011774	15.980235856569283	14.845720746820284
-0.23299999999999998	-2.989478766091125	18.00814996925197	14.560134021865403
-0.23099999999999998	20.45350142676483	17.823106977874573	14.631844595327557
-0.22899999999999998	-19.985514102205393	16.538487193776557	14.540931236569074
-0.22699999999999998	24.4778731610662	15.860029897297885	14.851012681454758
-0.22499999999999998	4.846127737323513	17.10863319359734	14.568715086307686
-0.22299999999999998	-26.361822781262312	18.194979463074592	14.827908566376445
-0.22099999999999997	28.512894991727933	18.60657489703048	15.189153917146625
-0.21899999999999997	15.922327997186514	16.260834627100447	14.7410135341352
-0.21699999999999997	18.708599964334383	17.47651276653164	14.555441351975785
-0.21499999999999997	21.007987384358273	17.09888946066801	14.509043399604211
-0.21299999999999997	32.311035764953644	17.142409394993553	15.006925448496549
-0.211	-2.269635931528846	17.970509329207356	14.737500134348165
-0.20900000000000002	-0.8465796033085837	17.838799963239985	15.129885076435595
-0.20700000000000002	2.592776322085655	15.707533159159732	14.810308620265511
-0.20500000000000002	34.209066307022695	16.817860857561826	14.557412191830657
-0.203	-17.870437651112958	17.799002666257255	14.795868114895987
-0.201	13.235861753058131	17.802503341733555	14.231578304325549
-0.199	-4.781118246643956	17.418015236555497	14.975332930693387
-0.197	-16.378455048982055	15.104235939197915	14.773199465078333
-0.195	-4.618036813952564	17.408488665894925	15.031152982321636
-0.193	2.756189293018352	20.411054727880803	14.806575712746431
-0.191	38.66032563570876	16.052170899852165	14.698423469729535
-0.189	-6.466679447258983	19.119060700095346	14.497563938102006
-0.187	43.36420049932954	17.03239768732441	14.59073612960263
-0.185	26.43361167797842	18.693997568456158	15.07414785296415
-0.183	21.572723889695666	16.52768289616857	14.663523382705
-0.181	16.10358137749124	14.655612289258638	14.62766060745284
-0.179	-20.276620142700708	16.35199094666774	14.543350909393716
-0.177	-9.211483246840402	17.510676171146017	14.31780285162534
-0.175	39.36797103376577	19.34036787646918	14.550951648538584
-0.173	-6.0715336872574355	16.245356810573004	15.085391600449132
-0.17099999999999999	27.819337004908462	18.372699002066746	14.674131663592812
-0.16899999999999998	21.445597533809035	18.097902067669366	14.80612364252355
-0.16699999999999998	3.489534830425356	17.59697062246311	14.614799150602472
-0.16499999999999998	24.659229157952822	17.43505494980155	15.21932959639719
-0.16299999999999998	9.24427930781846	16.763981630312568	14.33503121587354
-0.16099999999999998	23.75030164913916	18.386037102526966	15.076593328058962
-0.15899999999999997	-22.7072764583669	16.17577297950692	14.796319198142927
-0.15699999999999997	1.54963469256586	15.810678551662216	15.052161361609116
-0.15499999999999997	-35.28712681344359	16.69757866274056	14.682629514923763
-0.15299999999999997	24.082952972737104	15.95510652701005	14.481105036387774
-0.15099999999999997	-32.231990510722675	17.780695403332558	14.263385285240915
-0.149	9.743149514962468	19.317746860560536	14.87146911594374
-0.14700000000000002	19.45596798735849	16.46908500246317	14.550410359992734
-0.14500000000000002	24.038233108925056	17.15662843597229	14.990966730620327
-0.14300000000000002	10.451790955601226	18.603086356439942	14.941586349579495
-0.14100000000000001	-15.402564669031449	18.4695125821782	14.925880866344118
-0.139	-3.866643576877493	18.658393220336684	14.555321164193929
-0.137	11.846819455652025	16.907951765177316	14.749257597080625
-0.135	21.82853256260664	16.16415790870403	14.4941722030958
-0.133	7.688678753225986	17.272777997738128	15.812891109216286
-0.131	9.014570114151965	14.490813807948328	14.821324207717252
-0.129	-5.55717281491841	20.688814583978573	14.749337013678904
-0.127	15.727322273395572	16.000702532488877	14.444399718103748
-0.125	11.59310560683302	18.108126539451614	14.321368524863948
-0.123	37.20672885831888	16.904559860239203	15.507757133840258
-0.121	-11.607701730143027	19.352598599970516	15.437420602653377
-0.119	59.91627341694894	16.8203093003652	14.736992111055114
-0.11699999999999999	-5.960819103645321	17.69571278804675	14.993656006336513
-0.11499999999999999	-12.0892472850187	16.330142820999527	14.929424365696148
-0.11299999999999999	-18.122664359854213	16.889448167711542	15.015039869530522
-0.11099999999999999	24.76957318209294	16.953503918659866	14.566573115559768
-0.10899999999999999	9.4013955334038	17.453923408304473	14.685371816988212
-0.10699999999999998	21.52711731628898	18.754252954662924	14.928630084421025
-0.10499999999999998	-14.409551948424415	16.59060868843698	14.812650533479017
-0.10299999999999998	17.009833884307213	16.34035917483353	14.605877066349999
-0.10099999999999998	22.008977109688743	20.10630982716795	15.147852084495376
-0.09899999999999998	-11.15111289917703	16.867183605679816	14.355905124766833
-0.09699999999999998	71.78021193521289	17.599176297220755	14.509486446467415
-0.09499999999999997	-6.492898644183676	17.305596241961577	14.953295317693971
-0.09299999999999997	-15.559324354819104	18.123512140692895	14.813352873866378
-0.09099999999999997	14.847380976013014	15.776622073473543	14.725149971874574
-0.08899999999999997	-6.26733853259509	18.60621233906462	15.198896503253634
-0.08699999999999997	4.6145724710289215	17.387568051147333	14.976266830272072
-0.08499999999999996	7.738275656254956	17.528995353272894	14.503564046544827
-0.08299999999999999	26.290508498671983	17.802195153939817	14.666161408465113
-0.08100000000000002	11.216486061504938	16.787673788269927	14.900510086579953
-0.07900000000000001	0.4016751140589747	17.67232625409778	14.618975657250743
-0.07700000000000001	-3.832873190612318	18.393788962783635	14.935736236738304
-0.07500000000000001	0.7665045724802866	17.78345253203567	15.571254448452232
-0.07300000000000001	34.41510221535715	17.77553827712735	14.823632722980195
-0.07100000000000001	18.956614303400343	18.463110793841675	15.075611759651666
-0.069	15.820099373176078	18.2310436493936	14.937240608030354
-0.067	15.081720223353301	13.956794612644075	14.513167632446137
-0.065	2.6111003987860926	17.003088511023293	15.293268878494795
-0.063	-9.054281456477575	19.173234870435763	14.614467535077077
-0.061	39.67243579672264	18.154446834485444	14.615297906546678
-0.059	-5.611756248580235	16.361414638084803	14.098512467617267
-0.056999999999999995	6.400069456180546	16.48308748913289	14.54309066209346
-0.05499999999999999	29.07503138693812	16.49290217159092	14.837493807338886
-0.05299999999999999	12.933765346945236	17.42044170623028	15.124844819660517
-0.05099999999999999	20.278803840811932	17.876418935421544	15.17822521586847
-0.04899999999999999	-2.043327295919717	18.6421209684651	15.149920411500531
-0.046999999999999986	-2.020412751324585	15.763771133689596	14.307420316650598
-0.044999999999999984	33.52620473084933	20.96748445252342	14.99031981762849
-0.04299999999999998	18.106076535184812	16.839773356421308	14.867090702104605
-0.04099999999999998	-2.155731916420045	16.490536979606727	14.736233422119277
-0.03899999999999998	-8.864342827319405	17.537423322875696	15.29500109545926
-0.03699999999999998	-60.83342788931745	18.345952856575018	14.86002410756835
-0.034999999999999976	-34.55548608266579	19.24578149658844	15.130108159443724
-0.032999999999999974	-76.04518290249551	16.698068857814764	14.559322824439606
-0.030999999999999972	-72.45579421921721	17.763766362004613	14.64044097093853
-0.02899999999999997	-118.97444221109498	17.326919011280264	15.124450024890452
-0.02699999999999997	-126.0516039678361	17.35454565367176	14.77448963361372
-0.024999999999999967	-93.92517872053307	17.781375775750423	15.025798469931958
-0.022999999999999965	-135.71285342317552	16.755691768552435	14.955131054189255
-0.02099999999999999	-136.0899524716075	16.839653296791678	14.2853325027348
-0.019000000000000017	-103.71517526952533	17.127275296377945	14.946763684085724
-0.017000000000000015	-111.13625910053048	16.952430777163805	14.604968510711076
-0.015000000000000013	-101.87897055080609	16.39299866820025	14.227666385088442
-0.013000000000000012	-150.47179898741715	17.994467672077615	15.70830818434954
-0.01100000000000001	-140.1781745599129	17.358826243019124	14.84305480984752
-0.009000000000000008	-119.7216101164189	19.30471907728058	15.330189808204693
-0.007000000000000006	-117.99711762716657	19.73747674409599	14.562682532605258
-0.0050000000000000044	-90.21301610601107	15.210647182346426	13.802834006084028
-0.0030000000000000027	-148.16062944889018	17.157770360378766	14.866313887429836
-0.0010000000000000009	-155.71417151083455	17.97309945129834	14.929779178907847
0.0010000000000000009	-139.84052941018456	18.62635623649627	15.405718417430057
0.0030000000000000027	-138.06207582423013	18.26508451953485	15.173186579956806
0.0050000000000000044	-163.07914506596967	19.21953802233335	14.504511980539112
0.007000000000000006	-97.69709548634876	18.235978420831398	15.015203701548659
0.009000000000000008	-133.250686705777	17.98793331622402	14.808684679869039
0.01100000000000001	-124.94797851658745	18.776202861050617	14.48612027551858
0.013000000000000012	-133.82445526721742	21.3139704025676	15.42482740648453
0.015000000000000013	-152.61601466065588	16.19995259660318	14.967268085813474
0.017000000000000015	-143.6224876063541	16.36317429689942	14.878420352198576
0.019000000000000017	-121.24995145224027	16.535564800274518	14.420600561533593
0.02100000000000002	-93.32654852500788	17.310487240556096	14.73400836548142
0.02300000000000002	-137.49200521662175	16.250798725323374	14.746787466415988
0.025000000000000022	-129.9113521174844	17.621855441895384	14.841336148265992
0.027000000000000024	-95.1307396119816	16.588241153675146	15.199580438753143
0.029000000000000026	-87.71425252707132	17.196915162424652	14.562082347280718
0.031000000000000028	-86.50258131004395	17.122917663077782	14.829627486102122
0.03300000000000003	-66.14516963476814	17.144277976658877	14.646468617473344
0.03500000000000003	-50.75910254936922	17.89294680912717	14.971327796318308
0.03700000000000003	-26.750980731016227	16.953255484470343	14.361896824342034
0.039000000000000035	1.365535795549988	19.105619778363444	14.965254353592293
0.041000000000000036	-7.0104281102434385	16.280343394698033	15.099252701900964
0.04300000000000004	10.672329880279108	19.586823519838493	15.575040551887358
0.04500000000000004	10.03237851926464	18.981213256553175	14.815645632746781
0.04700000000000004	38.475893274769746	18.3568502975925	15.130499669199123
0.049000000000000044	22.75620114167154	17.446192424109093	14.890981586488758
0.051000000000000045	33.88148527205814	18.936073699836516	15.13203189146617
0.05300000000000005	21.522556135522564	18.830767022310855	14.904773011015735
0.05500000000000005	12.128344878403752	18.117422265707624	14.944945622988145
0.05700000000000005	10.34686782541705	16.174821460797776	15.031135046399939
0.05900000000000005	3.1297844751421167	18.595617064733062	15.226283095587418
0.061000000000000054	-6.272518143113359	17.35175259957221	14.711146591874815
0.06300000000000006	6.949266092570738	15.813338089921194	14.496621362596237
0.06500000000000006	51.84490438714384	18.54854891620799	14.87743822034928
0.06700000000000006	-10.165621809665737	15.538233825236873	14.76094229602079
0.06900000000000006	0.021212559708772005	18.542497757916948	14.945811581658663
0.07100000000000006	30.78879191309447	17.09020586992398	14.59046948715156
0.07300000000000006	8.468566947694711	15.811746651657787	14.692396683031792
0.07500000000000007	23.215585268410166	17.035754261395788	14.877960528047394
0.07700000000000001	9.055699641491444	15.756954437610494	15.116212809092579
0.07899999999999996	39.04453498160265	17.688624955141496	15.09263629241917
0.08099999999999996	10.029897500762885	18.108420050076766	14.704245802115773
0.08299999999999996	-21.400487506428867	17.422739596024453	14.612032403596022
0.08499999999999996	24.28194821324503	17.136524631253618	15.196213415898026
0.08699999999999997	2.468980295322609	18.241299551939385	14.95528196542991
0.08899999999999997	-11.408018686265287	17.89422095338012	14.804860736095524
0.09099999999999997	-8.461727404762698	17.348542730748058	15.220165562751665
0.09299999999999997	19.535494050204605	15.398424468332882	15.238290296546253
0.09499999999999997	16.451559584185205	17.039147643954532	14.665909489190112
0.09699999999999998	-16.062224383328605	19.01152448629329	14.52970889066427
0.09899999999999998	44.65181452606437	18.94271130028053	15.263597897432243
0.10099999999999998	12.512696462518846	18.245627377192054	15.019309575757486
0.10299999999999998	0.32066029631572235	18.02829846782187	14.514483660404082
0.10499999999999998	-5.596653337658353	15.054698461531705	14.89526647769739
0.10699999999999998	-7.399870565083511	18.455602983216735	15.012764205293497
0.10899999999999999	8.828300652741206	16.756001145673096	14.815974501044126
0.11099999999999999	-7.603729917926572	18.602362734704016	15.064989276390877
0.11299999999999999	3.9786519863138636	17.00376733110349	14.254099654351947
0.11499999999999999	27.863311114373346	18.574026971050348	14.499106252167131
0.11699999999999999	-3.617497642882661	17.6410943254505	15.3564301930657
0.119	-4.626193911061449	19.010036373551042	14.887380450803963
0.121	18.122857219804445	15.728863074961925	15.233951852561034
0.123	-10.659090092013379	20.376605865796183	14.836384699673413
0.125	11.358343205758459	17.695043962602746	14.614581878424982
0.127	-0.001734196342084715	17.150575831128595	15.011636066940707
0.129	29.369480177843243	17.876161341423042	14.474463835665942
0.131	-5.894457184796309	15.943222960148669	15.228709374903941
0.133	2.8099205162668284	18.239298894013235	15.194810451909357
0.135	20.154675538730515	14.535540788887598	14.63024633275458
0.137	8.338195192747477	17.130246367447196	14.868940273957405
0.139	18.856821409896085	18.13816701990563	14.921772964924232
0.14100000000000001	21.724895139740852	18.69546816279083	14.814250309197622
0.14300000000000002	12.4738450695272	17.549594042696977	15.29871481903629
0.14500000000000002	-14.002440950067196	17.031468151992343	15.226067641510742
0.14700000000000002	23.039675533853554	18.085882348789458	14.883254202787166
0.14900000000000002	33.909827562350614	16.755001226420777	14.716402753194686
0.15100000000000002	28.471525391537966	16.790101254365226	15.188499872054484
0.15300000000000002	-29.59293303061994	15.302935261945727	15.468605959920342
0.15500000000000003	-20.712743662887334	16.63547850848784	14.609076375080017
0.15700000000000003	30.001617367547695	17.451922412029685	14.951191842964558
0.15900000000000003	-15.354407803869208	17.089625307028555	15.019175459998788
0.16100000000000003	-13.528443430610437	16.32136475447999	14.685906318633188
0.16300000000000003	-11.329361882084221	16.41864543379085	15.202127028347896
0.16500000000000004	-5.343061738827259	19.358344391376008	14.834005367992923
0.16700000000000004	-14.456999481105015	16.39070711291086	14.62058182400093
0.16900000000000004	1.9993882818258868	19.134375221481598	15.342451683298165
0.17100000000000004	33.81417726444624	20.246835104413194	14.904437203294318
0.17300000000000004	30.793598566392077	16.559125080587528	15.375116053681309
0.17500000000000004	-1.949114733945656	15.018023965199772	14.264139154084843
0.17700000000000005	27.984544413550694	18.44160126445493	15.132502506024023
0.17900000000000005	25.90441338723437	18.301815485558958	14.817067584049001
0.18100000000000005	-4.05323537211455	17.624205769000856	14.644483585111931
0.18300000000000005	34.489844863871966	18.013024152073278	14.864350900825938
0.18500000000000005	-1.1868828976302481	16.72902673574853	14.950452006677542
0.18700000000000006	5.645938383702642	17.877350281523544	15.402278678486242
0.18900000000000006	-46.683676840131305	16.583387029197787	15.066940163987239
0.19100000000000006	24.24961537461634	20.64780743058586	14.764749859675161
0.19300000000000006	17.75997249087169	18.14450030056806	14.397447138683582
0.19500000000000006	31.851745766919848	17.557546514136707	15.139247986170353
0.19700000000000006	40.89439937060568	16.7176258424327	14.750232083031161
0.19900000000000007	20.147784710156103	18.804645882041626	15.688454813773028
0.20100000000000007	-17.27937728712714	17.380783303742255	14.858570499234203
0.203	9.055211065867041	19.09337775758941	15.356686031709746
0.20499999999999996	20.222619244059103	16.64842792227961	15.088132127244055
0.20699999999999996	-16.63675702157086	18.394318215923743	14.62267594634726
0.20899999999999996	-13.7031392442033	16.53630294983042	15.072154289425692
0.21099999999999997	12.734232328392991	19.193808345875837	14.848804366917397
0.21299999999999997	41.663485819798396	17.876617805108047	14.855745755430402
0.21499999999999997	-9.250278207639795	16.06789775715199	15.005300221245092
0.21699999999999997	-7.799753909965013	18.668120158503104	14.858027543587651
0.21899999999999997	11.351772452039555	17.71053703192959	15.101406425144559
0.22099999999999997	-8.994818269880689	19.201111931427356	14.82470014173694
0.22299999999999998	19.05806054902648	16.350055584003414	15.118783112228035
0.22499999999999998	-9.30351104710958	16.248375054350443	14.985639657055211
0.22699999999999998	39.97779240005883	18.268991737661405	14.682493102753927
0.22899999999999998	-0.34423749195600095	19.843805689082675	15.098124760514485
0.23099999999999998	26.270874612377426	19.061758920643083	14.951548711400504
0.23299999999999998	-0.7121998436554478	17.95035767738462	14.672982521657554
0.235	33.94887764818222	19.071413961650197	14.927534871364427
0.237	39.05243965474092	16.97974169316521	14.766229320452394
0.239	15.618520550653159	18.02912859850718	14.657526706677297
0.241	23.275712278891802	16.70692273923045	14.381383136748655
0.243	18.35556681339945	20.242652675980928	14.88025470775851
0.245	4.238890935148731	17.3086185272474	14.874204251125526
0.247	14.001253551221282	18.300932481822105	14.881728002347925
0.249	13.02627553889657	17.527098421798083	14.784581388808231
0.251	9.804670468627208	17.7063852245434	15.117219332697335
0.253	-2.7362793248997264	19.668952084005994	14.630916484817046
0.255	-7.566428802951997	18.42654949469989	15.175873808686898
0.257	23.718913065406966	19.119816897069303	15.024784510059703
0.259	-14.94937269364005	20.10536267402275	14.59541911126686
0.261	35.296328209311056	18.038817971785033	14.964024244473297
0.263	23.259690939525512	17.650239770508485	14.276652179030137
0.265	-4.501425733938191	17.728551367479078	14.61826043329382
0.267	12.931624166379052	17.549049985697863	14.593204399952173
0.269	18.342676459504048	18.75068798484067	14.720146199957155
0.271	27.320370104444436	18.410951318541873	15.263599125081898
0.273	7.04968906939385	17.108789099203133	14.820933367488697
0.275	18.87414248957775	20.409658044691433	15.11833691693007
0.277	6.302316620576676	16.916225049501893	14.983003064143963
0.279	-2.2623955504563753	18.113915509294465	14.370477881783241
0.281	7.805206515110186	17.117470164195467	15.447727234891365
0.28300000000000003	17.55570764183645	16.665283302452437	14.566217123450087
0.28500000000000003	-14.174301873781658	17.32886819917389	14.87413341991071
0.28700000000000003	27.988312612858834	20.082208642988537	15.351201901489114
0.28900000000000003	19.972116618749425	19.429735847327194	14.69480313748994
0.29100000000000004	-1.9440957494953892	18.73991104588671	15.236997127392799
0.29300000000000004	-4.207237913722572	15.183154900459296	14.861622081859984
0.29500000000000004	12.552305447055545	18.34931614449567	15.059642248393793
0.29700000000000004	23.514816645198167	22.443241022346893	15.000901517337635
0.29900000000000004	0.5793465855941093	18.32488448241732	15.375365553977549
0.30100000000000005	31.04018665878172	17.36112925183535	14.951406068543838
0.30300000000000005	35.00699206337998	16.41169263777731	15.059371587683955
0.30500000000000005	-0.06437543642601185	18.663611323574184	14.477689869657087
0.30700000000000005	28.519872925958367	18.638183607341293	15.021232427487858
0.30900000000000005	12.518350602785944	17.242068303303313	14.753783634703677
0.31100000000000005	12.766878671799375	16.514885623200826	14.99747784127316
0.31300000000000006	11.341780929097212	18.41294043064994	15.138209310143838
0.31500000000000006	20.03747032608416	18.234318687836925	14.579065982726858
0.31700000000000006	18.97142061890733	15.963768458983905	15.051035035699561
0.31900000000000006	-0.30732494527008214	17.88292270593017	14.617458322718456
0.32100000000000006	6.0079479164976135	16.5466747812656	14.911893065362397
0.32300000000000006	15.30035369112781	17.18290925332253	14.99951094957222
0.32500000000000007	21.5430663026428	19.319683636522292	15.450002437177185
0.32700000000000007	25.916480126619845	18.47642519855046	15.009196953307882
0.32900000000000007	1.3252069206437511	15.468361393558009	14.877056648519408
0.33100000000000007	22.808574834387585	15.873197744141539	14.601432897991696
0.333	19.92201508982383	18.34925241000874	14.940329665688955
0.33499999999999996	2.4452032325594786	18.359080378522773	15.018600632021718
0.33699999999999997	-27.784492913296432	17.198237641383642	14.844176169871227
0.33899999999999997	-7.779618192427229	18.91131786491465	15.193732121911955
0.34099999999999997	2.9260478660031453	18.553535697871993	14.805332026936892
0.34299999999999997	23.951412854383847	17.156865301562608	14.898451918495866
0.345	27.721951184167537	18.11950063069516	14.881664443797389
0.347	1.943773268786586	18.402535568399284	14.74943846094304
0.349	12.268693904360362	15.920234979131076	15.136855595614971
0.351	8.040269396047961	18.797697378695837	15.026587099449884
0.353	5.11745066300584	18.87081008660001	14.627188089588433
0.355	-3.2355874987066713	20.27016102783857	15.22096420182748
0.357	-13.54556332677781	17.149382838394363	14.876751270232605
0.359	42.392271196733944	17.480377392142138	14.949772337878002
0.361	27.71072699392363	16.16893433036427	14.701849382285175
0.363	2.285535695367713	17.795303186508736	14.668517191981545
0.365	21.291813126156356	17.206953258829753	14.814018313802462
0.367	-20.340487964176646	17.65666315068878	14.586662527723245
0.369	36.12352074844338	18.442678272361356	14.702498137876592
0.371	0.26914406170419625	17.824833543255345	14.800926987814597
0.373	7.049498642386354	17.99020791955295	15.221256535664143
0.375	10.085796470660213	17.499556316417294	14.780210876505846
0.377	31.20947972079513	18.012327416446684	14.816528253077253
0.379	13.501034361595998	19.083719484370885	14.86956473825417
0.381	18.181261716820885	18.622169347989846	14.88354266071527
0.383	-11.256301784334788	15.376660994107404	14.380648328181678
0.385	21.23445393631407	19.864545188491647	15.382720567408573
0.387	16.571296078238262	17.803964934526494	15.160874838078481
0.389	-5.643366823293583	17.93810365944568	14.701711744058793
0.391	-25.61802019862558	17.49758874415383	14.945591462507327
0.393	20.351711892629964	18.62725982774131	15.162445027437068
0.395	-8.62809401269704	16.860337413968395	15.572967239887653
0.397	8.198009438409315	17.59832078690024	14.794590381546694
0.399	6.445417783718099	17.44932700567212	14.623108276182943
0.401	9.070009857392591	17.142068552244734	15.016008001158058
0.403	15.055495585780676	16.22387835329318	15.179451591914884
0.405	35.28658938245499	18.21997455697554	14.697106418056997
0.40700000000000003	17.17301344328348	15.683715801325866	15.039306843213481
0.40900000000000003	6.687359125789882	19.340694273330033	14.412719866969965
0.41100000000000003	4.774484559266767	20.452626792242853	15.417082776147822
0.41300000000000003	16.09720414208482	15.5865703813622	14.940959360086518
0.41500000000000004	1.156049107553514	18.319497183914454	14.274035812774633
0.41700000000000004	10.804042783307821	18.501517126875026	15.106892928849255
0.41900000000000004	-6.329387122194774	18.634370202940936	14.9543150541421
0.42100000000000004	29.477073677952603	16.580797725663164	15.057729992454222
0.42300000000000004	7.364788185970639	15.655099043383485	14.77311314179407
0.42500000000000004	15.40732832139291	17.551003602702664	14.612499559156227
0.42700000000000005	16.567068156225773	18.257955822128856	14.568007248193453
0.42900000000000005	17.918487842605302	17.599957986232926	14.960130454427732
0.43100000000000005	11.355542547164532	17.310702899599654	15.01040964076359
0.43300000000000005	29.51916739935001	15.512263879826111	14.359239096711843
0.43500000000000005	28.581718520825916	15.711087889070267	14.457276297619366
0.43700000000000006	-4.458722027922413	16.847279448311852	15.083899645679082
0.43900000000000006	14.867867067058782	16.13014279511448	14.92979124829052
0.44100000000000006	12.994278515865432	15.80264029145349	14.507733777130813
0.44300000000000006	25.459643035574686	18.654670728092242	15.168052917717874
0.44500000000000006	19.730744007517842	18.683276784379974	14.690530847483053
0.44700000000000006	17.377086496406235	16.4638957304265	14.842751204947596
0.44900000000000007	0.06686613462925095	16.14013806963312	14.493435657583259
0.45100000000000007	21.04024065241461	19.908881379365923	14.854246349413213
0.45300000000000007	-12.9070258317876	16.453804428029205	14.667925916476207
0.45500000000000007	-2.814143801876945	18.08477733767376	14.56387250853526
0.4570000000000001	13.017411273352764	17.14664645362939	14.806168464378395
0.459	44.26022048931166	19.414258459649684	15.078205909039436
0.46099999999999997	22.31511599459779	18.981646814698305	14.451432996959099
0.46299999999999997	-10.252627964946193	20.961568589863557	15.314561573322809
0.46499999999999997	-1.2923438611478488	17.366102324564892	14.773055441790417
0.46699999999999997	29.93456203603806	17.85331015894223	14.544927834758818
0.469	-10.14424693268623	19.7144823608498	14.65092590295995
0.471	-2.0980322558150633	18.041950573360886	15.067214935244657
0.473	63.09843196983245	18.203320538835378	14.64129973295274
0.475	8.779616564424941	17.18734850917409	14.757056054736696
0.477	0.12375362068439699	16.652905095301552	15.002975605792308
0.479	10.397156951169606	16.60784019627239	14.737518161675746
0.481	2.0638239537351666	17.573846691811664	14.545055138272142
0.483	26.872741093031394	17.93215481075181	14.624530967577938
0.485	19.116426578813517	19.936306995937297	15.060766766386603
0.487	31.33178239322909	15.630482164636987	14.254574267693423
0.489	7.6722857083044715	15.606375194313541	14.888720267550504
0.491	25.171368727816557	16.9610674072492	15.058189360941023
0.493	-10.804337653991247	15.890246084423609	14.162401162357508
0.495	-7.3713741740588645	19.889410016807442	14.898778152553202
0.497	-1.8699260052601474	16.875327282222695	14.839753688039291
0.499	-32.16214699297559	20.04966836399251	16.703750072629582