-0.499	-36.473818632698496	14.093479521469101	10.419510960127553
-0.497	-1.751180265352481	11.383535632384913	9.093318623450912
-0.495	-16.045862177516135	11.908759356478752	9.7098501935616
-0.493	-2.3784568986551236	13.576743412634576	9.41138057940394
-0.491	-21.18624639801947	11.776840791230047	9.269696969504446
-0.489	-4.271460956051243	11.132024813240502	9.261198366819398
-0.487	14.851556224604323	13.190405956392524	9.70770346931341
-0.485	18.199799861617905	11.219436847559269	9.367576951557682
-0.483	15.14964025850496	11.715888673338755	9.599987788162556
-0.481	9.8057437485366	13.629770963422827	9.379495327183657
-0.479	9.463495196593286	14.276736080996553	9.744859192176891
-0.477	-15.366089697432805	12.111501074911093	9.306809721939091
-0.475	13.232140946950466	12.930684987008721	9.31236600378863
-0.473	-7.733683591637508	11.314475086069145	9.328208460252048
-0.471	-2.7242889977241447	11.099621974157197	9.505291196338296
-0.469	4.435895672560974	10.493418787073345	9.041209611998074
-0.46699999999999997	-3.058346176310067	12.218908031295626	9.620785135824692
-0.46499999999999997	31.68344054516048	12.603612426483942	9.69750095294869
-0.46299999999999997	-11.59804773620543	10.420163676802805	9.19893794837827
-0.461	9.596083667240407	13.912872089475954	9.868412175291347
-0.459	9.063646500884204	12.457863189731924	9.30400440648058
-0.457	10.594626284943232	14.173055860711981	9.89531914564791
-0.455	2.8354908949701496	9.776838817784679	9.145230432686068
-0.453	-22.479432384425735	11.488642736835825	9.412972853290126
-0.451	8.34702443763824	11.237731533796312	9.095135970120275
-0.449	-7.4020265755647685	11.794130641814482	9.653279371554728
-0.447	7.407146341398274	13.042130744467405	9.56418900350094
-0.445	-12.153560282279763	11.2806053162917	9.497740674104907
-0.443	6.270471304414826	12.632175877768795	9.603920629263715
-0.441	15.005714687266192	14.055010049025963	9.44921710608713
-0.439	-4.7206128501731115	12.44903452491022	9.54356726681307
-0.437	0.31001773215244555	13.128385299914338	9.382132916090343
-0.435	-5.460236371712668	11.165147507124411	9.081453461938867
-0.433	9.692340974476465	12.496968260006966	9.630865870941522
-0.431	-11.794821103472408	11.476101132087253	9.702491928318432
-0.429	-1.449524750229969	13.454258744674425	9.653885951754017
-0.427	-20.123023112272875	11.565436203519885	9.29074726797173
-0.425	6.280919478296454	11.867727183757413	9.46335607481143
-0.423	14.236525393673816	12.984189744529056	9.733839824997716
-0.421	-14.45388758092303	11.84283916911507	9.234052768497198
-0.419	13.070435799455993	10.758859757126023	9.728573686138237
-0.417	-14.048408620404018	11.562476455460935	9.798401348593902
-0.415	-14.434354699721652	12.760248097935543	9.582103600017867
-0.41300000000000003	3.1986512623038976	11.549589729869307	9.331593575947446
-0.41100000000000003	-11.381691130241123	13.579176529525377	9.770736614650989
-0.40900000000000003	8.571060319928492	14.454007933590546	9.83753491391848
-0.40700000000000003	3.3596771313870732	12.753630617855416	9.589682462750764
-0.405	16.64368350606793	12.689642718919679	9.155624863445338
-0.403	-2.7810461005195464	11.820843501958946	10.201023519639627
-0.401	5.0440558161390925	12.70665932470511	9.688641469909436
-0.399	1.2202773020941748	12.827125801664163	9.763552134821836
-0.397	2.5401475753916714	11.056682401169304	9.206126456316472
-0.395	8.57963879097312	11.595501150594695	9.816275148395961
-0.393	13.585504637481094	11.09492941287324	9.275165821180224
-0.391	-10.25364766427117	12.991136477971446	9.601623647888848
-0.389	-14.071934560044852	12.355747326565167	10.148286662935881
-0.387	1.5763912899480204	11.903317318208623	9.376501619156233
-0.385	-18.178330046136892	14.064754592112342	9.759263039630298
-0.383	6.68568950290549	13.089169784288481	9.41226072845148
-0.381	-7.587145738452428	13.068045056446856	9.906991195841622
-0.379	1.36786694127089	13.366997708193535	9.444177781595306
-0.377	-8.293015317017982	12.923248506071385	9.607806221704118
-0.375	17.23822681820586	11.636736817607991	9.520971259562891
-0.373	7.674757190656578	12.04879459335132	9.649742683146279
-0.371	-0.9981291503313727	11.713090767077402	9.454360590162294
-0.369	14.164927467863464	12.697984937761133	9.568916662441822
-0.367	12.451597467988407	12.520038836931256	9.787203991149916
-0.365	-14.828110380893378	13.310505545289224	9.454210048778942
-0.363	2.1508837322326	13.233975434732596	9.202232869395743
-0.361	-2.4203230922781316	12.425561329324001	9.410526895646171
-0.359	-4.093747346001209	14.02899970170817	9.43378034884248
-0.357	-7.493631158372871	12.03992177369076	9.753283849177818
-0.355	28.782451596098824	11.814176799277252	9.531690682838637
-0.353	4.807772456816295	12.927599018539347	9.506494123856934
-0.351	8.695599704511281	13.726877453463636	9.395695851342788
-0.349	9.375430651381578	12.807543070260568	9.572770730879597
-0.347	-7.226349708955304	12.244747671873627	9.888732454559724
-0.345	27.25106306122882	12.4274237735378	9.635038057926376
-0.34299999999999997	-9.369055464891751	12.691811791285197	9.298101223414035
-0.34099999999999997	12.720810605992838	10.544916380739718	9.936610013030844
-0.33899999999999997	2.986856768361079	12.67695385817883	9.897042302422728
-0.33699999999999997	-0.6239672135643914	13.745971767856833	9.589068435310944
-0.33499999999999996	1.7818479558506795	10.75346119601077	9.420822723813282
-0.33299999999999996	12.845335195077467	12.041345502505385	9.247009084525793
-0.33099999999999996	3.790547536741684	11.255048877096005	9.740684727366707
-0.32899999999999996	-14.279263100935857	11.855825177325613	9.103144149501032
-0.32699999999999996	13.274255692419246	12.208298474210133	9.728496835504112
-0.32499999999999996	9.175354823254267	12.288848159781704	9.87488976795699
-0.323	-1.4484119907898219	12.07447018064882	9.694336449078687
-0.321	22.176901837811513	11.473615812135291	8.808101631710013
-0.319	-1.8274016636565804	12.887116763726322	10.36761098192689
-0.317	10.258963855092063	13.527157996044874	9.917414097220332
-0.315	-4.956133249356398	10.083810897707176	9.324639372838387
-0.313	5.812836646468256	11.521906053082013	9.593196366759537
-0.311	-3.4307361261864955	12.228086234322204	9.567714550490884
-0.309	7.8694875462748115	14.019477377846664	9.854105780906481
-0.307	-2.4102604773146297	12.362281752928595	9.502873019749078
-0.305	13.276277341933707	11.137946139252424	9.137156828162443
-0.303	-1.3879576138409178	13.928457251234724	9.694715947383607
-0.301	19.848118557375116	11.503675170158996	9.679946197331974
-0.299	8.25321242126087	10.128855579298062	9.075350508800721
-0.297	9.446477932550934	12.06694551520086	10.271635910339898
-0.295	2.9262627228021643	12.502051990470433	9.650619519970824
-0.293	14.77831261231799	10.12320910254738	9.312897399026914
-0.29100000000000004	13.225557920604203	11.92001567375423	9.237358957071331
-0.28900000000000003	3.342932241690022	13.36432852410149	9.890249861504966
-0.28700000000000003	-1.3185850020747125	12.880823391614369	9.591149469822962
-0.28500000000000003	3.0027373389973633	10.833911362738554	9.632186025745124
-0.28300000000000003	16.45033037700472	12.941258505374801	9.549092666044054
-0.281	-7.65945105929422	13.64497694421148	9.991262471080292
-0.279	6.212762788671	11.011976147646214	9.46232427144291
-0.277	12.228525774649057	12.637772275951438	9.929175746860006
-0.275	0.8166738372228366	13.497590489264649	9.597321588269269
-0.273	8.45298375162784	12.281405729478829	9.610546555722669
-0.271	6.436791217367954	10.91378398883881	9.322388210963135
-0.269	-23.528320326482444	12.71683424741358	9.385784898206749
-0.267	6.811815994600678	10.116458119565683	9.534832637103749
-0.265	2.6244455377799625	11.76532288666188	9.444667671545487
-0.263	25.659683476231265	11.991778346685516	9.191840364972624
-0.261	-5.508033005807711	12.503681006369035	9.412116758791456
-0.259	-16.153439573840522	11.350645115778693	10.177923705774644
-0.257	2.343859646591895	11.728348376734663	9.27075752195685
-0.255	3.0774379995435197	13.6288868235858	9.565445235472332
-0.253	-15.971888917998278	10.884002747493248	9.62598010597843
-0.251	-0.7753400235177565	11.948770735972278	9.648800832104692
-0.249	16.895758923496373	11.149936685829655	9.700650848127875
-0.247	13.984315044401896	11.499467355786697	9.297379732390127
-0.245	-4.319180122114297	10.715344561579894	9.162146396194554
-0.243	8.908185406442115	11.289338860861356	10.36511096693478
-0.241	-4.495439415386215	11.80999494303378	9.114147431872158
-0.239	-1.4004482993268397	11.205371040814283	9.463139497318911
-0.237	-4.2199126093489525	11.01360922674392	9.457535121550684
-0.235	9.719803116592374	10.160938952890186	9.584168742742323
-0.23299999999999998	2.457399951971695	12.29485564802791	9.599707324569316
-0.23099999999999998	-0.7716830725534862	10.60122007840991	9.655315472904972
-0.22899999999999998	11.951123874087699	11.3948991010957	9.35952603023993
-0.22699999999999998	32.91082391720934	12.514078156989985	9.667836805564194
-0.22499999999999998	6.648595581193462	12.164306609890131	10.060307911228415
-0.22299999999999998	6.948030821796181	12.379082011367375	9.478933507367884
-0.22099999999999997	-12.165540422270915	11.9264021064313	9.65817105099415
-0.21899999999999997	11.166352432923077	13.199164557521813	9.800650010025898
-0.21699999999999997	13.60428619179288	13.292481165663007	9.797680948002556
-0.21499999999999997	9.493027417262212	10.476674857351426	9.231465868305632
-0.21299999999999997	14.762619591435211	12.744017860334221	9.447304501616278
-0.211	24.84153094783892	13.51290767567307	9.690630200156749
-0.20900000000000002	3.681126358401343	11.42615247172823	9.35664411415302
-0.20700000000000002	-7.930399610778238	12.517077317573658	9.301000656903518
-0.20500000000000002	8.966469216220574	11.412690779175678	9.489505174868944
-0.203	2.0069020185697894	12.18711184020595	9.788626470185173
-0.201	-0.6056048119651436	13.295376727984316	9.714159817784477
-0.199	-18.65323729832724	11.076263971793555	9.059932734262928
-0.197	-4.226024001074968	12.00652279435527	9.952596680248169
-0.195	14.107642632987805	11.730746907051163	9.937381365046436
-0.193	6.76645597996739	11.570437103394719	9.353011314851315
-0.191	7.567720401224776	12.210484741733879	9.591512124735578
-0.189	-0.4616843215510258	12.230716800369171	9.719238342997341
-0.187	5.973391886460178	11.64315868591519	9.358456532774182
-0.185	23.95768811713772	11.506766050831091	9.18178928937157
-0.183	-2.2429381116850777	11.44504179836233	9.349771183483988
-0.181	2.5597591701842504	11.406103368038993	9.735043433283632
-0.179	-24.4869029146777	9.420348577720876	9.285142624516968
-0.177	14.816821971797012	13.697721154768386	9.293742640565934
-0.175	2.9483368171323576	12.02495442955049	9.372067554304925
-0.173	10.257707789396164	11.881765323485391	9.358920410897618
-0.17099999999999999	-18.846174266728966	11.949516755317738	9.11406694972664
-0.16899999999999998	-6.546388893857724	11.727845346061553	9.455374016546374
-0.16699999999999998	-16.15035796009856	11.989244612569058	10.036786289373238
-0.16499999999999998	4.965447150784286	11.156188749933198	9.266544039538942
-0.16299999999999998	3.1952191037465383	11.359715791174942	9.2290835857776
-0.16099999999999998	-2.6353313112847943	11.722838165868584	10.316152597747244
-0.15899999999999997	-0.5910745712878196	12.12939396933504	9.593051306070455
-0.15699999999999997	13.358508064165164	12.082773685660706	9.332483537159298
-0.15499999999999997	0.7859943611521203	13.068631719271481	9.411443349168808
-0.15299999999999997	5.849496082399597	12.59633952010656	9.608049218328519
-0.15099999999999997	-19.964080587020483	11.459469973946362	9.20733263159224
-0.149	14.295857977630888	11.393622484945512	9.317701707517413
-0.14700000000000002	-2.3986386106233937	12.28712550718335	9.967368966597906
-0.14500000000000002	18.52298666560337	11.883937032087392	9.37487431728752
-0.14300000000000002	7.329681334100613	12.085757425971487	9.557343889235819
-0.14100000000000001	-8.073970758748494	10.919715180424426	9.611978659040842
-0.139	13.944665013365665	13.366868560740201	9.700110201798664
-0.137	-4.083205897398301	10.73454585199931	9.413750774956426
-0.135	-6.802816143181012	12.095346076842246	9.326774797195798
-0.133	-11.615544284970802	13.067511766397326	9.637944517483497
-0.131	-11.825221298389366	11.500377139335647	9.150375275894007
-0.129	10.046515564576808	12.748874921352925	9.944779778152096
-0.127	-3.233377082301203	12.348320673935826	9.794549390967381
-0.125	-1.4689024712133403	12.202292894389693	9.531897245741238
-0.123	2.3717232386921694	12.326646372500706	9.18207028059663
-0.121	1.2899504087116043	12.288351550070908	9.46227733089097
-0.119	-1.979391099027339	13.37628274643487	9.944151468726112
-0.11699999999999999	1.9094309897660366	11.06098575514939	9.569685294790963
-0.11499999999999999	15.96124555525158	12.161554495127726	9.062433328267156
-0.11299999999999999	-5.5665737591636955	12.834522926736012	9.511740821942247
-0.11099999999999999	4.725493773616307	13.48912981285053	9.986353374820471
-0.10899999999999999	24.88651596044278	10.94381390035662	9.318353367382512
-0.10699999999999998	11.74829940442379	11.99446108200843	9.535124813595965
-0.10499999999999998	-20.847687812408644	14.556654605395783	10.234539926770614
-0.10299999999999998	6.033271521266315	10.89593659181095	8.817170651113182
-0.10099999999999998	25.85254632436751	13.119277462966384	9.554689770329738
-0.09899999999999998	-3.3048287689796396	11.501921070946677	9.602042336150094
-0.09699999999999998	3.4338142784751113	13.544443077389952	10.575932324598416
-0.09499999999999997	0.39091137149505073	12.755829948017812	9.342422940507081
-0.09299999999999997	12.718850687098993	12.278932095142029	9.149842839019529
-0.09099999999999997	10.248275049029587	11.914688615260177	9.854227562210157
-0.08899999999999997	4.691280718116531	11.761617271088815	9.633160670197487
-0.08699999999999997	2.872063254555357	11.123335484687688	9.008550706648942
-0.08499999999999996	19.73997426074625	11.736024984523622	9.095071005058065
-0.08299999999999999	-15.262125404813531	13.22341784390666	9.959871772948064
-0.08100000000000002	18.60952337895405	10.857976043764298	9.097904467371176
-0.07900000000000001	14.59144480975283	13.466740362879527	9.495605839058516
-0.07700000000000001	-19.84382306641219	13.45496506657997	9.504695573023302
-0.07500000000000001	10.003892786158985	12.543883268998751	10.26929667029018
-0.07300000000000001	5.973137142234464	11.601115171068324	9.18061851169426
-0.07100000000000001	6.972191216592094	13.32946414863888	9.650555857303202
-0.069	-5.903603454315842	10.622638719072741	9.432971844934924
-0.067	-5.088685037679674	11.763781858449173	9.32876359863088
-0.065	6.563323317720915	11.089153516511322	9.365992914259886
-0.063	-12.73198765516792	12.204216430514336	9.619610961774034
-0.061	18.938294101156217	10.235708350426679	9.50278292044649
-0.059	15.900587115202924	13.456440017733485	9.272827827482654
-0.056999999999999995	-9.026801056299938	11.973253328817533	9.512603743484503
-0.05499999999999999	-8.324248120139544	12.836298761647754	9.369169235169718
-0.05299999999999999	-4.195023541098131	13.044073553944207	9.288110566526212
-0.05099999999999999	5.787969731496645	13.262871800546897	9.84279929215726
-0.04899999999999999	-20.62503258881687	12.053873419209177	9.530374654745271
-0.046999999999999986	2.728064779633499	11.263186469208245	9.566705545333003
-0.044999999999999984	10.358971368251702	11.32164606776146	9.46872866502653
-0.04299999999999998	9.864135380066585	13.481996982898398	9.462107414555557
-0.04099999999999998	0.0722534774233452	12.236857842780053	9.942693257595112
-0.03899999999999998	-1.7081581199507312	11.521747762000262	9.011791283306145
-0.03699999999999998	4.005324355293993	10.865354685489388	9.504618479595754
-0.034999999999999976	11.806100593370061	12.677181989662705	9.47094487327752
-0.032999999999999974	-2.6379114179686525	10.382516107488266	9.44929508619433
-0.030999999999999972	3.8712532799412003	11.805985131406775	9.216566650145175
-0.02899999999999997	-0.3581880558822803	14.510485745007772	9.647775960560914
-0.02699999999999997	-5.274478743655386	13.329130576102065	9.749258996118535
-0.024999999999999967	-11.948687731688779	10.260201900333291	9.318764094579185
-0.022999999999999965	-12.530205511840364	12.964091603908376	9.329922891771213
-0.02099999999999999	-14.908854548800754	12.211323656784128	9.706839314707253
-0.019000000000000017	-26.56904445030861	13.148746311660773	10.224226432625345
-0.017000000000000015	-27.47068313913026	12.651676159943339	9.326921204916797
-0.015000000000000013	-18.478322492576638	13.290288131760708	9.203266534407582
-0.013000000000000012	-29.285517154420404	14.128314663382321	10.290145565355436
-0.01100000000000001	-19.139550646252168	11.227053046490155	9.17607498609718
-0.009000000000000008	-40.21278077714907	12.909661495971793	9.672606154407548
-0.007000000000000006	-46.267994628035325	13.170318889753702	9.65064295620426
-0.0050000000000000044	-41.29945038866545	10.714253946929317	9.629169052719199
-0.0030000000000000027	-40.09870670251825	10.331844060593182	9.430400936901396
-0.0010000000000000009	-17.97609484366358	12.18975495443274	9.50300882134481
0.0010000000000000009	-59.18699853868503	12.043602467089583	9.488544786534566
0.0030000000000000027	-36.133300771235	11.727711204017966	9.401205662740493
0.0050000000000000044	-45.7406728073817	12.285502228729193	9.603100558259293
0.007000000000000006	-53.52931793645155	10.911431134048543	8.796845348113154
0.009000000000000008	-58.079443255421026	12.080292185489956	10.674262990861692
0.01100000000000001	-33.51452693489687	12.603449076755776	8.93735479720901
0.013000000000000012	-37.07653900075769	11.360113242302225	9.444930232628039
0.015000000000000013	-52.37376412980943	13.259670930777219	9.629338853723372
0.017000000000000015	-27.680328398060894	12.505192316955323	9.70410488468762
0.019000000000000017	-27.52955717300054	13.650003377999651	9.542432319576866
0.02100000000000002	-19.04326270596446	11.247327363440524	9.47645190825085
0.02300000000000002	-24.087122555305207	12.693716032351361	9.570991050044137
0.025000000000000022	0.6579225340086481	14.500738483359372	9.86242338747054
0.027000000000000024	18.570958368879786	11.27695973779264	9.294970668073624
0.029000000000000026	3.5518668628498062	12.858711601076113	9.236989383922928
0.031000000000000028	-2.266233420922248	12.337932777209973	9.745051903437643
0.03300000000000003	-7.3547028927034575	12.04312812165199	9.411572893634379
0.03500000000000003	-6.527938122835586	11.912003508494067	9.35433190704852
0.03700000000000003	-5.735234754888907	11.980956291286248	9.63042095460407
0.039000000000000035	-9.098062896173431	12.309009262884429	9.623157988302236
0.041000000000000036	4.152453190631178	12.223826716487025	9.322180417517899
0.04300000000000004	-22.755929001028186	11.06740483413719	9.471371446444952
0.04500000000000004	-6.143953031889637	12.189319061568474	9.571330292566772
0.04700000000000004	7.761405940831523	12.990989969024854	9.915108589298292
0.049000000000000044	-11.288849532720135	12.268219358203112	9.384619294328656
0.051000000000000045	-8.571840297677547	12.757897385724352	9.198405839473859
0.05300000000000005	-8.238983668640287	11.002526158609433	9.279677753669379
0.05500000000000005	-1.8342472200005844	13.17177630227629	9.48012764294235
0.05700000000000005	2.9008440822764214	12.884896352179029	9.470365063503037
0.05900000000000005	-16.36406240002053	13.178451015633833	9.708663438546749
0.061000000000000054	8.722457868870492	12.153869618787208	9.181940499737388
0.06300000000000006	11.569145256240532	11.588135137103992	9.767855215692055
0.06500000000000006	-3.937442494938992	11.70491548232043	9.304620254311025
0.06700000000000006	-5.382172122647688	13.081532647165433	9.384272616448671
0.06900000000000006	-30.87108951405071	11.162996842835707	9.905240514781081
0.07100000000000006	-2.5598184828501402	13.166230656669757	9.453616278678917
0.07300000000000006	4.712612943214012	13.128450939594103	9.570941616450451
0.07500000000000007	8.95703698522432	13.031973938456368	9.45085627130628
0.07700000000000001	3.0428449577790673	12.006997711580256	9.292957383946602
0.07899999999999996	-13.831034129108133	13.373994112844379	9.583239092076282
0.08099999999999996	-3.269589017196317	12.610995691483659	9.451520795173641
0.08299999999999996	-7.76869700080951	12.414118935202726	9.143824331871832
0.08499999999999996	9.687963511861852	13.534632109468873	9.560617261573693
0.08699999999999997	4.427236264703538	12.128500728650804	9.513534988408473
0.08899999999999997	-6.080308946998514	11.61363575049458	9.534307652012446
0.09099999999999997	6.456669378041013	13.00280220392886	9.457745790090001
0.09299999999999997	-7.428157801081525	11.36123667271665	9.510273785133808
0.09499999999999997	1.848883216082342	11.033528939589072	9.215555661529978
0.09699999999999998	6.512350019471924	11.258886475400116	9.375562904341027
0.09899999999999998	-9.502252565352087	12.952782511779594	9.281722081495671
0.10099999999999998	-18.270156795674453	12.518952533186885	9.599088800175021
0.10299999999999998	-15.66362423932599	12.207378771666239	9.457255221494744
0.10499999999999998	3.574453298238467	12.003066562369941	9.218880443510853
0.10699999999999998	-7.511706199392343	12.35287285217081	9.555618950078918
0.10899999999999999	-13.418546882526527	12.226120196736833	9.550020269247304
0.11099999999999999	8.1699646115041	11.726720025179548	9.23642046975339
0.11299999999999999	8.17260414476273	13.468485748293588	9.800296865401743
0.11499999999999999	7.522098060430693	10.763873708843324	9.46904609378548
0.11699999999999999	-5.036197241126139	10.920253258803415	9.748049933927545
0.119	-7.857476188810608	13.986302051164703	9.77799867339357
0.121	11.877944175342492	11.633585167412422	9.213450505964795
0.123	-4.173306421662026	12.73232829894897	9.753169368870916
0.125	-4.024841254501865	12.449286077769488	9.274132802334755
0.127	2.277655612559215	12.875066316613054	9.171090180385976
0.129	-19.40475278139342	12.111851064453585	9.284235104439723
0.131	-22.9087633555336	13.106334872128112	9.801318633372334
0.133	20.515893131900498	12.64155013481587	9.459688768848565
0.135	-18.794603119709485	12.102628290504732	9.356480328235062
0.137	4.755392329913732	10.911352698045052	9.335004858877568
0.139	11.558147799739515	12.492378573963986	9.279222476232048
0.14100000000000001	7.359312228505388	10.224843782977889	9.343416427929016
0.14300000000000002	1.2722830831091159	12.289692976852352	9.566254532773758
0.14500000000000002	9.033840533856363	11.35720836733935	9.219498627951275
0.14700000000000002	-5.058860220619188	13.173512050583383	9.494042317048716
0.14900000000000002	-3.464158217725277	12.05115100070647	9.536182350568035
0.15100000000000002	-17.21048115921331	11.077320912863355	9.604060976023838
0.15300000000000002	-17.477846364410965	12.522286525766656	9.381843130144972
0.15500000000000003	0.5063394672433219	13.255430443473063	9.379174576376546
0.15700000000000003	-7.92297695451083	13.324028020722613	9.905896032890112
0.15900000000000003	-6.947395148171331	11.982789295528537	9.330178664379613
0.16100000000000003	10.85092363295459	11.217704187357256	9.509874574298419
0.16300000000000003	-14.027215345491229	12.703895611457254	9.68533690437236
0.16500000000000004	1.5473358279116667	12.057374220818275	9.451918220210585
0.16700000000000004	15.739325381458613	12.279322595635934	9.382209212356257
0.16900000000000004	-8.92357320803061	13.644106478855555	9.729879183397715
0.17100000000000004	-21.929247957630515	13.216904346559684	9.347364629094466
0.17300000000000004	-7.251393783769267	12.690353173864269	9.555189893273832
0.17500000000000004	3.432551133997208	12.361313961501361	9.27041621678096
0.17700000000000005	-3.75585106671128	13.06710343792655	9.951334695117815
0.17900000000000005	-20.490243905491035	12.133210904751081	9.463993043319425
0.18100000000000005	17.58665819684424	12.77290816333501	9.496059483496982
0.18300000000000005	16.91206619613972	12.291398873046763	9.648562548143648
0.18500000000000005	-7.716881355923633	12.374585080565144	9.80090130997382
0.18700000000000006	-18.908917076898568	11.510325343688638	9.232986985630987
0.18900000000000006	9.281423166029867	11.62044727899216	9.132315725059991
0.19100000000000006	-5.519557470190506	13.670540906378081	9.386432035508657
0.19300000000000006	2.203245750287408	14.005777289567085	9.456783652581713
0.19500000000000006	0.22170224589501686	12.377246406273121	9.471394413319027
0.19700000000000006	-6.811401823458851	11.128369579794894	9.44166001084715
0.19900000000000007	-5.0731809575488285	12.94438705208849	9.27755706738365
0.20100000000000007	-9.055518502720794	12.433262154601142	9.451959655189254
0.203	9.235755854319905	11.15883413685989	9.103918248549427
0.20499999999999996	6.578632929521433	12.885841734341005	9.603246581363344
0.20699999999999996	-11.03269150382058	13.282226310449671	9.403228509392886
0.20899999999999996	-4.578748140526834	14.361354494190389	9.747293517131116
0.21099999999999997	-7.19144255834081	11.588120119777162	9.656935247964693
0.21299999999999997	-9.060511743319566	12.32634319106643	9.110652703740135
0.21499999999999997	-2.796286600048603	11.990403218528295	9.49120142451775
0.21699999999999997	-9.80835271824354	12.060501438756987	9.451791757566095
0.21899999999999997	20.46101315644755	12.791043275325102	9.521979624324947
0.22099999999999997	3.0228415988098334	9.897052789470466	9.554284619528632
0.22299999999999998	-20.190352927551558	13.81124981779149	9.718322807769871
0.22499999999999998	12.933951388571785	9.952230914400362	9.239178410476786
0.22699999999999998	-8.815914215531961	11.73415378362812	9.436157416317377
0.22899999999999998	-0.07798066425923622	11.828561191295835	9.420416377914952
0.23099999999999998	-9.708500094185446	12.51699638734007	9.410422897464183
0.23299999999999998	8.248013535938625	11.26451985393258	9.41544380023514
0.235	-2.8047906176498216	11.895053258917999	9.096377309155002
0.237	-13.690510170638603	12.922665042918975	9.436541903666996
0.239	17.61256110155429	12.708283914812808	9.40868258691293
0.241	-16.17082209282028	13.670209703069984	9.399452557163018
0.243	8.655662039558365	11.646053313781879	9.703767739555966
0.245	18.420505953908872	12.57159123353463	9.768740205089518
0.247	-9.92586185710742	12.391660418462214	9.564190263870758
0.249	14.96219364116591	12.20184479517613	9.811762219279764
0.251	-10.847635351862728	11.876221793183804	9.402387240111818
0.253	-4.525544410660665	11.335105201642916	9.36442213084122
0.255	0.9241612275445732	13.515299655154031	9.425475689006742
0.257	1.697066799977165	12.37433811196671	9.435620760059868
0.259	3.8614918642654317	11.974283596072485	8.78051841838005
0.261	-6.85024026836345	12.666743686993932	9.75564607957271
0.263	0.6351873276244646	13.534389429373496	9.801339286565666
0.265	-0.8488744631662826	12.336681213464185	9.227868575936716
0.267	-11.404940350789872	12.813828795719514	9.236898209181142
0.269	-29.785245371005686	13.031750480554477	9.66513056761187
0.271	-24.217317231345348	11.912158571161772	9.42326904887446
0.273	21.599015812556743	12.513285263735279	9.364517123007213
0.275	-11.458506381067934	12.4663833750947	9.64538836697991
0.277	-2.381585307409395	13.811979274383836	10.379851819013926
0.279	-1.1194167962580437	12.356792049811197	9.165422412893577
0.281	3.524438247692885	12.680882895138163	9.178405017970727
0.28300000000000003	0.3470912599556897	10.39397319497941	9.33962159175087
0.28500000000000003	-3.404632842873845	10.985833322484025	9.513404519054045
0.28700000000000003	5.706580656905658	13.448434444278206	9.330743853917504
0.28900000000000003	-16.97894959984403	12.946457179762985	9.59658337539808
0.29100000000000004	11.295821483070512	12.58405309617244	9.613108512796494
0.29300000000000004	3.3437641773215176	12.322374082738053	9.383238932725599
0.29500000000000004	4.545741559169869	12.249459908470275	9.391566116379721
0.29700000000000004	5.2685763181070655	11.605278852770239	9.39760993869718
0.29900000000000004	4.049052505505912	12.951821282290831	9.508308022781947
0.30100000000000005	-9.323300592778416	11.651301835234348	9.462350641868026
0.30300000000000005	4.313384944776288	14.210873864842275	9.706055387630965
0.30500000000000005	1.3934097831125314	14.400083609772857	9.597221632919563
0.30700000000000005	-10.033723549685014	11.884466820559073	9.469682178571771
0.30900000000000005	18.668854848025163	12.701781226181344	9.549179949986968
0.31100000000000005	-18.263002256047045	12.869584467472798	9.726790441560002
0.31300000000000006	-18.700047859532276	12.499139549757246	9.12174391995455
0.31500000000000006	5.963303923106622	13.081165181866421	10.037996489278573
0.31700000000000006	-12.481078301318504	11.079583488156292	9.91981260075972
0.31900000000000006	-13.059470016063557	12.183233486301368	9.696503925658055
0.32100000000000006	-5.806072245539973	11.086085451144006	9.559212400058827
0.32300000000000006	-11.32769033196368	12.255769983992302	9.23766458253659
0.32500000000000007	-9.669620680829993	12.078586117210632	9.616961758471723
0.32700000000000007	2.820270786907386	14.25744385863886	9.763842024370586
0.32900000000000007	4.754546806484683	11.804114676487313	9.607047515449334
0.33100000000000007	-6.573160217460128	13.057713579035354	9.278985751428365
0.333	-9.1029568036749	12.681520575288138	9.522635393194422
0.33499999999999996	-14.121512210030218	9.395223014315556	9.350335520292903
0.33699999999999997	10.245640181372195	13.433531023729348	9.944575182026055
0.33899999999999997	-21.406217156627605	12.79140148337516	9.437777055333955
0.34099999999999997	-1.2859121348851588	11.333985094448666	9.454505137825198
0.34299999999999997	-15.081726018384423	13.744006408180782	9.284188836924804
0.345	-17.3339764052427	11.676961887660184	9.806856995842583
0.347	5.704673525563919	13.131396329028087	9.611074892291839
0.349	-16.525708917192183	11.50950269708307	9.616915602306186
0.351	-6.622126846878018	12.677783028668903	9.329697723651712
0.353	-1.084672733631109	12.224625324747908	10.083501438490067
0.355	2.7849752879394174	10.901854150318766	9.68811370939073
0.357	2.7693315203247693	13.206647118555914	9.16233090690089
0.359	-12.2528582247039	12.684727761200243	9.762981819618986
0.361	-11.31320375036271	13.433506930188853	10.103014310392206
0.363	0.8165631275591778	12.322522303191306	9.509699682592533
0.365	-14.101715353209698	11.487147737316505	9.215707151440037
0.367	-16.46444182490381	11.885714513425697	9.393036757636981
0.369	17.11364725620612	12.9133446913618	9.940867578039054
0.371	-2.400754457454468	13.140608515133483	9.40490923605322
0.373	-3.3213378850538433	12.250165538092705	9.661918327602484
0.375	-2.0171177363970116	12.49369054092625	9.771835007288116
0.377	-3.6776029788132547	12.363213064225082	9.242299097357636
0.379	2.8551275552679556	12.76073297014575	9.49605131136877
0.381	9.160112797168551	12.09923445617805	9.773850157156692
0.383	2.109413702378049	11.87193476250865	10.22977530369009
0.385	-19.009050553742135	13.349574278169314	9.286438095057935
0.387	20.47601577048752	11.655687337182366	9.577606444965594
0.389	-8.428126346049503	11.970488963697612	9.396783873498597
0.391	-13.770722166128735	12.161922694367048	9.703702055421573
0.393	10.144646522380896	11.979870911628359	9.351118887662475
0.395	0.4523656720323288	12.3383249211303	9.284194603035505
0.397	13.0813254601847	12.412126068038335	9.194136215054426
0.399	-12.954052025837548	12.541633555892219	9.410890354452109
0.401	-4.426217817488087	12.827590999861627	9.5521694090827
0.403	-20.83687348530816	11.392984965628012	9.656072805444516
0.405	-10.213172699669038	11.655615393961513	9.26366823621037
0.40700000000000003	14.753538611689265	12.996668067901172	9.741535570812792
0.40900000000000003	-10.802119271957622	12.971889017094286	9.570314185736922
0.41100000000000003	0.8540915281685102	12.132826520412223	9.525000917715724
0.41300000000000003	-11.044463800513604	12.326556998683955	9.705397109469681
0.41500000000000004	-4.673221407847095	13.265890544840325	9.796728246040137
0.41700000000000004	-17.244257528470364	10.985035718890963	9.724083804216042
0.41900000000000004	13.946491814964546	11.172161165291108	9.594377553187213
0.42100000000000004	8.648638075259285	12.619137928566664	9.525113843603819
0.42300000000000004	-16.230540455963727	12.858555888879796	9.54591693080957
0.42500000000000004	1.740618418955009	12.895461689375146	9.307118300007865
0.42700000000000005	-6.165229838095421	11.516035683866162	9.161937568825422
0.42900000000000005	19.751460870631732	12.706218241321757	9.942446775922875
0.43100000000000005	-16.59844398038679	12.021531697082644	9.458633911455731
0.43300000000000005	9.75131420544173	11.137287433409755	9.599302902445011
0.43500000000000005	7.141655625320098	12.431174848050578	9.284710466436222
0.43700000000000006	1.5879849151190228	12.625445348719214	9.510276614714764
0.43900000000000006	-20.09938729130578	10.136307701986274	9.200443095845124
0.44100000000000006	-1.745630209493143	12.093517572154287	9.486543748873355
0.44300000000000006	-4.536466886029267	10.025371457058235	9.193982222819956
0.44500000000000006	-1.5774899634335426	13.490004298303718	10.072141877598881
0.44700000000000006	1.782725162602361	12.942795304752442	9.585875008493277
0.44900000000000007	-3.7459386278415607	11.70154462867541	9.028802076715923
0.45100000000000007	6.2602538857259304	12.777116316940502	9.891124601543176
0.45300000000000007	0.9216412446555466	11.78000011374947	9.467358311933792
0.45500000000000007	-3.5335989960749714	11.03614316017486	8.994571090108558
0.4570000000000001	4.514470812955196	11.760743770719122	8.97921508711819
0.459	-16.727175877306877	13.125126845153407	9.671549569116193
0.46099999999999997	12.677248343750946	13.332248599094617	9.772224231714823
0.46299999999999997	3.4819591561152663	12.662136690493801	9.41171715845957
0.46499999999999997	7.5366327074721795	13.41368990749336	8.912018327537018
0.46699999999999997	-8.944092691365313	12.673762392510653	9.469912092102211
0.469	8.842577784662353	12.623485093885304	9.227895377860076
0.471	12.320694492196083	12.231657775082	9.401527855187723
0.473	-3.1594997076389575	12.464297206745083	9.663968299561974
0.475	8.922608664807541	11.159464515045252	9.535737857098495
0.477	-8.953715501358595	12.927295607459614	9.55004608064646
0.479	7.0982120869977905	11.645113142671894	9.56532488752645
0.481	1.4168781985457457	12.742380648673318	9.372443957620552
0.483	5.829088621123191	12.578424561199544	9.480569020467415
0.485	28.80212305989005	12.580157050945695	9.636830328465033
0.487	9.664804944797822	11.01016580284633	9.285767406673541
0.489	-7.709725816873458	13.857267571698213	9.190868235649743
0.491	-2.7322997311340913	14.363889553168297	9.907702789574502
0.493	-3.41229393874265	12.604982590862138	9.457891258918934
0.495	-7.516686076569634	10.49945541990392	9.186762485762236
0.497	10.11449855115032	11.166249060970149	9.426227716552674
0.499	-5.7524661918328945	13.457153480029563	10.503586874648757