-0.499	-16.436558329502304	68.34994032089497	53.18985935314876
-0.497	-17.163950169485354	59.30246315809549	49.373566223025314
-0.495	4.115295435092037	58.19579973367259	51.67952406036468
-0.493	84.21040593686868	57.66711311151221	49.361854450161154
-0.491	74.44911963605527	58.90734071298039	51.38338427487209
-0.489	78.74526942752702	62.512885654303936	50.25953575262546
-0.487	43.809774417091774	59.072122173700706	50.80830391582302
-0.485	61.18638710694846	62.65341914179077	50.32383922923158
-0.483	58.57675598530676	63.62043510551782	50.643308227856934
-0.481	109.84429771543347	50.9799198325634	47.79049540356019
-0.479	32.9999605668263	60.04822772266223	53.05620514758056
-0.477	19.87699440286761	56.11612142217337	49.10679849021798
-0.475	26.369483194566	58.03203454111935	50.77224262746117
-0.473	91.27659481911188	59.39999522802158	50.382668111141015
-0.471	23.256555873762963	64.38403592489054	51.22050970016182
-0.469	85.11874108529938	56.703136200589746	49.949079543922494
-0.46699999999999997	51.467579301078814	64.14219098857617	51.176069754480196
-0.46499999999999997	110.83057869676338	49.75377314903726	49.36815999340162
-0.46299999999999997	-19.274222390008866	61.60307344322621	49.77133931713197
-0.461	-91.23550959944104	51.492884046917794	51.517814821311326
-0.459	66.23806287064937	54.70173228330698	48.29255404246261
-0.457	44.68537090063229	57.52235422187977	50.66621701604931
-0.455	-48.7386563654546	53.790897114826635	50.21472262859055
-0.453	38.45769231225482	59.86046683475513	52.3620423014993
-0.451	6.436974490764413	56.42443568522372	48.54971905329161
-0.449	100.05464715590051	66.01851618481169	50.778158850052904
-0.447	-26.860861624622423	54.75113778667601	51.716247835698184
-0.445	23.690869116910207	57.0662657264671	50.76849052184318
-0.443	64.29442877675662	52.75200501411156	50.12734061609099
-0.441	40.01772556150307	64.53044551150394	52.38976251189985
-0.439	30.737265284797033	51.70338641281014	50.34825346348351
-0.437	57.007428983402164	62.6047158033119	49.9807695290423
-0.435	21.74821672973337	56.35643133762659	50.52789049130411
-0.433	66.56707046803767	62.11725782659441	50.954958774675184
-0.431	45.96830487901826	55.66219784821334	50.362182738783595
-0.429	5.41397645381636	70.43491232857001	51.186913298084015
-0.427	89.76664651005883	64.88108258772	51.963412100649435
-0.425	-34.13462901979969	56.61800996370415	50.51669886550832
-0.423	68.81414784221107	58.53747258065919	50.76064180247324
-0.421	22.726490271463007	54.509952838414506	50.11309804755793
-0.419	54.34509272594923	57.21787377335763	51.10024339339031
-0.417	154.05420651903867	56.56100435042331	50.125532754922055
-0.415	-4.038253230143063	58.275899655288164	51.69913547339849
-0.41300000000000003	12.242532462458655	59.88702193043978	50.0191546925467
-0.41100000000000003	-63.16919165816337	60.138805923184	50.52675607948448
-0.40900000000000003	-6.584534923192997	54.40968185305443	51.37166987340689
-0.40700000000000003	6.648354998750605	59.56261943188603	51.92558905116122
-0.405	8.480632121665721	58.242948353172444	50.029220164161906
-0.403	-4.6325290466997515	60.41697967324001	51.07907206289901
-0.401	-24.909895703362217	53.23218364078874	49.81802132092638
-0.399	18.766181024698625	56.83626040578238	50.122679970315794
-0.397	50.16031140181454	60.0941889587836	49.33405341775241
-0.395	-74.24723229887408	59.097201074511524	51.12811538308146
-0.393	31.62250653510057	58.38501077425418	51.50832768578366
-0.391	18.446592887855218	57.06022159641236	51.25112367064753
-0.389	84.35779067927918	60.23639754792466	50.17001251168119
-0.387	76.23410860047031	63.175310444039035	52.9632925039553
-0.385	-26.18455802982922	60.030630098530324	51.1501506013587
-0.383	170.2297516230633	56.32954550730182	51.93685100128437
-0.381	39.2403636477745	60.09241098107281	50.718430315371386
-0.379	-41.95494602998728	57.60848085300748	49.32243761080306
-0.377	-62.43080858692185	52.566009091446645	52.549480405717674
-0.375	83.08403694634592	62.269996842124726	50.89821763288218
-0.373	29.72532555256535	56.72559085536997	49.49274228965792
-0.371	140.63808537456703	56.90653085842789	51.56360181990989
-0.369	-125.35171977257065	57.98901331984982	50.8262250070435
-0.367	85.82696654868549	60.00001761340984	50.39546248834664
-0.365	-84.08951276051013	48.60055237796686	49.96792356959508
-0.363	118.27301908029497	56.21684849035951	49.6263828595949
-0.361	-130.48347290478546	56.574753915231234	51.802021301719286
-0.359	-35.27441930073483	57.8130335226562	49.947053062963676
-0.357	-33.14284653377353	55.52844408203683	50.54375664774575
-0.355	-9.168787325930516	63.04596569403228	51.27003188371355
-0.353	107.78778333464523	55.282207864031	49.76956824156762
-0.351	108.60249485578066	55.30502353963828	49.83954243262368
-0.349	-46.10366695734225	65.32162102580864	52.07160775704334
-0.347	-15.084525926023495	59.840218497674385	51.26208490695401
-0.345	-62.78615557409051	56.795884514077215	51.12414438777715
-0.34299999999999997	-18.528624532998528	57.10815564364215	50.945308851263505
-0.34099999999999997	26.196776047981984	55.503712606922754	50.19515264705604
-0.33899999999999997	7.419738194514025	53.89425800140878	50.99330278942907
-0.33699999999999997	-33.39653278611188	63.258418791053494	51.209511414763504
-0.33499999999999996	-9.07411172446082	54.13833856284977	50.181284522619954
-0.33299999999999996	-44.66877507292022	53.85869579546778	49.92217861186766
-0.33099999999999996	106.22085074296628	52.699639566332664	51.43202585860328
-0.32899999999999996	-38.66350622794279	50.53275835510316	50.99618357254347
-0.32699999999999996	76.9781231817479	55.64301885181703	50.55087375569189
-0.32499999999999996	9.774176802368473	49.74643391900967	51.330202828129565
-0.323	-7.776161869754716	57.116643456151685	49.83430109676954
-0.321	13.961070135959375	49.061747939949235	50.09119559849796
-0.319	7.0475053750573835	52.33311645570363	50.84967299490241
-0.317	70.60506886835682	62.01781001775	50.98238085896331
-0.315	55.01210007241575	55.504334173398476	51.74517002356959
-0.313	-0.8261323123370801	56.971802153493606	52.24978561523767
-0.311	55.275804680343654	64.3918945092059	50.06960494917054
-0.309	12.392800394334103	53.99161541799005	51.63392946943071
-0.307	73.74274604310393	64.28084113752672	50.590924788868584
-0.305	-18.01658825173469	65.73909106076134	50.32375491762985
-0.303	1.052884804675358	54.9632763393824	53.472010058054856
-0.301	-9.35971997273466	58.367743493811446	50.92503602156791
-0.299	-9.669586479743586	63.71296115630602	49.71496432995536
-0.297	-86.9224405705138	59.767032960683565	50.38070544903053
-0.295	54.14304487816324	62.0135470840133	50.46034219525472
-0.293	17.427771279443505	62.100084424608774	50.11104452394527
-0.29100000000000004	-29.988493388088955	46.07567793030336	50.788842488632525
-0.28900000000000003	-60.325893138535314	58.17902281213819	49.50712096623228
-0.28700000000000003	30.36187636396015	58.46695697179731	51.62975163433811
-0.28500000000000003	109.64682021263883	57.110340342710266	50.02442424781964
-0.28300000000000003	71.52408568122937	58.27493689157563	50.10876674377264
-0.281	75.36537549879263	58.34162465566636	49.64829366019919
-0.279	121.28430812397006	61.55765745005052	50.541599245266575
-0.277	-97.87142172790197	60.991627355335375	50.20303364798312
-0.275	88.11797989483061	53.68724238409927	50.38366785366511
-0.273	-28.911922720809002	56.471803840138094	49.54356282975058
-0.271	61.76874156538226	55.768753143149176	49.23042212500622
-0.269	-90.95512967105535	63.91301029212912	50.63082016897078
-0.267	32.72529082676279	54.942589034343186	49.819216602875315
-0.265	-54.20469601569167	54.95874023966028	49.677689795906545
-0.263	52.94034230773903	58.85763772968085	49.87046439150589
-0.261	-82.15197279470843	58.73625750228968	51.363000872782415
-0.259	64.52977953186334	53.339245159360225	49.50879485046393
-0.257	-32.00793433211224	65.34358662145385	50.87993520438293
-0.255	27.65017862738084	60.73937836285885	50.99073445822589
-0.253	98.32525059327857	52.636913173391065	48.90435268065308
-0.251	83.6068942136059	48.543511374912754	50.572177661507254
-0.249	3.55517822159257	53.046207632034005	49.452401910574785
-0.247	36.72577798630172	52.511898459383964	52.12375278675996
-0.245	14.44854459009548	60.61724801449421	51.28167457334009
-0.243	17.03587050183586	60.23602296023338	51.422674429644864
-0.241	95.16767858830377	54.73686323224271	49.848576680880306
-0.239	72.99832389184857	62.11538901788714	52.37489894766716
-0.237	-10.497322100788686	62.06264343395757	50.50989354406612
-0.235	-5.0475852799714005	64.7797730586769	51.16767479270913
-0.23299999999999998	62.34395384385749	54.901591822202654	50.618639629650914
-0.23099999999999998	-67.98118078121806	62.617440959749764	51.25796714420844
-0.22899999999999998	51.61911035367339	56.56648593555977	50.280431415148854
-0.22699999999999998	36.833422755400136	59.39277274947324	51.84838399376563
-0.22499999999999998	5.720273927423136	65.40652264247058	50.51264937751177
-0.22299999999999998	11.506804634242584	58.8747007992531	49.85969532956407
-0.22099999999999997	106.01227186657347	60.36287707930471	49.216265693129046
-0.21899999999999997	-7.633177427579518	46.936553694651856	51.37436074838973
-0.21699999999999997	-10.66345966538318	59.131323339680094	50.27080888331511
-0.21499999999999997	-8.775988125875323	54.50245339834217	50.16641074898021
-0.21299999999999997	20.6787585470547	59.94046007369131	50.04373448159196
-0.211	-19.193911312331835	48.77854358063111	49.08982968910771
-0.20900000000000002	-31.618475207162433	52.75751244281412	50.32141956805403
-0.20700000000000002	-24.657595891541817	55.319013376937946	51.376699135440695
-0.20500000000000002	16.21087851400027	59.79719765818277	51.64984296763142
-0.203	-19.89446555794583	70.10251498788094	49.3411415687795
-0.201	7.028048815804766	51.14329190036302	50.133907146590836
-0.199	-19.574598291605128	56.515193349228156	50.2368690143437
-0.197	70.79501115780928	63.19864912591043	51.17630147427719
-0.195	-28.648235523287546	54.352396260500626	50.33084412168163
-0.193	96.64170747747391	55.49075417822509	50.23908748581527
-0.191	46.19174181241803	58.18950236535111	49.08017487783495
-0.189	-51.85773147042827	57.48306526052449	51.791184737368525
-0.187	119.7537175707808	56.096646692200686	50.824433488198174
-0.185	14.09077464886721	66.00282997821309	52.97315837334627
-0.183	-90.50671817956157	60.57248803836404	49.86412180443628
-0.181	43.98959753948439	60.68250648263096	51.72345357096564
-0.179	15.065388510038247	58.59043665656827	49.21197310437104
-0.177	51.98182794918793	57.60271225635534	49.71317450669475
-0.175	105.33147120295183	53.643676551683065	50.337153764806914
-0.173	-33.41752045793456	60.03915244641329	51.26477052355369
-0.17099999999999999	4.514538489708286	55.40693481596265	50.48279748440993
-0.16899999999999998	56.83397622924247	60.48905400941032	49.91875134931301
-0.16699999999999998	-16.61289345511463	52.08090379552162	51.088392401257316
-0.16499999999999998	-56.59397466228899	62.16176452426332	52.86400274877939
-0.16299999999999998	103.52989353035191	55.128764878620345	50.65632369095469
-0.16099999999999998	36.62752904043387	56.026008488039125	51.3144853914371
-0.15899999999999997	31.176437773838828	57.78461985226476	50.08001680879869
-0.15699999999999997	-114.89181757162737	53.88166578930318	50.53775278904936
-0.15499999999999997	-68.19190172369093	59.91435494023594	51.360099132664125
-0.15299999999999997	96.64981669876838	59.17766686268818	52.382909000652155
-0.15099999999999997	59.70137525834751	55.189421264069686	50.21636215380743
-0.149	83.23796425702135	56.28493870658273	51.65443471727997
-0.14700000000000002	101.01238669624202	55.32892688368133	51.61058025146534
-0.14500000000000002	163.60776687696088	56.57103294710045	50.896819886393004
-0.14300000000000002	-24.204350904999394	61.7632543263931	50.33548421860959
-0.14100000000000001	90.86330748275806	53.58062374287891	52.08127116485212
-0.139	24.993544153639746	62.7859737326514	51.900170489268774
-0.137	1.2770664294947665	53.76354202193391	53.669718105587734
-0.135	-27.790457616694297	61.1581042268066	51.68797856236982
-0.133	50.24745296466904	53.35884349324019	50.80935522368229
-0.131	-14.784799788225556	55.54428463580315	49.992926370853645
-0.129	123.09435211732556	55.26502434592048	51.86795603162517
-0.127	-29.923568938605705	55.25065805298115	51.42766323351795
-0.125	-86.75545002478913	56.08030985350051	50.331775946671975
-0.123	-59.208737820948265	60.56460834559229	50.915924617472136
-0.121	61.51592460912347	63.137865286817906	52.56662623112586
-0.119	170.97607942218042	61.02482965016062	49.26939048027233
-0.11699999999999999	-32.73071483655965	60.592835849045166	51.92344971096611
-0.11499999999999999	64.53738633571682	53.71006438808073	49.34487292338822
-0.11299999999999999	-109.3234477691496	59.97437736655443	51.865785185081165
-0.11099999999999999	45.970370082804024	60.5159420205489	48.93271905660941
-0.10899999999999999	15.95452202240999	60.86481778357823	51.59702182031193
-0.10699999999999998	63.26188551186718	65.15726533755954	50.09812080960654
-0.10499999999999998	30.15299576758501	62.86810387576237	51.840528716367444
-0.10299999999999998	131.98567081684763	54.04254829887673	49.99719464642288
-0.10099999999999998	-33.117498502099885	59.50768194834216	52.09763032410861
-0.09899999999999998	23.51506689346472	54.67157835018841	49.61823159252275
-0.09699999999999998	-2.838128919990801	56.941009708557125	52.18342149442888
-0.09499999999999997	-17.404627422945573	62.724918700166754	50.28817830659032
-0.09299999999999997	-25.587819865946493	60.04127523616491	51.97245065401411
-0.09099999999999997	67.43167881850809	59.04374109139337	51.249599911178656
-0.08899999999999997	30.579106839123682	61.59841656535232	51.708336768790765
-0.08699999999999997	-6.6068040134315	59.434611191113746	50.409057481755546
-0.08499999999999996	-50.7086374310628	54.795483842216655	49.48574648632009
-0.08299999999999999	17.198443780896966	59.565479884914346	50.553071368359234
-0.08100000000000002	11.415577471307614	53.39186316143778	51.25888149536813
-0.07900000000000001	2.5205923117610496	63.02609355899993	51.04193930282828
-0.07700000000000001	65.17613924161836	60.21319878250253	50.910485053972984
-0.07500000000000001	45.07817339027831	53.2128989820836	49.564419351650145
-0.07300000000000001	-36.808102013341504	60.89728649160097	50.82601604367847
-0.07100000000000001	-13.024319024834696	54.86092699889243	50.50205051379202
-0.069	-8.478549399559832	52.23911345884847	51.7332275792156
-0.067	85.6775882684957	67.30063610400958	50.667177036165185
-0.065	-49.06555986772254	56.62025797509789	51.17988965885178
-0.063	-1.0309036828637375	45.37924045416986	50.4881102529034
-0.061	-20.178436842543945	61.05646214026341	51.90364708648071
-0.059	-33.40959490982787	59.73161261347227	52.24459399866846
-0.056999999999999995	56.56040384671712	51.010325909500665	50.090902357078974
-0.05499999999999999	96.28673043016178	57.744463566459984	51.56372785542102
-0.05299999999999999	85.14153854100037	57.40220622091521	48.849483056939846
-0.05099999999999999	-29.50707542526132	55.248079440094365	51.50877649395729
-0.04899999999999999	-12.95753159480384	56.49332046699892	48.53358027493159
-0.046999999999999986	0.9757721537440034	57.06673760191964	52.0946707580473
-0.044999999999999984	47.544717156844385	59.151053742053186	50.18851683623756
-0.04299999999999998	47.123344601107675	57.76094680905455	50.350143313388536
-0.04099999999999998	56.44065764465189	57.32467609022586	49.003145485348554
-0.03899999999999998	-24.175536215143012	57.37409998880228	51.07090116062196
-0.03699999999999998	3.3198212863183585	55.92515977227314	48.8988177433139
-0.034999999999999976	-0.18258702660922665	55.23421770801006	51.88846253509412
-0.032999999999999974	-96.9032923365809	58.358644610226925	50.10087059358286
-0.030999999999999972	-43.90427314948653	52.023226674344016	50.62337107606959
-0.02899999999999997	14.298018451652794	60.98227752815671	50.542192976264964
-0.02699999999999997	17.833697654623393	59.8418529812291	51.69798687239632
-0.024999999999999967	-17.14989573553538	60.564418705068064	52.48817503733777
-0.022999999999999965	12.432785825300385	58.263294678596225	51.623632597375654
-0.02099999999999999	-25.581108407779496	53.079704942663525	50.182401928796274
-0.019000000000000017	-4.359656603947215	50.687718531823336	52.49132701810983
-0.017000000000000015	13.105364286003507	54.88862272654506	48.89030802804581
-0.015000000000000013	-27.669572066013615	53.1835465993223	52.56667039224263
-0.013000000000000012	-268.885617666248	57.5885870554973	52.20213191131274
-0.01100000000000001	-272.2637960073104	54.93573936335322	50.36386377126479
-0.009000000000000008	-309.8395776970353	58.47579311625254	49.9324210789165
-0.007000000000000006	-365.98451351854686	61.56489812249319	51.22272300497548
-0.0050000000000000044	-528.0971853930394	56.0830533914298	52.25082627840348
-0.0030000000000000027	-415.9336158698901	54.985282980746085	50.53906380331434
-0.0010000000000000009	-331.9621617210444	57.470759222838154	50.52578599717821
0.0010000000000000009	-419.7768432196991	48.15062912972684	49.44149332163977
0.0030000000000000027	-469.75621860967374	48.83217340556235	50.29477370944443
0.0050000000000000044	-370.57122723016533	57.140128248072514	50.14968220875423
0.007000000000000006	-357.95532840476875	61.16054307358238	51.92918366483558
0.009000000000000008	-271.4778607020296	60.25003479005691	50.364921297973254
0.01100000000000001	-361.2238629592257	49.60785399303869	50.53254090263211
0.013000000000000012	-179.60423287433082	59.66489611471031	50.6093885748499
0.015000000000000013	-65.46958271103077	55.52006985546301	50.666423559486276
0.017000000000000015	-23.941368154312137	59.816941208689	50.770356666527064
0.019000000000000017	6.136892641839253	60.97592643980805	51.260600800865106
0.02100000000000002	24.684964046617353	61.80830316097464	52.959872265216234
0.02300000000000002	-52.530453544696876	50.0368807664629	49.302412173738176
0.025000000000000022	-26.74472063002309	60.48300774235746	51.9101278339964
0.027000000000000024	13.06876487228159	64.91512374335406	51.503850084093784
0.029000000000000026	18.567237638045242	60.951424270079194	51.24840825654277
0.031000000000000028	43.90266356280037	60.77805900296104	50.05797361102806
0.03300000000000003	38.56986375860849	55.20849907943794	51.97325191764892
0.03500000000000003	7.270946476678475	56.3748027719999	52.90672294521471
0.03700000000000003	138.7688544332022	58.25625839366268	51.161469389060166
0.039000000000000035	49.69121374309715	55.336461158681054	51.74673947605871
0.041000000000000036	55.02017812930582	55.17876863562275	50.798759869392256
0.04300000000000004	3.1584217854430108	57.173267550178366	52.213877775758846
0.04500000000000004	-5.849493621257196	61.16365897345061	49.95650067542185
0.04700000000000004	-6.763893977690394	59.586929486974086	51.85472210890734
0.049000000000000044	77.72617227397305	54.88713562369313	50.85843285384032
0.051000000000000045	20.012056084039997	54.83958882820068	51.55539164410784
0.05300000000000005	-5.100248050338152	52.73539114727873	50.27866801004956
0.05500000000000005	36.970290667071026	68.11024760048217	55.293525918158586
0.05700000000000005	1.329974580022153	54.0884863528482	49.8021250726597
0.05900000000000005	27.958884577294896	55.28144458364482	51.84131104890319
0.061000000000000054	-52.87147914756485	56.42739718405942	48.83636655677367
0.06300000000000006	31.523924659548896	63.80381510733829	53.071954297181826
0.06500000000000006	10.469513625155358	58.19054846553936	49.85607260231704
0.06700000000000006	26.60690091893514	54.70648234304706	51.61216733249986
0.06900000000000006	106.22620574651798	54.37937591116085	48.13110477000055
0.07100000000000006	-12.896105273441094	58.26674532015783	51.71681972778352
0.07300000000000006	-7.878802910865623	57.113964724618626	48.65311079491875
0.07500000000000007	6.39566957549853	58.355909429245365	52.2860212534374
0.07700000000000001	12.640038809852427	54.53298099756976	48.421114966369736
0.07899999999999996	65.21866931019638	57.353856048224806	51.80869908322222
0.08099999999999996	-48.54150336897067	62.09293141795808	47.87074338789587
0.08299999999999996	-44.50457468130331	61.25517492776609	52.68155970749806
0.08499999999999996	62.35428681700128	54.866545124955636	48.49234376384148
0.08699999999999997	118.62631183601202	52.96380595889419	52.37094665976216
0.08899999999999997	52.38926520512166	51.02979954559332	48.673771940644706
0.09099999999999997	29.839887486726724	63.40864310632633	51.91970311439939
0.09299999999999997	76.01518005695418	62.094923002763174	49.13594557736983
0.09499999999999997	-52.81534868462057	68.08319135618254	53.529808005640675
0.09699999999999998	132.5622437817753	56.80231859313945	49.83039819998716
0.09899999999999998	136.9146750855865	60.84375087597179	51.90330992589257
0.10099999999999998	33.761931871545414	57.51223112562581	51.097829786995185
0.10299999999999998	55.89622622781398	60.14281636553668	51.582894515416704
0.10499999999999998	33.93765800052684	51.70285556071266	49.345556757870995
0.10699999999999998	38.780489099776716	50.08616753349923	51.45443689478632
0.10899999999999999	30.07864756754408	50.1954050349751	51.71510521961215
0.11099999999999999	1.9371572590465291	57.49032561334742	51.639515073060686
0.11299999999999999	-4.084200061593712	53.5303489197682	50.417041455817014
0.11499999999999999	42.63537817728036	56.72721825058238	51.11273521547998
0.11699999999999999	79.77401996805966	53.07916692334398	50.560271879949276
0.119	-11.779291108515721	54.712699347503104	51.28078595142905
0.121	38.53307066736811	54.66718190041364	51.52301640506626
0.123	102.99854089712568	57.4852810988415	49.839252796541906
0.125	68.00422020791785	67.2001679075043	50.91123893157335
0.127	-114.61508070176319	59.88551171082487	51.03490729294622
0.129	82.57922289844899	57.37033996620536	48.860320479787234
0.131	-33.175768083926194	62.39742431391539	51.1946117366871
0.133	39.53088629460311	53.68938981218827	49.894101600952006
0.135	0.6038012787534797	57.061977729779834	50.50005438827312
0.137	73.8835778371083	58.02517822264697	49.58611629358531
0.139	-42.728980662931626	59.011746690160294	50.00914728150393
0.14100000000000001	-4.244073257275716	55.53152776541598	50.237956179661616
0.14300000000000002	-19.572450334348623	49.435623626526166	50.1433252683523
0.14500000000000002	3.2945113181970243	61.09719630960806	51.18163116364325
0.14700000000000002	-27.76729783471321	59.95260248256444	49.82791659646909
0.14900000000000002	110.47690914400832	56.319008467730015	50.416727803133384
0.15100000000000002	98.70051284455172	57.473898997267035	50.008856872660225
0.15300000000000002	34.4596118166951	53.153965203056465	50.40546629019268
0.15500000000000003	-21.555876290713094	55.62353531448305	50.14885690796062
0.15700000000000003	-46.79790662398542	53.92958966401109	50.205805481905365
0.15900000000000003	-10.986902830301126	55.773649392441456	50.8572750835448
0.16100000000000003	25.544730144266836	57.105106514966316	49.650475136905165
0.16300000000000003	33.256958634542144	53.12918043692481	51.14824552885091
0.16500000000000004	140.69101802483	55.860300852743165	50.91427137631078
0.16700000000000004	-73.62003788313754	57.572749874770764	51.36917561040532
0.16900000000000004	67.93992043885311	50.29779556431499	50.453156679484
0.17100000000000004	-38.69588659410894	57.16245785018579	50.619891204878606
0.17300000000000004	63.166817159121535	56.58396839893502	50.65123643986324
0.17500000000000004	83.01981756586585	53.057238524145745	50.614278548859915
0.17700000000000005	58.805578672771475	56.76607145988581	50.90637077511008
0.17900000000000005	47.025289256819036	56.87136448116691	50.38499513680718
0.18100000000000005	159.9736335673452	65.46120974231353	52.40290101980725
0.18300000000000005	10.708133958203803	54.533354661969625	49.88263714139089
0.18500000000000005	72.81667552283544	51.61865356383641	51.48148552984342
0.18700000000000006	-19.467040737963792	57.7469533101627	50.398333364532505
0.18900000000000006	-11.176354814512734	56.204653881835824	52.258007015143725
0.19100000000000006	-2.857805306510919	69.22970852647168	50.15697524116347
0.19300000000000006	43.2561581638069	59.94299436175912	52.06564392676337
0.19500000000000006	-50.345547677244085	53.260035518165736	49.37441514764963
0.19700000000000006	-89.7627826171865	51.36063564636661	49.52842951901025
0.19900000000000007	-5.537286668744201	61.75927342270466	50.98555963841042
0.20100000000000007	131.0529497970947	58.40054092187237	50.923740966814535
0.203	41.000082060316245	52.94369615019302	49.58788761046575
0.20499999999999996	-44.39066430617089	66.06570890527401	52.30777638506803
0.20699999999999996	-80.15858705168188	55.36162500516972	50.77764618502262
0.20899999999999996	-11.434484802674838	58.416627880076085	51.40738901252612
0.21099999999999997	115.35649337179876	56.055326894364576	49.102547029049234
0.21299999999999997	29.9486943247107	64.17009724329998	53.578238021129955
0.21499999999999997	27.834801337167647	52.06053671164534	49.58878879817718
0.21699999999999997	96.89923999989247	62.41013943300714	51.60484600538474
0.21899999999999997	93.48588013269321	60.1895504950518	49.45176691356649
0.22099999999999997	-14.882985270525673	56.12589984238452	51.98193443145398
0.22299999999999998	158.0747402352145	54.471545190610534	49.73675956575095
0.22499999999999998	-74.73432581939221	54.51556639470308	51.94207991331847
0.22699999999999998	-33.99927331770858	59.076070784353085	50.289606106317976
0.22899999999999998	0.4327192353326126	63.2619208785774	51.82813230773963
0.23099999999999998	-28.917945778639265	55.67513085783145	49.69584959444641
0.23299999999999998	45.95713123278777	58.16243460235498	50.39530241524424
0.235	-14.877293250448176	62.51702712736058	49.16473488297485
0.237	65.64824403465508	55.092470250839256	49.80169341862416
0.239	-69.96499939215806	58.88798801556846	49.3723608913003
0.241	35.240884867171474	51.65313289140712	50.23942616763259
0.243	-37.64490365087969	57.43292949350517	48.6915442345829
0.245	40.70689157376073	55.72366645421958	50.7963052120843
0.247	27.176580863486066	55.522282093057	49.47459610876642
0.249	1.2833620366414777	57.83856213271222	50.0403716237848
0.251	2.1714831528463208	55.326053490099	49.19515682108927
0.253	39.7845654773743	68.61144617389094	51.48874430712538
0.255	18.606065626869395	66.7685995185543	51.396917375618166
0.257	34.07037897829035	58.59007564548276	50.000220751530826
0.259	44.00951733751768	47.83945853468269	47.94246895022311
0.261	-1.4044105164368048	56.252858605742595	51.24800227403577
0.263	77.21247540071197	52.99279934036286	47.51129555996495
0.265	40.54344402781851	58.77201818726895	50.99041197380737
0.267	77.3882444990992	59.135511876634595	50.95511846359233
0.269	39.95062006856287	58.74189878651735	49.7330927010955
0.271	47.07999471942337	57.15720960265355	50.161486089966495
0.273	-44.50868145311482	65.9274555053792	51.58186716886112
0.275	-18.81996396790875	59.24350812976244	49.981343512110676
0.277	93.28857027468551	56.47186481679736	49.222338795559374
0.279	64.43406883049896	60.75689352839214	51.428605311207164
0.281	-1.6521558072746245	61.90506470510671	49.729348022451646
0.28300000000000003	139.23043682795287	57.105865274867185	50.13952021651208
0.28500000000000003	22.529777599977763	53.5522233605426	49.748723829601175
0.28700000000000003	82.31148246706788	54.76625891435053	50.315741359637705
0.28900000000000003	23.404337497368033	66.80310090429117	50.952185375987064
0.29100000000000004	-25.80358359682844	61.870002850270694	50.78526953558002
0.29300000000000004	21.16556373810141	63.63599414885012	52.576649725131055
0.29500000000000004	-24.16356637047201	55.844274191731124	49.92311882274645
0.29700000000000004	149.6962730977991	61.045029277301296	49.556035207306095
0.29900000000000004	0.5511811820291257	51.99971034379907	50.16968458798266
0.30100000000000005	33.495856599063956	59.78372934976226	50.22534291891876
0.30300000000000005	-109.50038880974677	54.95953502914746	49.86143872241603
0.30500000000000005	34.372150372385946	57.89369157074361	49.91224868839158
0.30700000000000005	-20.47620289458152	59.32313614805697	51.12918591080229
0.30900000000000005	40.13688459281184	53.90340107622854	49.55852369088525
0.31100000000000005	18.321005795352008	54.85046168563253	49.463766514834894
0.31300000000000006	-104.90801549090101	53.67048779243943	49.71113693928179
0.31500000000000006	-4.60204379482132	57.5305592223174	49.82728089729967
0.31700000000000006	25.91722443723299	58.89460187993671	51.975328765225235
0.31900000000000006	-2.5390576792183595	65.22202925543154	50.50816831192286
0.32100000000000006	84.49440716207235	54.12356433136632	49.620426626210175
0.32300000000000006	26.790707469581676	54.48032914674351	49.54959580978931
0.32500000000000007	135.45828659822234	51.82237230856083	48.86810171070993
0.32700000000000007	20.30366855887422	50.55391117444185	50.10380172266911
0.32900000000000007	162.91264167400675	63.3011823343393	49.9177786284487
0.33100000000000007	-13.648954342415642	64.4732079346455	50.16399209122823
0.333	89.62553183211597	60.611152004426	50.88603382720651
0.33499999999999996	-20.853844235113606	52.8322590814464	49.647134928496094
0.33699999999999997	72.17011219773362	55.166533139693726	49.71943877493479
0.33899999999999997	71.68636250765026	60.41246542590538	50.729284294717765
0.34099999999999997	-6.143003608904962	58.40473914308426	50.87885253239996
0.34299999999999997	6.364990950746829	59.65287602955785	51.05700978162727
0.345	74.89357084611292	59.52945673624147	49.29110846859354
0.347	93.51234257914953	67.01938360219133	50.75578777120834
0.349	98.70153445312724	64.57450601483448	49.53865991765265
0.351	-44.61980890435591	60.13007195934684	51.812637697579326
0.353	155.1287241734478	61.250113748019885	50.90694300118871
0.355	17.351161269107962	52.9071916948672	50.64313700679824
0.357	-22.45459361505109	57.274261758053	49.70922253188414
0.359	-26.142024840636324	59.88196689835409	49.44336178115526
0.361	48.34350562843426	58.39288211090511	49.80853255491745
0.363	50.44321510538907	58.603222456142454	49.13130143642978
0.365	28.86039516458716	57.25871951632494	51.55851693351424
0.367	53.51753525095759	61.02047419406442	49.441116593503295
0.369	9.468319943861658	58.89440241189963	50.781138022967596
0.371	206.877141355033	63.69811661253927	49.3703947135489
0.373	1.0061026765040282	58.00582725323238	50.09847930997253
0.375	-7.885958369091561	54.89565277511932	50.002345146183174
0.377	-16.485402432264706	54.217005166360906	50.76970341070487
0.379	91.24152050610235	53.518550376267264	49.962655668111225
0.381	-11.907722108794871	52.947971328061925	49.78480353250033
0.383	35.692966823930306	59.16820363296274	50.33522939591725
0.385	44.48471947560151	57.849137276476746	51.17619007081505
0.387	103.38665897857702	59.39833860450567	50.97174917130073
0.389	76.31156260901051	51.56266755561494	49.87175578039332
0.391	39.147357497437696	56.204399783083495	50.034144461715236
0.393	45.91030997924683	54.98057684223701	51.25389110910064
0.395	81.44366679574411	58.01749717291195	50.84444370114204
0.397	79.28931635636793	54.01270625720844	49.5547440742783
0.399	-100.68732344981069	60.83175877488529	50.50033724068529
0.401	-1.2602227611457906	59.8273715736158	51.56169323620252
0.403	22.892441590149915	61.058374785662096	50.42977826842178
0.405	-19.22268299103802	56.96768949026445	50.690472577478864
0.40700000000000003	46.15246486006086	59.404627744146815	49.91723231304175
0.40900000000000003	40.6904549217213	56.55872919827512	51.94328107198859
0.41100000000000003	-30.220064632047183	64.64261457253725	50.86830780504087
0.41300000000000003	21.615610188208123	62.42522447932861	50.57181024467724
0.41500000000000004	-8.230528546926408	55.217650203502174	50.86674691241308
0.41700000000000004	54.82449772808984	58.261661905186585	49.45037203942527
0.41900000000000004	26.44625894676622	53.26137200350515	49.60379169063914
0.42100000000000004	53.99395934713169	63.22340001502088	51.04292871970327
0.42300000000000004	144.61458939596383	62.8662628549573	49.994384936768625
0.42500000000000004	-54.503334311895024	55.355734677276224	50.585629792785156
0.42700000000000005	64.48641950695944	65.2643295023507	50.55914270794591
0.42900000000000005	42.303117400610546	61.62739568363429	50.52186862480407
0.43100000000000005	92.27829844271618	61.57349702959168	50.253640138868235
0.43300000000000005	-51.00329741747345	50.84766418582342	51.56672283877742
0.43500000000000005	23.97646775875728	57.34638360810345	51.069876964672495
0.43700000000000006	87.10669505740398	61.622140501650556	50.23882362729507
0.43900000000000006	81.12947463678744	60.166855956957406	50.17719806623937
0.44100000000000006	29.77137365189897	58.96685988009202	50.06671156821818
0.44300000000000006	27.515108264486443	50.6289490694814	49.84013776612453
0.44500000000000006	-90.19611854188537	54.86865553999047	48.63507828421914
0.44700000000000006	23.06998639056701	64.47417000200522	49.21078580904843
0.44900000000000007	-12.180642042780576	60.63363126058296	51.21099294454564
0.45100000000000007	37.148844292289596	52.1321092431371	51.07332690845712
0.45300000000000007	79.13438893791813	64.56306076010362	50.81213718902373
0.45500000000000007	12.490384810881494	49.98790554642577	49.74520069665575
0.4570000000000001	30.437738712141282	48.30622125629784	51.63011620965362
0.459	33.068961540649866	60.87311993543349	50.98791540388593
0.46099999999999997	-0.577278695734762	64.04290312758896	52.24634331088164
0.46299999999999997	99.40254867135678	59.74125996347599	50.70708867661231
0.46499999999999997	-21.810841834724037	55.7914259507252	49.74866021611033
0.46699999999999997	49.56564522284879	51.713067420867254	49.56448838158933
0.469	61.281364736931465	57.991662530084206	51.366792421496015
0.471	64.39288690573974	54.65563051017567	49.84206724978819
0.473	30.27871206695565	61.37907739239544	50.489976684255005
0.475	-24.828180453906334	59.05881184075317	50.39627272895333
0.477	-115.48065978772559	66.79519572946683	50.098731721679044
0.479	55.89186011545344	59.76953939731577	48.51119958483185
0.481	-10.92803481683724	49.95117959564218	50.00681611299924
0.483	94.90263830724821	59.968424555259986	50.99946052935709
0.485	25.881926292381507	61.67918993015623	51.34371349687124
0.487	50.058436336097856	57.76480662991208	48.743538545153335
0.489	-124.11976924686653	53.42388573161493	51.66522103460186
0.491	74.28255517938354	53.78569537622524	48.49701976888511
0.493	-28.76863317979872	57.80964856558122	50.2124612939931
0.495	18.369712352361844	58.79081103278535	49.041801440059096
0.497	47.93125114654906	67.18627987181898	51.88637120618012
0.499	-13.946842322698494	60.283356379449174	52.16586273687763