-0.499	-165.10425292237673	58.33961650951257	48.321957926306695
-0.497	58.633073300118355	48.453600434114094	42.32182060192939
-0.495	14.026133677846886	45.551606676756386	41.19005952188316
-0.493	44.00341599453128	50.21654274325357	41.98799820481166
-0.491	43.249715399484856	53.5096778377046	42.96379408419273
-0.489	-11.329036788243485	45.30372822015656	41.99658521547788
-0.487	74.17894818462223	45.944557101751236	41.36062397466701
-0.485	43.66615460371648	48.542475929796076	43.15478801234062
-0.483	-9.037726303229299	41.15215463419089	40.67551118653681
-0.481	-35.12098323976698	40.83214515946155	41.781022732304976
-0.479	12.541940841215293	47.826947086151534	42.94218448109221
-0.477	40.2625828563874	45.50189096842598	42.33809291409612
-0.475	-21.698961028771002	43.72526069124551	41.38582637424419
-0.473	84.25953511070894	41.86219118315943	42.26242402676544
-0.471	-43.56047709286326	45.37141905648339	40.80499689287182
-0.469	-16.173200459324022	43.04926249096128	42.37976237506774
-0.46699999999999997	-46.72291524998595	43.20814463709207	41.301066277213906
-0.46499999999999997	8.834816361380504	43.192054773515686	42.18534464812876
-0.46299999999999997	40.99371980093025	47.76964016449378	42.38114216815758
-0.461	25.969933984182347	44.097838964551514	40.235653124654675
-0.459	21.378788489956335	47.022796806157665	42.63259886069406
-0.457	-65.81491984136711	44.18488999374271	43.19750308078507
-0.455	-36.52859750258308	45.6177120932766	41.46951788213692
-0.453	67.36616353864022	43.08504691628544	41.97221625361049
-0.451	-4.222093006656102	51.31771047167655	43.747361344548615
-0.449	4.438430682318639	43.26966311235147	42.411332182166284
-0.447	76.15665984395115	44.29624493932791	41.3294338252259
-0.445	2.447818591821971	41.502090377878844	41.79492244400759
-0.443	-82.34124252037844	44.616650634803115	42.477127112828974
-0.441	44.48309210136614	44.00566998291399	41.48617087896865
-0.439	-7.70602265154352	39.568150618343154	41.7715585044596
-0.437	-78.06828711753866	45.60274148488162	43.00993996728475
-0.435	-37.41840092974513	40.66866289864317	42.378448600122866
-0.433	-30.459457565523707	45.484041779893865	39.99983046727934
-0.431	-0.5767009508828025	48.38150651445187	44.46810872274826
-0.429	71.18363856983834	49.73754082595103	41.82487143798948
-0.427	-50.375856213924486	42.77753179745201	41.986698884706215
-0.425	8.147600349728279	47.462846105435915	42.80212963298315
-0.423	-36.4886179949897	47.07406998328442	42.06594450449577
-0.421	69.93577626057679	45.470664865063476	42.73354397560681
-0.419	53.805615107815896	39.77923447002716	41.12929944130174
-0.417	-95.25036037472123	42.47384932603566	41.46959923380652
-0.415	-16.124167596998085	40.54002531994745	42.68903520141174
-0.41300000000000003	-113.92359940431973	40.42098791340919	40.80530226658611
-0.41100000000000003	81.14556969895936	43.25641052571012	42.648259438555506
-0.40900000000000003	-36.623221098874836	45.44434296946571	41.41345776251711
-0.40700000000000003	95.62634144333337	45.892967996343316	41.941208179384724
-0.405	2.365359399236766	41.4192913488162	41.05716439643684
-0.403	10.800087133722158	45.13523867611463	43.0658755581742
-0.401	6.788845521299436	49.467388273131895	42.674205503518586
-0.399	102.18393455296848	46.425135874061446	41.01890003623775
-0.397	6.763237844431558	44.0150540773822	42.04692497912788
-0.395	-26.465487065752136	45.28146832349938	43.62494674541947
-0.393	-10.944303703630531	45.64410220598442	41.81926127778008
-0.391	40.94926882181049	44.45084336660149	41.0456760093529
-0.389	-55.336562961305624	43.72338272491232	41.81818512317975
-0.387	61.57863864131308	45.76151826403632	42.85485022954524
-0.385	-100.34580833317986	40.83696539260953	40.83061331672611
-0.383	84.6162780208104	44.33332794432906	42.57671960223058
-0.381	17.837009657073466	45.529387759683694	42.046212964325434
-0.379	-57.72990743757589	41.98025116741202	41.154617792508105
-0.377	-23.59144759123133	39.30549558333917	42.17465978711043
-0.375	11.81157027119184	41.515731007749245	41.79218438683355
-0.373	-16.357638375930073	46.48707457210486	42.094471362688886
-0.371	-53.9642742344304	44.15021078955763	41.278606218427676
-0.369	-7.639222455613215	40.8259752039176	42.759266319429
-0.367	-51.22707900406809	46.817217134973845	43.30337282235855
-0.365	-26.684280619360123	45.834041222002426	40.764209561530706
-0.363	54.76341579546684	47.52101273850633	41.965246813340954
-0.361	70.99895630058306	40.10295804390329	41.187344083726416
-0.359	-22.57435054975332	47.2332961244032	42.47364392371181
-0.357	12.666173822450943	44.670543453222734	41.842288844648984
-0.355	18.437764518264288	47.672111839828545	41.90544340689518
-0.353	15.511382619903813	38.93714444192768	42.01151262400053
-0.351	69.85344596643905	41.61835417005026	40.35388537261356
-0.349	-35.48979658496432	42.956058520281566	41.84796967310399
-0.347	34.46276105378843	50.5361307093452	43.63484881360412
-0.345	88.62440612156242	42.83187591795861	40.963386879938426
-0.34299999999999997	-32.913798489353496	46.09542804843265	41.709171023914976
-0.34099999999999997	-75.95820965478062	43.70707934510526	42.99496097145553
-0.33899999999999997	78.93931871150173	48.10115982110061	42.97522491078133
-0.33699999999999997	-14.48981881868594	45.372974735582204	41.231099369441104
-0.33499999999999996	41.10842409321691	44.85063083485117	41.77026306493481
-0.33299999999999996	1.2042506478682213	50.56644711942501	41.84894491599662
-0.33099999999999996	30.0555019505655	45.967948985413244	41.5172608031885
-0.32899999999999996	-25.725700178336197	49.55704549976067	42.960109025122065
-0.32699999999999996	23.3030383340882	39.251830032742234	42.41931953042719
-0.32499999999999996	35.62910684262732	45.01838910015262	41.3688909608288
-0.323	104.68631547144724	46.78088656949671	41.959283802614515
-0.321	5.457474824055453	52.00572176956796	43.147360467479395
-0.319	73.30082584378061	48.89809799016727	42.313958181044214
-0.317	36.05416362240099	43.46763984827728	41.18421741548444
-0.315	89.41079486501913	43.71325200521246	41.99344466238207
-0.313	60.63477358209113	45.520118733057096	42.27021964134829
-0.311	111.63220247056849	49.930034507507045	43.20409548596656
-0.309	120.32906067283022	46.200720081314614	40.78539686258282
-0.307	-6.619731846235766	44.75900172616524	41.491675817288545
-0.305	52.66941865289532	39.47527035871545	41.961748512657856
-0.303	-63.43675733899712	42.025724200203165	40.98284415568516
-0.301	36.65774364414176	48.38225240105201	42.77668021531303
-0.299	59.24890298314445	47.38418660408748	42.11894257299843
-0.297	49.88606852607269	47.53840435811621	41.73579075252769
-0.295	-2.8271775002197685	42.96614561946698	40.16078591265199
-0.293	26.950751446763732	49.328860671448815	43.36143630388505
-0.29100000000000004	98.20117110770354	42.226378430105235	41.55066870163817
-0.28900000000000003	81.60237661591907	49.31429277282636	40.43347379635282
-0.28700000000000003	11.707814187023047	49.48434340871424	43.43564229468296
-0.28500000000000003	25.47744088676751	42.64041490593822	42.71024763726461
-0.28300000000000003	15.626065240859077	42.130069956200984	42.202797146285235
-0.281	107.61311739049262	43.03105187408186	41.10123905888369
-0.279	31.477902318943762	39.64085903025087	43.487591326050904
-0.277	-79.55082101218647	44.43779154082635	41.37225319909175
-0.275	33.66849440222808	43.902836758580456	40.79993043247933
-0.273	55.84328157892671	41.368755968634815	41.50980333700952
-0.271	34.51598138792811	47.5192948819795	42.410194150214224
-0.269	101.23640440773407	49.49620288499641	42.44362053616012
-0.267	65.62787003860926	39.54056124828231	40.61856114665016
-0.265	-3.7610311665048357	51.60072407970534	43.17100604780172
-0.263	-23.418794948937283	44.982063162651315	42.06497545343379
-0.261	63.16962163910311	42.775841666160325	40.7687380837572
-0.259	51.54211497315764	41.264769397701	41.9650499344263
-0.257	-41.595920174386514	44.16572668047558	43.494302051405
-0.255	-1.8232813748797483	40.592692507404934	41.6406507675965
-0.253	-16.135550971574375	41.29470397873622	40.49115872317585
-0.251	51.032351211288685	53.421425821032194	42.48055296975466
-0.249	62.097119128301514	46.31559413923509	42.069251533323595
-0.247	-34.58151700341805	39.03119523752635	40.15679659079819
-0.245	40.141853763664415	44.82406748320212	42.465838972493906
-0.243	66.92976839106635	49.72705129589004	41.6890734935973
-0.241	-21.222077246640936	39.663107646564164	40.30366994511812
-0.239	-40.768495476850575	49.88568267322062	42.74576977749145
-0.237	21.998571150483315	49.30185976556597	42.91236452073027
-0.235	115.38549951906063	42.67405922445799	41.03314500679308
-0.23299999999999998	-24.11848141248285	43.14126808327008	41.297698774264326
-0.23099999999999998	-19.620926173247177	44.275382248808135	42.29890825901991
-0.22899999999999998	38.682012986290815	52.04903762417864	42.18932808459051
-0.22699999999999998	93.00948660340147	43.028046531777754	41.861625190635436
-0.22499999999999998	22.137825316681514	41.541777888959565	43.17676601449651
-0.22299999999999998	-47.23459896649462	43.004510364979836	42.47717034926027
-0.22099999999999997	78.78947647466106	42.87382071957248	40.84161682568236
-0.21899999999999997	1.4520275564144924	44.84593274774643	41.50296049230613
-0.21699999999999997	79.86184412622777	46.42460191067305	42.177727438143464
-0.21499999999999997	4.604770286631421	36.9511263530842	41.623655738712294
-0.21299999999999997	10.656252299456881	40.98802910864885	41.22411324993342
-0.211	38.49617917306425	48.4925499027458	42.08046532848268
-0.20900000000000002	-18.352957932621372	46.21424571598546	42.926240127096285
-0.20700000000000002	126.61550397563559	48.976454585038255	42.14279911210473
-0.20500000000000002	-44.199522281074266	43.0041490498879	40.62476950805867
-0.203	-36.27561489749631	40.42807962316841	42.81279804950167
-0.201	50.00789565934305	39.41232016879599	42.338043069760744
-0.199	47.73855516471137	43.32428487809144	40.47912777627272
-0.197	-48.101319996662895	43.24953943591164	43.01533395584094
-0.195	7.200147854158345	44.50985219336967	41.726350355362605
-0.193	64.84766553715993	42.822514955122685	39.85209288361949
-0.191	9.289413307245198	43.02707545442323	42.24064523806581
-0.189	34.870871834291606	44.42154237758227	42.2604728389559
-0.187	-31.968785003888556	42.118139863768114	41.30741524042362
-0.185	37.016999838046516	45.498230946340826	41.47885632281317
-0.183	-29.45095944262288	47.98065482188871	42.97340813545961
-0.181	43.48756670657927	44.380447345916025	42.100504073440774
-0.179	42.39197283495422	41.73512753995758	40.75790096614951
-0.177	40.04697163173532	43.56146785079205	42.37296903350198
-0.175	-8.314818052634898	47.59694461625767	42.033927594477454
-0.173	-35.98618796696318	47.12147220847199	41.57552419001288
-0.17099999999999999	-6.901311067841753	46.43319464743971	41.227305250362626
-0.16899999999999998	43.59863731018265	38.58708110084699	41.87023538558316
-0.16699999999999998	31.746702830570683	42.40506083977513	41.109289073037935
-0.16499999999999998	19.58038596394651	43.004026014871314	41.60961996787641
-0.16299999999999998	-1.7916293195696653	46.98116456049851	41.37535182871325
-0.16099999999999998	-38.89849825000624	42.11318388574821	41.47025245405441
-0.15899999999999997	-42.46052748069218	45.95423540491276	43.29278698231219
-0.15699999999999997	-73.95606825633116	35.7918356916273	40.39724995009459
-0.15499999999999997	-15.444430595534797	48.60303061054384	43.69649423046824
-0.15299999999999997	8.693828763339795	42.68031448685248	43.02560893692448
-0.15099999999999997	31.30946894835951	42.1335091606943	40.28671562824854
-0.149	48.069121334037845	43.532691292739266	43.171213230926874
-0.14700000000000002	24.58233544144761	42.89150624070262	42.881611680287364
-0.14500000000000002	41.307049273520136	43.60083171878324	42.15409497654545
-0.14300000000000002	48.79481861275181	50.15455994535421	42.13696670170134
-0.14100000000000001	-34.66824535025559	39.63200062188159	41.623210532420615
-0.139	54.33522387598977	41.472037978008686	42.31493114714687
-0.137	-9.750339344249959	37.71597579204382	40.74565406041433
-0.135	-53.44740946466864	40.190883259311214	41.77500378250758
-0.133	29.03716898394748	42.91415226512261	40.957343770781584
-0.131	103.687846043643	45.452000625566896	40.641563282412726
-0.129	-46.80103544785208	43.44117404745786	43.74927901400551
-0.127	-26.607038674075767	49.973910367265	42.3947400167881
-0.125	95.12178286397166	50.438741280000386	42.911285782831506
-0.123	-3.897105791739186	42.094613105395794	41.13546617636051
-0.121	78.49752126132259	39.81121614223394	40.60895258986215
-0.119	38.836521770724275	48.700366991102264	44.303224400267055
-0.11699999999999999	71.50315024473386	45.099228021006745	42.43320994261655
-0.11499999999999999	59.34315921574118	44.70590695665373	41.50573455572793
-0.11299999999999999	41.840516319169296	40.44366055181049	41.992507243237895
-0.11099999999999999	39.36254460823463	49.35124945907048	41.892257378845336
-0.10899999999999999	84.55527977502264	45.94879535105936	41.4698285561826
-0.10699999999999998	13.887668827150534	42.6632220448381	41.95881914454233
-0.10499999999999998	33.15412885585012	42.82644129239159	41.61061329079949
-0.10299999999999998	117.6543484502357	42.75047726174229	41.1354741312471
-0.10099999999999998	-1.1760290758999759	39.42981887332889	42.26607159878719
-0.09899999999999998	-88.72892580413793	43.133417049037156	43.032504344077125
-0.09699999999999998	46.591666808426524	46.41061000026562	41.00123763891973
-0.09499999999999997	62.0756782441223	46.30770617490723	41.12983039751665
-0.09299999999999997	-23.15633916205595	47.49703906473747	42.24191417683682
-0.09099999999999997	-71.00517491298586	46.42165866478163	42.061468338290695
-0.08899999999999997	-42.423335252839145	41.916434469335115	41.56300521104476
-0.08699999999999997	-52.815690972485285	41.12955525185598	42.055579611802784
-0.08499999999999996	-86.33311105521457	38.1165769438245	41.67536099412795
-0.08299999999999999	33.70795506496549	45.24219723580538	41.38525245316046
-0.08100000000000002	25.776750340877896	41.40162552308595	41.92043209457232
-0.07900000000000001	61.297792511849636	43.62475010045481	42.01524722278576
-0.07700000000000001	-31.335627060702365	41.04973729982146	42.991532361676924
-0.07500000000000001	5.466406379550648	43.849635082881534	41.734686559332
-0.07300000000000001	34.54637501865143	44.07433058677815	42.66950691923902
-0.07100000000000001	33.565707656668664	46.328806055797315	43.4736282973424
-0.069	-13.731505520198084	38.99027917591315	40.90990669637566
-0.067	-69.99615231617628	39.5574562777522	40.20254274440514
-0.065	-8.76009090100549	42.72499871281827	43.833114047356474
-0.063	24.046605798577758	46.07272973131879	43.22219714889444
-0.061	-30.336364640892732	47.68890215434978	41.82581753028731
-0.059	26.67583731597034	42.394602902181404	42.68390219790471
-0.056999999999999995	45.21720509842453	46.84106720857413	41.09843229105135
-0.05499999999999999	7.021724628408776	43.48348443222738	41.53373705351743
-0.05299999999999999	56.14269365450397	48.04555791059321	42.36504420379994
-0.05099999999999999	27.62795924082795	49.12572644982759	42.57448882304756
-0.04899999999999999	73.32159431649998	46.17085916215712	41.71682046992117
-0.046999999999999986	36.38542310557824	42.42739587272036	40.82875380432808
-0.044999999999999984	-18.6806462429967	47.490781104528814	43.261027940589024
-0.04299999999999998	18.949632428988394	41.52867108967057	40.84475927495171
-0.04099999999999998	26.404947405911372	44.19179965822421	41.99787835186396
-0.03899999999999998	-72.96146883195576	46.855986501072096	42.31453611560668
-0.03699999999999998	-11.136500362218804	45.71416326630106	42.65575392044646
-0.034999999999999976	23.877586343701296	45.499040471504586	42.42997707295368
-0.032999999999999974	3.871164658386661	40.961235577070475	41.24714064668596
-0.030999999999999972	-14.097338315921526	48.65707139517308	43.11674521007365
-0.02899999999999997	-73.67557250370638	47.493531590299845	41.527650312361246
-0.02699999999999997	-125.19529829169151	47.21396563282152	40.48209096487292
-0.024999999999999967	-69.33654567076175	42.97612999467715	40.88117059706915
-0.022999999999999965	-122.32724431204822	42.28831412077326	43.02002242473231
-0.02099999999999999	-132.71311587281787	44.44675011682005	42.82671737485115
-0.019000000000000017	-104.30899668667504	43.67276904644036	40.95523400225064
-0.017000000000000015	-156.8705344962007	46.08726707345516	42.84087775998289
-0.015000000000000013	-180.07209409531822	42.10091579186979	42.78552727970491
-0.013000000000000012	-123.76880629871856	44.22595340838543	40.82489961461441
-0.01100000000000001	-146.02601280733208	45.77517672931969	41.43455634386394
-0.009000000000000008	-230.47751628546553	48.112710940895624	42.86090972520362
-0.007000000000000006	-202.7101003533316	41.30530599039104	42.25426627226262
-0.0050000000000000044	-201.46794823006076	45.323391423514245	41.61849531153377
-0.0030000000000000027	-53.844988505691305	40.71392234745384	42.18343055292277
-0.0010000000000000009	-171.8495314882995	44.35444548044794	41.637759622963095
0.0010000000000000009	-66.75300936742623	46.836100351171105	41.51025927089544
0.0030000000000000027	-226.41034312231855	40.77291698210264	42.29689010880395
0.0050000000000000044	-145.329917635717	45.477753762370895	40.88979076386911
0.007000000000000006	-213.69238305990467	46.690622945337	43.026297497145194
0.009000000000000008	-154.03558634918824	41.42281649993196	41.41089537892083
0.01100000000000001	-137.56262322517364	42.145300664581086	41.409588453918346
0.013000000000000012	-34.57241875826078	47.45552273467381	41.66353022978736
0.015000000000000013	-251.5112597476499	45.37697200299255	40.40910230779231
0.017000000000000015	-205.0112672331572	44.424386891844115	42.324802965455554
0.019000000000000017	-88.8558658713734	46.018441134518795	43.1294581787752
0.02100000000000002	-148.8971164061992	45.44750781327276	42.12515777539346
0.02300000000000002	-198.94952120769193	47.44706438764766	41.49844224965623
0.025000000000000022	-50.91977250182289	44.79092905079462	41.89342372021658
0.027000000000000024	-35.975845606772694	41.26946490344902	42.00426939898425
0.029000000000000026	-22.272127125244623	42.71211822433073	40.831431008629345
0.031000000000000028	13.17656586330429	50.40127785084119	42.285674077093574
0.03300000000000003	-29.95100295488662	49.34275585300382	42.0386138512451
0.03500000000000003	-46.04957642195817	48.937632211584884	42.98254708775508
0.03700000000000003	28.84053688645416	43.241579214640396	41.73816412162235
0.039000000000000035	-50.222541027156176	50.282415531465176	43.14854569375341
0.041000000000000036	57.38764592155832	37.17705713028965	41.29243954165878
0.04300000000000004	-40.37833150360992	44.67196205140458	40.86509443772227
0.04500000000000004	16.2231747049546	44.67353289307083	43.00412319380036
0.04700000000000004	0.21807742367485616	45.70879783279911	42.00886840246156
0.049000000000000044	57.97113603023263	44.23663844348754	42.10298587748753
0.051000000000000045	-54.121614520230565	45.062859923339545	42.58976503687233
0.05300000000000005	45.535399391560816	42.40450015512183	41.401808733456775
0.05500000000000005	114.1603767322863	47.21689753529521	41.55735526350864
0.05700000000000005	2.7600427214835577	47.399876728684994	41.22620231394171
0.05900000000000005	7.0086021253246145	39.82510343916419	42.15926761066743
0.061000000000000054	5.775856268375179	46.85668066606869	42.66485318418852
0.06300000000000006	-16.940859480230053	37.38134666110681	40.05726328869181
0.06500000000000006	13.422714422395288	44.16865577642431	42.80977915555111
0.06700000000000006	49.92698132078033	44.13363460160319	41.31081732350517
0.06900000000000006	39.89501862067257	41.54397551887709	41.171880919260886
0.07100000000000006	5.823750244049464	43.481063897820064	40.95957483244318
0.07300000000000006	-60.11539140227118	45.49531634533349	42.7688420765667
0.07500000000000007	13.014407861611232	39.06654835718402	42.641475334936274
0.07700000000000001	-1.4069990427190149	46.61627727939788	40.7958217865822
0.07899999999999996	38.135705519026786	42.49136024302098	41.72465947615677
0.08099999999999996	42.869045336013656	44.81641972432473	42.49464740481897
0.08299999999999996	23.863576927407593	47.833084354187775	42.31011784530973
0.08499999999999996	27.679886223319627	43.322769814204136	40.88619904784351
0.08699999999999997	66.6318457727133	51.494882075479126	42.50740788951922
0.08899999999999997	-51.014812113781005	41.25620505261775	42.244145067288464
0.09099999999999997	24.54304769661242	40.34898628496752	40.32930011925741
0.09299999999999997	55.63238699579642	49.48747389964293	43.13543396256146
0.09499999999999997	-29.617148251337433	54.845846715970765	42.02602622585902
0.09699999999999998	62.81651957373846	40.822344932893	40.823052396535275
0.09899999999999998	30.40161335920999	45.08385728522957	40.77135839134317
0.10099999999999998	26.637757473135792	42.986837811343975	42.14471000546684
0.10299999999999998	76.73780008432551	52.71720550919593	42.84587472990589
0.10499999999999998	9.556812543110027	48.45247517727855	41.01729316022474
0.10699999999999998	13.784181491116598	46.80570068837015	42.64489015108727
0.10899999999999999	1.4009362820921467	43.60668199299322	42.28996023187773
0.11099999999999999	45.06064922038533	41.796829547964926	40.716119149575555
0.11299999999999999	21.89683263975617	44.894249407083414	42.79007178529185
0.11499999999999999	2.358497423804451	45.02730890722677	41.920426076041956
0.11699999999999999	10.739104415513623	44.24948358984116	43.04337660008588
0.119	44.595172636441305	41.93943903009499	41.596140927493806
0.121	1.2942030807039373	42.45862842054062	42.160676593298454
0.123	57.12811867164547	42.24080855142776	41.961452794468194
0.125	74.41071178337921	42.89840983962334	40.22165138059943
0.127	38.22261612129729	41.95385395426528	42.308675962814085
0.129	77.21057056198077	44.08314124127278	43.42641132289087
0.131	2.034778691983874	45.88445089949519	41.84660135885345
0.133	63.3274059771427	46.642207949510315	40.79395334592721
0.135	32.356786711318364	39.93333264829901	41.951422778842684
0.137	-24.662817980525276	43.60620201219576	43.22724273625142
0.139	27.161639569950324	44.679014716357024	41.08470009996788
0.14100000000000001	33.278522964419466	46.325208950579686	41.433031673426704
0.14300000000000002	73.96181107233168	52.714395591193224	41.879184668201624
0.14500000000000002	17.115231768505268	45.81458954127455	41.68813561446451
0.14700000000000002	-15.20278586197854	40.168264794589874	42.385879230337395
0.14900000000000002	69.74503106449426	41.00952371346491	41.22344738881075
0.15100000000000002	27.71696798631318	41.69940519913479	41.47910901272714
0.15300000000000002	16.16120605185678	42.03725785859375	40.76263641313152
0.15500000000000003	49.992646643071126	43.03169191032734	42.27058191265264
0.15700000000000003	42.12599943476114	43.876753233983735	42.23148840041605
0.15900000000000003	67.10320465419528	51.01324272152009	41.82086510772945
0.16100000000000003	93.27422974436672	42.9015722351604	41.517870138563545
0.16300000000000003	114.53803630567805	47.83182455026307	41.50409417481499
0.16500000000000004	-21.512860518879684	44.432491364684864	43.435662127214464
0.16700000000000004	3.696354773152777	40.81898755874957	40.06099057915261
0.16900000000000004	77.13303782264092	44.222972486561936	41.767627760360426
0.17100000000000004	-7.234048553184103	50.97520046334084	42.41033381772279
0.17300000000000004	-7.77637015503263	47.60241672967834	41.13942536664983
0.17500000000000004	35.27853633178424	42.34315741278172	43.50514949262538
0.17700000000000005	-12.293896227366652	46.93269099068375	42.008966344972265
0.17900000000000005	108.57745629988536	48.19433112925657	42.008474369403714
0.18100000000000005	1.1089828557686587	47.4786798356127	41.614675018168754
0.18300000000000005	8.252830637989206	48.72313539803382	42.64082680911829
0.18500000000000005	52.31201154298759	42.90963596312205	42.13822935577633
0.18700000000000006	-29.688868608879204	43.16942753757404	40.984671141615
0.18900000000000006	60.52676032419768	41.91510384569334	42.68480982429262
0.19100000000000006	-12.027687575244528	39.017718817433746	41.491505625424
0.19300000000000006	93.24182584591334	41.741370516461956	42.382636295626064
0.19500000000000006	2.8805632270589854	43.07746790573076	40.953578356991265
0.19700000000000006	52.91464362300324	52.256280690392295	41.98417586110413
0.19900000000000007	-32.94309928458805	49.027203100095164	42.158338988363525
0.20100000000000007	-0.8430620019872492	45.381648912054594	41.5683818860221
0.203	71.14167134392169	44.57900348619837	43.20589098217961
0.20499999999999996	-32.23013817066356	39.30266496946786	41.29282234197529
0.20699999999999996	-9.127024366395453	48.25715741339569	41.728991222357415
0.20899999999999996	-70.3474847314478	46.33459641399898	41.295054901282946
0.21099999999999997	-16.645819493121827	49.697542802690464	43.2693308099255
0.21299999999999997	-65.11189606861478	40.163910487866175	42.3848200097347
0.21499999999999997	4.474314971414373	46.591992872701866	41.30906463469045
0.21699999999999997	21.26898709109426	45.56654991366855	42.01938792779677
0.21899999999999997	0.6079154302174317	45.96137682579026	42.33646117825957
0.22099999999999997	-8.842313771628696	43.1060999399238	41.09634462893903
0.22299999999999998	50.25916048428947	46.02436832826375	42.27512012970417
0.22499999999999998	-51.46420894053261	39.344082846136786	41.417533179792585
0.22699999999999998	89.89914782353559	49.32841466669976	42.03043558102848
0.22899999999999998	-2.2036144980974726	47.14067246710633	41.10689122368527
0.23099999999999998	18.629539893844083	47.87264093974965	43.55884148137728
0.23299999999999998	19.033386133182617	46.083726794046115	41.200319821334375
0.235	56.81387607792132	45.59397503448061	41.926381125456366
0.237	4.948270797555665	47.70230292853236	43.10194195716656
0.239	45.775154930760564	45.37323253693105	42.3083282550064
0.241	14.998095800855538	42.33129853261792	41.23615774694523
0.243	47.543232126301405	45.388117586071544	41.193631564765745
0.245	59.854297226547004	40.60050151031714	42.723545893980514
0.247	39.93323286444195	47.53063981874434	42.08939605110216
0.249	9.339148914877526	40.42895428666406	40.580014540107705
0.251	-6.503066392826717	43.682064332769556	41.42832861503182
0.253	14.12491729380072	44.72755626208015	40.76401674537677
0.255	-40.59020525215562	42.96643094817752	42.39908986235286
0.257	39.23956759654956	45.22866652605483	40.55549719183565
0.259	17.03648524120638	39.96303734477012	42.63228761505127
0.261	-18.226759924022673	40.648965778442495	41.76619563001156
0.263	36.76678706110437	38.9535006928176	40.7188174094985
0.265	2.1045351583648397	49.11330600020649	41.69542215413992
0.267	6.418532348506645	42.241622424820726	42.41382026808108
0.269	64.83814069224714	39.566555829801764	42.33938688453783
0.271	17.550474868732735	45.27944044476986	41.41319468507888
0.273	5.900404173475593	41.44923029104366	42.573305131380344
0.275	-56.48426773607884	38.86622555990218	42.716521379703245
0.277	56.1052868062184	43.63233426903313	40.21812715809863
0.279	4.421519987918288	43.72632086124098	42.27501333547277
0.281	-55.98846980525707	42.05913163539589	41.31847693229464
0.28300000000000003	-26.020614038446688	47.14555702261156	41.64622021767474
0.28500000000000003	12.124437680061106	47.05536136458002	42.7631483457313
0.28700000000000003	5.055196877323809	42.034427321914215	42.507254530325746
0.28900000000000003	56.315362225722865	46.68273078717625	41.19414519454489
0.29100000000000004	24.636352444762366	37.715487260315925	41.68427996923338
0.29300000000000004	-0.7262764372129027	48.90035679476078	42.32798668328737
0.29500000000000004	-48.7414069240133	47.81380940747614	42.0783038997425
0.29700000000000004	61.04505005288807	43.72053505680887	41.41650601368085
0.29900000000000004	0.410096447689412	47.59679178472052	41.81744404533195
0.30100000000000005	26.22381148031927	43.9962332836402	42.19115331582704
0.30300000000000005	-2.3377517457401353	42.636391372186914	41.88683099834555
0.30500000000000005	18.12273642531892	42.38236764819992	40.483220609738105
0.30700000000000005	82.44553354952444	45.89976700369514	42.39533756012775
0.30900000000000005	-4.590894141953683	45.30526282386608	41.4442618799456
0.31100000000000005	16.09918517964104	39.953320222304846	41.458716746700965
0.31300000000000006	-94.28638420927449	50.2985374660204	42.83877614903619
0.31500000000000006	24.794955679752206	46.57124469128039	42.580399564597045
0.31700000000000006	-69.66237851857571	45.31158476754647	42.400414504416936
0.31900000000000006	-13.011057544698446	45.1177542606822	41.18113437444276
0.32100000000000006	-0.4287731564245334	47.12751022246811	42.532269244333854
0.32300000000000006	31.063875995496204	45.251287324589	42.343839396915484
0.32500000000000007	74.15571310720459	51.23619966063446	41.95546831968441
0.32700000000000007	111.75658811612976	50.43760151615651	42.37109281444277
0.32900000000000007	37.15629176803681	48.34899745605857	42.251922682538996
0.33100000000000007	161.46583547427264	47.73105402711784	41.14775833624803
0.333	11.326350856988299	45.940479239386484	41.88959247936347
0.33499999999999996	56.29436511878083	45.51136912625573	43.368307137385294
0.33699999999999997	-7.772651396398267	48.164126285082276	41.95786307824644
0.33899999999999997	-21.490414770619637	42.03312387960349	41.74920975911911
0.34099999999999997	8.10553450358853	45.94468322845781	42.13126173676532
0.34299999999999997	28.35081339025436	39.685428118254585	41.444553414102025
0.345	103.9838066483334	48.60480539702904	40.080211034736536
0.347	31.451295375406474	46.41118519137373	42.24431981437938
0.349	-85.5842962220743	37.11728802151692	41.54334687501938
0.351	45.57805797422709	47.77383414342908	42.59835009629714
0.353	-55.16396572546878	40.94303164319664	41.90133439987389
0.355	44.2269865952305	38.58031697210023	41.70999797881208
0.357	-23.630854159018	47.59702496870788	42.69816532701635
0.359	103.56698186098079	48.814806471510074	41.81790066470924
0.361	6.046980238538779	45.927458392079416	40.76532921228121
0.363	-21.911110420935742	39.68941714791612	42.73294964072053
0.365	59.61223412143113	40.62588280328576	43.219015764922304
0.367	-14.321882529810814	46.62463362202092	40.928668311275686
0.369	99.00245377747474	50.645079679663624	43.40637686733722
0.371	83.44712543739696	43.472510951158114	41.096174575719665
0.373	-26.828819284618888	40.896593217370395	41.15034988276335
0.375	59.80366280522453	50.3819435265137	43.17027505692641
0.377	24.593897749891624	40.93764012888306	43.214900635494345
0.379	56.87504711238134	40.03343724701415	40.75429216401934
0.381	-57.407699070144425	46.44794593503114	42.86951772415525
0.383	60.935976174958384	55.08067382126523	42.68326888699196
0.385	44.694457671301535	48.73245031159727	42.54806545237856
0.387	108.65866966391913	44.12164451717668	41.59138194278272
0.389	-4.258955840330536	43.9624659506412	42.81532714286644
0.391	-39.613312584174665	49.84331836778938	41.754463476707315
0.393	10.96565477110012	48.881084235488245	41.830007095780175
0.395	7.967549285448072	46.187060359274305	42.772104096772296
0.397	29.41743187934165	43.50995340261297	40.3936634820535
0.399	5.060346448093611	37.84253304109917	41.685584550906526
0.401	11.72278045036279	44.53250852469137	40.920459657592104
0.403	46.85440509688554	40.7485525842494	41.47769432550253
0.405	46.28572126419428	44.18707674635251	44.60546580613096
0.40700000000000003	-79.22934996418275	44.86488599125092	41.878707083310935
0.40900000000000003	-7.190225006614703	42.77801016191907	41.76581313276822
0.41100000000000003	36.958558494948335	40.541379624064035	42.761955226564325
0.41300000000000003	49.1885456481711	48.92216999373379	42.66292537206068
0.41500000000000004	84.41087387556223	47.37315163464417	41.33951011001518
0.41700000000000004	-16.23945488882228	38.53062448598517	42.29859404134087
0.41900000000000004	30.575915187069924	41.441725119668696	41.38163042581809
0.42100000000000004	14.316787438461986	42.12341927801625	41.25026593734387
0.42300000000000004	98.99927994516666	48.24248947664369	41.936783230784684
0.42500000000000004	-27.043678916816027	49.62763926334195	42.116752216182164
0.42700000000000005	-97.20832285609049	46.74060040932388	40.64364373507391
0.42900000000000005	49.88251982385172	44.02403105002681	41.403148936692006
0.43100000000000005	-71.58964979969707	45.61946054737246	43.27539412441466
0.43300000000000005	-2.345757399435655	45.82491943243012	42.052605203399125
0.43500000000000005	16.80657586744516	49.95292235325256	42.56230155507219
0.43700000000000006	-24.438174331731233	45.10893332893563	42.37473712142558
0.43900000000000006	-29.240982663103487	51.61975823636378	41.72515532792714
0.44100000000000006	26.310694433817616	49.49073160944556	42.3911591081628
0.44300000000000006	17.811073398821264	48.42481997515396	42.25244170028978
0.44500000000000006	17.727041647930264	42.83352765409756	41.62041598126048
0.44700000000000006	1.2501697848055215	43.0370229599405	42.47643965244755
0.44900000000000007	-16.01812660234625	39.027233230963795	40.8953683222161
0.45100000000000007	-24.95590188866803	51.23779067421407	42.13649739483842
0.45300000000000007	83.72257524835724	40.494112262060284	43.27860969655952
0.45500000000000007	27.137102111440825	48.57770018395231	41.17981215319416
0.4570000000000001	19.041897551863585	46.59365773592538	40.95375970660494
0.459	-14.557595609976381	46.859719415336315	43.338596768583976
0.46099999999999997	33.2957946260759	42.54826817863802	42.22192448950039
0.46299999999999997	31.79427836363935	50.370673021626175	42.49966373357907
0.46499999999999997	36.367916730561944	47.49862345524554	42.57248918665338
0.46699999999999997	0.6659854312474067	43.00429763539179	42.034088154300036
0.469	27.427620003628306	44.700688022320705	41.94770195597777
0.471	39.18835286498279	46.75139745423312	40.85213091509272
0.473	6.84535020334387	46.74621896564374	41.260306769614246
0.475	13.458106840502637	45.19982700125057	41.5120924830468
0.477	29.554851505686486	41.3861439545948	41.69156051290226
0.479	18.92134456804584	46.416110432555875	43.97000426379044
0.481	91.15223636246839	46.73963761423965	40.87518250736226
0.483	59.42122754420964	49.14571652195741	42.75042127957267
0.485	-29.70737882357355	43.52955549494631	40.95731848143711
0.487	-49.186683819146815	46.25388564279218	42.9780495545937
0.489	-12.961431879232599	47.45897773925906	41.8274086295164
0.491	22.723209035735437	41.777774763125926	40.954113400801155
0.493	-40.40834566487739	47.05455251841395	43.68585458025151
0.495	69.94978689722764	44.68964729123982	43.02998599663056
0.497	78.89605002842082	47.07587758731102	41.064761983003315
0.499	-13.234332857270381	51.08516623624159	48.20674680941679