-0.499	31.365102910241305	19.088084218487104	16.980868667640177
-0.497	-9.284363842287924	18.142211839359568	16.427269124995426
-0.495	-21.679363585769273	16.973620011488777	16.85436166960561
-0.493	8.995632879926774	18.013376047536386	15.936307529012442
-0.491	8.378970107303374	20.437016104807554	16.45085807115437
-0.489	31.175633264712843	18.003187485858902	15.861980918970524
-0.487	10.274382027830598	18.696083793616662	16.886061659248544
-0.485	37.34659576659638	17.43340600527308	16.00222666014507
-0.483	-26.044236025146716	19.148578648398747	16.747825880147662
-0.481	21.969695423784685	19.577606521479485	16.27521153492518
-0.479	3.12262377799577	19.332379654541086	16.883336358122886
-0.477	-30.230577537704306	18.679215731840394	16.346444484212903
-0.475	-19.117706122173672	21.697791828228272	16.672226445254985
-0.473	-2.2613700217943844	17.883306939083212	16.46451680086956
-0.471	-18.671435247141766	21.36319024078019	17.287449492680324
-0.469	38.52070619769776	20.47687466194085	16.87257064416989
-0.46699999999999997	-18.44180914045701	20.65945367106221	16.866298021808372
-0.46499999999999997	-1.7324138512631038	17.785358372528115	16.806935067854685
-0.46299999999999997	-3.537379169693544	18.815489527805255	15.692184066175573
-0.461	-10.045387004553596	20.941131927463484	16.54151702268416
-0.459	8.680447869835461	20.908044995591382	16.18230204651157
-0.457	-21.009297791918513	18.83529961187756	16.118665657412095
-0.455	33.809758248848354	20.16825491573401	16.61704128762404
-0.453	-11.856822974443126	19.646734712974673	16.44829382311956
-0.451	3.9702018486131863	17.936851989664767	16.572385101517362
-0.449	-39.99178393931935	15.779087900872655	16.513415468379158
-0.447	8.545780300073247	19.93580464673527	16.89653138160707
-0.445	5.2084504555960365	19.73594306127763	16.171564711712044
-0.443	5.866716232372227	21.434500413620164	16.891298394440284
-0.441	-3.6767681211857806	20.566526113545933	16.189362284307915
-0.439	-24.879049039361334	21.994925798366857	17.301407593432074
-0.437	-7.00157633137799	19.221174670613394	15.948890916425148
-0.435	50.60264506928647	17.779052818870127	17.49134014708394
-0.433	2.604385827664757	18.598789749008038	15.834173309730707
-0.431	-15.66392748142409	16.345002547115733	16.37031358505862
-0.429	-13.748375044642103	18.150530175077524	16.678391166022347
-0.427	63.03342237123921	19.65438724776592	16.84147605359979
-0.425	-1.70348592543057	18.84521452715799	16.85421153053965
-0.423	-27.770931805171095	19.373828864175046	16.533287268971495
-0.421	15.3559529312286	20.343855600955518	16.343990643894124
-0.419	-12.130281489608485	19.735786887971674	16.175983852151905
-0.417	8.84652023014354	23.084075648234865	17.06087373262516
-0.415	13.744453415398539	20.227441365229666	16.634771435056805
-0.41300000000000003	26.83456924912342	19.495427239228203	16.901133796962387
-0.41100000000000003	-8.281482960947883	16.330494404436926	16.798109505046966
-0.40900000000000003	-2.790438014987906	20.96129476388098	16.501652337182545
-0.40700000000000003	-20.972907878280544	17.533263230598898	16.249020868811144
-0.405	4.531842462851543	17.664310926949625	17.17218242185541
-0.403	20.29451621243794	19.818091324398303	15.86332868160474
-0.401	3.5035971528429855	18.725297338572826	16.804614732107318
-0.399	-0.1526957995601208	19.207820462090186	16.450506792611446
-0.397	-11.501831499560744	18.370401377535252	16.41745829645409
-0.395	10.397482909318967	19.56007272439012	16.61890687729761
-0.393	9.1700049980048	21.554898005230065	16.529961158516677
-0.391	-5.877340624516059	21.79635099727511	17.624426451773495
-0.389	-23.85529589521429	18.908795684107133	15.76990941231318
-0.387	9.190999418429158	19.81220624459851	17.076111677976716
-0.385	14.525906537610211	20.66801352056265	16.11714998937209
-0.383	21.607337220341805	20.51993721392388	17.079102970310224
-0.381	-18.391521182548054	17.365544817126164	16.209696522975907
-0.379	-36.749782268419295	20.989403789166175	16.72531445330276
-0.377	40.87732927215981	22.48420235554816	16.376053833703615
-0.375	8.706539375680222	19.758749234113676	16.526750750981254
-0.373	-21.97275762139128	19.11353632173889	16.199644405868817
-0.371	-34.12348413323052	14.517940652540245	16.199894960534394
-0.369	-9.71441380315241	17.43521112261936	16.58622957400147
-0.367	-17.460155339987793	18.225980848960294	16.360993871076268
-0.365	-7.504267624747207	21.07090842161031	17.167148321021063
-0.363	-5.365724210060208	16.695036568316226	15.72267137950794
-0.361	20.100071110418227	21.37660118348045	16.879725886616537
-0.359	36.589193099789696	17.578732680899446	15.426232616319673
-0.357	3.9135328482320375	18.389270184490865	16.9846691838845
-0.355	-18.077574530095397	17.42452006035539	16.413333069686782
-0.353	5.322130689489057	18.990716578065946	17.00155629331235
-0.351	-24.08190184111092	19.085287659148968	16.446931979414188
-0.349	15.07372730569223	16.274732482069453	16.53158950812999
-0.347	-17.232589542670596	20.348504688561153	16.644660351994105
-0.345	-2.40930134765005	19.140792019971727	16.354231395749363
-0.34299999999999997	23.629000759806118	19.544625840598123	16.263648131337323
-0.34099999999999997	-3.4361591200182673	16.79881122461523	16.358908590039043
-0.33899999999999997	-10.797710577437059	17.420724711655694	16.547347160067467
-0.33699999999999997	-15.767719422576931	17.072992350574022	15.626248397426792
-0.33499999999999996	-10.656776732842488	17.049277886674815	17.39837139792573
-0.33299999999999996	6.891882740722721	18.033896591916335	15.077875803335147
-0.33099999999999996	12.71957321646866	18.91139505157365	17.366588471797957
-0.32899999999999996	11.948773215086916	17.533614896504165	15.77310269204491
-0.32699999999999996	22.367579300741625	21.46849457549292	17.016578090804426
-0.32499999999999996	10.09638108628863	19.406739213742245	16.068815218233365
-0.323	36.91327494981245	15.427964064725108	16.374038672598715
-0.321	-1.1594975538598007	19.160512572273657	16.6044434902612
-0.319	-1.9094350458548348	18.66610368533162	16.043905786129187
-0.317	-19.38821017022363	22.123154008008168	16.708001263123617
-0.315	-19.915943908044298	15.737673240511628	16.167464989582722
-0.313	16.902991213596508	19.085352526483643	16.284815587768335
-0.311	-10.177111303466546	16.90979239400108	15.727269789330565
-0.309	-11.079996187657315	20.50175070241786	17.101639053788194
-0.307	-14.392144610630986	16.40588576094359	15.753467646036519
-0.305	18.98920252862979	16.990207052148456	17.085580696550316
-0.303	-18.833776963211868	21.512481904216173	16.096628248505315
-0.301	41.07509111950236	18.727394121469587	17.06471105387242
-0.299	28.71377084190385	20.514651601153115	15.864979598773601
-0.297	-26.06122685622214	17.07607560648003	16.35553579831755
-0.295	45.817865695685356	20.001341553733557	17.029307627174326
-0.293	23.631824104919374	22.089601950441498	16.2725784710312
-0.29100000000000004	9.222893065929938	18.955732439756332	17.28898095363092
-0.28900000000000003	-18.127045595228708	18.469779714331906	15.997642448796492
-0.28700000000000003	3.465355183474017	19.91271323865035	16.86883868782066
-0.28500000000000003	1.7607826561238937	19.312758772467856	16.34811091683612
-0.28300000000000003	29.766724395363653	18.956059874624017	17.087505076604174
-0.281	12.421420798602867	17.24416889952971	15.838041914790503
-0.279	-23.98330501351964	17.11109486242037	17.289074591281597
-0.277	3.080773209429566	18.39573149184821	15.702086314808463
-0.275	6.852149160074816	21.985153940214044	17.3728247600974
-0.273	-61.68644944648527	17.179460799831382	16.586094727218498
-0.271	15.346602586063796	17.678307556416776	16.62112721788352
-0.269	-9.52465033265959	21.598638485607108	16.35071679862127
-0.267	51.764594527714536	20.222161090440867	16.196155676059625
-0.265	16.649326236573003	20.534326125421483	16.981004168807825
-0.263	1.3942102794484157	16.824834271398597	15.94835501257328
-0.261	46.72065621069699	20.91414397129736	16.885139926390796
-0.259	-19.81801928285787	19.793901417426436	16.62565573513351
-0.257	6.033381970693696	18.04844190579709	16.999091124258506
-0.255	30.34851322247789	18.470978989416132	15.220567878360447
-0.253	23.23861152775386	23.091380855244047	18.041780232914125
-0.251	5.388141786966116	18.386788044060236	16.54765851184918
-0.249	9.683229763135515	17.38128313538599	17.607434006281576
-0.247	16.270983987709542	17.496627637994912	16.67876803276592
-0.245	-25.433414498787776	19.241813168903207	17.296073376412977
-0.243	16.68406216759344	17.91568384683421	16.429922150926373
-0.241	11.932075862475244	19.213036819292387	15.868862177605912
-0.239	-34.266502974666935	19.700233029572527	16.760417733648904
-0.237	10.592717372803762	17.319467103464163	16.09747823059316
-0.235	1.6331341956554724	21.86693700123654	16.96568691162069
-0.23299999999999998	-27.545698918274297	19.02466764144787	16.529162499046638
-0.23099999999999998	47.49280202531736	20.237773314420586	17.359716030040804
-0.22899999999999998	1.2606493520195272	18.095349251588097	15.70863792785361
-0.22699999999999998	7.455918969334618	19.484434330369325	17.378368068292772
-0.22499999999999998	-1.7259991477169834	18.435872297448046	16.038850917882193
-0.22299999999999998	-4.707586041763356	18.806530304913416	16.712171766750807
-0.22099999999999997	-25.945460302767565	20.00769974368452	17.152096510314863
-0.21899999999999997	-8.820435704159912	20.564236327632806	17.26488425266271
-0.21699999999999997	32.97663723200728	19.68279063130598	16.27257652142532
-0.21499999999999997	32.17486734263808	20.193369030074813	16.69536060755301
-0.21299999999999997	-7.915358264609651	17.69273873872974	16.876996888024696
-0.211	1.2106083464580308	17.925846495682997	16.20317342891807
-0.20900000000000002	13.055154403085467	18.651321347514035	17.08295900276333
-0.20700000000000002	2.551490886792962	18.1537367734294	16.37016049429548
-0.20500000000000002	2.4127114057748145	18.604562848468102	17.241715062479134
-0.203	7.065679048512408	19.384439547312986	16.166119710831698
-0.201	-5.899585540647401	20.424125248238127	17.278415561045083
-0.199	8.70388800411348	18.697211618888876	16.256102937226892
-0.197	27.19195967171295	19.02635357085622	17.011191219811046
-0.195	8.920496948006118	18.0221772596349	16.25598592842536
-0.193	16.576708960602815	18.266885364919407	16.44593511923992
-0.191	27.1276890440042	20.883301483645678	16.519051807207592
-0.189	9.107758949689071	18.13994200499747	17.107002377087
-0.187	24.047848667052563	18.251072121984794	16.502185498602298
-0.185	4.02212730521434	19.18535178147541	16.34800667897371
-0.183	12.830385366147112	18.110637548734495	17.16860368097506
-0.181	-19.878835607722856	18.740112805087538	16.25606093557764
-0.179	-4.339025720390133	18.872062901026016	17.77904875325326
-0.177	14.068931108779381	17.09401403249075	16.424230956868726
-0.175	-34.79516223836576	21.85906625917586	17.37419352848268
-0.173	12.93917398847988	19.31180166770388	15.96628719961372
-0.17099999999999999	-27.170241815865914	18.903188033260687	17.184911276038193
-0.16899999999999998	32.15866379546739	17.480985737424447	16.091463724288054
-0.16699999999999998	-9.495846064355717	18.707393340122	16.27285670711069
-0.16499999999999998	13.922708224978209	17.64157661322909	16.581745443937606
-0.16299999999999998	27.6154631844161	18.784010479360024	16.3724058091943
-0.16099999999999998	18.86655816951688	19.1483765368207	16.507081485829783
-0.15899999999999997	1.8605016334216629	18.03920577469836	15.801867792956337
-0.15699999999999997	-12.414962974549582	19.301417963328927	17.178499380401718
-0.15499999999999997	-9.247518819033296	16.982683021720916	16.539164588620082
-0.15299999999999997	9.553760800473654	23.002194445910007	17.395243820645995
-0.15099999999999997	35.500215824102455	17.56392417510395	16.026891232377636
-0.149	40.28807157774317	22.920325613905398	18.158104870736267
-0.14700000000000002	-18.175960728505913	16.24957575557904	16.018286912606953
-0.14500000000000002	-5.396740401453215	17.250749044503834	17.249006522434964
-0.14300000000000002	14.168571130124263	19.00566860150279	16.971836254270926
-0.14100000000000001	8.094329360996966	18.794897558957942	16.887258221827036
-0.139	26.7342562458861	19.162312403988675	17.03662450271289
-0.137	-2.403164763631338	17.332727743987537	16.448473487079525
-0.135	-8.794268889777968	19.625301765525865	16.880824894085638
-0.133	5.5789436457232	20.355710340531086	16.89703645688715
-0.131	-0.4451682387163203	18.500712363352527	17.07714715139093
-0.129	22.221829075519395	17.71979412843858	16.71578337470716
-0.127	-0.484300698322393	21.603943431674104	17.294141977716844
-0.125	3.9737402290906942	16.52848895235141	15.943739129533443
-0.123	30.296048066480452	16.53180505130292	17.303989307749763
-0.121	16.235405039477513	18.659158853128815	16.367266835477192
-0.119	-21.606952504082955	20.11224438324533	17.603691089447324
-0.11699999999999999	3.2652429646784498	19.172192231237982	16.358825422318972
-0.11499999999999999	-14.014332943124153	21.042958789201933	17.277367116292616
-0.11299999999999999	-18.496019464464553	15.319685309805303	16.339885561814096
-0.11099999999999999	-20.484728391334528	19.004985389229784	16.737492337464627
-0.10899999999999999	18.578400620361535	18.918251225199896	16.104229352200925
-0.10699999999999998	8.678084238988859	20.87838384310473	16.815115452016197
-0.10499999999999998	3.7413787650208974	20.01712036980787	17.653725434392538
-0.10299999999999998	11.984483137439383	19.17893725521034	16.52078117611368
-0.10099999999999998	-54.25561993888106	20.188102491338878	17.207763759171566
-0.09899999999999998	40.087357501938925	20.018926211550458	16.438472772821598
-0.09699999999999998	0.9117820465309734	19.033282343325297	16.99596647331754
-0.09499999999999997	-26.42093550586644	18.491937408507603	16.49928736337486
-0.09299999999999997	35.57406628673654	21.742403239888485	17.307151068365084
-0.09099999999999997	22.77418405594034	18.038349499724163	16.774746318029393
-0.08899999999999997	-2.0741662537515637	20.76055493421558	17.499927506351685
-0.08699999999999997	18.709340696476673	16.54326858753837	15.800688331315914
-0.08499999999999996	33.45510077967795	19.08726082840408	16.633929831678447
-0.08299999999999999	4.485158372258269	20.39302274951841	16.69473695444606
-0.08100000000000002	13.084623694759046	20.77750900682334	17.17352292926894
-0.07900000000000001	2.6969789999053972	19.697297890291445	17.063882254500403
-0.07700000000000001	-20.378219746763904	19.92446195229345	16.882997607493714
-0.07500000000000001	25.70120552625177	20.00097212875568	17.119815348161616
-0.07300000000000001	0.3447903400566332	17.897962555245343	16.350831056345868
-0.07100000000000001	-3.213937128321298	18.8700673914265	17.18418312934187
-0.069	14.324653387465247	18.292313528212695	16.048391119408443
-0.067	15.293045553255169	18.53215756291921	17.62549609640113
-0.065	-2.312157929451608	18.18526707235814	16.36915370793511
-0.063	47.37538756383053	18.89672718554588	16.392623922458384
-0.061	25.719655984079992	21.151303092649503	16.255908218809616
-0.059	13.795077895784047	20.51939087377515	16.209899387597762
-0.056999999999999995	-1.5249566146513516	15.926253100897055	16.67822691509342
-0.05499999999999999	7.675677846430418	18.887444032863197	16.55522417817333
-0.05299999999999999	-10.947758002477492	16.10153533169263	17.006563030632822
-0.05099999999999999	17.62353779599657	18.81350544955813	16.18714545940078
-0.04899999999999999	-8.842689750210297	17.67351808737437	16.73367809671288
-0.046999999999999986	-33.542111366302585	18.68018061115033	16.013363904016497
-0.044999999999999984	19.398946924154004	22.242909213053903	17.3810265541905
-0.04299999999999998	-35.15448783819597	19.03010274399646	16.10613290518553
-0.04099999999999998	-22.003615048893366	19.18019931657788	17.18688076985625
-0.03899999999999998	-5.173053040374853	18.90846305281215	16.4441856296477
-0.03699999999999998	-18.800972618970846	17.47441829611653	17.296326797485204
-0.034999999999999976	27.495348544182008	18.786451046143604	16.516158983146006
-0.032999999999999974	4.897562588368487	20.04569201193395	16.801672696897146
-0.030999999999999972	-9.643341882692447	16.251560979687497	16.637882788567357
-0.02899999999999997	-30.321897864893366	17.988293227588525	16.809593316217235
-0.02699999999999997	18.10800228585485	18.858012245212183	16.619577213647883
-0.024999999999999967	30.622156553805624	20.42165676846791	16.110400463398314
-0.022999999999999965	6.616199460962591	19.158400451491794	17.626288219031398
-0.02099999999999999	-27.480637286747545	19.899802297237656	16.27128165050875
-0.019000000000000017	-6.476698421797877	20.58773260646228	17.263537379893716
-0.017000000000000015	-2.6037614913043683	18.052798071305062	15.64317715741116
-0.015000000000000013	-30.565780445024338	20.09165959095523	17.427499800950702
-0.013000000000000012	31.744472333450346	20.24125826203962	17.010321172580877
-0.01100000000000001	25.38921997263799	18.510523866610093	16.615152643351976
-0.009000000000000008	-18.252063400892027	20.288120858366128	16.333930103801976
-0.007000000000000006	-69.32959106653591	17.773219413814818	17.102250021493386
-0.0050000000000000044	-78.00108247768556	19.598562253817203	16.600071113025937
-0.0030000000000000027	-87.11483196766068	18.86910912683506	16.543819193212524
-0.0010000000000000009	-80.26253903081759	18.900015082574978	16.712790867286994
0.0010000000000000009	-98.49868016764685	20.775170678736668	16.41923007204876
0.0030000000000000027	-56.043573234410005	18.669207119486472	16.880933038227614
0.0050000000000000044	-80.52190099316903	19.53102767773683	16.09214403690454
0.007000000000000006	-80.87951748025901	16.70633656063353	17.38900832804016
0.009000000000000008	-35.23793298099154	15.958957078509993	15.279384848711086
0.01100000000000001	-3.678979552335093	22.1933982943445	18.084427755339107
0.013000000000000012	-2.7943590072965208	19.64412490735787	15.736496318184182
0.015000000000000013	-18.924414621479535	21.818321475878143	16.28378175446145
0.017000000000000015	-5.962183765362283	19.947050403569488	16.249181760183358
0.019000000000000017	-18.11164957266076	21.20503585531194	16.923990066777822
0.02100000000000002	-24.348731585188688	19.084189613035747	16.514858811460282
0.02300000000000002	-34.76158064874557	19.410435697152412	16.35732491318754
0.025000000000000022	12.466519985876445	18.076433280047386	16.88815196123862
0.027000000000000024	-5.16494229141351	19.275295256902098	16.12678704220736
0.029000000000000026	-2.117001750789882	17.923715900164872	16.456460479413867
0.031000000000000028	1.21376861672573	20.189156977611304	16.191180805117472
0.03300000000000003	-11.47618026764441	20.744629984386755	17.625773057240156
0.03500000000000003	-5.2304323909790895	18.717181859580975	15.925473736851082
0.03700000000000003	23.53201995441978	20.627035662299846	17.020749613980353
0.039000000000000035	10.999318956761428	16.359716074234136	15.699188703175919
0.041000000000000036	22.53749902947355	17.41656524385865	16.65728429974001
0.04300000000000004	10.048435460374705	19.016178148727448	16.31965997264469
0.04500000000000004	-7.553302935447981	19.029838366687148	16.63523304556609
0.04700000000000004	15.312621686858208	15.379638095231439	16.09048581562339
0.049000000000000044	25.341247781529574	19.134974692752714	16.454411381682405
0.051000000000000045	12.931569743246385	17.36988162401953	16.17675382412343
0.05300000000000005	2.654774846178043	19.351845894447777	15.568448598092264
0.05500000000000005	5.25116211025356	19.930947287805893	16.81167556461419
0.05700000000000005	8.254719440436986	15.802904280216364	16.212563512923435
0.05900000000000005	30.46398768447034	18.617875711191452	17.526362619817927
0.061000000000000054	-14.409641730495082	17.305477019482435	16.034611660056992
0.06300000000000006	9.404217014674643	18.06585897236531	17.22231059494819
0.06500000000000006	10.441904380487088	16.476230996391077	16.292842218002026
0.06700000000000006	-18.793197206434797	19.908804320267844	17.19362108381263
0.06900000000000006	-1.3658784859815754	18.844876240600826	16.426861145951786
0.07100000000000006	19.52094293655726	18.897480234002327	17.3177985680558
0.07300000000000006	-7.5074571765920695	19.205156111596757	16.2617943185946
0.07500000000000007	7.505936802987279	19.554032662547808	16.62130339783751
0.07700000000000001	-2.8342079710919066	18.306795024015564	16.298022051243436
0.07899999999999996	0.7289543746402671	20.856770357259823	16.09653484548909
0.08099999999999996	22.34814486445913	20.332079192881036	17.708901799102755
0.08299999999999996	4.284933933895729	16.605595022403058	15.554871451536753
0.08499999999999996	-9.602977179334893	17.179799729277477	16.637959397116706
0.08699999999999997	-4.583258390256084	18.295780673062175	16.11096006199507
0.08899999999999997	4.297225852267772	21.668479974544894	17.311188988194534
0.09099999999999997	-26.187693496493303	16.770656108888115	15.640509963388194
0.09299999999999997	31.375117982346268	22.208818105186893	17.41324369858534
0.09499999999999997	-4.015613376151528	17.552355476233885	15.895669192288846
0.09699999999999998	4.234683033566	17.873021474528013	16.111846500579276
0.09899999999999998	2.7004613125658494	20.661505521154588	16.297340345724077
0.10099999999999998	-21.135699979302203	17.14781402779989	16.830579076160074
0.10299999999999998	-17.126721209792528	15.849230986752437	16.120547425008347
0.10499999999999998	13.495511770322821	17.35551566175806	16.10263557323002
0.10699999999999998	11.154869986151894	18.173588257166557	16.548705124233116
0.10899999999999999	21.5779627470436	17.94812415038084	16.279769291849846
0.11099999999999999	12.77668120791553	20.299963414185942	17.31312299616512
0.11299999999999999	-4.600378245234182	18.091926277405463	15.798565528374212
0.11499999999999999	-8.878888168695198	17.948466047582876	17.03537517119623
0.11699999999999999	-10.845222398137011	19.173024580674955	15.942043210265055
0.119	-15.80909758658322	15.82662846545245	16.807819982039167
0.121	-22.503688068886696	16.436383895489822	15.411481952659027
0.123	35.466631220337774	19.106995532269945	16.44634262377955
0.125	3.0788401963466328	17.134781531784597	16.343361009109735
0.127	0.7698489485896687	16.91105510715058	16.117394955642546
0.129	8.594654311577798	18.7307180307652	16.10006720751307
0.131	25.953882926366134	17.38246145281496	16.356464685174075
0.133	-13.517062579682104	18.557232872686633	16.379144023463496
0.135	-10.369127710352366	16.554798504281717	16.123968412695078
0.137	-19.647084290030925	18.569021688309025	17.46205449361938
0.139	21.4324334528726	16.85775799650959	15.356760263121053
0.14100000000000001	19.204737074840494	16.514954573873855	16.46424943839978
0.14300000000000002	-26.934917381815637	16.366723517637563	15.956645156982356
0.14500000000000002	9.46965132864186	20.30933225373448	16.621662327651748
0.14700000000000002	-4.01848694975282	17.106942277924727	15.545087719049354
0.14900000000000002	21.013416684256825	20.61621838338587	17.01170642791422
0.15100000000000002	-19.626306348885514	17.88554130419919	15.701936158004395
0.15300000000000002	-19.46871501179448	20.759941631779245	16.453134966343015
0.15500000000000003	-0.6507515478704207	19.262427169265347	16.0186273803911
0.15700000000000003	1.3125237849909155	18.87327005586789	16.35447516120323
0.15900000000000003	19.925337233717144	21.437575279726158	16.62130962594397
0.16100000000000003	4.63525046479063	21.16749080932385	15.714955477491682
0.16300000000000003	-16.16149188599092	20.47805462548929	17.391336570612765
0.16500000000000004	-4.567507820629757	17.34091745618996	15.636030841543937
0.16700000000000004	4.817034766846362	20.639288368472002	17.472503209947646
0.16900000000000004	-1.232550610241745	20.33016289978222	15.860314237420166
0.17100000000000004	-2.489507584857442	18.7024415957695	16.44735699999766
0.17300000000000004	-26.913036716313954	15.770717871531147	15.859791281950708
0.17500000000000004	0.7414361007374026	18.385974569551863	17.159941755901205
0.17700000000000005	6.290867665903477	16.21868527563226	15.91572756780348
0.17900000000000005	-19.022089211340187	21.148971829486605	16.99125372994663
0.18100000000000005	-4.048894739927533	19.176670688223997	16.841023756533616
0.18300000000000005	-23.881190366004112	16.722265289819045	16.26149590705246
0.18500000000000005	7.344922812624333	19.533147960902003	16.85294638573059
0.18700000000000006	-10.61168316840444	17.386978022285227	16.163831268148805
0.18900000000000006	-5.1763678475813535	21.452988488652895	17.75812641400502
0.19100000000000006	11.926304481324479	16.971824023739398	16.439947872309908
0.19300000000000006	-12.044299110836043	21.280830319718365	17.67990462133715
0.19500000000000006	21.30607639161397	19.010791849079162	15.929333258784208
0.19700000000000006	3.7330216600128807	20.821873833666917	16.882533584433094
0.19900000000000007	-0.6308272184618602	18.616813261853757	16.502503170959066
0.20100000000000007	-23.931938389232243	18.145363188928563	17.714711811816628
0.203	3.1638193709326856	20.871397216045107	16.967725829425873
0.20499999999999996	-13.969630103471964	17.040180827018077	16.36737502187051
0.20699999999999996	-22.509464401854196	17.445245055137825	16.27240959281605
0.20899999999999996	5.732638158617576	18.840999949609177	16.81208368286939
0.21099999999999997	-11.651647634725038	17.447255124870505	16.11887554733636
0.21299999999999997	5.654042794400738	17.104963167470995	16.276268377173693
0.21499999999999997	8.372766336917081	19.33113778649471	17.002932406409677
0.21699999999999997	-0.6672595712631235	15.738279495154472	15.552796896551982
0.21899999999999997	-14.647464592565385	20.40303414735868	17.115224492415503
0.22099999999999997	14.947580702528995	18.783490811536197	15.936121419162635
0.22299999999999998	39.724002320884466	18.4627028123096	16.9270614897827
0.22499999999999998	41.177949595683216	16.202838621587834	16.243957100323698
0.22699999999999998	-9.196280463252826	19.97900310755081	17.498485315799904
0.22899999999999998	3.0370965427017893	18.37467299731057	16.425233178333034
0.23099999999999998	8.745588240932634	17.064740807031846	17.52852544982058
0.23299999999999998	12.001032809516587	19.31714973538691	16.14469027461978
0.235	-6.061958571779158	19.08898289726771	16.361523165961035
0.237	-15.20904546059576	19.81030212165665	16.723094879764467
0.239	4.596545142288022	22.187543264501272	16.80721909217658
0.241	-27.661235756815117	18.829266185407217	16.819450662423897
0.243	-15.234481814951906	19.156126957117106	16.370620086943852
0.245	28.544369770067135	19.898468147488924	17.284432822460776
0.247	-7.030069365532299	16.59608942374048	16.166547613296526
0.249	18.14363593366508	18.241243116251596	16.903638674735852
0.251	18.03325644345044	17.156658916374454	17.01246825535804
0.253	6.093011825969441	21.23667580569354	17.70706613288387
0.255	-21.84316057662894	17.636954171067327	15.634752515750186
0.257	-6.035832024631205	20.214292002939718	17.21591641050487
0.259	6.837666236325646	17.93894180810664	16.1791966441575
0.261	-3.343779411912884	19.394893553827277	16.716753227211854
0.263	0.1212931211025392	17.664252517715802	17.166568660981763
0.265	-19.209650944707057	20.19378606616419	16.611771429980955
0.267	-2.994365705832891	19.206338938972994	16.54037711443886
0.269	-1.5064241974949155	19.959574091711602	16.43426985760116
0.271	-5.881774427174413	21.46827416446344	17.223816143856702
0.273	50.5368641647852	18.174894013874543	15.936967660075304
0.275	-27.525520550075733	15.794647527694476	16.907840070643417
0.277	13.391631850101504	18.102763605989338	15.837715368615163
0.279	-6.377583980921031	19.778733993584186	16.726059507533193
0.281	-10.928058988723954	20.04153421965544	16.2630591315302
0.28300000000000003	-8.081177042762455	19.53572014287641	16.912819132734008
0.28500000000000003	16.514121265576165	18.870432686408336	16.33596850769432
0.28700000000000003	1.5098683605607732	18.099218593311107	16.35995046932339
0.28900000000000003	15.11800018239029	20.162558325813514	16.293654561404594
0.29100000000000004	2.2189472497213814	17.477019118036022	16.44810546285241
0.29300000000000004	21.53022741246957	15.623195985465177	16.309541285146704
0.29500000000000004	16.47293021678209	17.870316529597414	16.407795936047755
0.29700000000000004	9.583311809446826	17.428329101293638	16.754792020447574
0.29900000000000004	-24.624054750344015	18.45291058953866	15.773605941573592
0.30100000000000005	-7.2795247119117334	17.418107770520937	17.147889180601204
0.30300000000000005	-4.155790316096031	19.104561697904558	16.194817261418365
0.30500000000000005	38.39463999644188	19.357571027911117	17.843199688753394
0.30700000000000005	-14.595194785860244	17.6746135905599	15.868768590073698
0.30900000000000005	12.314127012968967	17.8729530893804	16.827104372137224
0.31100000000000005	3.7180892840105173	18.276209003919373	16.284516905131913
0.31300000000000006	-6.976721691809296	19.340643017990395	16.8391174363585
0.31500000000000006	8.95637937525784	19.104624511829346	16.201269143720026
0.31700000000000006	-13.539816474117394	20.10163228260817	16.358401687928215
0.31900000000000006	-23.922033896783823	18.76610084927348	16.820672069335966
0.32100000000000006	23.87832412309443	17.555246757346893	16.082377726546056
0.32300000000000006	5.762500271622173	19.16226988426559	16.479301544964187
0.32500000000000007	27.904329667371996	16.53105579016776	16.627857117289444
0.32700000000000007	9.189922338226353	19.00040122777247	16.93530931542993
0.32900000000000007	6.9322577902486415	19.505082244211472	15.78345047713048
0.33100000000000007	-2.940032787335234	20.922448757285355	17.403702955703565
0.333	-7.200665057105482	18.290040952821055	16.031248391793508
0.33499999999999996	-8.159765647608452	16.443451968235777	16.620975232065017
0.33699999999999997	-9.060110825465095	20.92791387074371	16.633899064630373
0.33899999999999997	5.3242664554975505	18.089620520438967	17.099620900458536
0.34099999999999997	42.90520079219817	17.814806594046747	16.033328556871727
0.34299999999999997	-15.5725683259611	16.942633263328275	16.454285184499366
0.345	11.096350857497939	21.830283014926653	17.52375696146564
0.347	-0.38825367065786764	19.104563694634994	15.413410377591704
0.349	-10.016363863885047	16.632398511316868	17.308068025135054
0.351	41.64813013329827	19.181559371339826	15.635829194420207
0.353	10.7475953849967	17.27601345602528	17.705402474647933
0.355	-4.5332772240502806	16.39586459718239	15.873969108904868
0.357	-13.462226775229347	19.66453426665148	17.00177041681794
0.359	1.3398547518139736	16.158270964221487	15.85227150040485
0.361	9.337455862512556	19.793700134172727	17.393659463091023
0.363	7.933780825419845	18.558299238801123	16.19293395634004
0.365	-4.094251485953215	20.347850499594763	17.331625149685717
0.367	24.224595840838248	19.154455916079876	16.50931141816372
0.369	24.999606275333264	18.077748414396368	16.62718024774962
0.371	6.121869867037333	16.789575843242858	16.898393820970796
0.373	-1.0015884488456805	18.348750276477567	15.349157500394771
0.375	26.5256044453821	20.69264285060925	17.115487766769785
0.377	10.954802653451168	15.967651397694887	15.586475203584497
0.379	25.991585776763415	18.564112386075468	17.20454082525948
0.381	6.009190787192864	18.5580677143448	15.64817844847201
0.383	4.8458554442465385	21.00239250829515	16.910592854447636
0.385	-37.91883256598627	18.752188972781813	16.11047398323731
0.387	-13.843191877582761	19.96621670386766	17.422354462971928
0.389	-8.643167212274427	19.34634600244724	16.632017842861327
0.391	-26.993643612471807	17.3926141659773	16.284445845034114
0.393	15.733555635222274	17.43522778535131	16.901343582119452
0.395	55.151312313928	16.146545626877348	15.666846071872074
0.397	-15.975333534479219	15.986365676110427	16.917088586543212
0.399	19.08457155819221	17.67975627824432	15.664432740616318
0.401	2.424493649844095	20.340392137675284	17.410171351676134
0.403	-20.84119002265794	18.193465237897513	15.706954912216874
0.405	1.6439619547892192	16.971009928007046	17.417166871042372
0.40700000000000003	21.176268229172734	16.882155809873172	16.34979643945088
0.40900000000000003	38.98761253107175	19.37811971667599	16.730079285983685
0.41100000000000003	5.916386323745471	17.4514810991784	15.943112769442154
0.41300000000000003	11.371395508552595	17.946894666059848	16.952047101651228
0.41500000000000004	22.6070217315133	19.053379829419985	16.607512870970577
0.41700000000000004	-22.97500373404926	16.938029591624172	15.962248604936896
0.41900000000000004	4.532482666297355	21.555612408914026	16.419537188197623
0.42100000000000004	10.966458325434303	19.672550192011727	15.954537282236968
0.42300000000000004	21.072476328987122	18.36708665333396	16.549341669796693
0.42500000000000004	-3.756128811427395	18.704553965594403	16.091150564642177
0.42700000000000005	51.88550391488356	22.819840478626723	17.506057389753167
0.42900000000000005	-18.421728884776556	16.855890027643365	15.253307839330628
0.43100000000000005	13.297974399195667	16.819379707173432	17.00379980884066
0.43300000000000005	-0.21604835043209647	19.893104811207152	16.109661907306386
0.43500000000000005	4.446162886750926	21.172899334932982	16.463401136879057
0.43700000000000006	7.297104983372549	17.724095300218682	16.028791752910752
0.43900000000000006	6.96185815884931	21.75875426880405	16.926014744995804
0.44100000000000006	8.251901292943842	19.099135420456633	15.810377958356595
0.44300000000000006	23.930821027695615	21.967532916012498	17.07647246429095
0.44500000000000006	-9.91221772494999	18.251020907401173	16.606991309414003
0.44700000000000006	12.556387998241547	19.821282756968838	16.538293046118408
0.44900000000000007	-17.613506483327157	19.921331460215054	16.36497041080618
0.45100000000000007	2.596235061380625	18.013896479742993	16.622018766585917
0.45300000000000007	5.048424397857687	21.241802389356632	17.11155490580614
0.45500000000000007	13.502140970400589	17.78086637770341	15.783620179365645
0.4570000000000001	36.953510594850414	18.916087089091352	16.634422388023896
0.459	-2.6493419039708144	16.07520519947406	16.626377479918354
0.46099999999999997	10.479051505418724	17.499487848897285	16.447108062752196
0.46299999999999997	5.083614217582522	17.909896248851798	16.20470753786026
0.46499999999999997	54.22702853974393	21.155680223366875	16.92075989124913
0.46699999999999997	-13.4291013659249	16.945914931660543	16.5167023887048
0.469	16.544987350153306	19.210691960819833	16.354872889655997
0.471	22.475642263763973	19.609992620293966	17.08258810760315
0.473	1.114615379771422	21.42541687842672	16.184820651519008
0.475	3.38026892454657	20.58307017493833	16.72727994064229
0.477	-13.727606564151174	15.037198877908844	15.858551583793638
0.479	5.108674419274095	22.50737749617664	17.338581368605105
0.481	8.004544264528235	15.997622889127701	15.559498929937195
0.483	-0.6865088120200369	19.457786411327262	17.400987950611423
0.485	17.692845936112533	15.546727252224164	15.3272268611089
0.487	22.731129937891836	17.973726948780804	16.591630588746817
0.489	9.769370770573715	19.922130603451148	16.979988142376374
0.491	23.72148864937529	18.69349012498595	16.539868414547197
0.493	25.037527145332916	19.542264118731552	15.782758869019851
0.495	12.399339109236962	18.574976388945316	16.44846886821484
0.497	15.83446822306378	19.74484691476636	16.435143452036748
0.499	11.5077107913919	19.72521001695566	16.3508957530288