-0.499	152.44888157583958	95.52366347764631	37.26570574188377
-0.497	-25.625708573562278	79.382486580644	37.65575268922349
-0.495	72.03407617462076	81.9728084033168	38.79409896442488
-0.493	32.731669916685746	80.38690865485879	37.39287598930674
-0.491	82.90257070875384	79.09582012892251	36.65277463147478
-0.489	0.6794861691084009	82.97444130006278	36.60287031147129
-0.487	59.66286800185294	83.76046450686333	37.655928571709005
-0.485	9.890667835410483	80.34647665588233	36.40893709165805
-0.483	139.6443979488904	81.27122501519872	37.55366981365914
-0.481	70.91146145987715	69.09839101287913	38.58404550408052
-0.479	18.14279186151957	72.5803145867944	37.282663677914115
-0.477	17.90586144823081	84.27343516352948	36.585928814400056
-0.475	-10.463433502416741	75.17213207875841	36.414636217120844
-0.473	37.698768244220915	79.28282672747639	37.12232930685142
-0.471	44.76665994590512	73.32594904466522	37.65232470684421
-0.469	95.49638253347759	85.8927917363417	37.784625271732516
-0.46699999999999997	17.227323947599515	80.27605488216142	36.88290123357104
-0.46499999999999997	119.6086570003363	82.33885852050244	36.49482111568423
-0.46299999999999997	67.12094622640663	73.23383552170448	36.33848542097168
-0.461	51.357742631763514	87.0576082985238	37.031135285113464
-0.459	70.41973016486125	72.27950592134778	36.63048940357234
-0.457	53.027053049437	75.55276849212159	36.570154041108935
-0.455	99.39862880181671	71.71330668955365	37.58329658396564
-0.453	28.302384593281715	72.6108427969718	37.64175843939049
-0.451	78.15797344612463	89.1207714835865	39.45571839494156
-0.449	148.5670987060317	74.39409816333482	38.6709324824993
-0.447	153.90441711704563	84.9237993378969	38.209580837176
-0.445	103.34073090190188	76.29237330402626	37.78492672943462
-0.443	124.83093407644752	82.54414225240572	37.40031109209759
-0.441	-19.653578643641367	71.34775393895164	37.92139077031124
-0.439	94.4366763735438	91.6425507685252	41.12177783616152
-0.437	107.1065237998603	79.1204590532512	38.56818672168101
-0.435	-9.190516011670091	67.31319609118356	36.983041569135615
-0.433	146.21755351473809	79.99901787971443	38.093226541285546
-0.431	71.42193830889099	83.86995772124648	39.50053702843631
-0.429	72.92025474026076	80.26802013922045	38.813549972229445
-0.427	105.48495773243793	77.49066136913385	39.51605405983715
-0.425	84.8820223138258	79.28869723006328	37.542147070589486
-0.423	74.1802102193212	78.73138013871423	37.5815045950955
-0.421	19.39131380690462	85.9041307380383	38.15666539357852
-0.419	54.02456541570011	78.1289195499441	37.04037754149008
-0.417	172.03361636353165	89.62179380635976	39.940782481745714
-0.415	198.6296152742817	78.04392870989795	38.144415561516496
-0.41300000000000003	-0.38313879713314236	85.03251999179447	37.19766396305683
-0.41100000000000003	121.23674430775111	79.48931469961158	38.69493136483077
-0.40900000000000003	32.34379672689691	79.67703175683229	39.41772023607712
-0.40700000000000003	-7.513687459437257	76.84919307882613	37.7100986958773
-0.405	54.217141537638014	87.33853174932256	38.19057004376661
-0.403	166.68560685095812	76.316267833601	39.36076568735964
-0.401	13.392312056881295	79.44064246453749	37.23672025445465
-0.399	57.86986427680496	85.53068472956757	37.53033326902056
-0.397	-2.5810628220268583	79.4300160611121	38.72937824931554
-0.395	24.142013014039065	89.11252267168231	39.132156310193366
-0.393	23.550992260368275	80.62064365596336	38.79631434406217
-0.391	108.01450087427611	82.90007419219717	37.03010731091089
-0.389	130.93936343477884	80.15137941538218	36.608111530050344
-0.387	17.953425675232282	83.88084894932342	38.19554702604089
-0.385	57.854573449755975	76.72390187508559	38.5224104505271
-0.383	5.0778430835674015	69.42603417259977	40.62810630087637
-0.381	37.547135040671975	80.20085160698076	39.20606711543465
-0.379	152.98384120909782	81.69455224711453	37.06573290078228
-0.377	41.89083835659524	83.28296965443889	38.237501292336376
-0.375	100.8260723636134	76.9038954224779	37.03413371467869
-0.373	121.24855099360232	89.834040058163	38.05373603498645
-0.371	100.11113053565168	78.62102779055543	39.75984522749959
-0.369	-41.854580030809	77.85785763080213	37.53650923015143
-0.367	105.86443076521235	89.33137995262406	37.88303703378649
-0.365	81.15685226095515	81.3636234883298	38.51071671566537
-0.363	30.39744787791676	87.00750705311876	37.41754559286538
-0.361	193.480055305395	76.82426037395253	38.13347030353514
-0.359	120.49852982420894	82.05734051226935	37.640513760320516
-0.357	72.33712678123005	77.01094769235496	36.636691866209745
-0.355	58.74066034383674	88.24552878944868	38.76447550501511
-0.353	-52.98152381794097	80.08817086811736	37.58589295917427
-0.351	157.07634956507732	83.019225061349	37.1754930329716
-0.349	84.90727414711685	71.90209413585387	38.24810773200908
-0.347	45.000317741461515	76.9553301638602	36.64770384566704
-0.345	101.04701347035672	79.90623634290692	36.08697126984594
-0.34299999999999997	56.2026274666394	80.90880685561376	37.22622842228112
-0.34099999999999997	-42.38128888067738	80.82013191206222	36.35524604288583
-0.33899999999999997	68.87528123011855	80.60726847327646	37.41629719349276
-0.33699999999999997	107.3880355164647	72.33510071554473	36.18324118464295
-0.33499999999999996	20.078790579747263	81.64796030836233	36.248114763228934
-0.33299999999999996	50.86830747491611	81.05302281633747	36.482938290917716
-0.33099999999999996	42.22525379882214	76.83018921820451	35.76771418483525
-0.32899999999999996	110.41803814770823	77.74816082190469	36.56477250562764
-0.32699999999999996	241.73398057625306	72.53754130601514	37.94313979383953
-0.32499999999999996	40.08327158389058	81.12804510076666	36.85245954041886
-0.323	-15.899293135501757	78.38989172330155	37.056289804218736
-0.321	90.76593068924055	71.23619746536752	37.528936803857384
-0.319	96.72617261369254	84.74777152573161	37.37895114751673
-0.317	12.459895488481365	74.21687194502083	38.9250876503742
-0.315	67.17197233729877	77.24365984434077	36.2375632194212
-0.313	40.717783856614176	79.58690391896417	35.15167447189507
-0.311	-3.2062480960215467	83.70253976136377	36.39507118371932
-0.309	-27.295135028637674	74.02883209104485	35.706799749057595
-0.307	108.21868315136207	72.59505138409394	37.27974882656731
-0.305	148.77306253069378	76.93709249618014	36.85846890071258
-0.303	-86.27219281498455	79.05741967698513	35.92215959635381
-0.301	141.51081496605045	80.37070150953055	36.066585820247845
-0.299	45.878727004566855	73.09695025626674	37.25192321172743
-0.297	17.253482882617632	85.42056677687611	36.79812210265543
-0.295	112.73397289723874	78.42556527786698	36.68962973367594
-0.293	114.9764887440341	73.65285612714315	36.19929942370043
-0.29100000000000004	76.6948754362673	81.12738792984055	36.583495128325275
-0.28900000000000003	44.89765639159593	83.11493206762705	35.98592283214318
-0.28700000000000003	-58.15793840757699	74.06700446278661	35.79636291571012
-0.28500000000000003	66.62464442008798	80.75893885076368	36.67087625553802
-0.28300000000000003	91.79551559967969	73.16346009328932	36.17833146801962
-0.281	-32.03715421673525	75.9416625428756	35.67487050394516
-0.279	52.137902383453394	78.57195431814203	37.00503295741295
-0.277	-67.13750981524046	74.93909564934454	35.45865214729969
-0.275	157.14817050160866	75.76153193516264	36.78926329372349
-0.273	27.090137699303796	81.16563887201757	37.278310495087666
-0.271	18.831074260150515	73.47511039797564	36.851063752052205
-0.269	64.57941848991844	82.24165644638465	36.77249196131715
-0.267	-9.154426314550435	83.05627478668283	36.96835037612353
-0.265	-22.154993624456942	84.25034126505314	36.652078729934985
-0.263	94.36079774705064	77.47119012531938	37.07093493775162
-0.261	35.631926954993176	80.50348914003854	36.569570577587946
-0.259	-75.6875229784848	68.28206131890413	37.36734730868654
-0.257	-23.856303058567008	84.57388932315948	37.09158977988236
-0.255	-61.27776936237783	76.69335234968293	35.438436514514784
-0.253	53.819928312437426	73.87774458102018	37.50297917431511
-0.251	68.36895455197833	73.52466170925238	38.01826600135432
-0.249	74.85185242561698	72.90656980914457	35.87406425893987
-0.247	-13.30917958752842	81.22412740144401	35.36564163900499
-0.245	-10.896045516073372	80.02558354337428	37.64462584064326
-0.243	41.4497479388487	77.01712625912725	36.00075790758856
-0.241	124.5064239936422	76.18597819299069	37.92308757367637
-0.239	49.03043426907061	72.379896003564	37.81199188867767
-0.237	49.45936622569036	74.07369938557976	36.3651881117443
-0.235	31.61179694943783	84.06544918173029	37.02314866407642
-0.23299999999999998	-6.111423269117289	74.87412770208081	35.66855796093798
-0.23099999999999998	143.6099178564465	89.1196620193166	38.54454602302013
-0.22899999999999998	77.92082032320735	74.04165620881244	36.04951158038455
-0.22699999999999998	6.479738885900588	76.97234587296045	36.31544958640336
-0.22499999999999998	-7.289081996320057	70.61225363568926	36.29735007039598
-0.22299999999999998	74.70860728653328	85.4878795802489	37.228806138046515
-0.22099999999999997	-9.896570796419368	83.06274691440635	37.451294922387106
-0.21899999999999997	31.356339740495898	81.42224520545608	36.58521310677002
-0.21699999999999997	16.25606419941583	78.24960305637393	36.44716712949567
-0.21499999999999997	-6.6904173126047795	74.82649848380589	36.09358132314746
-0.21299999999999997	-23.70870712375961	79.3342120497287	36.87492531885646
-0.211	86.26497220043383	79.95206988930542	36.13127539009804
-0.20900000000000002	-53.32138707492273	82.08828244618545	36.71666601380012
-0.20700000000000002	98.30928978460385	82.60585797987319	36.60773061547455
-0.20500000000000002	-54.63060216415183	75.34048453018255	36.25921512034921
-0.203	0.2890027812618712	74.47404008752737	36.85084271456203
-0.201	143.21694908359106	81.3923607778178	37.21995032453069
-0.199	18.698790859694725	77.45094617018349	36.95924109626086
-0.197	14.043243067529687	79.2930054515823	37.31530799627058
-0.195	81.89317198725732	78.96853094350385	37.15623399554321
-0.193	-39.155945068869435	77.95176511480467	35.69900666840587
-0.191	-7.810694476306779	86.91911838832822	37.86534024529419
-0.189	121.64241604173398	81.25624376439681	36.58272294896608
-0.187	31.566480509281902	80.20664174833531	37.04258808509539
-0.185	14.611483029058903	74.80259318754432	37.17210813010795
-0.183	-3.0718760427594916	76.01182265340431	36.41778677062253
-0.181	-35.997625919881315	68.50996710278427	35.46835066457619
-0.179	51.67275630801882	85.41546390081082	36.26088590456596
-0.177	86.69271276717794	80.1859860414566	36.661919926587125
-0.175	67.26265978818091	79.25279626111492	36.15630686917214
-0.173	117.61505305218911	72.30871320862842	37.28204726050981
-0.17099999999999999	10.128380717233654	75.33348953232714	36.48808322087629
-0.16899999999999998	45.188249667482694	80.32669091276185	37.16411954356791
-0.16699999999999998	58.55091885709207	77.66807762277091	36.15930156109324
-0.16499999999999998	85.72597804934468	84.14061848480107	36.20710900541063
-0.16299999999999998	-11.59216192359036	74.15617393204313	37.233884733319805
-0.16099999999999998	59.02720565420516	64.74065959616367	35.42944517091672
-0.15899999999999997	42.12833484573686	70.45255167906994	36.72143290185791
-0.15699999999999997	185.07269601708566	78.6716555816068	37.571422030469535
-0.15499999999999997	-58.236935546629454	70.39084337403193	36.357827089275794
-0.15299999999999997	76.94536786928552	76.29962691693909	35.86036917533904
-0.15099999999999997	45.68656290326878	75.7070040639531	37.66382384686504
-0.149	-3.0591326656281836	72.04829659180554	36.02389947221072
-0.14700000000000002	-50.27247476518948	70.4770988257585	36.866119128691544
-0.14500000000000002	128.8498183089626	74.40332092120727	35.9847157468657
-0.14300000000000002	25.98693231070648	79.73002377212919	38.1627470267363
-0.14100000000000001	68.44746877043839	74.95091174092184	37.75444614498875
-0.139	104.985622428444	77.48186623937916	36.7904987461512
-0.137	-31.121692051439	75.81231939587775	36.957988698049135
-0.135	65.6160361311997	79.36146975491886	37.99567656090365
-0.133	-76.2461997636521	84.15153914526108	37.47488703809758
-0.131	9.08789806142174	66.96404794872562	36.53483233866629
-0.129	64.99472236165538	77.54485340143485	36.50898179446612
-0.127	-52.995799753485784	64.55225000593364	37.02776509141383
-0.125	133.80602973400713	80.84431088980956	36.493574749103814
-0.123	44.08667547917133	72.39880764131975	36.82357907412579
-0.121	98.5692558657103	83.07431702069016	36.96154674089149
-0.119	63.272269925418456	69.73243561516479	37.04848473874043
-0.11699999999999999	148.71166203600518	66.71831552878143	37.09400751876152
-0.11499999999999999	38.231564887469816	67.92786858268028	35.64441885047034
-0.11299999999999999	130.20768416027727	74.81547799981345	37.189325194856636
-0.11099999999999999	10.447531364921048	74.72936690404966	36.26808092765014
-0.10899999999999999	55.264545119948494	75.93404284630932	38.324953696581986
-0.10699999999999998	90.42693557836934	71.19217187363	36.463878977126
-0.10499999999999998	-39.04302169865925	64.59437168433912	35.93573988195545
-0.10299999999999998	92.4538127271557	74.56029940273216	38.050279727423806
-0.10099999999999998	100.96329983677599	78.28371582678099	37.43974100119917
-0.09899999999999998	58.20717057369862	74.43021051532337	36.18691826919819
-0.09699999999999998	-2.7386226666425983	76.35692716402792	36.3900414984121
-0.09499999999999997	74.08635615768766	65.1174733347453	36.30401301479707
-0.09299999999999997	58.058167435426355	80.11845991614453	36.315004379155084
-0.09099999999999997	46.41731801879878	73.03424861547586	37.23549786216311
-0.08899999999999997	45.86711978693536	67.50544046894797	36.71458495897911
-0.08699999999999997	-25.81778648136357	70.01016250470622	36.65676603869371
-0.08499999999999996	65.16695428704367	67.7999724118133	36.84282649865145
-0.08299999999999999	-87.45015930533562	76.97111004713662	36.040228862043605
-0.08100000000000002	25.042047855139415	72.303025357107	37.61224655494375
-0.07900000000000001	-33.18621929515597	77.57783433125545	36.4264783401386
-0.07700000000000001	40.89583976751854	75.56269823209138	37.71718221764277
-0.07500000000000001	73.73857085468671	70.10818850623876	35.97596432635213
-0.07300000000000001	24.2618432253483	68.78445215379078	37.288625106134404
-0.07100000000000001	-19.985836538838342	77.85232539867715	37.28291346998496
-0.069	56.67378129503575	75.28340921351011	37.16836385627446
-0.067	9.683888382960859	78.56811052277858	36.58567574685478
-0.065	7.54719864226594	70.63297031806496	37.38193747457279
-0.063	44.728575033126106	69.24010205237157	36.230134128302254
-0.061	29.450370057970687	71.59848051981248	36.78852635783685
-0.059	2.2119854141688933	77.35762314020867	37.82893533619115
-0.056999999999999995	68.49586214885406	72.77742521649557	36.729436717249015
-0.05499999999999999	14.776066567190327	88.21680794634625	37.565914602614846
-0.05299999999999999	17.521106025597533	73.10513681144332	36.34136375133641
-0.05099999999999999	-70.520732448065	77.53602158689847	36.672130716866704
-0.04899999999999999	-1.6475990187725387	73.99226991885264	37.39393849068923
-0.046999999999999986	-11.44158152754926	82.98204001620799	36.74519185012333
-0.044999999999999984	12.685082490637711	82.18006614512174	36.1638299767658
-0.04299999999999998	64.74423153113307	72.83590740566657	36.26634310142269
-0.04099999999999998	32.505991819808955	71.0256480238172	37.26204764340168
-0.03899999999999998	-60.50947950453356	69.345351814373	36.52867420426818
-0.03699999999999998	-41.9170716262629	76.21248731301193	37.58779966275244
-0.034999999999999976	-17.746884605540636	74.7379149192768	36.341378110780376
-0.032999999999999974	-44.6569953316267	80.57523388330294	37.73009480051314
-0.030999999999999972	79.24452395347004	73.88938806554482	36.74240245205623
-0.02899999999999997	-96.43829413807924	79.2870216585908	37.30674724722086
-0.02699999999999997	-0.5372922862179053	64.8326316521398	36.46633325411696
-0.024999999999999967	16.46071646010938	72.49307513444843	37.643948260685534
-0.022999999999999965	6.27499597705139	69.82690151725551	36.967670391508534
-0.02099999999999999	108.48377857275437	69.72289111425718	36.10300346903257
-0.019000000000000017	19.946094043987728	68.16805782309109	37.16843945028275
-0.017000000000000015	16.173327316293395	66.27959789828978	36.042049932096475
-0.015000000000000013	-39.258410288400825	73.18060383660321	37.377901391232136
-0.013000000000000012	-32.63849739609803	68.78741232784404	36.30728564559246
-0.01100000000000001	63.90507687781266	75.37068928219024	36.19116326437729
-0.009000000000000008	55.26073900208317	64.8226497349421	37.14947939872085
-0.007000000000000006	-342.647497281745	79.11559699938567	36.33112062686995
-0.0050000000000000044	-1440.3149974346884	81.39494785605211	35.566330303337914
-0.0030000000000000027	-1863.707167059636	79.29949803071379	36.98370781071945
-0.0010000000000000009	-1998.9985317512283	75.51579600858325	37.27356644482064
0.0010000000000000009	-1962.1988140861024	74.63542652645413	38.060742017487335
0.0030000000000000027	-1828.3020359466384	69.49321596808686	35.67311140769296
0.0050000000000000044	-1456.1013082718955	79.05802300290021	35.24733587202656
0.007000000000000006	-323.7723322174757	70.0682105876889	36.91985971727164
0.009000000000000008	66.77832089474478	74.6900174486377	36.514216573143045
0.01100000000000001	117.76055741741231	69.73098333522476	37.572816503951785
0.013000000000000012	60.08765294018836	58.43980592138347	38.06507160328848
0.015000000000000013	1.1726481370377684	69.33100371962303	36.33336919963127
0.017000000000000015	-88.55377823457911	68.635637469162	37.33848854369573
0.019000000000000017	32.264779043389424	77.3680478655336	37.68286480358841
0.02100000000000002	-6.117575910735695	70.27323697100039	35.98776206145922
0.02300000000000002	40.126094738690554	69.15994695690878	37.10645032696985
0.025000000000000022	-20.011965945476717	74.99497897577021	36.92211567530719
0.027000000000000024	-119.1181728509294	69.67032034862603	36.70318975863634
0.029000000000000026	33.258212413844745	75.23684314175775	39.18330513785956
0.031000000000000028	-59.94301797451751	81.47973992867676	36.84123201172253
0.03300000000000003	29.798254099766552	79.87822276290943	37.31592305136561
0.03500000000000003	81.9376937819527	63.9854608050617	36.205476735621176
0.03700000000000003	-36.75589425211623	65.4630512385167	36.80637998625384
0.039000000000000035	46.26503089411038	69.07592660590704	37.47999254047688
0.041000000000000036	-17.306764679703157	82.14314927807126	37.03479246575572
0.04300000000000004	-73.88433965060948	79.24507024980684	37.291283463949476
0.04500000000000004	48.435518023692836	79.41006438265609	36.71778044013681
0.04700000000000004	-23.92587970967419	67.0069960541341	37.52926820062154
0.049000000000000044	-43.82451736428816	66.51036347087968	35.74241458192615
0.051000000000000045	-29.536565724908037	74.28928025721983	37.737981244410065
0.05300000000000005	19.08483255586013	76.9987924296561	36.959671162587675
0.05500000000000005	38.32922243218739	78.9352163517931	38.04163484780521
0.05700000000000005	132.5539587713198	72.4814335211919	38.20723162056115
0.05900000000000005	-57.50426894535199	74.48249951255265	36.82397735620905
0.061000000000000054	-12.04639600915769	69.22261598799143	36.57307123030432
0.06300000000000006	-28.008647638744222	79.21959609723073	37.53933383192617
0.06500000000000006	-60.252283466066814	90.08858185010408	38.098746428452124
0.06700000000000006	64.66552586448238	75.0503902933712	36.812765883764335
0.06900000000000006	142.27952181333768	72.83789061341588	37.08107664883582
0.07100000000000006	-63.28170364311436	70.6857102596989	36.887521240113905
0.07300000000000006	113.6054225101546	70.23042783121143	37.144446818905735
0.07500000000000007	126.71214653736662	67.84095041594276	37.23646457536592
0.07700000000000001	16.1775236189321	77.73858449189295	35.9856346900237
0.07899999999999996	95.34756960283275	65.84238979076883	37.16030974454823
0.08099999999999996	-53.55336393542132	66.30227011885879	35.64343905449471
0.08299999999999996	69.06223561564673	74.6541186625691	37.05978603453192
0.08499999999999996	107.3278005188083	69.15566482089652	37.123033138118416
0.08699999999999997	14.776150126794008	78.65881715622227	37.32073327899081
0.08899999999999997	47.366712842666914	71.77372245435583	36.5062817390066
0.09099999999999997	55.35219923569201	73.87763118211869	37.157601029369644
0.09299999999999997	27.455727358738358	71.27801965598668	35.82225930806092
0.09499999999999997	-36.53478546750133	65.76817066773538	36.31199337416921
0.09699999999999998	74.77458982974028	70.37384937501082	38.087562438650735
0.09899999999999998	-19.492260995623845	79.79059765391166	37.35034051725519
0.10099999999999998	-48.79752981679086	72.62305011338292	37.465583313817426
0.10299999999999998	-68.18308782852168	71.4132106863149	35.855284905692905
0.10499999999999998	-27.759365939905578	70.72869793789384	35.75458386443496
0.10699999999999998	-43.90326779335485	72.47440012727661	36.872668437548185
0.10899999999999999	-33.00543151940616	80.53854115797897	37.47440633770235
0.11099999999999999	64.16033988476677	78.79366920371345	36.69831889712468
0.11299999999999999	138.57364337965805	75.67295747237641	37.18671351178657
0.11499999999999999	-53.32471206864753	67.39862815755131	36.354295488598
0.11699999999999999	-7.156616136483329	65.05202037852936	37.23791158786063
0.119	-65.39330015098432	70.27306283279475	38.29817252712866
0.121	28.27101333124915	79.07393103232454	37.75633687731611
0.123	94.60895429858063	62.63836294483898	38.53106788760482
0.125	-9.113499167323624	71.49559842812702	36.1429414514622
0.127	58.76205453581029	73.61817398985603	36.485987196014314
0.129	-68.85209778706437	71.36490589235144	38.71100263338365
0.131	83.71570185272681	71.97558951643823	37.06172411451871
0.133	149.51110819771964	67.97503072330855	36.90906696663266
0.135	38.318222310484984	74.24702690186301	36.05175526052445
0.137	36.361305460586024	68.85841911715588	36.61172954716461
0.139	-43.20773247190601	68.838728974631	36.449886344048
0.14100000000000001	5.536671684902572	68.15846887961393	38.50836542801443
0.14300000000000002	32.22029572214069	76.3809624701781	38.21988721326592
0.14500000000000002	-3.861334210042422	78.1442174613556	38.41233627096584
0.14700000000000002	-60.5022184054782	73.54095634038957	35.34575160675286
0.14900000000000002	10.435570718447806	68.3861330546088	36.33027187416927
0.15100000000000002	6.846802816262709	71.41316189496428	36.96217659891323
0.15300000000000002	43.40233115929237	77.84298454439092	36.537571676197715
0.15500000000000003	57.52593570718112	71.16106909073233	37.38952354364401
0.15700000000000003	71.7140996586707	70.4477115509125	36.446343758765316
0.15900000000000003	-16.35306764513622	66.44563091942881	35.64325414371451
0.16100000000000003	16.35352234297116	65.08591375796325	37.11269194033312
0.16300000000000003	-34.84640672468675	64.21891157036058	38.66795348889429
0.16500000000000004	39.005703085903676	69.32179927164793	36.80488537139979
0.16700000000000004	168.02214108446734	76.58056503404354	38.05603490974005
0.16900000000000004	-44.14202078140139	77.39853688430082	36.38322894607585
0.17100000000000004	45.599926552064574	66.03320690014444	36.773521378138255
0.17300000000000004	-14.29858445889387	63.694327605921494	37.16400398627221
0.17500000000000004	34.94987521501791	75.0041849334629	37.00547634051702
0.17700000000000005	101.858923644782	73.46103609740759	37.943493325416
0.17900000000000005	37.714771629726584	71.42447726835204	36.06501341097006
0.18100000000000005	-46.088762627460866	70.67747261182366	36.87441049941781
0.18300000000000005	18.859488526201673	76.93015037648051	37.18084751978644
0.18500000000000005	-132.7202185390508	63.703210296503734	36.63521979354494
0.18700000000000006	60.97684070205389	75.1625393648768	37.25490488216041
0.18900000000000006	57.898539209011446	70.35071703819678	37.88514166448078
0.19100000000000006	-51.078894612310854	68.92088715124216	35.61996187145148
0.19300000000000006	-21.26525633761034	67.85839120164594	36.07504221186656
0.19500000000000006	0.2640680620835667	59.91613271639738	37.362478859806835
0.19700000000000006	62.05153053429058	67.42620838602882	35.99389834121444
0.19900000000000007	36.02569872196426	73.36988629501592	37.47988639508308
0.20100000000000007	49.89230090690633	68.40049914935712	37.14177076641609
0.203	-52.71653701954815	68.56393792311769	36.08757072707922
0.20499999999999996	-69.49964206581782	71.87768381241473	36.30406052231695
0.20699999999999996	-98.37017498692813	69.07111392017967	37.65098511102617
0.20899999999999996	24.10068181024627	77.89895205241743	37.97745088630839
0.21099999999999997	4.85621170143169	68.4347408366422	37.60858338043937
0.21299999999999997	-33.296001397675745	74.18936523686729	36.328633870268625
0.21499999999999997	-62.93012942482079	76.68773105930656	37.48873374948029
0.21699999999999997	0.5266072622411855	62.77207845648514	37.63182694982088
0.21899999999999997	-8.36949335236703	64.90287989197526	36.57910317991906
0.22099999999999997	57.64866693813708	79.16026644713178	37.80719251662493
0.22299999999999998	101.8213640928689	69.82308457052599	37.06498876956563
0.22499999999999998	-28.591507178266085	60.95237453065193	36.26548814348719
0.22699999999999998	-32.64511235279155	65.09331691349199	35.71422425310473
0.22899999999999998	-30.629650404345732	61.269729094043726	37.150469294555116
0.23099999999999998	87.02552269546082	63.33842807774477	36.92043702095968
0.23299999999999998	48.97813149762342	69.28609445580189	36.65248085601243
0.235	-2.9957518152823326	62.869525691522576	35.54833367558258
0.237	77.43847465824238	68.50823099392312	36.377216157014594
0.239	40.7952519008159	59.058114172379895	36.40673947459417
0.241	43.85734419809495	74.03964166089261	36.546146889250124
0.243	103.23405777246109	59.77063854530013	36.58344972150534
0.245	22.183590447255597	67.02605536527118	36.87319437733434
0.247	60.86749958944537	76.0906047910665	35.25012511446905
0.249	44.9525735370937	72.02475352242067	35.81693431178546
0.251	-117.49142369754662	66.28497155793245	36.882028026755016
0.253	66.09449769356956	71.17950437797201	36.96191301238818
0.255	141.95116916093653	69.88508344693795	37.21100926293352
0.257	20.087149357861378	73.05597454781073	34.93502214902541
0.259	18.86510095228111	69.21456382446517	36.03954352280856
0.261	-40.2701613751999	57.56249368477083	36.98615227966611
0.263	-26.609484371276082	73.07236027100616	37.709136526598314
0.265	91.18029520438498	72.42153106580771	37.78181616684299
0.267	27.647848366951777	65.66918676216652	35.85476393236256
0.269	30.35376240623222	65.3820436373907	36.43119904807491
0.271	72.35618806911148	69.39903313984168	36.179497242287944
0.273	-39.617649974843516	60.532489724457164	36.45595357025284
0.275	100.08288551643929	74.112506542538	37.74095226308604
0.277	149.1373991693301	71.20824506896587	37.24591180812035
0.279	65.32204875631109	75.93675950821942	35.764653781079424
0.281	40.83863791204401	74.15670754190457	36.00474981931546
0.28300000000000003	72.0058271208579	74.077259477792	36.84852236840622
0.28500000000000003	-19.324808023357676	64.59777152368794	36.05706041126722
0.28700000000000003	26.478676849128746	67.97011599699938	37.05409459777006
0.28900000000000003	86.05813937956341	70.88862926246439	36.32774454714709
0.29100000000000004	-4.472085664453118	63.14305935095312	37.31888529170039
0.29300000000000004	-8.389097645111754	65.4044456563061	36.23533588503452
0.29500000000000004	34.43910809375339	71.30386393754965	38.36550524739754
0.29700000000000004	134.95224335624556	69.95598721281569	35.43045578766062
0.29900000000000004	129.15593015616622	68.62215143507665	36.39836366961894
0.30100000000000005	-27.23716186958658	67.29423284166027	35.62203041623628
0.30300000000000005	-42.95422454358988	68.8346102604773	36.691680878054015
0.30500000000000005	22.41329184626828	66.19178012763648	37.076788879829124
0.30700000000000005	76.79565191320847	74.63540493149702	37.7179649946788
0.30900000000000005	185.9102578980476	74.31088161967152	37.226778993825384
0.31100000000000005	126.64705890697014	71.58621666759359	37.21814086824013
0.31300000000000006	74.12990526378671	74.78967218363012	35.377545113836135
0.31500000000000006	59.08605828164326	75.4005010419504	37.798717524336226
0.31700000000000006	-64.73322328637288	67.28583417864908	37.16261295207859
0.31900000000000006	121.02901840105318	70.73405215291918	36.39293981669234
0.32100000000000006	73.25716592920806	70.66518498270122	37.19579708759814
0.32300000000000006	73.15170061095166	71.64387418103507	35.47812758346416
0.32500000000000007	-9.812760406791021	77.09624336702682	36.49065501376917
0.32700000000000007	80.8754681986823	67.97415696801241	37.47243088244574
0.32900000000000007	135.3751310588791	66.63743488998846	35.60309491214896
0.33100000000000007	16.591756424544357	73.03720711705323	38.460513196363685
0.333	164.4859698455292	85.97581182779156	37.74800667985474
0.33499999999999996	-13.188349506365604	77.6052063370205	36.43556810238044
0.33699999999999997	77.63416848693971	70.60351474655694	36.79639516232595
0.33899999999999997	-41.566885431332246	67.22558728691165	38.238220306187124
0.34099999999999997	33.26952338245093	86.03060919637495	37.130879977637534
0.34299999999999997	51.76717868260461	74.80469918790514	36.9381907784639
0.345	8.85360897129317	73.65746212183103	36.358716751397345
0.347	-15.185019793473309	70.70383269221955	36.57844438985393
0.349	4.945236874220882	64.34196713282296	35.95453613429731
0.351	12.91554853621868	75.97498833401211	36.931102282126616
0.353	74.6576227539375	66.7714991856464	37.66727458374633
0.355	37.08847873951093	67.32178947459938	36.513913481583515
0.357	13.777449125784713	68.96253249884833	35.81151983233119
0.359	52.94538352762501	70.11571950023227	36.48985075333039
0.361	47.832037165074226	68.07977631313985	37.36989596913198
0.363	124.30778966021627	71.29780481390186	36.81441464105228
0.365	52.20616048484672	73.45507439784268	37.27641252563219
0.367	50.36999875951409	73.80050446575164	36.78688913730279
0.369	14.52236706578347	71.86125751238222	37.69499099600314
0.371	25.162539210921153	71.16271331921608	37.38691737442455
0.373	-72.52064863816355	63.35021889382397	37.768809692600605
0.375	0.3082077417726481	77.49278571684518	37.69411700342638
0.377	129.31280335548578	68.27093097629701	37.65054450377405
0.379	4.0826771479096635	71.97187792849172	35.29893978151263
0.381	-39.70190429058995	67.12804838084388	36.389304462663944
0.383	1.0148826785627563	71.06563706082802	37.95029914225712
0.385	113.68664093680536	72.2654992435119	37.95281708669647
0.387	9.124697495588308	63.01896627294618	39.29667655944485
0.389	24.383390289761664	69.27984349813828	36.29654815366135
0.391	37.75433684349849	77.57407768414645	37.112004581474544
0.393	62.97355420303852	66.4447832487125	37.577952418497965
0.395	34.06597898081287	69.4008352326524	37.87781319747645
0.397	60.808864479122704	76.75520272301063	37.60496685247711
0.399	50.54484742661458	71.96361283574743	38.117051826268856
0.401	51.87334131129262	75.64906714833589	35.79546924143629
0.403	84.78974418490992	80.32415822443814	38.39290987199434
0.405	43.18159991334447	60.94430609982287	36.718676552034985
0.40700000000000003	93.17639018946444	65.51124940881614	37.46097082035495
0.40900000000000003	79.45109941553952	63.72615075429164	37.73063860065119
0.41100000000000003	68.9548770482773	73.42374265714804	36.53083540529612
0.41300000000000003	39.59915126272584	68.3254501067464	36.02700411628388
0.41500000000000004	42.41226323653535	70.06367796696166	36.90032062646995
0.41700000000000004	-17.456920090697103	72.12436168474493	38.384355259374615
0.41900000000000004	148.37238141551802	68.47926546842096	37.6943860096542
0.42100000000000004	-8.284544292691542	71.66536142876646	36.56980632150591
0.42300000000000004	21.194103869248693	68.86319271155153	35.732962273487594
0.42500000000000004	-8.748589452545197	74.95497259197496	36.07852842723458
0.42700000000000005	-57.82291112288451	77.84142995172182	37.317680584988146
0.42900000000000005	117.72749894167767	74.26580577604426	37.653580592743076
0.43100000000000005	-8.578185468954835	69.83300345719218	37.62336199886523
0.43300000000000005	-24.14720288923533	73.19235693927834	37.006718745239006
0.43500000000000005	39.30034716592701	81.52836682072072	39.40483491194586
0.43700000000000006	-30.520949884205173	67.33082639696488	36.5827975241925
0.43900000000000006	-32.10463084890591	71.97445086451046	36.60976349626423
0.44100000000000006	-21.653911652652624	71.3287572874576	37.4414034924359
0.44300000000000006	78.77107361298208	63.928370126745406	38.26678703435142
0.44500000000000006	-9.815169921489897	68.13667332752387	36.56564087773365
0.44700000000000006	13.648894136020218	77.02345287693083	37.848721302129434
0.44900000000000007	-13.098509853537443	64.01213558941224	36.813583034393105
0.45100000000000007	65.93566436374765	76.34472658713918	37.37416399218274
0.45300000000000007	-4.6637003848770675	75.0145343997558	38.95037402520192
0.45500000000000007	10.07476116532402	73.7455600031917	35.50413717462129
0.4570000000000001	138.79041172804028	75.08312774953049	36.21671062392156
0.459	65.32502747580438	68.10563290688172	36.8807896931407
0.46099999999999997	91.3881239541503	83.54209565338186	37.002933879775334
0.46299999999999997	63.19766423357187	70.39470074923231	37.946032972437216
0.46499999999999997	109.93780710366607	72.2170704904717	38.94285813288414
0.46699999999999997	37.496482856447244	71.4619037235481	36.62701173022069
0.469	-131.13501756656376	75.38403241973758	37.369464030440014
0.471	-52.866003212193036	71.22556680626722	36.6089003897334
0.473	146.90825313046219	85.38984055040412	38.253436247962874
0.475	6.515949537710952	69.80656416075455	36.67675728472443
0.477	34.147255694394474	69.15204490945513	37.31196563050378
0.479	96.36783737820842	77.07879667470098	38.97160790607451
0.481	21.89063294988358	69.99111326639758	36.55639233959742
0.483	-24.402572351145402	69.71695911568032	37.40212303149863
0.485	168.6737646213743	71.22327741106595	39.23904890635899
0.487	113.98742706214549	72.52301441810062	38.244837176808886
0.489	21.276743017217825	73.79610035993694	36.534978776688526
0.491	56.3628872585209	81.24546709169392	37.41130678961652
0.493	4.218679242384837	69.30133304696045	36.174934484016426
0.495	241.524039854335	90.67749443086437	38.34297983113036
0.497	131.2183232462516	71.9459997869039	37.64700325427708
0.499	129.80411836505112	73.46940954400776	36.703713811906844