-0.499	42.96771835687885	34.64492224157771	33.980696007983084
-0.497	-5.212991994629768	36.619532595091044	34.9557795668101
-0.495	-50.591895377261054	42.58232551278718	35.07245420607926
-0.493	56.618890946769085	38.41478224537655	33.43746697150758
-0.491	-26.848159046966025	37.699382743687494	36.358822024587994
-0.489	-35.4940000404369	32.635428645642754	34.56859335241296
-0.487	-41.792225550452144	36.87511525377458	33.88992189279242
-0.485	18.64397406614593	40.069225920769114	35.51781323888985
-0.483	21.017337997530916	39.63873544612904	33.53711428463904
-0.481	-64.40040826583004	38.74201057392984	35.14265036786731
-0.479	4.292815748430101	34.734886463453805	34.23012194214564
-0.477	50.03606820164208	35.37488135132291	35.10427913318315
-0.475	-27.52362587632451	38.02944186163676	34.50107003494491
-0.473	-4.684630985352101	34.577330592229664	34.8985526650219
-0.471	65.27368740361084	40.10091895454812	34.36284975839659
-0.469	-34.72451566877144	37.140470211321315	35.67535146342443
-0.46699999999999997	37.998745880951645	34.33140868734809	34.88142480440134
-0.46499999999999997	-19.58009053648624	38.81372678587419	34.09800939484966
-0.46299999999999997	73.72077764733476	36.45556595687095	35.12486181889849
-0.461	35.510711072328505	40.27092246003224	34.55662603700679
-0.459	17.617894384702737	42.13124199848698	34.58777173969071
-0.457	26.359921614149684	36.85753179058779	34.96908144233249
-0.455	28.020299866815535	34.862054637351385	33.657489444588556
-0.453	28.961466629784383	39.81634072035808	35.13762655391664
-0.451	-36.404837457149064	36.06423646345577	34.79052056363263
-0.449	69.04879082658688	36.78842540664783	33.58901491959855
-0.447	40.89495648784691	38.43475141061094	35.83633842647928
-0.445	-0.1620411719249759	38.44853713257912	34.664423235441575
-0.443	-35.69143232384775	34.8314047706966	33.86523834054676
-0.441	-30.622364591725848	37.11895303864001	35.19827791358278
-0.439	-42.28060324218408	35.961368680118625	34.07720918686292
-0.437	94.24342617303516	30.967253444464937	35.37938451884923
-0.435	-2.8588919516181477	35.60822612938023	33.980181066681546
-0.433	63.79520061550181	32.836280851931896	34.29069643567587
-0.431	11.776857899103987	41.02031166756854	34.99873438877882
-0.429	1.3604235034048173	39.781953974424894	34.743735511911474
-0.427	23.035123632997312	39.206686018357566	34.6777177722608
-0.425	55.89684773221748	38.951578877400166	35.77601686543523
-0.423	4.159947004644948	34.01699221762412	34.87238342392369
-0.421	24.07961180495022	38.20801498313517	34.99262631121782
-0.419	25.63979763303692	43.006101829567115	35.509332865714796
-0.417	12.204747115163173	39.392024766556425	34.69134964809297
-0.415	40.777061144359195	39.17570518196539	35.467732347180075
-0.41300000000000003	57.54463048157632	36.46796260334467	34.047772846665765
-0.41100000000000003	-45.281458816437414	35.288868907253665	34.145928281999375
-0.40900000000000003	35.48730437219483	37.18295575176902	35.36312546504842
-0.40700000000000003	58.37721112911254	37.69901036734511	34.417460565770035
-0.405	28.097909602342597	39.5362884322334	33.72683476421223
-0.403	-6.594816991833952	33.73999051698532	35.92670154198352
-0.401	-5.598512591964422	38.23976670778912	34.38106588221323
-0.399	10.404215098125391	38.12572646510447	35.01447702914229
-0.397	19.143384833553156	35.80132727695357	35.15973783954023
-0.395	19.126051800544275	33.0746264018352	35.14659598528242
-0.393	-6.407218287818317	41.04874245332706	35.19874650984577
-0.391	23.104202350632264	37.40139006751303	34.709791436837314
-0.389	25.18738507917284	34.03533680472919	34.969735906300926
-0.387	8.129833149794763	36.8605546416056	35.04236158012319
-0.385	39.26907261031509	46.31267277351862	35.005189010253204
-0.383	24.30822665178134	37.29606921645075	34.05493762098731
-0.381	46.96914346147274	42.01806338699665	36.27477436468914
-0.379	51.94107523354141	36.37960301423673	35.06599831535117
-0.377	-12.748042937049675	39.03473903686121	35.902662643621944
-0.375	68.25478886485215	37.843630038484086	35.15743782225577
-0.373	15.448756175429068	36.41000350335356	34.46066292706528
-0.371	-53.479207445694676	35.14795050116184	35.968051021863936
-0.369	-32.01798243313014	32.610476743334644	34.498426665604406
-0.367	1.3767892099725287	39.0208883127419	34.03571407579108
-0.365	62.73677339496686	37.42912965607209	35.953442551472776
-0.363	-0.8171916183741246	33.8941835935363	35.41299646075105
-0.361	21.56502729300236	36.63489499302306	34.16620073081998
-0.359	8.812322130236083	40.65221158385478	35.46237727543238
-0.357	43.88203769112309	37.27446011328557	34.856353656840106
-0.355	9.514706103885828	35.72944292782631	35.142784111743744
-0.353	2.3160301858560217	39.864969705603485	35.88565367856742
-0.351	-61.647999049507796	34.52651112879624	34.28140636609442
-0.349	47.913174824776306	43.082424644746894	36.34370532770143
-0.347	-35.39936081164985	33.4881071318117	34.22071715337184
-0.345	-1.1506661705684706	41.27971792952701	34.28389733791259
-0.34299999999999997	49.74008194569279	44.121229838076886	35.21437649043076
-0.34099999999999997	-41.7741119567161	36.084993468536574	34.517293289601284
-0.33899999999999997	61.400548265977406	41.051818922084934	34.82461575683067
-0.33699999999999997	28.753811288861897	34.1036073298236	34.31265291253279
-0.33499999999999996	24.09737956887703	43.020467061531264	35.04159959499413
-0.33299999999999996	64.03958666023613	39.84542650439168	35.59208967734866
-0.33099999999999996	34.93656568753778	38.09811425239328	35.01334578713792
-0.32899999999999996	-79.76946444332444	37.52430142541036	33.990939227992435
-0.32699999999999996	16.279164533949952	38.54963278766965	34.8627693754145
-0.32499999999999996	-7.435368789332486	39.12696560799717	34.52875953655366
-0.323	8.044151400543598	33.630983667848426	34.04506365181703
-0.321	7.5534633734442025	40.273881134988244	35.4413628741497
-0.319	13.447949901657097	36.53665556434226	36.158790367480584
-0.317	1.4149487341796885	42.11849562349772	34.986540133613644
-0.315	31.46442787937964	36.7087164340496	34.96569216225499
-0.313	-16.717148580203123	34.27915841458509	34.62919668599695
-0.311	11.481482859565517	36.6061065365586	34.668605178264116
-0.309	36.12269607744523	35.495946282288706	34.2972400196135
-0.307	-30.36373239206913	37.63384096049937	34.01612641735029
-0.305	-10.248884166896843	42.46452570196529	35.815970370087314
-0.303	8.480849003289492	37.93987838911136	34.390880782257504
-0.301	24.0816621379647	39.18516086500673	33.76701228027623
-0.299	-18.747292107268443	32.8727634005213	35.579983160957156
-0.297	58.06789215978547	39.99935631263733	33.65523189804144
-0.295	3.0919976858889697	38.77597242208692	35.31109974487398
-0.293	57.11439096622861	37.11712538933836	34.33929606556909
-0.29100000000000004	0.8029599256609288	38.702849268100586	33.69416262276993
-0.28900000000000003	-52.07243580962473	38.342284258874294	34.81735631386903
-0.28700000000000003	13.494746352371578	38.576748717028565	34.757687434206844
-0.28500000000000003	11.258610620012988	37.24706366832225	33.45181101877085
-0.28300000000000003	30.54950619896246	36.69840830571616	35.60479045763548
-0.281	60.286706631940135	38.67535587693547	34.87410447792876
-0.279	42.27598889561257	35.68893282596999	33.03402251155505
-0.277	56.17189393114508	32.726083587475955	35.6250310323278
-0.275	24.4643499991426	38.42553365795808	34.332872543770335
-0.273	38.93940446997313	31.416190065573907	34.16945825762035
-0.271	-37.626285870229204	40.706489594988035	35.598301727704644
-0.269	-2.3724061748442438	38.737068571496835	33.39909309789886
-0.267	-24.011854536043487	37.977560651764726	35.469576119321864
-0.265	1.5686689394112108	38.14705674097955	34.27638629870118
-0.263	62.701334168080436	41.653769659620394	33.16379710173523
-0.261	-23.98161822725342	35.73415116225006	35.41287960687184
-0.259	-8.850815130356793	39.00295708062926	34.434915708475
-0.257	20.544386761134348	37.126392797380525	34.691828050481924
-0.255	3.7379022703731835	33.04948160857389	33.973571222508085
-0.253	-30.295751886511013	37.02956385322035	34.26216109643853
-0.251	-26.147619392236088	37.296106732633405	35.29747176362114
-0.249	46.632297624693564	37.063643217296665	34.58655870262586
-0.247	-21.765670830120598	35.62651919612384	33.61510994608723
-0.245	-11.257405539866205	39.102916247449116	35.09685487806472
-0.243	42.517520856044655	37.721619833688735	33.96915336328893
-0.241	-59.47954275664635	41.22384369146438	34.599839608360455
-0.239	12.983044828329682	42.23138467229148	34.640083704929026
-0.237	-19.010514853423643	36.41530833068116	34.722754666224176
-0.235	-19.909886371127783	37.76610301106808	34.46868482398786
-0.23299999999999998	1.5899683512010654	37.40147022500777	35.42296071301422
-0.23099999999999998	8.851278415322739	38.280565960494	33.5450495497347
-0.22899999999999998	-6.0382484750043375	33.74890990456573	34.92879956164332
-0.22699999999999998	-72.5854378869073	35.17750545184719	34.627291783431986
-0.22499999999999998	81.49440209037628	38.669983546358694	33.44584620168105
-0.22299999999999998	31.455845435734986	34.16110666744714	35.68313561283867
-0.22099999999999997	2.6578045646541426	32.07919672244011	33.868698727143595
-0.21899999999999997	32.55780590083468	37.35101093488609	33.14549597857307
-0.21699999999999997	-18.42436138554948	32.739331998630064	35.446746877401665
-0.21499999999999997	22.17078714750187	40.92816161760544	33.81149672160352
-0.21299999999999997	-65.64014318233279	38.212714920089994	34.36045296162902
-0.211	-44.17457671890279	39.51045730003892	34.94039965433641
-0.20900000000000002	-40.139632411118065	35.43965036580787	33.668246235935044
-0.20700000000000002	-68.00077808943871	36.3150723176739	34.495734425545194
-0.20500000000000002	-5.742521447804627	31.939586223569002	33.9475501736855
-0.203	-12.584867095544183	34.52482094725167	33.56458974475183
-0.201	11.78796737910659	36.372672275706485	35.9091798633209
-0.199	3.4360725278403947	37.8477445660103	34.16197446157063
-0.197	-60.463936939925134	36.56913332018195	33.70179177211401
-0.195	35.90382175944207	37.37070684360321	35.41042342242636
-0.193	28.344550720760253	36.00206838054065	33.53466237156652
-0.191	0.19815034391079678	39.99890937388816	34.76072316711978
-0.189	39.802058468207946	39.9496007696653	34.50826924671573
-0.187	8.718482200853472	37.74316513382234	33.26785878088439
-0.185	-11.667430073081242	36.32303018470144	35.40106990546216
-0.183	36.437122405308386	39.08175602936572	35.075583722989876
-0.181	88.82733613790883	37.71184256443832	33.704718708463105
-0.179	34.888287012480035	36.780080400772704	35.58503208491912
-0.177	66.5017654177813	35.191808876443396	34.367688229602415
-0.175	-32.25269340945136	34.73544442512488	34.23789272374477
-0.173	27.974723494583742	36.25303548865197	34.80038914571989
-0.17099999999999999	54.39927986183868	35.02972360634682	33.671546468795626
-0.16899999999999998	59.921577610033694	35.14801250604063	35.51333053826918
-0.16699999999999998	9.836715787692185	34.834753113557205	33.83709909849911
-0.16499999999999998	19.15049967715632	37.99963926450965	33.045645374044405
-0.16299999999999998	15.356373593622408	38.3167827117921	36.07582248479623
-0.16099999999999998	43.31659459233528	39.357986315018536	33.29383363532718
-0.15899999999999997	-8.199523107932372	36.68237173680538	33.876753352118264
-0.15699999999999997	56.84344895096061	44.547333673247444	35.75009855714177
-0.15499999999999997	6.98967182821697	38.06360718748873	34.74668193093604
-0.15299999999999997	31.758288780769917	35.07666730642776	34.9127504543072
-0.15099999999999997	43.614084474841164	41.94292330571382	34.96787311297932
-0.149	28.961260741811046	37.466947868175524	33.60236173960083
-0.14700000000000002	-22.670136566538268	35.5428643157863	35.35987672447711
-0.14500000000000002	-2.905281992759967	33.635938140463374	34.74249973601223
-0.14300000000000002	-21.058816737973274	33.39552161936529	32.65263127373116
-0.14100000000000001	42.82802951838249	39.635796179937955	36.27207953574401
-0.139	9.38300894359756	33.41199252283907	33.27402426650861
-0.137	49.23593101557877	38.63621545593024	33.28990711957888
-0.135	78.49623488698221	36.39022246946656	35.72538194751401
-0.133	-6.409619915825893	36.443141479141424	33.90639019802497
-0.131	5.2084286650266876	32.32942837457192	34.33247384435832
-0.129	77.08996547028946	39.34679831816164	35.07248365348874
-0.127	25.329506544213842	36.05528486334426	32.98646699712193
-0.125	76.05792858100813	35.66416313925494	36.51477315038994
-0.123	-45.842313172839155	37.90124959009132	34.40289567044835
-0.121	33.79230344013884	33.951388098927815	33.3456350302956
-0.119	33.37261126401536	37.711055422468014	35.95112289705261
-0.11699999999999999	1.0685728308867937	38.20969176604252	32.967416039460815
-0.11499999999999999	-45.5049062635382	40.825653553191934	36.104456159479064
-0.11299999999999999	60.26672755998774	38.73120486537382	35.23727368660997
-0.11099999999999999	54.243711012258444	40.729142516262506	33.82162306763916
-0.10899999999999999	-74.87285611573746	34.85179378612721	35.03751506635266
-0.10699999999999998	38.31149588107152	38.23737520648216	34.273947669780355
-0.10499999999999998	23.12118084302206	38.480762972578326	33.05697831231724
-0.10299999999999998	24.56484273816173	35.26536223022281	35.36166057428183
-0.10099999999999998	-56.641957967840106	38.26384954098243	33.552745187386506
-0.09899999999999998	-43.36728699616543	34.22317540271038	33.831714169537285
-0.09699999999999998	83.35321307240129	38.256985930216565	35.673187566903636
-0.09499999999999997	4.062681046024252	38.78575871209598	33.80696203407716
-0.09299999999999997	-26.081509766462396	38.2424840564543	34.72510520629182
-0.09099999999999997	-0.47576090311807206	38.47774016964537	35.75676928181829
-0.08899999999999997	-37.6559504650098	37.15118237973465	33.35793589434153
-0.08699999999999997	31.391846402550883	39.62595786582474	34.9274386837617
-0.08499999999999996	8.540777060472848	43.93377271756127	34.76970561469614
-0.08299999999999999	-42.456029904713866	40.12857637836759	33.30540753806199
-0.08100000000000002	31.696241567846783	39.92657780210355	36.32176322723994
-0.07900000000000001	-39.582195275555954	36.18035100975369	32.86907868281711
-0.07700000000000001	99.75068228618156	35.75843675268147	34.67531342126685
-0.07500000000000001	-13.106809927831975	39.749536701530054	35.89944578446089
-0.07300000000000001	88.5772119585404	41.201371292420845	33.59343809305192
-0.07100000000000001	-26.467214241043813	37.60372314223291	35.22531894172382
-0.069	53.26758202350845	41.45869432703757	34.68593432883481
-0.067	-24.625316514148565	36.1002518248976	34.01451853757159
-0.065	-50.00148493150558	36.80973078357208	35.42636387651659
-0.063	-4.786199657935697	33.99739624653482	34.61880242749615
-0.061	-20.99011542067153	34.8842927818449	33.652003290783185
-0.059	110.17525167567044	36.54548287563025	35.74349438799628
-0.056999999999999995	54.04279263143685	36.37787244912509	34.144305039694295
-0.05499999999999999	22.07918129615294	34.43183887461835	33.677270218404814
-0.05299999999999999	41.02411921058646	36.9759224967847	35.89731978842433
-0.05099999999999999	-30.72722467745148	36.62393944335714	33.7906370692054
-0.04899999999999999	-30.599261191310845	34.448786648683	34.269602566122636
-0.046999999999999986	-5.541947770915101	36.972355993459125	34.49492740550655
-0.044999999999999984	38.48283896967786	35.571189164129414	32.89562307630934
-0.04299999999999998	-33.46028020567715	37.68810529989174	35.732540334495425
-0.04099999999999998	23.29520800925522	32.60297395047365	33.86224703833983
-0.03899999999999998	55.184228650473344	34.641455049887504	32.61610082848915
-0.03699999999999998	10.405921060385737	35.920523263268315	35.80819785901984
-0.034999999999999976	47.99260640275804	37.209804023894804	32.98126847868838
-0.032999999999999974	18.45650613940819	33.8979348451744	34.27738324472394
-0.030999999999999972	-10.110995420253843	33.990249163436815	34.47864715999554
-0.02899999999999997	42.356290842704425	32.88252940069328	33.357951324218625
-0.02699999999999997	-5.332097275045911	37.44416350191158	35.73795943398887
-0.024999999999999967	-70.2827385319349	32.9839824237099	34.58691017537632
-0.022999999999999965	-10.644192484532411	38.90098690124174	33.56492974826901
-0.02099999999999999	24.97115691291185	36.68453839976677	35.58778315659689
-0.019000000000000017	40.57070277374564	38.65730260977248	33.35287588715955
-0.017000000000000015	25.573671045053814	33.923176873244095	33.64615530359203
-0.015000000000000013	67.07019556317917	41.784301263461415	34.467120776823364
-0.013000000000000012	-75.12691172406605	42.73109323431509	34.442478223348196
-0.01100000000000001	-150.58912358578704	40.69019393659026	34.72056230534789
-0.009000000000000008	-85.12746615219058	36.34652978990439	34.890055024685005
-0.007000000000000006	-155.178631945474	35.83507097277023	33.6335984197982
-0.0050000000000000044	-145.46878226384675	40.396679422124635	35.51614783402922
-0.0030000000000000027	-131.85583405495026	36.31201883400576	34.18047987069413
-0.0010000000000000009	-117.64227561972262	36.47775554069194	33.249081755526205
0.0010000000000000009	-201.0050113615547	38.81856580949971	35.58493707581287
0.0030000000000000027	-98.230679252298	41.55969845684883	33.9025148158186
0.0050000000000000044	-178.49092104949005	31.694712303390293	34.11840259821723
0.007000000000000006	-82.82843823714802	35.98496248388602	36.01942543510772
0.009000000000000008	-109.32796678009282	34.72141695530061	33.68027708460974
0.01100000000000001	-136.5284884524698	38.14375555888759	35.39995269355738
0.013000000000000012	-23.229652039491455	38.23698617592882	35.347710754805696
0.015000000000000013	6.2647431438023204	32.98859521470241	33.35412397262226
0.017000000000000015	85.57195768621462	35.672968136249295	35.67485589026519
0.019000000000000017	68.75528951888477	35.708148393324414	34.71957695585439
0.02100000000000002	43.70207868298337	36.48789546001492	33.08778430832661
0.02300000000000002	30.291107398827677	40.36082968149126	36.23388162640252
0.025000000000000022	-38.4238994365349	39.14962675635895	34.288982920087754
0.027000000000000024	22.314836247705472	32.73460726058448	34.312632668367826
0.029000000000000026	4.921234434851485	39.35269693772895	35.11003513073694
0.031000000000000028	-23.410710119464717	35.08763214914546	33.30799575852828
0.03300000000000003	30.9215744527247	39.1751273508133	34.90577132519807
0.03500000000000003	-14.346196755443685	35.70375644215377	36.12623552156473
0.03700000000000003	15.486029798283951	37.93361753150011	33.56796805336773
0.039000000000000035	6.559332251354633	38.35994282826591	36.294362986993036
0.041000000000000036	10.803462658026675	36.08408455909814	34.88059720265295
0.04300000000000004	10.468635756710754	37.996368361789536	33.46582139320545
0.04500000000000004	2.1018179832132944	38.6684745592655	35.860264363083196
0.04700000000000004	-30.55798590556602	43.48937618079058	34.580361357894525
0.049000000000000044	-17.46808505265207	36.26310274123674	34.444695829696734
0.051000000000000045	17.57682930736415	41.34081049525093	37.22459633999055
0.05300000000000005	-1.2227851947654855	38.52023484366132	33.62361892211576
0.05500000000000005	33.42956721330559	37.68398549422859	34.94091303445256
0.05700000000000005	68.09014937880775	42.23220921044244	36.27712690939136
0.05900000000000005	-50.093995296207616	36.462093675407075	32.875486265264485
0.061000000000000054	30.934763830314793	42.89134324847534	36.81609116978468
0.06300000000000006	24.985088778572973	34.58992658449705	34.23727226250991
0.06500000000000006	12.528580741077988	36.92379286118975	34.22196248275182
0.06700000000000006	-16.593249378638042	38.84470050690954	35.24398572812317
0.06900000000000006	-48.5346338291448	37.20545079994576	33.969302227585814
0.07100000000000006	-9.800885309330098	35.73765295917764	34.797116975861
0.07300000000000006	43.16840920504106	38.92491882041191	35.278790924789995
0.07500000000000007	4.019237724639524	35.86672754994718	33.84785036270378
0.07700000000000001	-82.32161416443785	36.23606012430778	34.328380327873106
0.07899999999999996	8.149192647133319	44.14765031769479	36.10734365708518
0.08099999999999996	0.45383165114820656	37.27609595683983	32.78356797030166
0.08299999999999996	44.01638995887858	37.56558122199645	35.101436294611155
0.08499999999999996	-1.6577859143218632	39.98188256038185	34.56786793191095
0.08699999999999997	-18.45157489777094	36.954721115077945	34.5650335814412
0.08899999999999997	57.32034790728591	38.75954290091168	35.96225235870907
0.09099999999999997	33.79925555768715	37.36282642693431	33.51458171102386
0.09299999999999997	-7.857399954236399	33.53769599246548	34.6127669891955
0.09499999999999997	-36.64479798748399	37.16051710977263	35.3202528221978
0.09699999999999998	8.458179277637257	37.02202478748381	32.941978654323464
0.09899999999999998	-5.395614847136798	39.41515910179929	35.808794469439974
0.10099999999999998	12.500459848796552	37.96061714311841	34.74449671104581
0.10299999999999998	66.32779359727614	36.572955154915896	33.186772662966526
0.10499999999999998	-3.967341354438325	40.95944666039712	36.460306977573225
0.10699999999999998	24.206719152264355	37.68738857975584	33.40706449782487
0.10899999999999999	-26.9588194758974	36.54779634992505	34.960367656607424
0.11099999999999999	-6.22455058751914	35.43445129350005	35.16656885640269
0.11299999999999999	24.214084553442206	35.845154265948715	33.521117506672056
0.11499999999999999	30.73070072390216	39.25385316524458	34.64476591482639
0.11699999999999999	7.007217922128106	35.4142560310351	34.97881041360524
0.119	-23.1952458913387	34.90144409076477	33.15504921181087
0.121	-12.991318618427172	39.564336035698304	35.78018068201864
0.123	62.249940752323596	37.628223852143385	36.07096160559956
0.125	40.177631852822415	38.15727695769883	34.79726832308303
0.127	63.385615127753425	37.70590468333169	36.215239905374986
0.129	27.390354158551844	35.65994623197652	34.61391820532118
0.131	6.441621098085548	34.496210775442975	34.08170443776834
0.133	38.4503384975865	37.36527354277383	36.18192510863625
0.135	-5.218165130993491	37.93095914658668	33.670194805707744
0.137	-1.8400732683110377	38.75201680420879	34.92221706148721
0.139	92.2921657000586	38.38492059367522	35.97937600180803
0.14100000000000001	3.086269405372377	38.13658804163536	33.32740468406411
0.14300000000000002	-38.616635115396036	40.07395947875103	35.405381356650764
0.14500000000000002	-59.39893080908476	37.792208004768824	34.280569365621886
0.14700000000000002	31.5748939156979	35.395767082365474	33.338665784548326
0.14900000000000002	8.457425540786545	38.74258067136699	35.78416218160368
0.15100000000000002	11.041151278368133	35.062876912741245	33.252621566061784
0.15300000000000002	-1.8685365602566506	39.036681850456446	34.95241859739716
0.15500000000000003	86.33457769180453	35.80443397031948	35.1671528178091
0.15700000000000003	-8.386674134830407	34.343950581083405	32.90845554126751
0.15900000000000003	88.3136426723663	45.40751033863385	35.320810482283605
0.16100000000000003	-11.03232455912373	35.93392519078495	35.40389827974896
0.16300000000000003	38.96172988038238	37.95352180773488	33.32178549251899
0.16500000000000004	-51.0469769713362	43.88556064441197	35.07067668477724
0.16700000000000004	23.717550607926796	37.66230058911456	34.2029334121591
0.16900000000000004	22.20226342064535	38.124038187164516	33.48261172452465
0.17100000000000004	20.788673683380665	38.084421474653546	34.83564865858618
0.17300000000000004	-27.894035427356023	36.20043062674744	33.64665088411788
0.17500000000000004	5.165332325862693	36.502402268541125	33.98130437751896
0.17700000000000005	0.10979703701785581	35.32742112307143	34.9065569364388
0.17900000000000005	-3.6510163684555508	39.42768142694153	33.418095009511234
0.18100000000000005	42.94546779881614	32.03548632508805	34.034212901375135
0.18300000000000005	-16.142567997201596	39.41462348965569	34.81716258269212
0.18500000000000005	68.10958398140166	37.92051136719339	33.74788621987985
0.18700000000000006	-10.217984994009832	35.37829874977922	35.598350230400335
0.18900000000000006	46.71868358885334	36.55553028371373	33.59748376558771
0.19100000000000006	-43.72387306861292	35.514722182342176	33.61082293798641
0.19300000000000006	12.872934310736994	35.552259828220954	35.62471241987374
0.19500000000000006	-23.351199455290406	36.192748110828525	33.09411997391546
0.19700000000000006	-28.51819339377837	35.17802857882965	35.31081644348295
0.19900000000000007	20.28116773566957	38.533776899763694	34.62638689680411
0.20100000000000007	-9.139531896296127	29.752592018470267	32.61917546105328
0.203	18.780204953827706	40.21875276796861	34.88859909073956
0.20499999999999996	61.98178675376198	38.639181451274375	34.59749787083814
0.20699999999999996	21.111371666160395	38.34422547454263	32.84056034561881
0.20899999999999996	48.358048573948764	37.9996926438169	36.089654204871756
0.21099999999999997	-25.588381727281728	32.90009426044293	33.18621138632743
0.21299999999999997	-40.45572457433977	40.08391887735646	34.3219868967263
0.21499999999999997	30.882101323514988	36.46239190198936	35.0631568271199
0.21699999999999997	4.402963329708243	37.23925933491709	33.558993982480395
0.21899999999999997	-23.01727649878238	41.20056464209116	34.89474115621366
0.22099999999999997	-33.40986146960212	41.639588297961076	34.96105993351777
0.22299999999999998	10.823173884677573	38.20420085395174	32.64857087807088
0.22499999999999998	104.0936280445326	37.55201749645181	35.24824078601779
0.22699999999999998	43.05552205918772	38.75591699139363	34.994565720097185
0.22899999999999998	4.46328571035437	35.35771332904298	33.5956322345944
0.23099999999999998	-71.026153079079	36.308257971068926	34.979672943263424
0.23299999999999998	-40.69528362882213	38.26447507651766	33.09362880568915
0.235	-65.70569649189117	35.753122003493104	33.89603827379577
0.237	-51.548047706129196	38.79509213204351	35.29556212118149
0.239	7.203264323907277	35.564301573834776	33.286201469534284
0.241	-39.87413135109197	43.69735599462516	35.17491412532577
0.243	-23.15560899612823	37.25241848216731	34.5816324198442
0.245	-22.142482709486266	29.322846885302074	32.90077904331588
0.247	45.22061096268182	34.687175856616626	35.40729656635691
0.249	-2.8295356315766185	36.671855499479655	34.71988238341553
0.251	-12.193453556075262	41.604855768854954	34.505844072981844
0.253	6.461269798307967	34.864701987435836	35.09565477956561
0.255	-28.8666124386161	41.204390324825916	32.863157638573675
0.257	-1.2609715566158641	38.19823793674102	34.9869625523374
0.259	85.97375064911539	36.31489608079031	34.65006425969368
0.261	89.47756862376366	37.05379699281274	33.120100875713376
0.263	19.279832772056693	39.66286408288758	34.90461104261688
0.265	40.83403690624543	37.35394820198147	35.07767090974289
0.267	48.007333989463774	37.85904568537253	32.943984933639626
0.269	51.53617382180897	37.11990945195462	35.229314144771344
0.271	31.1232239382786	39.118001484096325	34.28015736557339
0.273	-29.17997992180066	34.702395103699395	34.52985134134728
0.275	6.187987766193004	45.39852974163563	35.466207427290556
0.277	-58.885986177315	39.486486901016235	34.01724026185368
0.279	-47.5306289324795	38.11988545246635	33.94357002919158
0.281	19.882439276308617	38.91763922032404	35.78635547624042
0.28300000000000003	33.858113218210306	33.941671916874355	32.624570636408656
0.28500000000000003	6.909137668653642	38.0176659293974	34.87274775556251
0.28700000000000003	-8.69186836804925	33.23059098902112	34.25729200103016
0.28900000000000003	-11.479825626548035	36.365355391912814	34.394362494183135
0.29100000000000004	-16.64338932094722	35.85667193304053	35.2536593043909
0.29300000000000004	25.369674409692067	39.94472505916932	33.48169783723658
0.29500000000000004	11.31749954197403	38.72026312148325	34.615830532468706
0.29700000000000004	-28.58645821468553	32.64786024846241	34.065959658609195
0.29900000000000004	-8.182388659405682	38.04421688810363	34.58180022396864
0.30100000000000005	27.277756980526036	38.25967063380625	33.92728819120536
0.30300000000000005	60.15986318308464	36.61978809243025	35.03344174678034
0.30500000000000005	21.278997513141107	31.272493041430295	32.52394651298773
0.30700000000000005	25.648235770336925	40.686607218526945	34.504331474947946
0.30900000000000005	18.059172360640474	35.8539364714753	34.70940678137775
0.31100000000000005	38.99332530155064	36.27406241909146	34.810526662193425
0.31300000000000006	2.6424665224844546	37.726765260704376	35.488172195259814
0.31500000000000006	-27.702815618257937	33.36657298839928	34.64277025656607
0.31700000000000006	50.671991340678346	35.63501251539982	34.99294612165554
0.31900000000000006	8.502429385881527	40.98789355338369	34.68998043779403
0.32100000000000006	-36.33723781504283	38.20327363139403	33.193681102944744
0.32300000000000006	5.636742317127741	37.15540968396172	34.96308483654783
0.32500000000000007	4.804194059015998	39.220942252064845	34.293381833011274
0.32700000000000007	-41.728296646059704	34.853244940013084	33.564037620008996
0.32900000000000007	14.953418825180975	35.39987250664278	34.83213174698695
0.33100000000000007	60.3478973393301	40.560049126775006	33.987221280623615
0.333	2.0444063648650257	40.86581269365015	34.21391690862085
0.33499999999999996	16.199806644134895	34.08319727684819	33.77381992351014
0.33699999999999997	-12.250970100935454	37.7520365403266	34.5650922990431
0.33899999999999997	23.551397568155608	36.2611323530853	34.080358850012736
0.34099999999999997	-41.89473259474941	40.749190549257	34.47836537762022
0.34299999999999997	16.766820423619322	36.04843408123486	33.419880616850634
0.345	-65.64423418753407	36.16169415858343	33.7492238076393
0.347	23.457527198456063	35.35736461153401	34.85517547625909
0.349	-33.63690623692239	38.041365691329176	33.92819681172106
0.351	-50.59709845445237	37.872559932171185	34.63737789328572
0.353	23.653553695046625	30.388333588666722	34.09513641127359
0.355	52.04667225666704	42.3607920759852	34.0410559185865
0.357	92.48653915960858	37.468656564842846	33.79018452012449
0.359	8.492130575854517	37.79114846303333	33.381924260901286
0.361	73.9102154527771	34.33268032697529	34.63458750646846
0.363	59.26998885685819	36.76303085803849	34.326843469075314
0.365	32.61324706271829	37.173594144677935	33.24858568587958
0.367	19.257012215945224	34.09006009850456	34.5296110658573
0.369	10.629558189645394	34.57663693149514	34.405377687395315
0.371	-22.06389744863202	35.648219768693465	33.71352256542823
0.373	74.55714672266467	38.866364600588135	35.30128800427084
0.375	19.488994983607455	35.75079979983941	33.53018324056662
0.377	2.579102375888098	36.646697091015206	34.79840898129934
0.379	-25.751089586467657	34.7108959062375	34.47236369438806
0.381	-21.95158406170794	35.14249831928427	33.4936457260102
0.383	-11.94345880140002	35.094024629992525	34.250480861920366
0.385	25.779872916409374	37.706870967244974	34.73259627112054
0.387	1.7878184799258179	34.749110054113906	33.74900638349847
0.389	54.930600674962804	40.17925713132758	34.35217382792205
0.391	9.663617215105447	37.957687071395256	33.80423441065433
0.393	19.22775771823204	33.33241647116186	34.07820389603119
0.395	-17.728574867481584	33.902558654178186	34.352708879455726
0.397	-92.90125935124126	36.488702896630194	34.73215470991958
0.399	-16.124841889730845	36.03295277794482	34.58210501797693
0.401	1.0193873001274056	35.81359926050168	34.544293952860066
0.403	56.85527056464856	37.65100126703454	33.68910510545026
0.405	-22.289224755445147	42.15501535366407	35.87258422767079
0.40700000000000003	35.044112299820185	33.015988570592974	34.78612119269649
0.40900000000000003	39.78324283471224	35.20916671699887	33.87596259631893
0.41100000000000003	-28.997117303752873	39.18515310590414	34.92122320007988
0.41300000000000003	19.259693696760394	33.211558993616904	34.737357905061586
0.41500000000000004	-23.80125920342646	39.16564172311914	34.881882308126684
0.41700000000000004	-1.1699677855414592	36.769890213712664	34.71962569723948
0.41900000000000004	-29.75924115655726	34.36781956895905	34.3756559510898
0.42100000000000004	5.872822966379587	41.9207033642843	34.99190339824203
0.42300000000000004	-54.6118960585984	35.48407270968887	34.30853328307673
0.42500000000000004	43.48975024615065	34.60908204717682	32.866931417356994
0.42700000000000005	20.238999022037518	35.09971305888636	34.49922974818849
0.42900000000000005	-48.63638632068845	33.024848259656714	34.74692286086238
0.43100000000000005	52.83947304302039	35.34325632533348	33.80226612322736
0.43300000000000005	-61.782808731813965	36.101962652820205	35.73105723547705
0.43500000000000005	74.8783904938044	36.243145952190645	33.83712601076159
0.43700000000000006	8.753836761465905	40.30153603398679	34.9814054053587
0.43900000000000006	9.833517562007899	40.577937911658694	34.47860510298733
0.44100000000000006	20.66061731320623	30.54205081693976	34.01734540268808
0.44300000000000006	-17.62672602945159	41.56188332079218	34.76445382934592
0.44500000000000006	-24.137342593988365	34.310348571055364	34.91294693829942
0.44700000000000006	-5.533038698990467	40.62653528767636	33.744765373185494
0.44900000000000007	-11.317130615196014	35.55789457237223	34.461442637130276
0.45100000000000007	-29.802764483166655	40.91803776235352	35.00895892177833
0.45300000000000007	-18.867721822690697	35.773183202014366	33.904317185258655
0.45500000000000007	39.58183012597871	40.99575166689751	35.19199421749647
0.4570000000000001	67.88876202956651	39.351224861757146	33.96225933613102
0.459	87.93826709396768	34.74955091900632	34.657396923643205
0.46099999999999997	33.184791728757546	35.69632664235552	34.8568155250615
0.46299999999999997	30.20537882703067	34.96668755331094	33.10607056330047
0.46499999999999997	5.020812638534267	42.86107643164201	35.00532850495747
0.46699999999999997	87.25057142022763	36.82037461732867	34.40907345144621
0.469	4.20588315330761	34.150962717264925	33.490884910376074
0.471	7.455383118859515	36.69369864079722	35.47592120309467
0.473	-27.333277728303074	35.82980820371973	33.83018482703412
0.475	-29.347649412314603	39.50252563198662	35.41013215642388
0.477	-78.03084156154938	36.85117654449739	35.430435909173426
0.479	18.16643973073795	36.42731808533837	34.557877444015595
0.481	0.01004084460021204	35.25663130903444	35.15005634925708
0.483	8.708750660391118	38.15764843877115	34.227367800023316
0.485	-36.34812753894323	31.976324587670984	34.17702327789438
0.487	11.22511874140919	37.89714456722144	34.94076714278476
0.489	22.136158840835307	35.453624971895735	34.767660478057046
0.491	16.897302555163307	38.48767540705842	33.43266750233171
0.493	85.9273962672269	38.4641985088114	35.18237717014881
0.495	21.045376778383584	37.67462074666245	34.412182244929326
0.497	1.5871488461272065	41.95587580834523	33.89159746429034
0.499	-45.883797066492704	39.605761121614314	35.81080421076886