-0.499	-17.176650977668295	35.96848418015718	16.3946633592071
-0.497	-55.09239142553746	35.014227335328364	16.143932029787557
-0.495	-9.032569861622264	39.14294992475651	16.285833841130874
-0.493	-16.331072388520163	36.35435087958732	16.08909596683763
-0.491	-5.839372809401944	44.85176637857893	16.91565075204372
-0.489	1.3975014547806808	33.47029019561038	16.475350714999642
-0.487	-4.68106061290996	30.60540812065345	16.113341648708875
-0.485	40.43858332281047	43.61464799147421	16.960476895165765
-0.483	-4.512430113678967	34.30153125645158	16.033640598093484
-0.481	0.8585797337534729	30.947963314998482	16.582231745578593
-0.479	-23.68633865679204	45.59850442210057	16.334827595079503
-0.477	47.87510550885443	31.599864012325444	16.290781122774572
-0.475	0.002830637058082175	31.373833099906605	15.783065634773832
-0.473	-64.64451508658709	40.352411641713715	17.54225477376066
-0.471	35.90019038979264	41.95187071867159	17.031618220585607
-0.469	-2.4286917219562554	38.09497409959496	16.440861487393903
-0.46699999999999997	-74.25685996287345	39.71602177005861	16.214756217969896
-0.46499999999999997	35.8917376268586	33.8027118878771	16.542166254917532
-0.46299999999999997	-22.472573905085724	44.94727066159198	16.95306478898449
-0.461	0.8792296901649621	38.540847865706915	16.83458104041634
-0.459	53.215342626700135	33.15711205725087	16.147703609510717
-0.457	9.581710847417213	44.408428417769834	16.021281731783947
-0.455	-19.402858137396173	36.11132593881947	15.786122031877008
-0.453	21.294175732711196	36.66979565399436	16.30184534316947
-0.451	15.212287670429703	44.771793916635055	16.682669511136012
-0.449	23.12690879802126	33.35288764227889	16.44748936643513
-0.447	-9.438264911287852	36.59092154187029	16.423463921706457
-0.445	17.555022582049773	41.798123966915426	16.517061001702643
-0.443	9.646544347541308	33.126183356211996	15.620083146400155
-0.441	45.828939974734695	35.35951643951701	16.67132082369427
-0.439	-76.2590733450752	46.27602708937149	16.46241110496617
-0.437	17.58105801008547	35.25950554787702	16.78003079580478
-0.435	53.30328743258228	37.72873916649979	16.73896867285158
-0.433	-7.2591533710753	44.370976393076056	17.20060820740121
-0.431	20.684168616558196	36.07403940781665	16.48177405304932
-0.429	43.8099457460428	30.987278281488003	16.504119525574293
-0.427	-72.87625193097557	40.92985770724691	16.534857567679662
-0.425	16.96074136670056	38.869559262613365	16.90931403572681
-0.423	-22.36336260730276	42.61109920847738	16.91094769468819
-0.421	-73.49023023484058	37.21738316458644	16.048241741092045
-0.419	11.126939616357134	28.9200108473733	16.449500692521937
-0.417	-13.742351621548465	40.01998765330082	16.65330629322151
-0.415	29.090560524469566	34.34193380998511	16.313806475072987
-0.41300000000000003	-40.70757800578306	36.11368242019018	17.01063551417545
-0.41100000000000003	-7.951764780300685	45.09391505705671	16.4831757666228
-0.40900000000000003	-4.356559735185783	32.81239327890216	16.72046282958908
-0.40700000000000003	-26.088643381383392	35.40278063074518	17.007178994683443
-0.405	-7.316634202059191	46.260460732381105	16.90571654513857
-0.403	-32.377853410592294	33.959400200763376	15.8182384636925
-0.401	-29.100174722018757	32.778654830119564	16.438794521284592
-0.399	20.037531365035832	48.43258710598602	17.421722504022473
-0.397	-1.2286955995977067	33.60391026351732	17.079647484674783
-0.395	-6.410652038768561	36.87112541868342	16.218294153657393
-0.393	-11.519861330855363	48.033885177598314	16.980554001232267
-0.391	15.100741264983952	32.61403363626703	16.66152879066697
-0.389	25.290616443740532	39.01710568480636	16.49924277779485
-0.387	2.6753925530531575	39.33490429990336	16.504186335976826
-0.385	57.37654276272153	31.333585982920315	16.740658337068773
-0.383	-7.433308157889229	39.68247611152683	16.719336838326353
-0.381	40.665958436658656	40.960287216836115	16.17468655782034
-0.379	38.80224173391511	35.519804057035664	16.27899990952954
-0.377	-11.826661852509801	44.23469598339585	17.1796694323773
-0.375	9.370358501792353	34.24531690040939	16.73290213495131
-0.373	40.30780668640155	39.07634464085339	16.534284040325325
-0.371	20.586390398369403	39.16516588199269	16.966302246216294
-0.369	-6.592981977249224	40.374182391360264	16.065985543159446
-0.367	-8.21130792871827	34.00840929399147	16.723590914865902
-0.365	-11.302207704844136	46.32997704573401	17.146178859073583
-0.363	-56.40485434277309	34.28453120597268	16.245335862899694
-0.361	15.005870546369593	32.181849472534516	16.47211916996078
-0.359	-19.454403841878687	47.8952460606166	16.765113515307476
-0.357	6.939174708397999	38.884915398002065	16.12257504040038
-0.355	37.564075650919904	35.8309284829807	16.64186040399937
-0.353	30.302973620832674	40.517991785536914	16.625773343725115
-0.351	-37.64150572871383	32.10442304597769	16.167827753664145
-0.349	-26.275045030388355	37.11559282878991	17.085179030941383
-0.347	6.195043630086161	42.87154384046759	16.381481002978074
-0.345	6.182239092433761	37.64316434618444	17.251218317726842
-0.34299999999999997	-64.92833670712628	40.611042460528594	16.552358609832467
-0.34099999999999997	23.166050469924926	39.73729304663371	16.10765194535725
-0.33899999999999997	-14.1204577563947	33.22033240973991	16.419764637572285
-0.33699999999999997	78.83825326882032	49.69035680563528	17.101477789997666
-0.33499999999999996	52.81741874507695	35.86541665293807	16.587758342626
-0.33299999999999996	-36.353258629939766	37.289631629468275	16.25130696101668
-0.33099999999999996	10.6801415729052	39.62730039942861	16.68978058872109
-0.32899999999999996	36.880111369708146	35.252155078332095	16.198024275522304
-0.32699999999999996	1.5301038693849023	34.92243331692894	16.34521088106102
-0.32499999999999996	34.10822290383919	45.198551441010245	17.073760157060853
-0.323	34.02158334231409	34.64806697324026	15.921869167476288
-0.321	22.813939597465804	32.62146178282131	16.251685894368837
-0.319	-35.85979593934141	49.86674019228179	16.658935653698837
-0.317	-1.2668358079226394	35.34810644787378	16.197853235272582
-0.315	36.519894344166914	32.126172533042315	15.96414182882254
-0.313	-30.06609646671876	44.30099211683442	16.680380027357653
-0.311	-5.0770549998579995	30.413623474278122	15.829063061842096
-0.309	7.594167138913477	37.277805196152165	16.525130929730196
-0.307	-33.12699388124951	42.46305396013594	16.89632020330615
-0.305	9.094692943634186	35.651065111286535	16.640814523645616
-0.303	-25.729336853186346	38.683413679815274	16.63876581783965
-0.301	-56.86336069488096	41.64193648860243	16.290791653124334
-0.299	26.15906850622629	33.00418796388569	16.212791724051677
-0.297	-7.554679736454517	38.25198027966572	16.78342044270635
-0.295	34.50099214852287	39.12879530232698	16.049715402792955
-0.293	-43.62016668502111	33.546197257240514	16.009434130091268
-0.29100000000000004	-64.95309951648487	44.952709366506234	16.87976550733267
-0.28900000000000003	-5.390671925842305	36.24700293669829	16.18734168035729
-0.28700000000000003	-30.881355343681527	34.14585307130061	16.671986858533383
-0.28500000000000003	-5.659921686662628	52.62277847747079	16.917145022755733
-0.28300000000000003	-16.22849883387012	37.500521212396116	16.111258695005336
-0.281	-38.29787842390964	33.145477974326866	16.561373534185535
-0.279	-59.92296584511614	42.90848744645168	16.93730737655253
-0.277	-13.84396918080455	34.05875833114404	16.158272712677093
-0.275	4.411798849135451	31.73591320169622	16.521958623155953
-0.273	-50.31423779455757	46.3599826285946	16.493857051389117
-0.271	-30.084789304662962	33.850693149132674	16.471859089986783
-0.269	1.459759179978093	36.511503062637885	16.38150576365854
-0.267	-91.17602115471524	41.69970231319933	16.797738369853867
-0.265	-40.38130245775928	37.443331610113404	16.842762113480838
-0.263	30.308197581208063	34.97833618457916	16.494601837064966
-0.261	21.289448126404764	40.81349199130048	16.74811051522982
-0.259	-5.84692676430798	26.156541998857126	15.985275541233941
-0.257	-1.6331150575199516	41.060316168577636	16.62248398769742
-0.255	-37.56945426580671	36.6998298098559	15.683940311877477
-0.253	43.29734811880925	33.72296259966105	16.75139003492831
-0.251	-20.936261126314193	49.08667893874032	16.814707560909515
-0.249	-21.834197670766997	33.791879629522974	16.190045823468648
-0.247	-30.807659845755175	32.95884040618101	16.822751966920762
-0.245	-15.69183908156635	45.007383596058745	17.563416091268266
-0.243	-0.36716498674760345	32.98999607970916	16.18224049778203
-0.241	16.99539898214475	36.34953994806755	16.60082363002163
-0.239	52.76842668733295	46.672863153119295	16.609142243936887
-0.237	-10.545705843578723	30.07241552249081	16.03811348733581
-0.235	15.937758960804516	34.20076723018866	16.843122054026427
-0.23299999999999998	26.542851987665372	42.61214911891831	16.526883915878436
-0.23099999999999998	59.03647188110206	31.001997040039686	16.895402506435786
-0.22899999999999998	8.435345443258413	37.01553723126211	17.759175690997324
-0.22699999999999998	-44.032116853554015	44.99711525893861	16.689373727133777
-0.22499999999999998	5.85189607082981	29.34697963158846	16.583376356852433
-0.22299999999999998	6.131360197780822	39.558641837464634	16.65805216823228
-0.22099999999999997	31.286587019785372	39.26479745542546	16.532090815698627
-0.21899999999999997	50.06098514903634	36.03963345323928	16.747268868653908
-0.21699999999999997	0.5273505405689605	39.391222882115734	16.510145361284202
-0.21499999999999997	-13.27865295519537	39.59543381091618	16.11072500684082
-0.21299999999999997	-2.338042127458806	33.15345842742319	16.216677571691072
-0.211	11.791998761001565	44.63354213636079	16.889983940752614
-0.20900000000000002	-12.906270374313245	35.91325726383132	15.985513746982242
-0.20700000000000002	60.68356086785798	35.20622736855112	16.93232468990293
-0.20500000000000002	3.9231305861697763	41.53795215534436	16.605154195844463
-0.203	16.217731388934453	35.71126900960907	16.52721169154285
-0.201	-10.938616036737514	34.944929225120724	16.700491823963684
-0.199	27.605380455764106	44.911106488473216	16.73934423131122
-0.197	-8.065318615857464	29.78368520988278	16.06564970928186
-0.195	13.535239540063415	37.523403286910835	16.705127752779536
-0.193	28.097363676149456	44.88395574304695	16.665089827211556
-0.191	4.65381057379588	29.441142729420363	16.219881630379472
-0.189	-14.67030616619791	35.94008660197321	16.25022711202425
-0.187	1.0128758272109906	39.13413159746519	16.340470418737414
-0.185	-14.821349714422283	31.424302332962995	15.747412085080764
-0.183	-13.819968641470837	41.73774492225901	17.037581004308986
-0.181	2.942136963612896	37.99601860548209	16.625709062348843
-0.179	-43.888755429821735	30.104847020085316	16.30234946064689
-0.177	30.57603701295264	45.66891315042815	17.356702587661324
-0.175	24.089001474214555	35.38687766669765	16.416351765037497
-0.173	-28.23410809738025	30.104535661563286	15.966422697508914
-0.17099999999999999	7.56788398659225	45.88919686675498	17.092312119378164
-0.16899999999999998	28.392681191258262	36.20503650596812	15.945181271255914
-0.16699999999999998	-29.94774630415975	34.816710649341374	16.31493512155727
-0.16499999999999998	39.61895893178635	44.595987910926866	16.51621553300795
-0.16299999999999998	-3.5350531757405435	34.440755537739584	16.155453239066222
-0.16099999999999998	-22.60046235624813	35.402117399903695	16.903274120896864
-0.15899999999999997	38.501300595683574	44.567636703562805	16.93177657291709
-0.15699999999999997	3.3049003203000638	33.51301918206786	16.786862506813634
-0.15499999999999997	4.311973370363376	34.51944010308133	16.562276669160045
-0.15299999999999997	-13.567851270379627	49.41866560545702	16.854277274803295
-0.15099999999999997	-19.858648267145895	31.333376246412282	16.815122786880497
-0.149	27.94096851777006	35.117493394989765	16.498755462070857
-0.14700000000000002	-9.372647638783427	42.510741278060046	16.497464938829445
-0.14500000000000002	-34.57795663497354	34.9326367896997	16.580157442234142
-0.14300000000000002	-11.148935567972806	38.80326776778014	16.963498421490918
-0.14100000000000001	-0.8759316623141444	39.65260823141445	16.28512910620948
-0.139	28.17098493146375	34.40690939542619	16.604362765088954
-0.137	2.037632702345249	45.807040140724716	17.144497134359852
-0.135	-4.210632158718752	36.082589346222335	16.060127560645167
-0.133	-24.916116507678332	35.89067181908888	16.27141348174807
-0.131	39.051611739449044	45.538493876244786	17.21181387786106
-0.129	19.894736050574124	36.72405229598829	16.14136497438331
-0.127	-49.316659718079414	31.22720882809644	16.9604253945804
-0.125	-8.218396695180985	42.77221035530574	16.330157428349498
-0.123	34.19587831055004	32.935934438098734	16.018753790304814
-0.121	13.386318964192512	37.302437993846944	16.775766021831288
-0.119	-37.664658769087644	44.87897944339771	16.745628526002754
-0.11699999999999999	13.77443476968665	34.233909170081745	16.252203454073857
-0.11499999999999999	-11.358762176949533	36.112279387910164	16.67989655112819
-0.11299999999999999	-18.414260912646974	42.69971573634528	16.63358657279532
-0.11099999999999999	9.987369015584946	33.72412311104674	16.74532111282716
-0.10899999999999999	13.00071728005392	33.02600933412287	16.613973850186802
-0.10699999999999998	-0.29985842386892614	44.05485868999026	16.497009685138654
-0.10499999999999998	-12.028585558931937	32.61635853233251	16.400724827304526
-0.10299999999999998	-34.13005927821455	38.32347895317586	16.913535681652803
-0.10099999999999998	-18.15240686531272	43.281798933189286	16.151413385735808
-0.09899999999999998	8.425303083869906	30.1428405809577	16.201611487811924
-0.09699999999999998	43.33170388104435	39.32205010169224	16.45731868338819
-0.09499999999999997	-16.163428974702576	33.87231398906867	16.121931047207333
-0.09299999999999997	13.288854168846953	34.32413456954207	16.104550212173127
-0.09099999999999997	35.235810755374075	43.202983047054424	16.426770322379863
-0.08899999999999997	32.18398049087412	34.10604887552898	16.30766104094732
-0.08699999999999997	-2.3733375973389315	35.62608990461912	16.46156237307487
-0.08499999999999996	-0.5206921223077643	43.09693910412085	16.100393290423586
-0.08299999999999999	-4.817103347432017	34.367759132566	16.391678733104282
-0.08100000000000002	7.557595223195435	34.014393695245836	17.22412406513363
-0.07900000000000001	19.440481440646806	49.74501434391963	16.47441825367317
-0.07700000000000001	2.3936721602613176	28.129738980505632	16.429442447577877
-0.07500000000000001	22.467328647302054	37.47786362083996	16.831222323141198
-0.07300000000000001	55.183936744196416	45.14007093873716	16.92232790870996
-0.07100000000000001	13.857116410553871	35.45937102688344	16.26232098047433
-0.069	51.30971985067845	33.81393774092882	16.752323417993267
-0.067	15.60158840718806	43.32980488343966	16.53243284557581
-0.065	34.33645077421943	34.392061040750946	16.56830664284873
-0.063	2.3090357177402154	37.11654861090851	16.830191771190208
-0.061	3.1524324881626598	37.533451166436016	15.942762966031093
-0.059	20.79627947604301	35.438873156210505	16.672850330205623
-0.056999999999999995	-4.616831450032777	38.516151271296245	16.59064881847322
-0.05499999999999999	47.08068751524408	36.24237746112567	16.175046590692286
-0.05299999999999999	21.986476426372192	34.428545400121756	16.32913772059538
-0.05099999999999999	11.722303598027395	44.01727961657679	16.663684068455947
-0.04899999999999999	22.533996678175683	34.11703805164203	15.981883488848124
-0.046999999999999986	-6.500525980723815	33.39768204264066	15.942819839953534
-0.044999999999999984	21.54363031570128	45.427767598208334	16.31344258407017
-0.04299999999999998	-16.14356102641601	35.909522080230296	16.337181227643267
-0.04099999999999998	21.75712296903498	34.41576086586649	16.248070089254597
-0.03899999999999998	-34.77670300577884	51.34722786645653	16.983612144537023
-0.03699999999999998	5.63898021788134	32.28507812977434	15.817205535837683
-0.034999999999999976	42.22544311383025	34.5783233164728	16.763907983532373
-0.032999999999999974	1.8094568052795523	45.27325129394702	16.614495848791506
-0.030999999999999972	-20.12982728083479	33.62466907376522	16.187843483100245
-0.02899999999999997	10.046338340119476	35.73664380445455	16.22710413547637
-0.02699999999999997	-7.983673088296506	40.86906969116349	16.11208184489666
-0.024999999999999967	1.7289959834965174	38.13837576610306	16.599585429243806
-0.022999999999999965	-0.2685446290895399	38.77021252700371	17.005517055057325
-0.02099999999999999	49.38792048725382	40.030570466171525	16.119291663151262
-0.019000000000000017	36.05250871152599	36.584546534336695	16.31391431911656
-0.017000000000000015	1.7651738206669876	42.55940026846596	16.819784535688658
-0.015000000000000013	-39.63267277495852	37.34220771972035	16.118424706355203
-0.013000000000000012	-40.75822804172624	35.709228392204686	16.496876966002247
-0.01100000000000001	-49.43295729853414	42.321118963074696	17.021512985016905
-0.009000000000000008	-75.44568201733881	36.884360729278676	15.879130323092953
-0.007000000000000006	-116.79113626439363	30.289371276670757	16.865162318389068
-0.0050000000000000044	-79.38907070914603	45.86707352455802	16.949197083952473
-0.0030000000000000027	-126.57646115021848	32.80171429605485	16.403683266164446
-0.0010000000000000009	-59.09682220783807	34.365709426593405	17.078436393849152
0.0010000000000000009	-89.33423997614653	47.02617405113392	16.5579917886254
0.0030000000000000027	-82.57236136044455	33.00934686159866	16.07268248343535
0.0050000000000000044	-79.63365847818426	39.794805778213146	16.523326545085713
0.007000000000000006	-41.69786697116873	40.14171972983651	16.45864541826391
0.009000000000000008	8.163143432771136	33.882652514847656	17.043653706690197
0.01100000000000001	-22.83951613590851	34.043490869893304	16.296751634062154
0.013000000000000012	-60.36612545989861	45.52551848688496	16.225423696911516
0.015000000000000013	-1.0580465129583771	34.49517392724641	16.756596770865897
0.017000000000000015	18.70880875798342	34.24273960491275	16.918516147511383
0.019000000000000017	-31.58465504360386	45.15239739111425	16.009787321405796
0.02100000000000002	6.105082404950224	34.85558316953547	16.21269323733311
0.02300000000000002	34.87418647907248	43.16716234002122	16.630866131976536
0.025000000000000022	17.008263168305504	37.15464349041025	16.10426419081266
0.027000000000000024	37.1815430459943	33.70504095389029	16.37186985317589
0.029000000000000026	54.83854245924569	41.662558462582574	16.371552602862767
0.031000000000000028	32.18597497345321	35.17896040422932	16.191778337230502
0.03300000000000003	15.120850185734724	34.52582654731366	16.816883298336144
0.03500000000000003	15.295402885584508	44.23219744343937	16.868175167902322
0.03700000000000003	-11.489068977188488	37.77408383632857	15.763854005686222
0.039000000000000035	8.80221867571862	35.834567381790315	16.609408216863894
0.041000000000000036	-16.640947415047513	48.637288103495116	17.22067182193321
0.04300000000000004	33.32415255274945	33.199908500019156	16.32476559673119
0.04500000000000004	-3.525324391073781	37.38919861169535	16.74389347391894
0.04700000000000004	-34.03281206826314	44.31058171500535	16.731984942475734
0.049000000000000044	38.90384891191978	37.70519039600353	17.03518336312905
0.051000000000000045	21.332924885930638	37.3995760511127	16.873215478508204
0.05300000000000005	-42.25056191764498	40.907222175358605	16.746981300213037
0.05500000000000005	24.11176412886462	36.90491783847123	16.641352317849684
0.05700000000000005	28.3358305639414	37.140900991170646	16.72485358559765
0.05900000000000005	-53.91679872168709	42.512704407192814	16.226698208174067
0.061000000000000054	29.166684150538913	37.200137845582994	16.751862578447852
0.06300000000000006	39.91210672382728	41.03496023280408	16.143409847060074
0.06500000000000006	29.29486407809989	41.340196195434814	16.282479577089344
0.06700000000000006	-18.793187790078214	36.80537324612514	16.168605562443865
0.06900000000000006	48.4791471362378	43.384627919212384	17.113738698547564
0.07100000000000006	-3.8413445936358315	35.51257151941613	15.942470129211701
0.07300000000000006	-45.92849154083645	33.37538772171191	16.102517579535533
0.07500000000000007	40.58374539672727	50.350471750381786	17.27546720140384
0.07700000000000001	-20.13980828563522	35.278658423947284	16.46162875003795
0.07899999999999996	-29.703348685239384	35.94142043387651	16.55377819254574
0.08099999999999996	17.360067362082177	48.0575543897428	16.685834028303518
0.08299999999999996	25.234177218669274	32.6373489737157	15.650778198206437
0.08499999999999996	36.507166830013205	41.65762282428909	16.96505623825755
0.08699999999999997	-56.660546954634405	42.29855307894639	16.33823631063784
0.08899999999999997	-28.414045695202006	32.45160994071439	16.45422741377368
0.09099999999999997	-15.856763578625532	35.05469564695575	16.52104749557442
0.09299999999999997	3.657809649837418	45.02271482790993	15.973047723863775
0.09499999999999997	-25.304869088360604	34.49812888013288	17.22791511960385
0.09699999999999998	-6.48629542843171	38.963399472471835	16.55581019793259
0.09899999999999998	-3.649569338071146	44.47362897044957	16.010776232389258
0.10099999999999998	10.35382111091998	32.12459282902754	16.699918753939116
0.10299999999999998	30.626872351113832	43.9666064045111	17.29398588974236
0.10499999999999998	16.913458615652743	39.375583610773546	16.00147035539386
0.10699999999999998	6.312523634921519	37.35744866480152	16.667178823330364
0.10899999999999999	17.70387278021701	47.77949885318087	17.112839580554425
0.11099999999999999	26.69542378330725	35.28583647521406	16.18211549456308
0.11299999999999999	5.0639162436638685	34.441133177042616	16.274500645988354
0.11499999999999999	15.136512935276514	44.232354602918335	16.862196349904366
0.11699999999999999	33.49454401213592	32.72698177344676	16.529588663203395
0.119	0.7356130116153992	39.381160679432725	16.924991730625816
0.121	-21.971688382582677	43.60418241355605	16.71912805244352
0.123	7.927766079829368	31.90026660314963	16.158095065404343
0.125	-9.466655669476687	36.367058719184996	16.55411946279604
0.127	-36.89282531749161	43.45869574947489	16.199963057241785
0.129	18.601143420005073	33.85043615539593	16.157348185833126
0.131	1.7836416739136496	38.7352210518239	16.819867949765793
0.133	-55.60018319761273	39.49881967374895	16.178235106341177
0.135	-23.648138140153208	34.01578752467146	16.19842733309944
0.137	3.3136384516296857	38.733426225380335	16.622076096299086
0.139	-15.95215976502029	40.699480098157416	15.733414694452957
0.14100000000000001	8.160965782488816	29.634284843370843	16.03623458934165
0.14300000000000002	44.371732317527446	37.8708149438787	16.52505196297541
0.14500000000000002	-5.372519962132394	36.213828556213464	15.761598398809596
0.14700000000000002	37.020284399336134	33.35058312994049	16.17476136123155
0.14900000000000002	53.813449489181764	42.99170131616465	16.316285732831183
0.15100000000000002	-47.706303063610456	33.2154225676289	16.532127440875986
0.15300000000000002	-18.333678664439468	36.310443673787574	16.692587908317286
0.15500000000000003	-18.126619933278576	48.16959204292736	16.847565720402404
0.15700000000000003	-7.290389396064079	33.81465078591314	15.63847435329861
0.15900000000000003	12.706516202332097	33.78144388778123	15.993865550589689
0.16100000000000003	-28.247097961453527	44.7078962675666	17.36660242645958
0.16300000000000003	4.041563434808992	32.241114385839026	16.375470952215835
0.16500000000000004	-8.730013015711968	40.681261490331735	16.53691092655838
0.16700000000000004	17.758407109935703	42.963836640284626	16.609475849087456
0.16900000000000004	-4.085391022479179	33.714471053254655	16.975231656323356
0.17100000000000004	34.826678043886616	36.310356844384074	16.571193619322738
0.17300000000000004	-9.837368659670886	42.941261130743385	16.245289118823123
0.17500000000000004	9.451874125376847	31.07241816718083	16.870756981009304
0.17700000000000005	-50.818869000379685	38.49332335277558	16.963976876621114
0.17900000000000005	-16.32274102536524	45.188862374705536	16.73703399864861
0.18100000000000005	-15.467410568570372	39.23311076292616	16.1132840406679
0.18300000000000005	-9.06419426494054	45.86499509328463	16.361214693118196
0.18500000000000005	-7.152847877556212	40.63208324791758	16.254171047537433
0.18700000000000006	5.548710631630982	34.72427614955596	16.3421520858306
0.18900000000000006	25.25635036310092	43.014145089249276	15.943054509831642
0.19100000000000006	1.0183430698695872	35.21597593176058	16.072692124051244
0.19300000000000006	20.344225312385333	32.570740769898244	15.96404959006543
0.19500000000000006	28.794629952200168	44.58358214349527	16.452639032561287
0.19700000000000006	-26.00371053995687	33.507177052590215	15.632187725304075
0.19900000000000007	-18.463952203839895	30.41498697739566	16.25282849785947
0.20100000000000007	-20.490230352221417	45.988218851659894	16.61135579455153
0.203	38.20223219763719	33.65080513795925	16.449884685180002
0.20499999999999996	-8.067247397658406	36.24140738145701	16.21507213939657
0.20699999999999996	-2.2326061553945564	45.44988450370202	16.431088294037497
0.20899999999999996	13.31141734417507	37.168001014967956	16.58576909702788
0.21099999999999997	-20.04831666457818	37.026720202070926	16.391133729321364
0.21299999999999997	17.933073575227	42.66791287053263	16.556619042176536
0.21499999999999997	10.916623723877805	34.89081299238698	16.177649696799723
0.21699999999999997	-9.687666944757645	39.92133842218269	16.596699263351095
0.21899999999999997	-8.262016675475437	41.46994032037891	15.958474666271345
0.22099999999999997	25.81529914102987	32.38253810081096	15.978598396880392
0.22299999999999998	-46.87246450651994	47.70337418136868	16.75032338323812
0.22499999999999998	-25.95375119629484	37.57140569696256	15.808887643531873
0.22699999999999998	-22.110647441064835	35.64610490543707	16.30982758401339
0.22899999999999998	43.398592820098614	45.3767676665481	16.496841889927744
0.23099999999999998	-31.880753000423923	33.138772660279756	15.754919547626363
0.23299999999999998	2.3372159267953663	35.5432912493647	16.12041029459109
0.235	43.90156181410809	48.15496900588052	16.57291548555819
0.237	-4.122333061129524	31.487597135339396	16.138832636592845
0.239	15.314441941249868	35.71573029364273	16.44542789063572
0.241	-34.05577423576389	47.41776467059498	16.98957787530256
0.243	0.7146646352484964	33.13871509871773	16.085882630724644
0.245	12.571568746011508	39.10574999176777	16.136310258685203
0.247	-28.845227458829115	44.20387931237421	16.588805875716336
0.249	15.869932239009898	32.508616904268116	16.050827220573584
0.251	14.976592098703279	34.67507291098304	16.321186348812223
0.253	-52.021850298622496	44.48020306496205	16.99607462966019
0.255	-5.071231046982483	33.86186757363005	15.765507463715004
0.257	4.173072803093092	43.78588690216653	17.002152992204074
0.259	17.398997228523783	39.072271848768125	16.08728785955104
0.261	47.47610900346366	36.923548571129594	16.29840853219922
0.263	-10.693525882232713	44.761673641198115	16.53249900503214
0.265	-19.65756084598702	37.27242701987609	15.843615956494622
0.267	-15.838088071817857	36.2578335501533	16.454597836862217
0.269	-16.595386694961967	46.044043364772996	16.560101961770986
0.271	-16.561521451019523	30.305477314183296	16.510932186402115
0.273	-35.99533331632987	34.88737436559707	16.674534013946296
0.275	-0.6842949595853298	48.272705145293855	16.607013126593653
0.277	9.61479413463806	36.53091868839822	16.528710969969676
0.279	-4.790766242268596	40.21456506755831	16.986484818282612
0.281	-33.658472303188525	47.957179769479914	16.485728611383383
0.28300000000000003	38.95147395494014	36.26693464921681	16.7418418824655
0.28500000000000003	-7.729954063728783	40.27868559544707	16.33937150615117
0.28700000000000003	9.115980250440359	46.6080204726746	16.75291123434748
0.28900000000000003	2.107732853140476	38.37906339004462	16.371731698914747
0.29100000000000004	25.513619600792126	36.71452289006055	16.67236528862844
0.29300000000000004	-35.79684748089562	43.11722624809035	16.888020301289124
0.29500000000000004	-9.693515935937924	28.079399380502654	16.013134722926655
0.29700000000000004	-49.0556141635734	41.41006124425013	16.38067461594379
0.29900000000000004	-11.655936089760566	41.549933222729884	16.12332992555139
0.30100000000000005	31.665094503585678	34.170348850027075	16.039074687472567
0.30300000000000005	45.564037879586294	40.8542079048366	17.299873441798322
0.30500000000000005	-63.09692743677875	37.547285494015085	16.52292040534104
0.30700000000000005	18.65372826403977	30.640274688527672	16.375599280369247
0.30900000000000005	33.49829743615196	43.69596012901295	16.768880014224507
0.31100000000000005	-8.440566485523604	33.188808741576494	16.377849424491348
0.31300000000000006	-39.42865964856601	34.20744424131547	16.593223894775385
0.31500000000000006	37.03682880074055	45.57548540169189	17.194768767678724
0.31700000000000006	-20.593329585816278	33.727749342068	16.521070048238485
0.31900000000000006	-23.45761723465678	35.065799572181646	16.351858292371375
0.32100000000000006	18.952150241391408	45.52318563278853	16.781922433940228
0.32300000000000006	4.2628587106907645	33.603335141883086	16.53427844989188
0.32500000000000007	-28.414539361643065	35.61881229835475	16.217494758767792
0.32700000000000007	-7.806911639041125	38.37315202714419	16.912668992579647
0.32900000000000007	18.364015877292417	35.71479254726515	16.665747420313043
0.33100000000000007	52.12054594982973	38.591191824249634	16.891015437912607
0.333	-5.358207529226888	42.49582407080777	16.85077153919604
0.33499999999999996	9.80567396657861	33.552402903906604	16.572629707566428
0.33699999999999997	-37.37126815950287	45.207322506182095	16.832783825614783
0.33899999999999997	-18.948069524515887	42.68897149485776	16.589992836565646
0.34099999999999997	18.875321830646996	30.842656018100417	16.536189074691688
0.34299999999999997	41.41200292817615	45.28606207891667	17.564013511165307
0.345	-23.9022838951497	40.79601857957235	16.515307849144055
0.347	-0.6344637890620675	32.501408581750766	16.32621443418254
0.349	-20.216458297528384	42.81241184826183	16.811056665015176
0.351	-17.255834282692284	37.86348288254876	16.19007142408706
0.353	-16.52629683712714	32.677207395529415	15.999548939897814
0.355	-52.003673958300745	44.49305537994167	16.85922648659217
0.357	-50.99643190231706	32.601337125469755	16.92921600124929
0.359	13.281097456019353	32.70540620992971	15.961639906465301
0.361	-5.13254867762214	45.66783477485314	17.92504466294895
0.363	12.010653489324952	33.56588557168259	16.51816026792207
0.365	11.80742762629805	38.87400893863962	16.4213115893605
0.367	-19.193706605968863	43.60917589434401	16.920918979464663
0.369	-0.6334994717693831	31.82250255751117	16.255041656690587
0.371	45.04711592501209	34.291120560488245	16.34426257686702
0.373	-73.43722484842718	42.52294263999594	16.835710479297713
0.375	58.395438304437164	35.8786871121989	16.46454772167312
0.377	-9.800073173749091	43.52953438133511	16.531762400902128
0.379	-16.31679747393644	39.831435548619154	16.355648587292883
0.381	27.431473820449526	32.639020600493815	16.34041306579135
0.383	-13.044121500160877	39.80991641774662	16.567995509194148
0.385	-20.301256054677808	35.34218601640721	16.110866228097393
0.387	-11.122408700381392	32.32979336679356	16.537351219513287
0.389	35.362617251344375	43.621038992385614	16.752471440727806
0.391	-10.998129249761845	32.31615231313168	16.6153859440834
0.393	0.730432358153621	34.51139205342715	16.815145241220204
0.395	-1.4545011054467594	45.602345847277846	16.74467155537879
0.397	-36.22162311822663	35.442803433121114	16.16815179124191
0.399	-10.095625405548425	35.66246042577515	16.456652865337663
0.401	-16.613799736164836	46.205043637866844	16.709173706382767
0.403	11.912749176001824	32.63130393244369	16.404462189070557
0.405	10.652672751243486	35.467013345407736	16.804685146415842
0.40700000000000003	-44.504197123318434	40.71601231278326	17.029673050482177
0.40900000000000003	4.350138667730263	35.09404801801806	16.32437870254056
0.41100000000000003	1.1280551155401497	40.265221266539186	16.446896960384226
0.41300000000000003	-24.76011709828807	41.643256902673436	16.750574868054173
0.41500000000000004	32.49388419135357	36.588799618429455	16.081845831778725
0.41700000000000004	-47.64256749423268	44.69828582322215	17.66212512303541
0.41900000000000004	6.7797989287132765	40.16715670174057	16.44838064129926
0.42100000000000004	-0.9062442022367279	33.57806829315965	16.6861545238102
0.42300000000000004	23.76117994473681	42.90929820319371	16.975641680122532
0.42500000000000004	32.88592731753859	38.50868966336865	16.987877249728367
0.42700000000000005	22.018812369406504	32.79611419681827	16.756513831618815
0.42900000000000005	-16.182111392315512	45.53005487608249	16.460869152390742
0.43100000000000005	-66.48695030919694	32.38162230431622	16.00466163411501
0.43300000000000005	4.097364739052978	37.04075195317785	17.267825719344163
0.43500000000000005	-5.458780802158891	45.32646388256852	16.859720494457587
0.43700000000000006	28.80250193881828	37.22829868489407	15.884235884303967
0.43900000000000006	-40.56229488347274	34.5770986470568	17.16530110906787
0.44100000000000006	-35.73637125353635	40.85457842651678	16.928706722553954
0.44300000000000006	18.930082784418545	36.01860058369855	16.406497477675426
0.44500000000000006	-12.886502437248204	31.607665331446604	16.16159552854947
0.44700000000000006	-48.73555014639486	47.776899101268725	16.857778422852025
0.44900000000000007	-12.563478137161965	36.156613651384504	16.833373822263383
0.45100000000000007	13.674189985213303	34.27266315583254	16.537521312175972
0.45300000000000007	-39.37694329891883	41.8172708104108	16.278841854787537
0.45500000000000007	9.34813157704717	32.9364868794305	16.950671960515976
0.4570000000000001	-37.83477695473714	38.924072068204715	16.255321601037945
0.459	30.812697589421845	35.41973042534218	16.419585792843097
0.46099999999999997	1.6528922377467836	33.955759326076475	16.44244350843156
0.46299999999999997	1.6113915231041886	39.01818167171231	16.482098184459673
0.46499999999999997	13.354011868749183	39.15363507612561	15.968056197229423
0.46699999999999997	-1.814972692359973	35.18994940350885	16.36552261214532
0.469	-14.3645594351538	46.358546980578154	16.4982668481586
0.471	-1.9928400263324875	36.74436245549962	16.088982013765413
0.473	-14.035249120025739	32.6276604121584	16.21401872525264
0.475	19.275123297246566	44.97685138872924	16.414319252551884
0.477	-11.51907649654671	37.899843979645944	16.10992030771263
0.479	29.951728379717935	35.71722138978408	16.46805337136775
0.481	-29.1639664339316	42.61538561043371	16.638192472641396
0.483	-16.972884406274424	36.32505014356194	16.72551938314022
0.485	8.444503867943709	35.8917909152629	16.284212936294146
0.487	-6.636056681053049	43.80432979749137	17.11756547592854
0.489	21.950758119615443	35.16170960913697	16.482113282625455
0.491	-12.298722165793308	32.760113074839325	16.28998484034258
0.493	-39.216082527882	41.025630343518756	16.789473178328443
0.495	9.683288009876279	39.64366007025794	16.796210642044255
0.497	-5.234891059857638	33.39084374166581	16.67724212484867
0.499	25.80601935497917	38.67954417992242	16.982197198534433